20231206,昌平,东关,101121891385,金地家园三居室  三阳开泰户型 满五唯一必看好房,580万,41220元/平,低楼层 (共9层) 3室2厅 | 140.71平米 | 南 北,https://ke-image.ljcdn.com/110000-inspection/30d2b2cc-0afd-4bd3-aa07-619e29830803_1000.jpg!m_fill,w_280,h_210,f_jpg?from=ke.com
20231206,昌平,东关,101121801855,世涛天朗 3室2厅 南 北必看好房,620万,37002元/平,低楼层 (共10层) 3室2厅 | 167.56平米 | 南 北,https://ke-image.ljcdn.com/110000-inspection/2e022231-6933-4620-9b61-48c9112f8788_1000.jpg!m_fill,w_280,h_210,f_jpg?from=ke.com
20231206,昌平,东关,101121739761,清秀园北区（力天嘉苑）东向一居室 精装修 满五唯一必看好房,179万,39203元/平,高楼层 (共19层) 1室1厅 | 45.66平米 | 东,https://ke-image.ljcdn.com/110000-inspection/pc1_hqkcmnYMR.jpg!m_fill,w_280,h_210,f_jpg?from=ke.com
20231206,昌平,东关,101121316654,北京怡园 1室1厅 南 北必看好房,268万,41467元/平,中楼层 (共16层) | 2016年 | 1室1厅 | 64.63平米 | 南 北,https://ke-image.ljcdn.com/110000-inspection/pc1_38WmHkYjS.jpg!m_fill,w_280,h_210,f_jpg?from=ke.com
20231206,昌平,东关,101121288021,东关南里小区  两居室  南北向  观景楼层必看好房,229万,35422元/平,顶层 (共6层) | 1994年 | 2室1厅 | 64.65平米 | 南 北,https://ke-image.ljcdn.com/110000-inspection/pc1_OLapdHCs0.jpg!m_fill,w_280,h_210,f_jpg?from=ke.com
20231206,昌平,东关,101121879039,东关二条 2室1厅 南 北,225万,30768元/平,顶层 (共5层) | 1987年 | 2室1厅 | 73.13平米 | 南 北,https://ke-image.ljcdn.com/110000-inspection/da77f0ab-6d97-4a4f-84bb-82ead458ff67_1000.jpg!m_fill,w_280,h_210,f_jpg?from=ke.com
20231206,昌平,东关,101121807608,昌盛园三区 2室1厅 南 北必看好房,319万,37712元/平,中楼层 (共6层) 2室1厅 | 84.59平米 | 南 北,https://ke-image.ljcdn.com/110000-inspection/3fc4f34c-ac04-4830-b00d-7add5e0e3200_1000.jpg!m_fill,w_280,h_210,f_jpg?from=ke.com
20231206,昌平,东关,101121701859,东环路小区 3室1厅 南 北,315万,35869元/平,底层 (共6层) | 1990年 | 3室1厅 | 87.82平米 | 南 北,https://ke-image.ljcdn.com/110000-inspection/cad02821-f660-4f0d-8f89-3d27b1ef87dd_1000.jpg!m_fill,w_280,h_210,f_jpg?from=ke.com
20231206,昌平,东关,101121415255,京科苑 2室2厅 南 北房主自荐,283万,32950元/平,顶层 (共6层) 2室2厅 | 85.89平米 | 南 北,https://ke-image.ljcdn.com/110000-inspection/eae4f3b9-7b0e-4598-b191-70551b2a044a_1000.jpg!m_fill,w_280,h_210,f_jpg?from=ke.com
20231206,昌平,东关,101121306324,东关二条 2室1厅 西南房主自荐,249万,30620元/平,顶层 (共6层) | 1997年 | 2室1厅 | 81.32平米 | 西南,https://ke-image.ljcdn.com/110000-inspection/0d9a2cb2-abc9-4d51-9670-f4cebe28089c_1000.jpg!m_fill,w_280,h_210,f_jpg?from=ke.com
20231206,昌平,东关,101120960436,京科苑  两居室  南北通透+两个卧室朝南必看好房,283万,36994元/平,低楼层 (共6层) 2室1厅 | 76.5平米 | 南 北,https://ke-image.ljcdn.com/110000-inspection/799f25e1-3f2f-47da-b762-89cfa5945016_1000.jpg!m_fill,w_280,h_210,f_jpg?from=ke.com
20231206,昌平,东关,101120960132,东环路小区 2室1厅 南必看好房,198万,37643元/平,中楼层 (共6层) | 1990年 | 2室1厅 | 52.6平米 | 南,https://ke-image.ljcdn.com/110000-inspection/8f094479-cc37-4870-8a1e-73ead903dea4_1000.jpg!m_fill,w_280,h_210,f_jpg?from=ke.com
20231206,昌平,东关,101120913888,总监力荐清秀园北区电梯房两居室必看好房,235万,34433元/平,高楼层 (共7层) 2室1厅 | 68.25平米 | 南,https://ke-image.ljcdn.com/110000-inspection/82e2fb72-a7e0-44e1-b705-e50f3b3a5bf4_1000.jpg!m_fill,w_280,h_210,f_jpg?from=ke.com
20231206,昌平,东关,101120884317,总监推荐：双卫全明边户大阳台婚房精装满五唯一必看好房,557万,43119元/平,中楼层 (共4层) 3室1厅 | 129.18平米 | 南 北,https://ke-image.ljcdn.com/110000-inspection/018ec406-69cb-4b92-a773-04e32037bf58_1000.jpg!m_fill,w_280,h_210,f_jpg?from=ke.com
20231206,昌平,东关,101120874062,稳定签约 看房方便 商品房 精装修 2016年小区必看好房,228万,43813元/平,低楼层 (共16层) | 2016年 | 1室1厅 | 52.04平米 | 西南,https://ke-image.ljcdn.com/110000-inspection/a81dd23e-9bd3-449a-b9b4-47568a2fcf45_1000.jpg!m_fill,w_280,h_210,f_jpg?from=ke.com
20231206,昌平,东关,101120859996,清秀园北区 1室1厅 东南必看好房,175万,30267元/平,中楼层 (共19层) | 2003年 | 1室1厅 | 57.82平米 | 东南,https://ke-image.ljcdn.com/110000-inspection/56aac4fd-ec4a-479b-a02e-8c04f20b4621_1000.jpg!m_fill,w_280,h_210,f_jpg?from=ke.com
20231206,昌平,东关,101120416853,东关北里 不临街 满五年看房方便,255万,41804元/平,高楼层 (共6层) | 1990年 | 2室1厅 | 61平米 | 南 北,https://ke-image.ljcdn.com/110000-inspection/25faf0d3-ca5c-42b8-a323-135a73e0ca5c_1000.jpg!m_fill,w_280,h_210,f_jpg?from=ke.com
20231206,昌平,东关,101120030441,东环路 南向 满五年 楼层适中 看房方便,230万,35282元/平,中楼层 (共6层) 2室1厅 | 65.19平米 | 南,https://ke-image.ljcdn.com/110000-inspection/ecf1c0bc-cecb-44cb-8736-3568cad3f183_1000.jpg!m_fill,w_280,h_210,f_jpg?from=ke.com
20231206,昌平,东关,101119827357,东关北里 中间楼层 南北通透 诚心出售房主自荐,412万,37837元/平,中楼层 (共6层) 3室1厅 | 108.89平米 | 南 北,https://ke-image.ljcdn.com/110000-inspection/9ad18efa-691f-4c92-b499-380a4d86baf2_1000.jpg!m_fill,w_280,h_210,f_jpg?from=ke.com
20231206,昌平,东关,101119372868,清秀园南区 南北通透 采光好 配套齐全,339万,34578元/平,高楼层 (共7层) | 2001年 | 3室2厅 | 98.04平米 | 南 北,https://ke-image.ljcdn.com/110000-inspection/5dc239a2-eadc-4bc4-85c9-c818318b0ff0_1000.jpg!m_fill,w_280,h_210,f_jpg?from=ke.com
20231206,昌平,东关,101119227246,龙水路22号院+不临街不把边+安静舒适,235万,38456元/平,中楼层 (共5层) | 1982年 | 2室1厅 | 61.11平米 | 南 北,https://ke-image.ljcdn.com/110000-inspection/f28ca530-b35d-43b3-895e-e3908dd3c3b9_1000.jpg!m_fill,w_280,h_210,f_jpg?from=ke.com
20231206,昌平,东关,101119146072,东关南里小区 南向两居室 低楼层,252万,42000元/平,低楼层 (共6层) | 1989年 | 2室1厅 | 60平米 | 南,https://ke-image.ljcdn.com/110000-inspection/pc1_jkpBH69O6.jpg!m_fill,w_280,h_210,f_jpg?from=ke.com
20231206,昌平,东关,101119051630,金隅嘉和园 2室1厅 南 北,315万,42186元/平,中楼层 (共19层) 2室1厅 | 74.67平米 | 南 北,https://ke-image.ljcdn.com/110000-inspection/42cd219e-4855-4052-bf15-2a5144604287_1000.jpg!m_fill,w_280,h_210,f_jpg?from=ke.com
20231206,昌平,东关,101119019971,金隅嘉和园 满五年唯一住房 高楼层视野好 正规两居必看好房,295万,38045元/平,中楼层 (共22层) | 2010年 | 2室1厅 | 77.54平米 | 南,https://ke-image.ljcdn.com/110000-inspection/pc1_ZC52WopRS.jpg!m_fill,w_280,h_210,f_jpg?from=ke.com
20231206,昌平,东关,101118896520,水关新村 3室1厅 南 北必看好房,309万,38041元/平,低楼层 (共6层) | 1993年 | 3室1厅 | 81.23平米 | 南 北,https://ke-image.ljcdn.com/110000-inspection/pc1_M1A8ohK08.jpg!m_fill,w_280,h_210,f_jpg?from=ke.com
20231206,昌平,东关,101118853177,卖方承担一个点服务费北京示范小区免费停两辆车 2000必看好房,288万,31873元/平,顶层 (共6层) 2室1厅 | 90.36平米 | 南 北,https://ke-image.ljcdn.com/110000-inspection/cb30b004-b474-4773-ada4-9df27d05f142_1000.jpg!m_fill,w_280,h_210,f_jpg?from=ke.com
20231206,昌平,东关,101118799696,清秀园北区 1室1厅 南,225万,32968元/平,中楼层 (共7层) 1室1厅 | 68.25平米 | 南,https://ke-image.ljcdn.com/110000-inspection/899f2221-68c5-4a70-8f42-7e7975ae28be_1000.jpg!m_fill,w_280,h_210,f_jpg?from=ke.com
20231206,昌平,东关,101118366008,宁馨苑南北通透视野开阔无遮挡全明格局采光好,320万,44157元/平,中楼层 (共17层) | 2003年 | 2室1厅 | 72.47平米 | 南 北,https://ke-image.ljcdn.com/110000-inspection/f6b5ed20-5806-4fc5-8738-63dd67fc8c80_1000.jpg!m_fill,w_280,h_210,f_jpg?from=ke.com
20231206,昌平,东关,101118280191,东关南里小区 2室1厅 东 西必看好房,190万,31620元/平,中楼层 (共5层) | 1991年 | 2室1厅 | 60.09平米 | 东 西,https://ke-image.ljcdn.com/110000-inspection/pc1_ZrhyKbhLc.jpg!m_fill,w_280,h_210,f_jpg?from=ke.com
20231206,昌平,东关,101118179693,宁馨苑南北通透满五唯一精装修视野开阔无遮挡不临街必看好房,280万,42399元/平,中楼层 (共7层) | 2003年 | 2室1厅 | 66.04平米 | 南 北,https://ke-image.ljcdn.com/110000-inspection/c8c6d1a1-c95b-408d-936c-86ebb44b1f53_1000.jpg!m_fill,w_280,h_210,f_jpg?from=ke.com
20231206,昌平,东关,101117739079,经典户型超大两居南北通透多阳台经典好房必看好房,305万,30298元/平,高楼层 (共7层) | 2007年 | 2室1厅 | 100.67平米 | 南 北,https://ke-image.ljcdn.com/110000-inspection/dcba9a2a-dfdc-42be-8e3a-c3bf75296fa4_1000.jpg!m_fill,w_280,h_210,f_jpg?from=ke.com
20231206,昌平,东关,101117056617,京科苑  低楼层两居室   带地下  诚心出售,275万,42610元/平,低楼层 (共6层) 2室1厅 | 64.54平米 | 南,https://ke-image.ljcdn.com/110000-inspection/pc1_Lk06Prttr.jpg!m_fill,w_280,h_210,f_jpg?from=ke.com
20231206,昌平,东关,101116882790,总监推荐  装修好  中间层两居室   急售房主自荐,246万,39659元/平,中楼层 (共5层) | 1991年 | 2室1厅 | 62.03平米 | 东,https://ke-image.ljcdn.com/110000-inspection/pc1_fMAkiDpIe_1.jpg!m_fill,w_280,h_210,f_jpg?from=ke.com
20231206,昌平,东关,101114285655,宁馨苑2-2-1-1 83.57m²房主自荐,289万,34582元/平,高楼层 (共7层) | 2004年 | 2室2厅 | 83.57平米 | 南 北,https://ke-image.ljcdn.com/110000-inspection/pc1_mTbnusWLj_1.jpg!m_fill,w_280,h_210,f_jpg?from=ke.com
20231206,昌平,东关,101114243536,东关北里小区中间楼层南北通透2居室,390万,38439元/平,中楼层 (共7层) | 2003年 | 2室1厅 | 101.46平米 | 南 北,https://ke-image.ljcdn.com/110000-inspection/b6723bb4-9f45-4b2b-9122-08a30c20dece_1000.jpg!m_fill,w_280,h_210,f_jpg?from=ke.com
20231206,昌平,东关,101113880589,满五唯一次顶层户型方正看房随时,276万,36079元/平,高楼层 (共6层) | 1995年 | 2室1厅 | 76.5平米 | 南 北,https://ke-image.ljcdn.com/110000-inspection/bf54b2c3-03b4-4f28-bd01-4741744d9af7_1000.jpg!m_fill,w_280,h_210,f_jpg?from=ke.com
20231206,昌平,东关,101122163625,急 北京风景大三居室中间楼层 满五年唯一 有地下车位新上,530万,44415元/平,中楼层 (共6层) 3室1厅 | 119.33平米 | 南 北,https://ke-image.ljcdn.com/110000-inspection/efd2b3a5-f36a-42c4-a4a2-1384c33cde12_1000.jpg!m_fill,w_280,h_210,f_jpg?from=ke.com
20231206,昌平,东关,101122116995,清秀园北区带电梯精装一居满五年唯一业主诚心卖新上,172万,38479元/平,低楼层 (共19层) 1室0厅 | 44.7平米 | 东,https://ke-image.ljcdn.com/110000-inspection/pc1_9mCRmoDqv.jpg!m_fill,w_280,h_210,f_jpg?from=ke.com
20231206,昌平,东关,101122019024,东关南里小区 2室1厅 南 北 东,198万,33594元/平,顶层 (共6层) | 1990年 | 2室1厅 | 58.94平米 | 南 北 东,https://ke-image.ljcdn.com/110000-inspection/pc1_LmzqGC8Nt.jpg!m_fill,w_280,h_210,f_jpg?from=ke.com
20231206,昌平,东关,101121768217,宁馨苑电梯房大两居满五唯一近地铁精装修必看好房,320万,33396元/平,中楼层 (共17层) | 2004年 | 2室1厅 | 95.82平米 | 西南 东北,https://ke-image.ljcdn.com/110000-inspection/pc1_jX7gW3U4U.jpg!m_fill,w_280,h_210,f_jpg?from=ke.com
20231206,昌平,东关,101121616931,水关新村西南向一室一厅精装修商品房满五年唯一必看好房,210万,37274元/平,中楼层 (共6层) 1室1厅 | 56.34平米 | 西南,https://ke-image.ljcdn.com/110000-inspection/27d51f08-998f-4b1c-8507-0af8aa1c0412_1000.jpg!m_fill,w_280,h_210,f_jpg?from=ke.com
20231206,昌平,东关,101121210946,水关新村满五年唯一精装两居业主诚心卖看房方便房主自荐,210万,35491元/平,顶层 (共6层) 2室1厅 | 59.17平米 | 北 南,https://ke-image.ljcdn.com/110000-inspection/e6618e58-7e26-48ee-afdc-20881c87ba02_1000.jpg!m_fill,w_280,h_210,f_jpg?from=ke.com
20231206,昌平,东关,101118782338,东关南里小区   两居室    诚心出售,243万,38806元/平,中楼层 (共6层) | 1991年 | 2室1厅 | 62.62平米 | 南,https://ke-image.ljcdn.com/110000-inspection/pc1_Ie3WrmyLD_1.jpg!m_fill,w_280,h_210,f_jpg?from=ke.com
20231206,昌平,东关,101117085730,创时园 大四居 户型方正 看房随时必看好房,890万,30089元/平,底层 (共4层) | 2003年 | 4室2厅 | 295.79平米 | 南 北,https://ke-image.ljcdn.com/110000-inspection/0b0d365e-646c-4032-87d1-c11d243c9ce4_1000.jpg!m_fill,w_280,h_210,f_jpg?from=ke.com
20231206,昌平,东关,101122057395,业主急售！商品房满五唯一中间楼层南向正规一居室,230万,44896元/平,中楼层 (共6层) 1室1厅 | 51.23平米 | 南,https://ke-image.ljcdn.com/110000-inspection/d30be44c-8801-43d2-9401-9372f03f11c7_1000.jpg!m_fill,w_280,h_210,f_jpg?from=ke.com
20231206,昌平,东关,101122057328,昌盛园二区 2室1厅 南,335万,40676元/平,中楼层 (共6层) | 1995年 | 2室1厅 | 82.36平米 | 南,https://ke-image.ljcdn.com/110000-inspection/f6d02f0d-35fd-4ef0-81aa-ba1e7ce42faa_1000.jpg!m_fill,w_280,h_210,f_jpg?from=ke.com
20231206,昌平,东关,101122057140,北京风景 新增两居 南北通透 户型好  布局合理,480万,51630元/平,低楼层 (共8层) 2室1厅 | 92.97平米 | 南 北,https://ke-image.ljcdn.com/110000-inspection/d49db6db-4fc6-45ea-af71-c257419e7410_1000.jpg!m_fill,w_280,h_210,f_jpg?from=ke.com
20231206,昌平,东关,101122044399,清秀园北区 1室1厅 东,211万,42541元/平,中楼层 (共19层) | 2003年 | 1室1厅 | 49.6平米 | 东,https://ke-image.ljcdn.com/110000-inspection/adf32be3-536c-44af-85bd-a79907a36496_1000.jpg!m_fill,w_280,h_210,f_jpg?from=ke.com
20231206,昌平,东关,101122036813,宁馨苑 3室2厅 南 北,483万,32047元/平,高楼层 (共6层) | 2001年 | 3室2厅 | 150.72平米 | 南 北,https://ke-image.ljcdn.com/110000-inspection/b41874b0-f222-448a-b25a-62a1623da9f7_1000.jpg!m_fill,w_280,h_210,f_jpg?from=ke.com
20231206,昌平,东关,101122016602,三阳开泰 经典大三居户型 精装修 业主诚心出售,510万,36802元/平,中楼层 (共6层) | 1998年 | 3室2厅 | 138.58平米 | 南 北,https://ke-image.ljcdn.com/110000-inspection/f6c56229-046e-4e93-a062-e9439b7316ae_1000.jpg!m_fill,w_280,h_210,f_jpg?from=ke.com
20231206,昌平,东关,101122004401,中间楼层卫生间带窗户三居室精装修满五唯一看房方便,559万,45562元/平,中楼层 (共9层) | 2015年 | 3室1厅 | 122.69平米 | 南 北,https://ke-image.ljcdn.com/110000-inspection/80dc8703-315c-41c1-8f2d-98a451a0fade_1000.jpg!m_fill,w_280,h_210,f_jpg?from=ke.com
20231206,昌平,东关,101121984370,南北通透 采光好精装修诚心出售,352万,39591元/平,顶层 (共6层) | 1998年 | 2室1厅 | 88.91平米 | 南 北,https://ke-image.ljcdn.com/110000-inspection/a17f6771-138a-4616-831f-59b1da0bcdf9_1000.jpg!m_fill,w_280,h_210,f_jpg?from=ke.com
20231206,昌平,东关,101121982411,京科苑 2室1厅 南 北,280万,37116元/平,顶层 (共7层) | 2007年 | 2室1厅 | 75.44平米 | 南 北,https://ke-image.ljcdn.com/110000-inspection/8a6b2c84-d82d-4911-ba72-69b2f218d02f_1000.jpg!m_fill,w_280,h_210,f_jpg?from=ke.com
20231206,昌平,东关,101121980797,世涛天朗+南北通透三居室+停车方便,470万,38060元/平,顶层 (共6层) 3室1厅 | 123.49平米 | 南 北,https://ke-image.ljcdn.com/110000-inspection/a92a0ea7-ad55-4eb6-b473-aaed2d57cde6_1000.jpg!m_fill,w_280,h_210,f_jpg?from=ke.com
20231206,昌平,东关,101121973428,北京GOLD牌南里社区 南北通透一居室 无遮挡 停车方便,185万,45849元/平,顶层 (共6层) | 1990年 | 1室1厅 | 40.35平米 | 南 北,https://ke-image.ljcdn.com/110000-inspection/pc1_wsbhQPRhY.jpg!m_fill,w_280,h_210,f_jpg?from=ke.com
20231206,昌平,东关,101121970989,宁馨苑 3室2厅 南 北房主自荐,560万,36239元/平,高楼层 (共6层) | 2002年 | 3室2厅 | 154.53平米 | 南 北,https://ke-image.ljcdn.com/110000-inspection/df51c0f1-1f24-4fde-8cd8-6e9f82df654b_1000.jpg!m_fill,w_280,h_210,f_jpg?from=ke.com
20231206,昌平,东关,101121965165,东环路小区 2室1厅 南 北,235万,43909元/平,中楼层 (共5层) | 1992年 | 2室1厅 | 53.52平米 | 南 北,https://ke-image.ljcdn.com/110000-inspection/234a1cc9-471d-4a07-b4dd-051cf4786e88_1000.jpg!m_fill,w_280,h_210,f_jpg?from=ke.com
20231206,昌平,东关,101121929105,昌盛园一区 2室2厅 南 北,350万,40152元/平,中楼层 (共6层) | 2001年 | 2室2厅 | 87.17平米 | 南 北,https://ke-image.ljcdn.com/110000-inspection/3057ba00-9ceb-44b6-89e0-93856cb4a84d_1000.jpg!m_fill,w_280,h_210,f_jpg?from=ke.com
20231206,昌平,东关,101121922188,东关北里小区 2室1厅 南 北,260万,44937元/平,底层 (共6层) | 1990年 | 2室1厅 | 57.86平米 | 南 北,https://ke-image.ljcdn.com/110000-inspection/5b2479ef-451b-4418-b32f-e21639d7c710_1000.jpg!m_fill,w_280,h_210,f_jpg?from=ke.com
20231206,昌平,东关,101121911305,亢山佳园南北三居低楼层满五唯一近地铁精装修,450万,40832元/平,底层 (共6层) 3室2厅 | 110.21平米 | 南 北,https://ke-image.ljcdn.com/110000-inspection/pc1_4Cyf7nl4F.jpg!m_fill,w_280,h_210,f_jpg?from=ke.com
20231206,昌平,东关,101121909527,东关南里小区 3室1厅 南 北,350万,39737元/平,高楼层 (共6层) | 1998年 | 3室1厅 | 88.08平米 | 南 北,https://ke-image.ljcdn.com/110000-inspection/be3d1f8a-f32b-4f79-856b-3e2d9f52f157_1000.jpg!m_fill,w_280,h_210,f_jpg?from=ke.com
20231206,昌平,东关,101121903627,东环路小区 2室1厅 东北,210万,40223元/平,高楼层 (共6层) | 1992年 | 2室1厅 | 52.21平米 | 东北,https://ke-image.ljcdn.com/110000-inspection/621cbe37-9c65-4e68-92c9-629f53efa5d5_1000.jpg!m_fill,w_280,h_210,f_jpg?from=ke.com
20231206,昌平,东关,101121895543,北京怡园 3室2厅 南 北,700万,56630元/平,低楼层 (共16层) 3室2厅 | 123.61平米 | 南 北,https://ke-image.ljcdn.com/110000-inspection/pc1_2ht2nX60a.jpg!m_fill,w_280,h_210,f_jpg?from=ke.com
20231206,昌平,东关,101121866024,京科苑   中间楼层       两居室南北通透,388万,36480元/平,中楼层 (共6层) | 1998年 | 2室2厅 | 106.36平米 | 南 北,https://ke-image.ljcdn.com/110000-inspection/440b7d3e-f826-4686-8e01-8189b7c68970_1000.jpg!m_fill,w_280,h_210,f_jpg?from=ke.com
20231206,昌平,东关,101121862186,中间楼层自住精装修 南北通透 2006年房龄,255万,42807元/平,中楼层 (共6层) 1室1厅 | 59.57平米 | 南 北,https://ke-image.ljcdn.com/110000-inspection/40c6d8cc-8cfb-4262-9575-508f8f5af1c1_1000.jpg!m_fill,w_280,h_210,f_jpg?from=ke.com
20231206,昌平,东关,101121836258,水关新村 2室1厅 南,258万,39169元/平,高楼层 (共6层) | 1991年 | 2室1厅 | 65.87平米 | 南,https://ke-image.ljcdn.com/110000-inspection/9b5a44ec-ec01-4aff-bcba-852736657dc0_1000.jpg!m_fill,w_280,h_210,f_jpg?from=ke.com
20231206,昌平,东关,101121830071,建安里小区 2室2厅 南 北,460万,36660元/平,低楼层 (共6层) | 2001年 | 2室2厅 | 125.48平米 | 南 北,https://ke-image.ljcdn.com/110000-inspection/1aba0ff3-c467-406a-9f86-4eccb3f04b74_1000.jpg!m_fill,w_280,h_210,f_jpg?from=ke.com
20231206,昌平,东关,101121794196,世涛天朗 2室2厅 南 北,520万,43526元/平,中楼层 (共6层) 2室2厅 | 119.47平米 | 南 北,https://ke-image.ljcdn.com/110000-inspection/pc1_qYsSpilJp.jpg!m_fill,w_280,h_210,f_jpg?from=ke.com
20231206,昌平,东关,101121792795,交通队宿舍楼 2室2厅 东 西,315万,28971元/平,中楼层 (共6层) | 2000年 | 2室2厅 | 108.73平米 | 东 西,https://ke-image.ljcdn.com/110000-inspection/03ad17c3-f6ad-408d-85cc-b89bf40dbd8c_1000.jpg!m_fill,w_280,h_210,f_jpg?from=ke.com
20231206,昌平,东关,101121792148,清秀园北区（力天嘉苑）带电梯 满五唯一 有钥匙随时看,177万,39955元/平,中楼层 (共19层) 1室1厅 | 44.3平米 | 西,https://ke-image.ljcdn.com/110000-inspection/460907bf-57ab-4efb-833f-96a011da1fbc_1000.jpg!m_fill,w_280,h_210,f_jpg?from=ke.com
20231206,昌平,东关,101121791073,管厂宿舍南北通透两居满五唯一近公园小区安静,208万,35357元/平,顶层 (共6层) | 1984年 | 2室1厅 | 58.83平米 | 南 北,https://ke-image.ljcdn.com/110000-inspection/49a1b4b4-aab3-4e08-93b3-b0e6ef2d948a_1000.jpg!m_fill,w_280,h_210,f_jpg?from=ke.com
20231206,昌平,东关,101121786420,清秀园南区 3室2厅 南 北,428万,35685元/平,高楼层 (共7层) | 2002年 | 3室2厅 | 119.94平米 | 南 北,https://ke-image.ljcdn.com/110000-inspection/b4fab7da-d286-4cd0-8377-b677874bdb44_1000.jpg!m_fill,w_280,h_210,f_jpg?from=ke.com
20231206,昌平,东关,101121784536,诚售北京风景 次顶层 满五唯一 南北通透三居两卫房源房主自荐,555万,46698元/平,高楼层 (共6层) 3室2厅 | 118.85平米 | 南 北,https://ke-image.ljcdn.com/110000-inspection/1623099b-1e67-4bcf-afba-04647756c671_1000.jpg!m_fill,w_280,h_210,f_jpg?from=ke.com
20231206,昌平,东关,101121776669,燕平家园 2室1厅 东北,330万,36348元/平,高楼层 (共6层) | 2003年 | 2室1厅 | 90.79平米 | 东北,https://ke-image.ljcdn.com/110000-inspection/065eb683-29e7-4bbe-96e3-92085f5e6819_1000.jpg!m_fill,w_280,h_210,f_jpg?from=ke.com
20231206,昌平,东关,101121775398,东关北里小区 2室1厅 南 北,270万,43180元/平,中楼层 (共6层) 2室1厅 | 62.53平米 | 南 北,https://ke-image.ljcdn.com/110000-inspection/d099ac71-7ef9-4b37-98a0-bf784c915d4b_1000.jpg!m_fill,w_280,h_210,f_jpg?from=ke.com
20231206,昌平,东关,101121771110,昌盛园三区+南北通透两居室+生活便利,345万,41587元/平,中楼层 (共6层) 2室1厅 | 82.96平米 | 南 北,https://ke-image.ljcdn.com/110000-inspection/d768abe1-5e30-41a0-b7ee-6d1f210dfe01_1000.jpg!m_fill,w_280,h_210,f_jpg?from=ke.com
20231206,昌平,东关,101121757487,燕平家园 2室1厅 南,288万,46400元/平,高楼层 (共6层) | 1993年 | 2室1厅 | 62.07平米 | 南,https://ke-image.ljcdn.com/110000-inspection/bf5c0ba5-4765-4849-8831-6a22ed12eb9b_1000.jpg!m_fill,w_280,h_210,f_jpg?from=ke.com
20231206,昌平,东关,101121752470,水关新村新上精装修满五唯一朝南向三层采光视野好,260万,39689元/平,中楼层 (共6层) | 1991年 | 2室1厅 | 65.51平米 | 南,https://ke-image.ljcdn.com/110000-inspection/c2e2ca3a-d14f-407f-9bfb-479d4f7c65f0_1000.jpg!m_fill,w_280,h_210,f_jpg?from=ke.com
20231206,昌平,东关,101121719087,随园低楼层小三居满五唯一低密度环境好,360万,40032元/平,底层 (共9层) 3室1厅 | 89.93平米 | 南 北,https://ke-image.ljcdn.com/110000-inspection/1934dd14-4dc5-4685-911b-f994f987da8a_1000.jpg!m_fill,w_280,h_210,f_jpg?from=ke.com
20231206,昌平,东关,101121718557,昌盛园二区满五年唯一成本价三个卧室朝南,350万,33207元/平,顶层 (共6层) | 1994年 | 3室1厅 | 105.4平米 | 南 北,https://ke-image.ljcdn.com/110000-inspection/52bf9a23-184f-495e-b86c-60575d09bc35_1000.jpg!m_fill,w_280,h_210,f_jpg?from=ke.com
20231206,昌平,东关,101121697531,昌盛园二区 2室1厅 南 北,320万,37839元/平,顶层 (共6层) | 1995年 | 2室1厅 | 84.57平米 | 南 北,https://ke-image.ljcdn.com/110000-inspection/976df3b3-479a-4402-a113-e438efa2dea4_1000.jpg!m_fill,w_280,h_210,f_jpg?from=ke.com
20231206,昌平,东关,101121673699,京科苑 3室2厅 南 北,450万,37407元/平,顶层 (共6层) | 1997年 | 3室2厅 | 120.3平米 | 南 北,https://ke-image.ljcdn.com/110000-inspection/a906d1d0-05b3-4496-a611-fc2856284c59_1000.jpg!m_fill,w_280,h_210,f_jpg?from=ke.com
20231206,昌平,东关,101121671558,北京怡园 3室2厅 南 北,499万,47488元/平,中楼层 (共16层) | 2016年 | 3室2厅 | 105.08平米 | 南 北,https://ke-image.ljcdn.com/110000-inspection/pc1_fWliKuvGL.jpg!m_fill,w_280,h_210,f_jpg?from=ke.com
20231206,昌平,东关,101121670444,建安里电梯房大四居满五唯一近地铁生活配套齐全,550万,31543元/平,中楼层 (共11层) | 2001年 | 4室1厅 | 174.37平米 | 南 北,https://ke-image.ljcdn.com/110000-inspection/06aa2f7b-c53e-4080-abcc-6a5156b76011_1000.jpg!m_fill,w_280,h_210,f_jpg?from=ke.com
20231206,昌平,东关,101121665685,宁馨苑 3室2厅 南 北,620万,41172元/平,底层 (共6层) | 2001年 | 3室2厅 | 150.59平米 | 南 北,https://ke-image.ljcdn.com/110000-inspection/8a7569df-2c0d-465d-aac9-6bc06dd65621_1000.jpg!m_fill,w_280,h_210,f_jpg?from=ke.com
20231206,昌平,东关,101121663518,世涛天朗2007年商品房 三阳户型 客厅阳台大落地窗,550万,38521元/平,高楼层 (共6层) | 2007年 | 3室2厅 | 142.78平米 | 南 北,https://ke-image.ljcdn.com/110000-inspection/pc1_vmOWOGjVC.jpg!m_fill,w_280,h_210,f_jpg?from=ke.com
20231206,昌平,东关,101121658639,北京风景中间层正规三居室无遮挡采光好房主自荐,558万,43143元/平,中楼层 (共6层) 3室2厅 | 129.34平米 | 南 北,https://ke-image.ljcdn.com/110000-inspection/f8cbe2df-5bda-4aca-8888-c055ae41ea46_1000.jpg!m_fill,w_280,h_210,f_jpg?from=ke.com
20231206,昌平,东关,101121655204,水关新村 2室1厅 南 北,255万,41565元/平,低楼层 (共6层) 2室1厅 | 61.35平米 | 南 北,https://ke-image.ljcdn.com/110000-inspection/pc1_t3cyVNphw.jpg!m_fill,w_280,h_210,f_jpg?from=ke.com
20231206,昌平,东关,101121651650,金隅嘉和园 3室1厅 南 北,360万,40058元/平,高楼层 (共22层) | 2010年 | 3室1厅 | 89.87平米 | 南 北,https://ke-image.ljcdn.com/110000-inspection/pc1_zKCBSN0zS.jpg!m_fill,w_280,h_210,f_jpg?from=ke.com
20231206,昌平,东关,101121636437,佳莲二期 2室2厅 南 北,370万,36718元/平,底层 (共6层) 2室2厅 | 100.77平米 | 南 北,https://ke-image.ljcdn.com/110000-inspection/cde38b3d-e9d8-4b9c-8f73-f67212be8c2d_1000.jpg!m_fill,w_280,h_210,f_jpg?from=ke.com
20231206,昌平,东关,101121611275,昌盛园三区 2室1厅 南 北,330万,39967元/平,顶层 (共6层) | 2003年 | 2室1厅 | 82.57平米 | 南 北,https://ke-image.ljcdn.com/110000-inspection/438decee-d676-4023-8935-f97aa8a6bfaa_1000.jpg!m_fill,w_280,h_210,f_jpg?from=ke.com
20231206,昌平,东关,101121609169,畅椿阁 2室2厅 南 北,390万,39817元/平,顶层 (共17层) 2室2厅 | 97.95平米 | 南 北,https://ke-image.ljcdn.com/110000-inspection/4701a4c6-645e-47ab-85b5-9035676662c6_1000.jpg!m_fill,w_280,h_210,f_jpg?from=ke.com
20231206,昌平,东关,101121602178,东关南里小区 2室2厅 东 西,360万,33791元/平,低楼层 (共6层) | 1997年 | 2室2厅 | 106.54平米 | 东 西,https://ke-image.ljcdn.com/110000-inspection/ab51cb2c-2a87-4ec3-b73b-ee2b591b5563_1000.jpg!m_fill,w_280,h_210,f_jpg?from=ke.com
20231206,昌平,东关,101121598203,建安里小区 2室2厅 南 北,450万,35863元/平,中楼层 (共6层) | 2001年 | 2室2厅 | 125.48平米 | 南 北,https://ke-image.ljcdn.com/110000-inspection/pc1_b9U8rLHBK.jpg!m_fill,w_280,h_210,f_jpg?from=ke.com
20231206,昌平,东关,101121561218,急售甄选好房店经理推荐中间层南北2003年楼龄,340万,38893元/平,中楼层 (共6层) | 2000年 | 2室1厅 | 87.42平米 | 南 北,https://ke-image.ljcdn.com/110000-inspection/pc1_Add5zoYtU.jpg!m_fill,w_280,h_210,f_jpg?from=ke.com
20231206,昌平,东关,101121553314,昌盛园三区 2室1厅 南 北,323万,39034元/平,高楼层 (共6层) | 2003年 | 2室1厅 | 82.75平米 | 南 北,https://ke-image.ljcdn.com/110000-inspection/dfa598aa-f1be-43d6-b0b3-706c2a86f7da_1000.jpg!m_fill,w_280,h_210,f_jpg?from=ke.com
20231206,昌平,东关,101121552190,2009年房龄钢混电梯板楼 自住精装修只有契税,390万,39740元/平,顶层 (共17层) | 2009年 | 3室2厅 | 98.14平米 | 南 北,https://ke-image.ljcdn.com/110000-inspection/0d72c9dd-6435-4aed-9a8c-fb0a21454504_1000.jpg!m_fill,w_280,h_210,f_jpg?from=ke.com
20231206,昌平,东关,101121540692,管厂宿舍 2室1厅 南 北,199万,34651元/平,中楼层 (共6层) | 1984年 | 2室1厅 | 57.43平米 | 南 北,https://ke-image.ljcdn.com/110000-inspection/4f370e3b-75a0-4e7d-9c2a-92acc1d7fdad_1000.jpg!m_fill,w_280,h_210,f_jpg?from=ke.com
20231206,昌平,东关,101121521201,服务费1% 精装修 采光视野很好 靠谱签约 拎包入住房主自荐,545万,44421元/平,中楼层 (共9层) | 2015年 | 3室2厅 | 122.69平米 | 南 北,https://ke-image.ljcdn.com/110000-inspection/77278660-1a0c-4593-af56-019c8b29aa2a_1000.jpg!m_fill,w_280,h_210,f_jpg?from=ke.com
20231206,昌平,东关,101121517675,正规三居室二层户型方正满五唯一看房方便,357万,39287元/平,低楼层 (共6层) | 1995年 | 3室1厅 | 90.87平米 | 南 北,https://ke-image.ljcdn.com/110000-inspection/pc1_MfnqpLafR.jpg!m_fill,w_280,h_210,f_jpg?from=ke.com
20231206,昌平,东关,101121502511,宁馨苑 3室3厅 南 北,548万,31210元/平,中楼层 (共11层) | 2003年 | 3室3厅 | 175.59平米 | 南 北,https://ke-image.ljcdn.com/110000-inspection/pc1_ZRSAVaHaT.jpg!m_fill,w_280,h_210,f_jpg?from=ke.com
20231206,昌平,东关,101121495029,龙水路22号院 2室2厅 南 北房主自荐,355万,38638元/平,中楼层 (共6层) | 1998年 | 2室2厅 | 91.88平米 | 南 北,https://ke-image.ljcdn.com/110000-inspection/2442f6ca-37c2-429c-8cb6-919bc9808da9_1000.jpg!m_fill,w_280,h_210,f_jpg?from=ke.com
20231206,昌平,东关,101121494574,南北双通透户型4层2001年小区停车方便,285万,36870元/平,顶层 (共4层) | 2001年 | 2室1厅 | 77.3平米 | 南 北,https://ke-image.ljcdn.com/110000-inspection/e9fe8b79-a7d5-4240-91fb-e6ca66c2851e_1000.jpg!m_fill,w_280,h_210,f_jpg?from=ke.com
20231206,昌平,东关,101121489651,2004年电梯房 南北通透 宽敞明亮,439万,27129元/平,中楼层 (共22层) | 2004年 | 3室2厅 | 161.82平米 | 南 北,https://ke-image.ljcdn.com/110000-inspection/d6bfc07d-651e-4774-a543-523109152f8d_1000.jpg!m_fill,w_280,h_210,f_jpg?from=ke.com
20231206,昌平,东关,101121482606,东关二条 2室1厅 南 北,245万,42308元/平,顶层 (共5层) | 1987年 | 2室1厅 | 57.91平米 | 南 北,https://ke-image.ljcdn.com/110000-inspection/pc1_FeX79QxoH.jpg!m_fill,w_280,h_210,f_jpg?from=ke.com
20231206,昌平,东关,101121473179,亢山佳园小区 3室2厅 南 北,430万,39017元/平,高楼层 (共6层) 3室2厅 | 110.21平米 | 南 北,https://ke-image.ljcdn.com/110000-inspection/6d33c2bd-fe33-4f76-afce-c8f655e4fd5a_1000.jpg!m_fill,w_280,h_210,f_jpg?from=ke.com
20231206,昌平,东关,101121456163,建安里小区 2室2厅 南 北,425万,33870元/平,底层 (共6层) | 2001年 | 2室2厅 | 125.48平米 | 南 北,https://ke-image.ljcdn.com/110000-inspection/fbafeac2-eb73-4ffc-a222-f72271f1d5fd_1000.jpg!m_fill,w_280,h_210,f_jpg?from=ke.com
20231206,昌平,东关,101121443344,昌盛园一区 3室2厅 南 北,455万,36774元/平,底层 (共6层) 3室2厅 | 123.73平米 | 南 北,https://ke-image.ljcdn.com/110000-inspection/369bc0ee-1fe3-4b07-9e72-745bccdb74f8_1000.jpg!m_fill,w_280,h_210,f_jpg?from=ke.com
20231206,昌平,东关,101121442074,京科苑 3室2厅 南 北,628万,35938元/平,低楼层 (共6层) | 1998年 | 3室2厅 | 174.75平米 | 南 北,https://ke-image.ljcdn.com/110000-inspection/pc1_TYhqATpVc.jpg!m_fill,w_280,h_210,f_jpg?from=ke.com
20231206,昌平,东关,101121431775,东关南里小区 2室1厅 东 西,210万,35745元/平,顶层 (共6层) | 1990年 | 2室1厅 | 58.75平米 | 东 西,https://ke-image.ljcdn.com/110000-inspection/7522490e-27c5-4b8b-9ec4-a6541e12179c_1000.jpg!m_fill,w_280,h_210,f_jpg?from=ke.com
20231206,昌平,东关,101121431483,东关北里小区 3室1厅 南 北,410万,37450元/平,顶层 (共6层) | 1996年 | 3室1厅 | 109.48平米 | 南 北,https://ke-image.ljcdn.com/110000-inspection/34111033-f7cf-4d71-971f-05a83bb854c0_1000.jpg!m_fill,w_280,h_210,f_jpg?from=ke.com
20231206,昌平,东关,101121426986,京科苑南北通透中间楼层无遮挡小区中间位置,280万,41754元/平,中楼层 (共6层) | 1993年 | 2室2厅 | 67.06平米 | 南 北,https://ke-image.ljcdn.com/110000-inspection/4ebedd97-cdcc-4df6-b3fb-d90b97fafa37_1000.jpg!m_fill,w_280,h_210,f_jpg?from=ke.com
20231206,昌平,东关,101121417375,亢山前路1号院 3室1厅 南 北,320万,44230元/平,中楼层 (共5层) 3室1厅 | 72.35平米 | 南 北,https://ke-image.ljcdn.com/110000-inspection/062d9d5c-3783-4d12-a9dc-30ef8f492cd1_1000.jpg!m_fill,w_280,h_210,f_jpg?from=ke.com
20231206,昌平,东关,101121411024,东环路小区 2室1厅 南 北,225万,40172元/平,中楼层 (共5层) | 1992年 | 2室1厅 | 56.01平米 | 南 北,https://ke-image.ljcdn.com/110000-inspection/510afdc8-9a18-4f75-a54a-b132fa61ab6a_1000.jpg!m_fill,w_280,h_210,f_jpg?from=ke.com
20231206,昌平,东关,101121406683,清秀园北区 2室1厅 南 北房主自荐,290万,36192元/平,中楼层 (共5层) | 1996年 | 2室1厅 | 80.13平米 | 南 北,https://ke-image.ljcdn.com/110000-inspection/619619f9-0ce9-461f-9031-caf87714d8d5_1000.jpg!m_fill,w_280,h_210,f_jpg?from=ke.com
20231206,昌平,东关,101121400684,昌盛园二区2023年初精装修满五年唯一商品房中层,452万,37101元/平,中楼层 (共6层) | 1994年 | 3室1厅 | 121.83平米 | 南 北,https://ke-image.ljcdn.com/110000-inspection/1348b37c-ab62-4284-b22d-c61d6f9f04c4_1000.jpg!m_fill,w_280,h_210,f_jpg?from=ke.com
20231206,昌平,东关,101121381751,管厂宿舍 2室1厅 南 北,218万,37960元/平,低楼层 (共6层) | 1984年 | 2室1厅 | 57.43平米 | 南 北,https://ke-image.ljcdn.com/110000-inspection/pc1_aPu5QU7Dp.jpg!m_fill,w_280,h_210,f_jpg?from=ke.com
20231206,昌平,东关,101121378872,昌盛园二区+三阳面的三居室+视野开阔,368万,34915元/平,顶层 (共6层) | 1994年 | 3室1厅 | 105.4平米 | 南 北,https://ke-image.ljcdn.com/110000-inspection/fc8e3d4c-1f97-439f-8acf-e7ab39b35094_1000.jpg!m_fill,w_280,h_210,f_jpg?from=ke.com
20231206,昌平,东关,101121363650,东关南里小区 3室2厅 南 北,499万,36480元/平,高楼层 (共6层) 3室2厅 | 136.79平米 | 南 北,https://ke-image.ljcdn.com/110000-inspection/19bb2da8-e2f6-4a06-bef2-abe91528cb6d_1000.jpg!m_fill,w_280,h_210,f_jpg?from=ke.com
20231206,昌平,东关,101121362018,畅椿阁 2室1厅 南 北,480万,34436元/平,低楼层 (共17层) | 2009年 | 2室1厅 | 139.39平米 | 南 北,https://ke-image.ljcdn.com/110000-inspection/pc1_Mbb9i4FCY.jpg!m_fill,w_280,h_210,f_jpg?from=ke.com
20231206,昌平,东关,101121350145,水关新村 1室1厅 南,225万,40229元/平,低楼层 (共6层) | 1990年 | 1室1厅 | 55.93平米 | 南,https://ke-image.ljcdn.com/110000-inspection/pc1_bKEwTBfEe.jpg!m_fill,w_280,h_210,f_jpg?from=ke.com
20231206,昌平,东关,101121349709,昌盛园二区 3室2厅 南 北,480万,35140元/平,高楼层 (共6层) 3室2厅 | 136.6平米 | 南 北,https://ke-image.ljcdn.com/110000-inspection/d8212021-aab2-437b-b271-6bded1008ae3_1000.jpg!m_fill,w_280,h_210,f_jpg?from=ke.com
20231206,昌平,东关,101121347414,佳莲二期 1室1厅 东 西房主自荐,230万,39765元/平,顶层 (共6层) | 2005年 | 1室1厅 | 57.84平米 | 东 西,https://ke-image.ljcdn.com/110000-inspection/0ac9ecf6-d176-4ce4-ac6e-971aaee9e35e_1000.jpg!m_fill,w_280,h_210,f_jpg?from=ke.com
20231206,昌平,东关,101121344722,北京怡园 2室1厅 南,370万,51879元/平,中楼层 (共16层) | 2016年 | 2室1厅 | 71.32平米 | 南,https://ke-image.ljcdn.com/110000-inspection/15a85592-5ebc-4f98-8372-5a33771a321d_1000.jpg!m_fill,w_280,h_210,f_jpg?from=ke.com
20231206,昌平,东关,101121339748,昌盛园四区+南北通透两居室+安静不临街,287万,40157元/平,底层 (共6层) | 1997年 | 2室1厅 | 71.47平米 | 南 北,https://ke-image.ljcdn.com/110000-inspection/7caaff52-d41b-4d00-9485-636de9fbfbc9_1000.jpg!m_fill,w_280,h_210,f_jpg?from=ke.com
20231206,昌平,东关,101121332163,南北三居双卫满五唯一原510可贷305万首付200+,529万,43996元/平,顶层 (共7层) | 2013年 | 3室2厅 | 120.24平米 | 南 北,https://ke-image.ljcdn.com/110000-inspection/c5d0189f-fb5a-4644-a128-5a9c9ba354e8_1000.jpg!m_fill,w_280,h_210,f_jpg?from=ke.com
20231206,昌平,东关,101121304786,清秀园北区中间楼层正规精装修一居室,208万,48485元/平,中楼层 (共6层) | 1994年 | 1室1厅 | 42.9平米 | 南,https://ke-image.ljcdn.com/110000-inspection/6c18350b-02c8-4495-8141-97a6906b9d79_1000.jpg!m_fill,w_280,h_210,f_jpg?from=ke.com
20231206,昌平,东关,101121300863,清秀园南区 2室1厅 南,140万,24395元/平,地下室 (共7层) | 1999年 | 2室1厅 | 57.39平米 | 南,https://ke-image.ljcdn.com/110000-inspection/7188309d-4487-45ed-8d43-a9317a2177c4_1000.jpg!m_fill,w_280,h_210,f_jpg?from=ke.com
20231206,昌平,东关,101121279154,1%服务费  南北通透 精装修 中间位置 安静 靠谱签约,578万,47631元/平,高楼层 (共6层) 3室2厅 | 121.35平米 | 南 北,https://ke-image.ljcdn.com/110000-inspection/a23883a6-2e6e-436c-b7df-d5660fc98b67_1000.jpg!m_fill,w_280,h_210,f_jpg?from=ke.com
20231206,昌平,东关,101121278502,服务费客户1%满五年唯一南北通透采光好 视野宽阔,519万,45483元/平,顶层 (共6层) | 2013年 | 3室2厅 | 114.11平米 | 南 北,https://ke-image.ljcdn.com/110000-inspection/57701c4b-93ef-4623-a772-215a436aed7b_1000.jpg!m_fill,w_280,h_210,f_jpg?from=ke.com
20231206,昌平,东关,101121271101,京科苑   三居室   自住装修,330万,36121元/平,顶层 (共6层) | 1996年 | 3室1厅 | 91.36平米 | 南 北,https://ke-image.ljcdn.com/110000-inspection/70916cac-9050-4237-ad07-1cf98d8e5bbb_1000.jpg!m_fill,w_280,h_210,f_jpg?from=ke.com
20231206,昌平,东关,101121260773,东关二条 三层 双卧朝南 采光充足 交通便利,240万,43566元/平,中楼层 (共5层) | 1987年 | 2室1厅 | 55.09平米 | 南,https://ke-image.ljcdn.com/110000-inspection/2385b156-bd9c-447f-84ac-b6196ae6c0dd_1000.jpg!m_fill,w_280,h_210,f_jpg?from=ke.com
20231206,昌平,东关,101121260518,燕平家园 2室1厅 南 北,369万,41672元/平,中楼层 (共6层) 2室1厅 | 88.55平米 | 南 北,https://ke-image.ljcdn.com/110000-inspection/f2c2f120-0b68-4059-9e16-bade5d6f4496_1000.jpg!m_fill,w_280,h_210,f_jpg?from=ke.com
20231206,昌平,东关,101121249283,东环路小区 2室1厅 东南,195万,36012元/平,高楼层 (共6层) | 1992年 | 2室1厅 | 54.15平米 | 东南,https://ke-image.ljcdn.com/110000-inspection/c3f3d552-663c-4737-84b2-a8442ae41748_1000.jpg!m_fill,w_280,h_210,f_jpg?from=ke.com
20231206,昌平,东关,101121245842,昌盛园三区 2室1厅 南 北,328万,40400元/平,高楼层 (共6层) | 2004年 | 2室1厅 | 81.19平米 | 南 北,https://ke-image.ljcdn.com/110000-inspection/7e925b77-e4c7-4627-8519-0b5d6e074353_1000.jpg!m_fill,w_280,h_210,f_jpg?from=ke.com
20231206,昌平,东关,101121239112,随园 2室1厅 南,390万,43581元/平,高楼层 (共9层) | 2009年 | 2室1厅 | 89.49平米 | 南,https://ke-image.ljcdn.com/110000-inspection/c24b5760-b2cb-439d-b9e2-cddbeb928453_1000.jpg!m_fill,w_280,h_210,f_jpg?from=ke.com
20231206,昌平,东关,101121236197,清朗园2002年板楼2层三阳开泰精装修交通便利,455万,37551元/平,低楼层 (共6层) | 2002年 | 3室2厅 | 121.17平米 | 南 北,https://ke-image.ljcdn.com/110000-inspection/pc1_iahhkGJaY.jpg!m_fill,w_280,h_210,f_jpg?from=ke.com
20231206,昌平,东关,101121235774,正规三居室看房方便精装修中间楼层,372万,40938元/平,中楼层 (共6层) | 1996年 | 3室1厅 | 90.87平米 | 南 北,https://ke-image.ljcdn.com/110000-inspection/38f2cbce-0a2a-458e-ab5d-400722a005c2_1000.jpg!m_fill,w_280,h_210,f_jpg?from=ke.com
20231206,昌平,东关,101121232733,清秀园北区 2室1厅 东 西房主自荐,260万,33261元/平,顶层 (共7层) 2室1厅 | 78.17平米 | 东 西,https://ke-image.ljcdn.com/110000-inspection/bb45a2a5-d3c0-423d-b73a-5291245b92dd_1000.jpg!m_fill,w_280,h_210,f_jpg?from=ke.com
20231206,昌平,东关,101121229558,交通队宿舍楼 3室2厅 南 北,485万,34953元/平,中楼层 (共6层) | 1999年 | 3室2厅 | 138.76平米 | 南 北,https://ke-image.ljcdn.com/110000-inspection/c9da40bf-5437-4863-a67e-69de3e9b7ca5_1000.jpg!m_fill,w_280,h_210,f_jpg?from=ke.com
20231206,昌平,东关,101121218385,总监推荐地铁850米满五唯一改善优选品质住宅,521万,45658元/平,顶层 (共6层) 3室2厅 | 114.11平米 | 南 北,https://ke-image.ljcdn.com/110000-inspection/610d3796-d14b-429c-94cf-cb463e620335_1000.jpg!m_fill,w_280,h_210,f_jpg?from=ke.com
20231206,昌平,东关,101121213736,水关新村 2室1厅 南 北,275万,42153元/平,中楼层 (共6层) | 1990年 | 2室1厅 | 65.24平米 | 南 北,https://ke-image.ljcdn.com/110000-inspection/6930aaba-fd72-4e8a-8a5b-a1a6b4e57245_1000.jpg!m_fill,w_280,h_210,f_jpg?from=ke.com
20231206,昌平,东关,101121209355,京科苑 3室2厅 东 南 北,416万,45159元/平,顶层 (共7层) | 2007年 | 3室2厅 | 92.12平米 | 东 南 北,https://ke-image.ljcdn.com/110000-inspection/f4bb4d72-b290-46e2-8935-27abb6f6348e_1000.jpg!m_fill,w_280,h_210,f_jpg?from=ke.com
20231206,昌平,东关,101121207039,东关北里小区 1室1厅 南 北,189万,45763元/平,顶层 (共6层) | 1992年 | 1室1厅 | 41.3平米 | 南 北,https://ke-image.ljcdn.com/110000-inspection/d03e3c31-8220-43c8-af25-b879cfb8815f_1000.jpg!m_fill,w_280,h_210,f_jpg?from=ke.com
20231206,昌平,东关,101121199695,精装修2层中间位置满五唯一正规三居,495万,46210元/平,低楼层 (共6层) | 1999年 | 3室2厅 | 107.12平米 | 南 北,https://ke-image.ljcdn.com/110000-inspection/9b474f72-527f-4a0c-8ecc-ef8e1c42d51a_1000.jpg!m_fill,w_280,h_210,f_jpg?from=ke.com
20231206,昌平,东关,101121187788,东关北里小区 2室1厅 南 北,268万,40935元/平,顶层 (共6层) | 1993年 | 2室1厅 | 65.47平米 | 南 北,https://ke-image.ljcdn.com/110000-inspection/dd17abd2-5a97-4d74-9b38-77d6b6e4eddc_1000.jpg!m_fill,w_280,h_210,f_jpg?from=ke.com
20231206,昌平,东关,101121169540,水关新村精装修满五年唯一南北通透低楼层出行方便,248万,40424元/平,低楼层 (共6层) | 1994年 | 2室1厅 | 61.35平米 | 南 北,https://ke-image.ljcdn.com/110000-inspection/3e32f9a9-03c4-4961-b8df-84a170d5d1d9_1000.jpg!m_fill,w_280,h_210,f_jpg?from=ke.com
20231206,昌平,东关,101121163960,2001年清秀园南区半地下三室两卫 精装修,238万,17648元/平,地下室 (共5层) | 2000年 | 3室2厅 | 134.86平米 | 南 北,https://ke-image.ljcdn.com/110000-inspection/635f512f-74d0-4f22-b0e7-00d0b7eb7289_1000.jpg!m_fill,w_280,h_210,f_jpg?from=ke.com
20231206,昌平,东关,101121154900,2013年钢混电梯洋房社区 三阳分布 全明户型 只有契税,680万,50815元/平,低楼层 (共21层) | 2013年 | 3室2厅 | 133.82平米 | 南 北,https://ke-image.ljcdn.com/110000-inspection/df7c5b0c-7fa7-4cb2-b5c6-ea595a6afbd9_1000.jpg!m_fill,w_280,h_210,f_jpg?from=ke.com
20231206,昌平,东关,101121154510,昌盛园三区 2室1厅 南 北,340万,40685元/平,中楼层 (共6层) 2室1厅 | 83.57平米 | 南 北,https://ke-image.ljcdn.com/110000-inspection/504f959e-9bba-433e-9789-9be42ba808c4_1000.jpg!m_fill,w_280,h_210,f_jpg?from=ke.com
20231206,昌平,东关,101121148129,建安里小区 3室1厅 南 北,405万,31445元/平,中楼层 (共6层) 3室1厅 | 128.8平米 | 南 北,https://ke-image.ljcdn.com/110000-inspection/pc1_1S814gvtR.jpg!m_fill,w_280,h_210,f_jpg?from=ke.com
20231206,昌平,东关,101121120067,东环路小区 2室1厅 南,210万,39924元/平,底层 (共6层) | 1990年 | 2室1厅 | 52.6平米 | 南,https://ke-image.ljcdn.com/110000-inspection/7203e938-055d-409e-aeee-0f4e85c59497_1000.jpg!m_fill,w_280,h_210,f_jpg?from=ke.com
20231206,昌平,东关,101121118796,京科苑热推房源高楼层视野开阔采光好,226万,36312元/平,顶层 (共6层) | 1994年 | 2室1厅 | 62.24平米 | 南,https://ke-image.ljcdn.com/110000-inspection/pc1_hRSJul5hO.jpg!m_fill,w_280,h_210,f_jpg?from=ke.com
20231206,昌平,东关,101121112331,石油大学松园宿舍 3室1厅 南 北,276万,32082元/平,中楼层 (共5层) 3室1厅 | 86.03平米 | 南 北,https://ke-image.ljcdn.com/110000-inspection/449391a5-57e4-466d-8a4f-6b9560402c47_1000.jpg!m_fill,w_280,h_210,f_jpg?from=ke.com
20231206,昌平,东关,101121091914,嘉和园电梯房中间层小三居精装修满五唯一近地铁,357万,39773元/平,低楼层 (共19层) | 2010年 | 3室1厅 | 89.76平米 | 南 北,https://ke-image.ljcdn.com/110000-inspection/319d986a-edd3-4f86-b199-f9833029dae7_1000.jpg!m_fill,w_280,h_210,f_jpg?from=ke.com
20231206,昌平,东关,101121068423,亢山佳园小区 2室2厅 南 北,420万,43869元/平,低楼层 (共6层) | 2003年 | 2室2厅 | 95.74平米 | 南 北,https://ke-image.ljcdn.com/110000-inspection/e4860a60-7786-4eda-94c6-b1cb74f36815_1000.jpg!m_fill,w_280,h_210,f_jpg?from=ke.com
20231206,昌平,东关,101121067198,建安里小区 2室1厅 南 北,310万,37454元/平,中楼层 (共6层) 2室1厅 | 82.77平米 | 南 北,https://ke-image.ljcdn.com/110000-inspection/pc1_HiVxRCLs4.jpg!m_fill,w_280,h_210,f_jpg?from=ke.com
20231206,昌平,东关,101121066574,随园 3室2厅 南 北,565万,40006元/平,中楼层 (共11层) | 2009年 | 3室2厅 | 141.23平米 | 南 北,https://ke-image.ljcdn.com/110000-inspection/068361c4-de31-43f4-9004-5a3718f2606c_1000.jpg!m_fill,w_280,h_210,f_jpg?from=ke.com
20231206,昌平,东关,101121040707,水关新村南区中间楼层满五唯一居室房主自荐,190万,40843元/平,中楼层 (共6层) | 1995年 | 1室1厅 | 46.52平米 | 东,https://ke-image.ljcdn.com/110000-inspection/pc1_F2C8DaKST.jpg!m_fill,w_280,h_210,f_jpg?from=ke.com
20231206,昌平,东关,101121012119,清秀园北区 2室1厅 南 北,299万,35247元/平,底层 (共6层) | 1996年 | 2室1厅 | 84.83平米 | 南 北,https://ke-image.ljcdn.com/110000-inspection/dae4b48d-09f4-459d-9146-07040150d337_1000.jpg!m_fill,w_280,h_210,f_jpg?from=ke.com
20231206,昌平,东关,101121011892,昌盛园一区+南北通透两居室+不临街房主自荐,272万,30648元/平,顶层 (共6层) | 1996年 | 2室1厅 | 88.75平米 | 南 北,https://ke-image.ljcdn.com/110000-inspection/pc1_N1hwbd7yy.jpg!m_fill,w_280,h_210,f_jpg?from=ke.com
20231206,昌平,东关,101121008970,东关北里 2003年 满五唯一 次顶层 东西通透 含地下室,310万,30803元/平,高楼层 (共7层) | 2003年 | 2室1厅 | 100.64平米 | 东 西,https://ke-image.ljcdn.com/110000-inspection/1b49b6f7-a9eb-447c-a3ca-39f181eae050_1000.jpg!m_fill,w_280,h_210,f_jpg?from=ke.com
20231206,昌平,东关,101121007503,东环路小区 南北通透 次顶层 配套成熟,305万,41017元/平,高楼层 (共6层) | 1990年 | 2室1厅 | 74.36平米 | 南 北,https://ke-image.ljcdn.com/110000-inspection/040fb3b2-ec55-4ef1-a02d-f439c882ae5e_1000.jpg!m_fill,w_280,h_210,f_jpg?from=ke.com
20231206,昌平,东关,101120998068,清秀园北区 1室1厅 西,245万,44807元/平,高楼层 (共19层) 1室1厅 | 54.68平米 | 西,https://ke-image.ljcdn.com/110000-inspection/171ac654-e39a-4030-ac05-8215b9d22bb8_1000.jpg!m_fill,w_280,h_210,f_jpg?from=ke.com
20231206,昌平,东关,101120995893,京科苑 1室1厅 南房主自荐,220万,50194元/平,中楼层 (共6层) | 1994年 | 1室1厅 | 43.83平米 | 南,https://ke-image.ljcdn.com/110000-inspection/pc1_2g56JVCW0.jpg!m_fill,w_280,h_210,f_jpg?from=ke.com
20231206,昌平,东关,101120994005,金隅观澜时代满五年唯一南向两居室,410万,48880元/平,中楼层 (共14层) | 2013年 | 2室1厅 | 83.88平米 | 东 南,https://ke-image.ljcdn.com/110000-inspection/454f0aec-b39e-40f3-afb4-cbd2a85e7be1_1000.jpg!m_fill,w_280,h_210,f_jpg?from=ke.com
20231206,昌平,东关,101120993563,京科苑 2室2厅 南 北,425万,37057元/平,顶层 (共6层) 2室2厅 | 114.69平米 | 南 北,https://ke-image.ljcdn.com/110000-inspection/686602a7-6357-408e-b10c-ca6dc6a37d7f_1000.jpg!m_fill,w_280,h_210,f_jpg?from=ke.com
20231206,昌平,东关,101120992782,总监推荐 北京怡园 自住装修 中间位置中间层房主自荐,530万,49784元/平,中楼层 (共12层) 3室2厅 | 106.46平米 | 南 北,https://ke-image.ljcdn.com/110000-inspection/225dc291-2466-4e57-a8ee-d96e592642cb_1000.jpg!m_fill,w_280,h_210,f_jpg?from=ke.com
20231206,昌平,东关,101120988581,东关北里小区 二层 明厨明卫 纯南 采光充足,230万,54220元/平,低楼层 (共6层) | 1992年 | 1室1厅 | 42.42平米 | 南,https://ke-image.ljcdn.com/110000-inspection/634f4ba3-855d-4979-b6df-c15becdfca49_1000.jpg!m_fill,w_280,h_210,f_jpg?from=ke.com
20231206,昌平,东关,101120966188,果岭小镇 2室2厅 南 北,410万,43304元/平,顶层 (共5层) 2室2厅 | 94.68平米 | 南 北,https://ke-image.ljcdn.com/110000-inspection/c09746be-44ab-42e6-b56c-b6d75b24b94d_1000.jpg!m_fill,w_280,h_210,f_jpg?from=ke.com
20231206,昌平,东关,101120963740,总价推荐 北京怡园 南北通透 看房方便 户型方正,345万,44719元/平,低楼层 (共16层) | 2016年 | 2室1厅 | 77.15平米 | 南 北,https://ke-image.ljcdn.com/110000-inspection/d6a2ff26-c3a5-4f4b-a1d7-7e5ab0dd8637_1000.jpg!m_fill,w_280,h_210,f_jpg?from=ke.com
20231206,昌平,东关,101120963493,京科苑 2室1厅 南 北,248万,35163元/平,顶层 (共6层) | 2001年 | 2室1厅 | 70.53平米 | 南 北,https://ke-image.ljcdn.com/110000-inspection/pc1_9LpoR7YAD.jpg!m_fill,w_280,h_210,f_jpg?from=ke.com
20231206,昌平,东关,101120960420,北京怡园 南北通透三居室 中间位置 装修好,458万,52409元/平,顶层 (共11层) 3室1厅 | 87.39平米 | 南 北,https://ke-image.ljcdn.com/110000-inspection/cfb9d010-d4db-4972-8a9a-cef0f8d0898c_1000.jpg!m_fill,w_280,h_210,f_jpg?from=ke.com
20231206,昌平,东关,101120956585,水关新村 1室1厅 南,220万,54121元/平,中楼层 (共6层) | 1994年 | 1室1厅 | 40.65平米 | 南,https://ke-image.ljcdn.com/110000-inspection/pc1_IPiF0xczh.jpg!m_fill,w_280,h_210,f_jpg?from=ke.com
20231206,昌平,东关,101120934581,清秀园北区 1室1厅 西,179万,40407元/平,高楼层 (共19层) 1室1厅 | 44.3平米 | 西,https://ke-image.ljcdn.com/110000-inspection/f8101fd1-06d2-4b0e-a076-b4f759ed2b8f_1000.jpg!m_fill,w_280,h_210,f_jpg?from=ke.com
20231206,昌平,东关,101120926278,京科苑 2室1厅 南 北,299万,39009元/平,底层 (共7层) | 2003年 | 2室1厅 | 76.65平米 | 南 北,https://ke-image.ljcdn.com/110000-inspection/b17d904e-7073-4e60-a216-509d6a5f8e89_1000.jpg!m_fill,w_280,h_210,f_jpg?from=ke.com
20231206,昌平,东关,101120923756,水关新村 2室1厅 东 西,385万,40138元/平,顶层 (共6层) 2室1厅 | 95.92平米 | 东 西,https://ke-image.ljcdn.com/110000-inspection/8561c5b6-0788-4ba5-9a6f-f3ccbca51fc2_1000.jpg!m_fill,w_280,h_210,f_jpg?from=ke.com
20231206,昌平,东关,101120916166,昌盛园二区+中间楼层+南北向两居室,320万,37839元/平,中楼层 (共6层) | 1995年 | 2室2厅 | 84.57平米 | 南 北,https://ke-image.ljcdn.com/110000-inspection/d8d7af87-e028-4e84-a110-ca36344f27b4_1000.jpg!m_fill,w_280,h_210,f_jpg?from=ke.com
20231206,昌平,东关,101120912860,清秀园北区 1室1厅 北,161万,47187元/平,中楼层 (共7层) | 2003年 | 1室1厅 | 34.12平米 | 北,https://ke-image.ljcdn.com/110000-inspection/pc1_ACuURKL1i.jpg!m_fill,w_280,h_210,f_jpg?from=ke.com
20231206,昌平,东关,101120907903,社区设计改造已完成 车位充足 绿化优美 三阳户型房主自荐,468万,39508元/平,中楼层 (共6层) | 1998年 | 3室2厅 | 118.46平米 | 南 北,https://ke-image.ljcdn.com/110000-inspection/764a351c-e27f-4200-ba94-3db1cc18e9b4_1000.jpg!m_fill,w_280,h_210,f_jpg?from=ke.com
20231206,昌平,东关,101120902800,北京怡园 1室1厅 西南,240万,46119元/平,中楼层 (共16层) 1室1厅 | 52.04平米 | 西南,https://ke-image.ljcdn.com/110000-inspection/pc1_XBLfN5EDb.jpg!m_fill,w_280,h_210,f_jpg?from=ke.com
20231206,昌平,东关,101120899280,急售 东关北里小区 精装修 全明格局,199万,32645元/平,高楼层 (共6层) | 1988年 | 2室1厅 | 60.96平米 | 西 北,https://ke-image.ljcdn.com/110000-inspection/a390d4d6-a143-4b62-93e6-0895079196ab_1000.jpg!m_fill,w_280,h_210,f_jpg?from=ke.com
20231206,昌平,东关,101120898544,清秀园北区 2室1厅 南 北,225万,42262元/平,中楼层 (共5层) 2室1厅 | 53.24平米 | 南 北,https://ke-image.ljcdn.com/110000-inspection/9e159147-d779-45e6-bff4-d9ba77ed5c15_1000.jpg!m_fill,w_280,h_210,f_jpg?from=ke.com
20231206,昌平,东关,101120889837,水关新村 2室1厅 南 北,223万,35196元/平,顶层 (共6层) | 1993年 | 2室1厅 | 63.36平米 | 南 北,https://ke-image.ljcdn.com/110000-inspection/pc1_v6mGfNrLw.jpg!m_fill,w_280,h_210,f_jpg?from=ke.com
20231206,昌平,东关,101120886957,近地铁 小区环境好 停车方便 满五唯一业主诚心出售房主自荐,212万,36915元/平,低楼层 (共6层) | 1984年 | 2室1厅 | 57.43平米 | 南 北,https://ke-image.ljcdn.com/110000-inspection/ea2e4f2b-f09e-4f28-a8c2-177c5614dbdc_1000.jpg!m_fill,w_280,h_210,f_jpg?from=ke.com
20231206,昌平,东关,101120885459,建安里小区 2室1厅 南 北,300万,33558元/平,顶层 (共6层) | 1996年 | 2室1厅 | 89.4平米 | 南 北,https://ke-image.ljcdn.com/110000-inspection/pc1_9otMGWnkc.jpg!m_fill,w_280,h_210,f_jpg?from=ke.com
20231206,昌平,东关,101120879721,京科苑 2室2厅 南 北房主自荐,405万,37622元/平,低楼层 (共6层) | 1998年 | 2室2厅 | 107.65平米 | 南 北,https://ke-image.ljcdn.com/110000-inspection/eeb301cb-a6c1-41c6-9426-c8d83282ad34_1000.jpg!m_fill,w_280,h_210,f_jpg?from=ke.com
20231206,昌平,东关,101120879571,东关北里 精装修 自住三居室 采光好,458万,36832元/平,底层 (共7层) | 2003年 | 3室2厅 | 124.35平米 | 南 北,https://ke-image.ljcdn.com/110000-inspection/57134325-eefd-4ba2-8bec-54aa1188f9a3_1000.jpg!m_fill,w_280,h_210,f_jpg?from=ke.com
20231206,昌平,东关,101120877899,建安里电梯房三居室满五唯一近地铁配套齐全,419万,33076元/平,中楼层 (共11层) | 2001年 | 3室1厅 | 126.68平米 | 东南,https://ke-image.ljcdn.com/110000-inspection/2407c29d-f6dd-4338-8deb-b624c0c1240e_1000.jpg!m_fill,w_280,h_210,f_jpg?from=ke.com
20231206,昌平,东关,101120877517,金隅嘉和园 2室1厅 南房主自荐,319万,40705元/平,高楼层 (共19层) | 2010年 | 2室1厅 | 78.37平米 | 南,https://ke-image.ljcdn.com/110000-inspection/b7c712b8-f578-43af-a47f-bfa1d456f968_1000.jpg!m_fill,w_280,h_210,f_jpg?from=ke.com
20231206,昌平,东关,101120876597,宁馨苑满五唯一精装电梯诚心出售,315万,41150元/平,低楼层 (共17层) | 2003年 | 2室1厅 | 76.55平米 | 南,https://ke-image.ljcdn.com/110000-inspection/008bb2c3-9f45-4564-a633-960472b1640e_1000.jpg!m_fill,w_280,h_210,f_jpg?from=ke.com
20231206,昌平,东关,101120875362,东关北里 一居室 2003年 精装修,205万,33829元/平,中楼层 (共7层) 1室1厅 | 60.6平米 | 东,https://ke-image.ljcdn.com/110000-inspection/pc1_LgKW1U6Vd_1.jpg!m_fill,w_280,h_210,f_jpg?from=ke.com
20231206,昌平,东关,101120870269,2016年小区 落地窗 视野好 精装修拎包入住,369万,50130元/平,高楼层 (共16层) 2室1厅 | 73.61平米 | 南,https://ke-image.ljcdn.com/110000-inspection/1f0127de-3dc7-43fb-8f07-50278ffbd59e_1000.jpg!m_fill,w_280,h_210,f_jpg?from=ke.com
20231206,昌平,东关,101120869187,宁馨苑 1室2厅 南 北,289万,40528元/平,低楼层 (共7层) 1室2厅 | 71.31平米 | 南 北,https://ke-image.ljcdn.com/110000-inspection/478f40cf-5dd7-4f85-b60c-c39e9197468d_1000.jpg!m_fill,w_280,h_210,f_jpg?from=ke.com
20231206,昌平,东关,101120864119,金隅观澜时代 3室1厅 南 北,600万,51872元/平,低楼层 (共13层) 3室1厅 | 115.67平米 | 南 北,https://ke-image.ljcdn.com/110000-inspection/c8eaff5f-24db-406e-a371-e2c1da6b7c01_1000.jpg!m_fill,w_280,h_210,f_jpg?from=ke.com
20231206,昌平,东关,101120862407,东关北里  南北通透 楼层三层 明厨明卫,258万,40894元/平,中楼层 (共6层) | 1990年 | 2室1厅 | 63.09平米 | 南 北,https://ke-image.ljcdn.com/110000-inspection/1190cf66-a330-455c-9d21-5458c6cb7fc9_1000.jpg!m_fill,w_280,h_210,f_jpg?from=ke.com
20231206,昌平,东关,101120861898,水关新村 3室1厅 东 西,305万,34363元/平,顶层 (共6层) 3室1厅 | 88.76平米 | 东 西,https://ke-image.ljcdn.com/110000-inspection/a3a33a3b-9a83-430e-9290-a16883d84983_1000.jpg!m_fill,w_280,h_210,f_jpg?from=ke.com
20231206,昌平,东关,101120849720,金隅观澜时代、南北向两居室高楼层、视野好,500万,54201元/平,高楼层 (共21层) 2室1厅 | 92.25平米 | 南 北,https://ke-image.ljcdn.com/110000-inspection/81dafc83-c92c-4ad7-9966-78ef3ca05a35_1000.jpg!m_fill,w_280,h_210,f_jpg?from=ke.com
20231206,昌平,东关,101120826648,金隅嘉和园 2室1厅 南 北,303万,41553元/平,顶层 (共22层) | 2010年 | 2室1厅 | 72.92平米 | 南 北,https://ke-image.ljcdn.com/110000-inspection/c0ae03b3-b08f-4190-ba6f-d45efc7b9701_1000.jpg!m_fill,w_280,h_210,f_jpg?from=ke.com
20231206,昌平,东关,101120809450,宁馨苑 3室2厅 南 北,470万,31145元/平,高楼层 (共6层) | 2003年 | 3室2厅 | 150.91平米 | 南 北,https://ke-image.ljcdn.com/110000-inspection/fcce7c34-2184-4bdd-8005-2a47e4f2c03c_1000.jpg!m_fill,w_280,h_210,f_jpg?from=ke.com
20231206,昌平,东关,101120806054,水关新村 2室1厅 南 北,330万,30816元/平,顶层 (共6层) | 2001年 | 2室1厅 | 107.09平米 | 南 北,https://ke-image.ljcdn.com/110000-inspection/pc1_FAqUDpChs.jpg!m_fill,w_280,h_210,f_jpg?from=ke.com
20231206,昌平,东关,101120803951,佳莲二期 1室1厅 东 西,205万,35443元/平,顶层 (共6层) | 2005年 | 1室1厅 | 57.84平米 | 东 西,https://ke-image.ljcdn.com/110000-inspection/93cfa970-0e54-4ca3-a589-37100cf41875_1000.jpg!m_fill,w_280,h_210,f_jpg?from=ke.com
20231206,昌平,东关,101120798922,金隅嘉和园 2室1厅 南 北,309万,40890元/平,低楼层 (共19层) 2室1厅 | 75.57平米 | 南 北,https://ke-image.ljcdn.com/110000-inspection/f9c6507d-e8cb-4032-b3cb-9e5d525f316a_1000.jpg!m_fill,w_280,h_210,f_jpg?from=ke.com
20231206,昌平,东关,101120795966,东关北里小区 2室1厅 东 西房主自荐,290万,37483元/平,顶层 (共7层) | 2003年 | 2室1厅 | 77.37平米 | 东 西,https://ke-image.ljcdn.com/110000-inspection/3a768a3f-682b-49a4-902d-5070ad3ec2b6_1000.jpg!m_fill,w_280,h_210,f_jpg?from=ke.com
20231206,昌平,东关,101120790219,东环路小区 3室1厅 东 西,333万,36122元/平,顶层 (共6层) | 1995年 | 3室1厅 | 92.19平米 | 东 西,https://ke-image.ljcdn.com/110000-inspection/c4a20f6d-dac1-4277-8472-478cbe362908_1000.jpg!m_fill,w_280,h_210,f_jpg?from=ke.com
20231206,昌平,东关,101120789965,水关新村 3室1厅 南 北,335万,40607元/平,底层 (共6层) | 1992年 | 3室1厅 | 82.5平米 | 南 北,https://ke-image.ljcdn.com/110000-inspection/ef058f36-feec-4160-9817-f2dab9b1a3fa_1000.jpg!m_fill,w_280,h_210,f_jpg?from=ke.com
20231206,昌平,东关,101120771387,昌盛园一区 2室1厅 南 北房主自荐,339万,41484元/平,底层 (共6层) | 1997年 | 2室1厅 | 81.72平米 | 南 北,https://ke-image.ljcdn.com/110000-inspection/8834a903-bafe-4f09-9696-59f00a34651f_1000.jpg!m_fill,w_280,h_210,f_jpg?from=ke.com
20231206,昌平,东关,101120767687,京科苑 2室1厅 南 北,228万,36775元/平,顶层 (共7层) | 2003年 | 2室1厅 | 62平米 | 南 北,https://ke-image.ljcdn.com/110000-inspection/25e7e02c-ce51-43c3-98d2-01712c3371cd_1000.jpg!m_fill,w_280,h_210,f_jpg?from=ke.com
20231206,昌平,东关,101120766141,水关新村 南北通透 满五唯一 中间楼层 视野采光好,380万,46827元/平,中楼层 (共6层) | 1996年 | 2室2厅 | 81.15平米 | 南 北,https://ke-image.ljcdn.com/110000-inspection/c2a7e890-c245-4080-8792-e21b679a1aef_1000.jpg!m_fill,w_280,h_210,f_jpg?from=ke.com
20231206,昌平,东关,101120741026,果岭小镇中间层大三居满五唯一看房随时,560万,40519元/平,中楼层 (共5层) | 2005年 | 3室2厅 | 138.21平米 | 南 北,https://ke-image.ljcdn.com/110000-inspection/2ab81163-6c03-48f8-995e-6ef8b774cf32_1000.jpg!m_fill,w_280,h_210,f_jpg?from=ke.com
20231206,昌平,东关,101120720842,北京怡园 3室1厅 南 北,439万,45796元/平,低楼层 (共12层) 3室1厅 | 95.86平米 | 南 北,https://ke-image.ljcdn.com/110000-inspection/a5190dac-b76d-4416-b108-d1b82c542437_1000.jpg!m_fill,w_280,h_210,f_jpg?from=ke.com
20231206,昌平,东关,101120697859,清秀园北区 电梯房两居室 满五唯一 视野好采光好房主自荐,263万,34443元/平,顶层 (共7层) 2室1厅 | 76.36平米 | 南,https://ke-image.ljcdn.com/110000-inspection/d8611d8b-387a-4d75-ab97-d0516050fa69_1000.jpg!m_fill,w_280,h_210,f_jpg?from=ke.com
20231206,昌平,东关,101120686582,世涛天朗+不临街两居室+南北通透房主自荐,287万,34521元/平,顶层 (共6层) | 2004年 | 2室1厅 | 83.14平米 | 南 北,https://ke-image.ljcdn.com/110000-inspection/9d59d4fe-fadd-46ac-83f2-84cb43e9de2f_1000.jpg!m_fill,w_280,h_210,f_jpg?from=ke.com
20231206,昌平,东关,101120635380,满五年次顶层采光好车位充足,375万,35579元/平,高楼层 (共6层) | 1994年 | 3室1厅 | 105.4平米 | 南 北,https://ke-image.ljcdn.com/110000-inspection/3a776a9a-b6cd-4e19-866a-5dbc80d91b62_1000.jpg!m_fill,w_280,h_210,f_jpg?from=ke.com
20231206,昌平,东关,101120626289,水关新村 2室2厅 南 北,305万,37585元/平,底层 (共6层) | 1996年 | 2室2厅 | 81.15平米 | 南 北,https://ke-image.ljcdn.com/110000-inspection/21bc57c6-5664-466c-bd34-dabcf85bfd41_1000.jpg!m_fill,w_280,h_210,f_jpg?from=ke.com
20231206,昌平,东关,101120607928,随园 2室1厅 南 北,390万,43166元/平,高楼层 (共9层) 2室1厅 | 90.35平米 | 南 北,https://ke-image.ljcdn.com/110000-inspection/3ba871d1-9700-4c96-b026-e23e283a3901_1000.jpg!m_fill,w_280,h_210,f_jpg?from=ke.com
20231206,昌平,东关,101120604999,满五唯一南北通透格局楼层好视野宽阔。装修自住,325万,42401元/平,中楼层 (共7层) | 2003年 | 2室1厅 | 76.65平米 | 南 北,https://ke-image.ljcdn.com/110000-inspection/6d5e5a56-41c2-4ee5-9ecb-95dbe90e3e8c_1000.jpg!m_fill,w_280,h_210,f_jpg?from=ke.com
20231206,昌平,东关,101120604692,北京怡园 2室1厅 南,348万,48767元/平,高楼层 (共16层) | 2016年 | 2室1厅 | 71.36平米 | 南,https://ke-image.ljcdn.com/110000-inspection/8b698561-4636-401e-bc37-2d36a623dc08_1000.jpg!m_fill,w_280,h_210,f_jpg?from=ke.com
20231206,昌平,东关,101120602743,建安里小区 2室1厅 南 北,320万,38485元/平,中楼层 (共6层) 2室1厅 | 83.15平米 | 南 北,https://ke-image.ljcdn.com/110000-inspection/d22e6e97-2558-4159-9523-d184f49d147b_1000.jpg!m_fill,w_280,h_210,f_jpg?from=ke.com
20231206,昌平,东关,101120583998,清秀园北区金三层精装两居室满五年唯一。拎包入住房主自荐,238万,42267元/平,中楼层 (共5层) 2室1厅 | 56.31平米 | 南,https://ke-image.ljcdn.com/110000-inspection/4624cd3f-de06-4af3-9a48-ec44f3447086_1000.jpg!m_fill,w_280,h_210,f_jpg?from=ke.com
20231206,昌平,东关,101120581527,社区升级改造已完成 2004年房龄 三阳户型 满五年唯一,270万,44896元/平,高楼层 (共6层) | 2004年 | 1室1厅 | 60.14平米 | 南,https://ke-image.ljcdn.com/110000-inspection/bc4bec31-fc01-4500-85f7-3aae77f8388f_1000.jpg!m_fill,w_280,h_210,f_jpg?from=ke.com
20231206,昌平,东关,101120572008,宁馨苑中间层三居室满五唯一近地铁精装修,485万,40495元/平,中楼层 (共6层) | 2002年 | 3室2厅 | 119.77平米 | 南 北,https://ke-image.ljcdn.com/110000-inspection/515fc786-c2b8-47b9-81a1-59bf496442a7_1000.jpg!m_fill,w_280,h_210,f_jpg?from=ke.com
20231206,昌平,东关,101120570694,小两居中间位置中间层全明方正户型满五唯一,231万,37907元/平,中楼层 (共6层) | 1990年 | 2室1厅 | 60.94平米 | 东,https://ke-image.ljcdn.com/110000-inspection/2776b1be-700b-4f52-85f7-d758dab71855_1000.jpg!m_fill,w_280,h_210,f_jpg?from=ke.com
20231206,昌平,东关,101120569141,交通队宿舍楼 3室2厅 南 北,495万,35674元/平,低楼层 (共6层) | 1999年 | 3室2厅 | 138.76平米 | 南 北,https://ke-image.ljcdn.com/110000-inspection/510e0b34-bbe2-4746-98c6-8d9afbb187b7_1000.jpg!m_fill,w_280,h_210,f_jpg?from=ke.com
20231206,昌平,东关,101120562899,金隅观澜时代+花园洋房+小桥流水,635万,47230元/平,低楼层 (共13层) | 2013年 | 4室2厅 | 134.45平米 | 东 南 北,https://ke-image.ljcdn.com/110000-inspection/b670b05e-d7a0-4171-af49-09e3fa16d347_1000.jpg!m_fill,w_280,h_210,f_jpg?from=ke.com
20231206,昌平,东关,101120559678,满五年唯一采光充足位置好停车方便,226万,34578元/平,高楼层 (共6层) | 1990年 | 2室1厅 | 65.36平米 | 南,https://ke-image.ljcdn.com/110000-inspection/cfa6d42c-1b48-45fb-a29f-d80e11e02e49_1000.jpg!m_fill,w_280,h_210,f_jpg?from=ke.com
20231206,昌平,东关,101120556747,清秀园北区面积超大一居室电梯房,205万,34213元/平,中楼层 (共19层) | 2003年 | 1室0厅 | 59.92平米 | 东,https://ke-image.ljcdn.com/110000-inspection/d93da0c4-df8c-4329-b2bc-80e555b5e6f0_1000.jpg!m_fill,w_280,h_210,f_jpg?from=ke.com
20231206,昌平,东关,101120543965,社区中间位置 全明格局三居 户型方正,249万,34545元/平,顶层 (共6层) | 1994年 | 3室1厅 | 72.08平米 | 东,https://ke-image.ljcdn.com/110000-inspection/44e82734-66f3-494c-87e4-770e29ba05c4_1000.jpg!m_fill,w_280,h_210,f_jpg?from=ke.com
20231206,昌平,东关,101120528376,1%服务费 北京风景低密度电梯洋房南北通透 满五年唯一,538万,45086元/平,中楼层 (共4层) | 2013年 | 3室2厅 | 119.33平米 | 南 北,https://ke-image.ljcdn.com/110000-inspection/e88edc4a-d9c7-45e4-ab98-45a95c029bc5_1000.jpg!m_fill,w_280,h_210,f_jpg?from=ke.com
20231206,昌平,东关,101120527939,京科苑 2室1厅 南 北,280万,41754元/平,高楼层 (共6层) | 1993年 | 2室1厅 | 67.06平米 | 南 北,https://ke-image.ljcdn.com/110000-inspection/26397d79-6f9c-4691-8811-f9eea4f9bec8_1000.jpg!m_fill,w_280,h_210,f_jpg?from=ke.com
20231206,昌平,东关,101120500143,龙水路22号院 1室1厅 南,260万,43233元/平,中楼层 (共6层) | 2004年 | 1室1厅 | 60.14平米 | 南,https://ke-image.ljcdn.com/110000-inspection/6a2a8b07-215d-421f-9a8d-6d4ebf4a6c00_1000.jpg!m_fill,w_280,h_210,f_jpg?from=ke.com
20231206,昌平,东关,101120488133,东关二条 2室1厅 南 北,258万,39541元/平,低楼层 (共6层) | 1988年 | 2室1厅 | 65.25平米 | 南 北,https://ke-image.ljcdn.com/110000-inspection/8184d81a-36ed-454a-9ef0-29bb448c513b_1000.jpg!m_fill,w_280,h_210,f_jpg?from=ke.com
20231206,昌平,东关,101120477475,建安里小区 1室1厅 西北,269万,49376元/平,顶层 (共10层) 1室1厅 | 54.48平米 | 西北,https://ke-image.ljcdn.com/110000-inspection/396a0ec2-b7fe-452e-8b12-b97b513ea7bb_1000.jpg!m_fill,w_280,h_210,f_jpg?from=ke.com
20231206,昌平,东关,101120426949,东环路 低楼层 南北通透 看房方便,242万,42969元/平,低楼层 (共6层) | 1986年 | 2室1厅 | 56.32平米 | 南 北,https://ke-image.ljcdn.com/110000-inspection/39363b97-eb02-4d25-8f66-186c7e71d9de_1000.jpg!m_fill,w_280,h_210,f_jpg?from=ke.com
20231206,昌平,东关,101120409398,京科苑 2室1厅 南 北,299万,35843元/平,顶层 (共6层) | 1999年 | 2室1厅 | 83.42平米 | 南 北,https://ke-image.ljcdn.com/110000-inspection/ffbddea2-762f-418a-a5b0-a54f956625f9_1000.jpg!m_fill,w_280,h_210,f_jpg?from=ke.com
20231206,昌平,东关,101120392254,双通透户型楼下就是公交站满五唯一,299万,35264元/平,顶层 (共6层) | 1999年 | 2室1厅 | 84.79平米 | 南 北,https://ke-image.ljcdn.com/110000-inspection/31e55aa1-7ef9-488f-b83d-4095011c00e4_1000.jpg!m_fill,w_280,h_210,f_jpg?from=ke.com
20231206,昌平,东关,101120387271,金隅嘉和园 2室1厅 南,305万,39391元/平,顶层 (共19层) | 2011年 | 2室1厅 | 77.43平米 | 南,https://ke-image.ljcdn.com/110000-inspection/pc1_YVsFRISG7.jpg!m_fill,w_280,h_210,f_jpg?from=ke.com
20231206,昌平,东关,101120382980,燕平家园 2室1厅 东 西,299万,35775元/平,底层 (共6层) | 2003年 | 2室1厅 | 83.58平米 | 东 西,https://ke-image.ljcdn.com/110000-inspection/40534fa7-b4f0-41b4-b3fd-e612ee040aa1_1000.jpg!m_fill,w_280,h_210,f_jpg?from=ke.com
20231206,昌平,东关,101120375391,东关南里三层一居室精装修靠谱出售房主自荐,196万,46567元/平,中楼层 (共6层) | 1990年 | 1室1厅 | 42.09平米 | 南,https://ke-image.ljcdn.com/110000-inspection/a96114be-7237-4bc2-b8ec-1f9debc9d02c_1000.jpg!m_fill,w_280,h_210,f_jpg?from=ke.com
20231206,昌平,东关,101120356780,东关南里小区 2室1厅 东,220万,37801元/平,底层 (共5层) | 1991年 | 2室1厅 | 58.2平米 | 东,https://ke-image.ljcdn.com/110000-inspection/0b006916-2922-464e-9d53-c4a8f3a68f02_1000.jpg!m_fill,w_280,h_210,f_jpg?from=ke.com
20231206,昌平,东关,101120353389,世涛天朗双通透两居室有电梯楼层好优质配套,500万,41357元/平,中楼层 (共6层) 2室2厅 | 120.9平米 | 南 北,https://ke-image.ljcdn.com/110000-inspection/5d475cce-5781-481a-8bf5-c15dbde7659d_1000.jpg!m_fill,w_280,h_210,f_jpg?from=ke.com
20231206,昌平,东关,101120349876,振兴路21号院+京科苑   低楼层    三居室精装,360万,43510元/平,底层 (共6层) | 1995年 | 3室1厅 | 82.74平米 | 南 北,https://ke-image.ljcdn.com/110000-inspection/86112553-db33-420e-9496-72122881c67f_1000.jpg!m_fill,w_280,h_210,f_jpg?from=ke.com
20231206,昌平,东关,101120340023,北京怡园 3室1厅 南 北,460万,47768元/平,低楼层 (共16层) 3室1厅 | 96.3平米 | 南 北,https://ke-image.ljcdn.com/110000-inspection/bb708135-c14e-4f4d-baa4-e81e659230fe_1000.jpg!m_fill,w_280,h_210,f_jpg?from=ke.com
20231206,昌平,东关,101120319098,水关新村 2室1厅 南 北,345万,28873元/平,顶层 (共6层) 2室1厅 | 119.49平米 | 南 北,https://ke-image.ljcdn.com/110000-inspection/8e87a8b7-6917-4c45-a013-06c3e99e849e_1000.jpg!m_fill,w_280,h_210,f_jpg?from=ke.com
20231206,昌平,东关,101120314916,昌盛园一区+大两居+南侧是花园,385万,36284元/平,中楼层 (共5层) 2室1厅 | 106.11平米 | 南 北,https://ke-image.ljcdn.com/110000-inspection/59c69b2a-f9b2-42ad-804d-00a3f250ec41_1000.jpg!m_fill,w_280,h_210,f_jpg?from=ke.com
20231206,昌平,东关,101120306836,总监力荐+世涛天朗+两卫+两居室,435万,41671元/平,底层 (共6层) | 2005年 | 2室1厅 | 104.39平米 | 南 北,https://ke-image.ljcdn.com/110000-inspection/876c4ad1-2864-452b-b2a2-e16036a7018f_1000.jpg!m_fill,w_280,h_210,f_jpg?from=ke.com
20231206,昌平,东关,101120305086,亢山佳园小区 2室1厅 南 北,399万,41676元/平,底层 (共6层) | 2002年 | 2室1厅 | 95.74平米 | 南 北,https://ke-image.ljcdn.com/110000-inspection/36489377-9edb-4857-a05c-a3c3d8dfb25b_1000.jpg!m_fill,w_280,h_210,f_jpg?from=ke.com
20231206,昌平,东关,101120302040,昌盛园三区 2室1厅 南 北,340万,41193元/平,顶层 (共6层) 2室1厅 | 82.54平米 | 南 北,https://ke-image.ljcdn.com/110000-inspection/c2a287da-9552-490a-b3c4-e7bc3c3748aa_1000.jpg!m_fill,w_280,h_210,f_jpg?from=ke.com
20231206,昌平,东关,101120298400,东关二条 2室1厅 南 北,272万,41686元/平,中楼层 (共6层) | 1988年 | 2室1厅 | 65.25平米 | 南 北,https://ke-image.ljcdn.com/110000-inspection/67394d61-547a-4a13-8b77-3478b7490fbd_1000.jpg!m_fill,w_280,h_210,f_jpg?from=ke.com
20231206,昌平,东关,101120275076,水关新村 2室1厅 南 北,265万,39382元/平,顶层 (共6层) 2室1厅 | 67.29平米 | 南 北,https://ke-image.ljcdn.com/110000-inspection/7adf00c9-5afb-4331-a7d6-e4ccfaf58008_1000.jpg!m_fill,w_280,h_210,f_jpg?from=ke.com
20231206,昌平,东关,101120274097,昌盛园四区 低楼层 2室1厅 满五年唯一成本价购买房主自荐,279万,41181元/平,低楼层 (共6层) | 1997年 | 2室1厅 | 67.75平米 | 南,https://ke-image.ljcdn.com/110000-inspection/8ae6d750-d388-4cb2-9327-97e857325b59_1000.jpg!m_fill,w_280,h_210,f_jpg?from=ke.com
20231206,昌平,东关,101120270363,水关新村 2室1厅 南 北,278万,35918元/平,高楼层 (共6层) 2室1厅 | 77.4平米 | 南 北,https://ke-image.ljcdn.com/110000-inspection/8398a6e8-a245-407b-9b73-f9dbc638952c_1000.jpg!m_fill,w_280,h_210,f_jpg?from=ke.com
20231206,昌平,东关,101120263206,清秀园北区 2室1厅 北 南,368万,36948元/平,中楼层 (共7层) 2室1厅 | 99.6平米 | 北 南,https://ke-image.ljcdn.com/110000-inspection/73173967-afa5-4017-a124-d50ad4e56c16_1000.jpg!m_fill,w_280,h_210,f_jpg?from=ke.com
20231206,昌平,东关,101120256963,满五唯一南北通透精装修洋房带电梯一梯两户房主自荐,559万,45937元/平,中楼层 (共6层) 3室2厅 | 121.69平米 | 南 北,https://ke-image.ljcdn.com/110000-inspection/pc1_XgDiZxHQy.jpg!m_fill,w_280,h_210,f_jpg?from=ke.com
20231206,昌平,东关,101120200172,金隅观澜时代+三居室+一梯两户带电梯,449万,47428元/平,高楼层 (共9层) | 2013年 | 3室1厅 | 94.67平米 | 东 西,https://ke-image.ljcdn.com/110000-inspection/d4daec02-2d77-4c7b-8023-8a6ae786b5e2_1000.jpg!m_fill,w_280,h_210,f_jpg?from=ke.com
20231206,昌平,东关,101120192233,管厂宿舍满五唯一全南向低楼层停车方便,242万,40133元/平,底层 (共6层) 3室1厅 | 60.3平米 | 南,https://ke-image.ljcdn.com/110000-inspection/d53829b5-af2d-4585-9861-cbf7577c0934_1000.jpg!m_fill,w_280,h_210,f_jpg?from=ke.com
20231206,昌平,东关,101120191607,北京怡园 1室1厅 南 北,298万,46109元/平,低楼层 (共16层) 1室1厅 | 64.63平米 | 南 北,https://ke-image.ljcdn.com/110000-inspection/0757d652-dc47-45aa-862b-dd4b26f7937b_1000.jpg!m_fill,w_280,h_210,f_jpg?from=ke.com
20231206,昌平,东关,101120180460,中间楼层 自住精装修 只有契税 户型通透 社区优美,242万,39601元/平,中楼层 (共5层) | 1982年 | 2室1厅 | 61.11平米 | 南 北,https://ke-image.ljcdn.com/110000-inspection/a8455c0b-414b-4480-9159-8d8aaf3a86bc_1000.jpg!m_fill,w_280,h_210,f_jpg?from=ke.com
20231206,昌平,东关,101120168060,亢山佳园小区 2室1厅 南 北,390万,34432元/平,顶层 (共6层) | 2003年 | 2室1厅 | 113.27平米 | 南 北,https://ke-image.ljcdn.com/110000-inspection/4bbb278a-a6bf-42af-9b5c-40f428b76a4f_1000.jpg!m_fill,w_280,h_210,f_jpg?from=ke.com
20231206,昌平,东关,101120163803,亢山佳园小区 3室2厅 南 北,540万,41587元/平,中楼层 (共6层) | 2003年 | 3室2厅 | 129.85平米 | 南 北,https://ke-image.ljcdn.com/110000-inspection/6ea657a8-68ae-4a5d-9f55-b24d2292474d_1000.jpg!m_fill,w_280,h_210,f_jpg?from=ke.com
20231206,昌平,东关,101120146535,东关北里小区 2室1厅 南,245万,38498元/平,中楼层 (共6层) | 1993年 | 2室1厅 | 63.64平米 | 南,https://ke-image.ljcdn.com/110000-inspection/07d969f7-4f92-4c59-9662-3730f29a5738_1000.jpg!m_fill,w_280,h_210,f_jpg?from=ke.com
20231206,昌平,东关,101120141468,京科苑 2室2厅 南 北,323万,42981元/平,中楼层 (共6层) | 1998年 | 2室2厅 | 75.15平米 | 南 北,https://ke-image.ljcdn.com/110000-inspection/126ce32f-98f9-40ce-ab5e-a778c0c6ce10_1000.jpg!m_fill,w_280,h_210,f_jpg?from=ke.com
20231206,昌平,东关,101120137898,京科苑正规一室一厅中间楼层满五年户型方正,210万,47913元/平,中楼层 (共6层) | 1994年 | 1室1厅 | 43.83平米 | 南,https://ke-image.ljcdn.com/110000-inspection/7b29a33f-c4ce-46d6-93f8-80b0ecc120a6_1000.jpg!m_fill,w_280,h_210,f_jpg?from=ke.com
20231206,昌平,东关,101120109940,昌盛园二区+带电梯三居室+明厨明卫,430万,26573元/平,中楼层 (共22层) | 2004年 | 3室2厅 | 161.82平米 | 南 北,https://ke-image.ljcdn.com/110000-inspection/19621728-cc87-45d6-9ccc-80132fac9e1f_1000.jpg!m_fill,w_280,h_210,f_jpg?from=ke.com
20231206,昌平,东关,101120073947,北京风景65号院南北通透自住精装修6层电梯房。,576万,46508元/平,中楼层 (共6层) 3室2厅 | 123.85平米 | 南 北,https://ke-image.ljcdn.com/110000-inspection/4838e8e3-e3d2-42ef-9b4a-fd7e24bdbecd_1000.jpg!m_fill,w_280,h_210,f_jpg?from=ke.com
20231206,昌平,东关,101120060560,京科苑 2室1厅 南 北,301万,39137元/平,高楼层 (共6层) | 1995年 | 2室1厅 | 76.91平米 | 南 北,https://ke-image.ljcdn.com/110000-inspection/712d1ca0-b607-419d-a457-3dca1f3bfe37_1000.jpg!m_fill,w_280,h_210,f_jpg?from=ke.com
20231206,昌平,东关,101120060400,东关北里小区 中间层 满五唯一 户型方正,247万,40202元/平,中楼层 (共6层) | 1990年 | 2室1厅 | 61.44平米 | 南,https://ke-image.ljcdn.com/110000-inspection/0f519d9f-5627-47a5-a9a4-176692016026_1000.jpg!m_fill,w_280,h_210,f_jpg?from=ke.com
20231206,昌平,东关,101120041504,京科苑五层小三居采光充足,360万,36631元/平,顶层 (共5层) | 1998年 | 3室1厅 | 98.28平米 | 南 北,https://ke-image.ljcdn.com/110000-inspection/e35a9900-fb17-4c60-9689-0fbcc65bcd31_1000.jpg!m_fill,w_280,h_210,f_jpg?from=ke.com
20231206,昌平,东关,101120028818,世涛天朗 3室2厅 南 北,439万,35550元/平,顶层 (共6层) | 2005年 | 3室2厅 | 123.49平米 | 南 北,https://ke-image.ljcdn.com/110000-inspection/cbf061b8-c3b6-4ebb-8adc-801741084e81_1000.jpg!m_fill,w_280,h_210,f_jpg?from=ke.com
20231206,昌平,东关,101120028345,亢山佳园小区 2室2厅 南 北,395万,41258元/平,中楼层 (共6层) 2室2厅 | 95.74平米 | 南 北,https://ke-image.ljcdn.com/110000-inspection/477ebf0f-9932-4b0a-87b2-a54590d399e7_1000.jpg!m_fill,w_280,h_210,f_jpg?from=ke.com
20231206,昌平,东关,101120026995,1%服务费 南北通透 精装 居住安静 靠谱签约 满五唯一,460万,46739元/平,底层 (共6层) 2室2厅 | 98.42平米 | 南 北,https://ke-image.ljcdn.com/110000-inspection/cfb73111-7125-4ab8-8d1f-7b765adea74a_1000.jpg!m_fill,w_280,h_210,f_jpg?from=ke.com
20231206,昌平,东关,101120008208,水关新村 3室1厅 南 北,320万,41344元/平,底层 (共6层) | 1993年 | 3室1厅 | 77.4平米 | 南 北,https://ke-image.ljcdn.com/110000-inspection/6b95c0d8-60ea-485f-9626-720d5e89be5d_1000.jpg!m_fill,w_280,h_210,f_jpg?from=ke.com
20231206,昌平,东关,101120008118,金隅嘉和园 满五年唯一住房 近地铁 全南两居室,298万,38482元/平,低楼层 (共19层) | 2010年 | 2室1厅 | 77.44平米 | 南,https://ke-image.ljcdn.com/110000-inspection/6568beea-7337-4977-8ffa-8dcf6167e7ad_1000.jpg!m_fill,w_280,h_210,f_jpg?from=ke.com
20231206,昌平,东关,101119994242,昌盛园四区 2室1厅 南 北,248万,34700元/平,顶层 (共6层) | 1997年 | 2室1厅 | 71.47平米 | 南 北,https://ke-image.ljcdn.com/110000-inspection/6d2a56ed-8a4c-4242-8066-be14a560e9b3_1000.jpg!m_fill,w_280,h_210,f_jpg?from=ke.com
20231206,昌平,东关,101119989298,清秀园北区 2室1厅 南 北,270万,38418元/平,高楼层 (共6层) | 1993年 | 2室1厅 | 70.28平米 | 南 北,https://ke-image.ljcdn.com/110000-inspection/763ee649-e66d-490e-bf5a-9941e29a6679_1000.jpg!m_fill,w_280,h_210,f_jpg?from=ke.com
20231206,昌平,东关,101119971929,金隅观澜时代+三居室+一梯两户带电梯,446万,47112元/平,高楼层 (共9层) | 2013年 | 3室1厅 | 94.67平米 | 东 西,https://ke-image.ljcdn.com/110000-inspection/08936b6c-7549-4929-bc6f-334b39dc5f43_1000.jpg!m_fill,w_280,h_210,f_jpg?from=ke.com
20231206,昌平,东关,101119953142,南北双通透户型满五年唯一采光好,290万,33899元/平,高楼层 (共6层) | 1995年 | 2室1厅 | 85.55平米 | 南 北,https://ke-image.ljcdn.com/110000-inspection/2fc8ee4a-786e-4fa1-b1af-163eedae3877_1000.jpg!m_fill,w_280,h_210,f_jpg?from=ke.com
20231206,昌平,东关,101119949946,燕平家园 南北通透三居室 户型好 诚心出售,355万,37448元/平,高楼层 (共6层) | 1995年 | 3室1厅 | 94.8平米 | 南 北,https://ke-image.ljcdn.com/110000-inspection/e9c4e8b3-0a5b-4be4-b32a-3d23aa442543_1000.jpg!m_fill,w_280,h_210,f_jpg?from=ke.com
20231206,昌平,东关,101119947961,宁馨苑 2室2厅 南 北房主自荐,265万,40305元/平,中楼层 (共7层) | 2003年 | 2室2厅 | 65.75平米 | 南 北,https://ke-image.ljcdn.com/110000-inspection/d37a1e66-1359-4e16-9ab4-03c1d76a777a_1000.jpg!m_fill,w_280,h_210,f_jpg?from=ke.com
20231206,昌平,东关,101119872003,清秀园北区 2室1厅 南 北,278万,40081元/平,中楼层 (共5层) 2室1厅 | 69.36平米 | 南 北,https://ke-image.ljcdn.com/110000-inspection/6d76a95e-25e8-4072-b296-1100e095e836_1000.jpg!m_fill,w_280,h_210,f_jpg?from=ke.com
20231206,昌平,东关,101119837826,北京风景 满五唯一 中间楼层急售 南北通透大三居室,478万,43329元/平,低楼层 (共6层) 3室1厅 | 110.32平米 | 南 北,https://ke-image.ljcdn.com/110000-inspection/pc1_nOe0q7QLU.jpg!m_fill,w_280,h_210,f_jpg?from=ke.com
20231206,昌平,东关,101119808598,东关二条 带电梯 有加固 满五唯一 精装修 视野开阔,280万,47370元/平,中楼层 (共5层) | 1987年 | 2室1厅 | 59.11平米 | 南,https://ke-image.ljcdn.com/110000-inspection/6b0570d5-5f56-4025-b434-409ef7931310_1000.jpg!m_fill,w_280,h_210,f_jpg?from=ke.com
20231206,昌平,东关,101119790460,清秀园南区 2室1厅 南 北,160万,18657元/平,地下室 (共7层) 2室1厅 | 85.76平米 | 南 北,https://ke-image.ljcdn.com/110000-inspection/4d79bdab-71ea-495c-9d8c-39e5aaca715c_1000.jpg!m_fill,w_280,h_210,f_jpg?from=ke.com
20231206,昌平,东关,101119786301,水关新村 2室1厅 南 北,360万,39122元/平,底层 (共6层) | 1998年 | 2室1厅 | 92.02平米 | 南 北,https://ke-image.ljcdn.com/110000-inspection/pc1_RihonuUMs.jpg!m_fill,w_280,h_210,f_jpg?from=ke.com
20231206,昌平,东关,101119767692,京科苑 2室1厅 南 北房主自荐,239万,38058元/平,顶层 (共7层) | 2001年 | 2室1厅 | 62.8平米 | 南 北,https://ke-image.ljcdn.com/110000-inspection/fddede9d-1f0b-4866-a9de-4f9536d06aa2_1000.jpg!m_fill,w_280,h_210,f_jpg?from=ke.com
20231206,昌平,东关,101119742233,京科苑 2室1厅 南 北,290万,45865元/平,底层 (共6层) 2室1厅 | 63.23平米 | 南 北,https://ke-image.ljcdn.com/110000-inspection/327822d8-c50e-4317-8d65-99a32000a78d_1000.jpg!m_fill,w_280,h_210,f_jpg?from=ke.com
20231206,昌平,东关,101119717234,南北通透格局 有电梯 业主诚心出售售看房提前联系,828万,43745元/平,顶层 (共9层) 3室2厅 | 189.28平米 | 南 北,https://ke-image.ljcdn.com/110000-inspection/29f94ad3-30e8-42f7-8274-2071715639f8_1000.jpg!m_fill,w_280,h_210,f_jpg?from=ke.com
20231206,昌平,东关,101119714856,清秀园南区 2室1厅 南,335万,40484元/平,中楼层 (共7层) 2室1厅 | 82.75平米 | 南,https://ke-image.ljcdn.com/110000-inspection/0fc98949-6428-487f-a090-c2725655871b_1000.jpg!m_fill,w_280,h_210,f_jpg?from=ke.com
20231206,昌平,东关,101119697983,随园 2室1厅 南 北,346万,38389元/平,中楼层 (共9层) | 2009年 | 2室1厅 | 90.13平米 | 南 北,https://ke-image.ljcdn.com/110000-inspection/b07342a7-51e0-42df-bfbd-ed171f0f3619_1000.jpg!m_fill,w_280,h_210,f_jpg?from=ke.com
20231206,昌平,东关,101119677000,北京风景满五唯一南北三居双卫设计。房主自荐,538万,41953元/平,底层 (共6层) 3室1厅 | 128.24平米 | 南 北,https://ke-image.ljcdn.com/110000-inspection/34b314ec-c070-413a-85a2-47c6127a9138_1000.jpg!m_fill,w_280,h_210,f_jpg?from=ke.com
20231206,昌平,东关,101119671155,昌盛园二区 3室2厅 南房主自荐,295万,35275元/平,高楼层 (共6层) | 1998年 | 3室2厅 | 83.63平米 | 南,https://ke-image.ljcdn.com/110000-inspection/pc1_TIMZ6WmCu.jpg!m_fill,w_280,h_210,f_jpg?from=ke.com
20231206,昌平,东关,101119653731,清秀园南区 南北通透  满五年,305万,34174元/平,高楼层 (共7层) | 2001年 | 2室1厅 | 89.25平米 | 南 北,https://ke-image.ljcdn.com/110000-inspection/6af497c8-b796-4b70-903c-8a826e7d81f6_1000.jpg!m_fill,w_280,h_210,f_jpg?from=ke.com
20231206,昌平,东关,101119630002,建安里小区 1室1厅 南 北,195万,43791元/平,顶层 (共3层) | 1995年 | 1室1厅 | 44.53平米 | 南 北,https://ke-image.ljcdn.com/110000-inspection/d4ed05d0-0052-4dec-b5ef-eed27fcb69e5_1000.jpg!m_fill,w_280,h_210,f_jpg?from=ke.com
20231206,昌平,东关,101119615200,福地家园 3室1厅 南 北,475万,30773元/平,顶层 (共6层) | 2001年 | 3室1厅 | 154.36平米 | 南 北,https://ke-image.ljcdn.com/110000-inspection/ddd092aa-ca88-4655-80d4-8cbdc2275cd5_1000.jpg!m_fill,w_280,h_210,f_jpg?from=ke.com
20231206,昌平,东关,101119581872,京科苑 2室1厅 南 北,303万,39593元/平,中楼层 (共7层) | 2001年 | 2室1厅 | 76.53平米 | 南 北,https://ke-image.ljcdn.com/110000-inspection/812b0ab5-75cd-4d4f-8cd3-0e15fd2c862f_1000.jpg!m_fill,w_280,h_210,f_jpg?from=ke.com
20231206,昌平,东关,101119580270,水关新村 2室1厅 南 北,275万,40911元/平,中楼层 (共6层) 2室1厅 | 67.22平米 | 南 北,https://ke-image.ljcdn.com/110000-inspection/d9041050-e4c8-4ef5-b30e-0d990233fb65_1000.jpg!m_fill,w_280,h_210,f_jpg?from=ke.com
20231206,昌平,东关,101119576406,东关北里小区 2室1厅 南 北,259万,41243元/平,底层 (共6层) | 1990年 | 2室1厅 | 62.8平米 | 南 北,https://ke-image.ljcdn.com/110000-inspection/pc1_DwLWGfPcO.jpg!m_fill,w_280,h_210,f_jpg?from=ke.com
20231206,昌平,东关,101119572212,京科苑 2室1厅 南 北,259万,38866元/平,中楼层 (共6层) | 1997年 | 2室1厅 | 66.64平米 | 南 北,https://ke-image.ljcdn.com/110000-inspection/bc1ffe20-b0aa-4687-8e96-723798c16812_1000.jpg!m_fill,w_280,h_210,f_jpg?from=ke.com
20231206,昌平,东关,101119566385,水关新村 2室1厅 南,245万,41874元/平,顶层 (共6层) | 1993年 | 2室1厅 | 58.51平米 | 南,https://ke-image.ljcdn.com/110000-inspection/e9b8c3d9-f18d-41a0-bf9d-f034a15e15cd_1000.jpg!m_fill,w_280,h_210,f_jpg?from=ke.com
20231206,昌平,东关,101119565772,清秀园南区 南向两居室 装修很好 满五唯一,247万,38709元/平,高楼层 (共6层) | 1999年 | 2室1厅 | 63.81平米 | 南,https://ke-image.ljcdn.com/110000-inspection/6c96096c-1686-495d-aa96-1b4d10c59359_1000.jpg!m_fill,w_280,h_210,f_jpg?from=ke.com
20231206,昌平,东关,101119534936,三居双卫2004年钢混结构楼龄新带电梯,495万,40937元/平,中楼层 (共15层) | 2004年 | 3室2厅 | 120.92平米 | 南 北,https://ke-image.ljcdn.com/110000-inspection/96f3c13e-6e94-4f4b-ad50-7ca81495227e_1000.jpg!m_fill,w_280,h_210,f_jpg?from=ke.com
20231206,昌平,东关,101119507100,宁馨苑满五唯一南北通透楼层好视野开阔配套设施完善,545万,34044元/平,中楼层 (共11层) 3室2厅 | 160.09平米 | 南 北,https://ke-image.ljcdn.com/110000-inspection/aaee4f62-7024-46d9-8510-18c32835ee4b_1000.jpg!m_fill,w_280,h_210,f_jpg?from=ke.com
20231206,昌平,东关,101119476242,总监力荐+信任链家+金隅观澜时代两居室,420万,49383元/平,高楼层 (共21层) | 2013年 | 2室1厅 | 85.05平米 | 南,https://ke-image.ljcdn.com/110000-inspection/c4153ef5-bb30-4b4c-986a-ccc6f80e2aef_1000.jpg!m_fill,w_280,h_210,f_jpg?from=ke.com
20231206,昌平,东关,101119474798,京科苑南向两居室带地下室中高楼层采光好,249万,38581元/平,高楼层 (共6层) 2室1厅 | 64.54平米 | 南 北,https://ke-image.ljcdn.com/110000-inspection/4fcd45cf-2b41-4808-8580-68c5e8bbf901_1000.jpg!m_fill,w_280,h_210,f_jpg?from=ke.com
20231206,昌平,东关,101119462286,北京怡园 2室2厅 南房主自荐,398万,56144元/平,中楼层 (共11层) 2室2厅 | 70.89平米 | 南,https://ke-image.ljcdn.com/110000-inspection/0cf55a83-f2f4-43e7-a13e-4280b67c935b_1000.jpg!m_fill,w_280,h_210,f_jpg?from=ke.com
20231206,昌平,东关,101119419844,京科苑 2室1厅 东南,368万,43057元/平,底层 (共6层) | 1994年 | 2室1厅 | 85.47平米 | 东南,https://ke-image.ljcdn.com/110000-inspection/pc1_jIDysQqt8.jpg!m_fill,w_280,h_210,f_jpg?from=ke.com
20231206,昌平,东关,101119395440,金隅观澜时代+南北通透+两居室,455万,51021元/平,高楼层 (共21层) | 2013年 | 2室1厅 | 89.18平米 | 南 北,https://ke-image.ljcdn.com/110000-inspection/d8abcd55-f792-4b58-a48e-c34e35653748_1000.jpg!m_fill,w_280,h_210,f_jpg?from=ke.com
20231206,昌平,东关,101119361140,清秀园南区 南北通透大两居 户型好  采光充足,400万,38260元/平,底层 (共7层) | 2001年 | 2室2厅 | 104.55平米 | 南 北,https://ke-image.ljcdn.com/110000-inspection/e01f5435-e743-4a2c-9c60-c336ba6a81c4_1000.jpg!m_fill,w_280,h_210,f_jpg?from=ke.com
20231206,昌平,东关,101119359697,京科苑 3室2厅 南 北,498万,36372元/平,高楼层 (共6层) | 1998年 | 3室2厅 | 136.92平米 | 南 北,https://ke-image.ljcdn.com/110000-inspection/c9fcfa8d-2256-40e2-a582-3e1d01fa2669_1000.jpg!m_fill,w_280,h_210,f_jpg?from=ke.com
20231206,昌平,东关,101119359710,宁馨苑 2室1厅 南 北,223万,51490元/平,顶层 (共7层) 2室1厅 | 43.31平米 | 南 北,https://ke-image.ljcdn.com/110000-inspection/4dc4fdf1-8aed-4183-8c00-055654828c05_1000.jpg!m_fill,w_280,h_210,f_jpg?from=ke.com
20231206,昌平,东关,101119355775,亢山佳园小区 2室2厅 南 北,450万,40377元/平,中楼层 (共6层) 2室2厅 | 111.45平米 | 南 北,https://ke-image.ljcdn.com/110000-inspection/fb4d1b8b-4902-40b1-b7e8-ada5b1ce16ab_1000.jpg!m_fill,w_280,h_210,f_jpg?from=ke.com
20231206,昌平,东关,101119315627,东关南里小区  低楼层两居室   诚心出售,300万,42129元/平,中楼层 (共5层) | 1994年 | 2室1厅 | 71.21平米 | 南 北,https://ke-image.ljcdn.com/110000-inspection/bf6e1909-6a5c-4a35-99ce-f7dcb7154265_1000.jpg!m_fill,w_280,h_210,f_jpg?from=ke.com
20231206,昌平,东关,101119315040,十三陵电厂家属院 满五年  看房方便,1200万,46199元/平,中楼层 (共10层) 5室2厅 | 259.75平米 | 东南 北,https://ke-image.ljcdn.com/110000-inspection/pc1_Df4es3Twb.jpg!m_fill,w_280,h_210,f_jpg?from=ke.com
20231206,昌平,东关,101119314438,宁馨苑 2室1厅 南 北,340万,39266元/平,中楼层 (共6层) | 2002年 | 2室1厅 | 86.59平米 | 南 北,https://ke-image.ljcdn.com/110000-inspection/575d79b4-d069-491a-a559-3ca309a90fa3_1000.jpg!m_fill,w_280,h_210,f_jpg?from=ke.com
20231206,昌平,东关,101119298670,急售南里一层满五年唯一南北通透总监推荐,375万,37027元/平,底层 (共6层) 3室1厅 | 101.28平米 | 南 北,https://ke-image.ljcdn.com/110000-inspection/b896196e-7c7c-49e1-80ab-d180176e7dae_1000.jpg!m_fill,w_280,h_210,f_jpg?from=ke.com
20231206,昌平,东关,101119280630,建安里小区 3室2厅 南 北,460万,36087元/平,低楼层 (共11层) | 2003年 | 3室2厅 | 127.47平米 | 南 北,https://ke-image.ljcdn.com/110000-inspection/pc1_BrRoWjYnT.jpg!m_fill,w_280,h_210,f_jpg?from=ke.com
20231206,昌平,东关,101119273555,佳莲二期 3室2厅 南 北,428万,33826元/平,中楼层 (共6层) | 2005年 | 3室2厅 | 126.53平米 | 南 北,https://ke-image.ljcdn.com/110000-inspection/f4f8de82-7a40-4ed4-82e5-587faf8b8886_1000.jpg!m_fill,w_280,h_210,f_jpg?from=ke.com
20231206,昌平,东关,101119264478,肆维花园 满两年 南北三居室 临地铁,465万,38712元/平,高楼层 (共11层) | 2008年 | 3室1厅 | 120.12平米 | 南 北,https://ke-image.ljcdn.com/110000-inspection/9bf6886d-5806-4e13-88fa-08580596804b_1000.jpg!m_fill,w_280,h_210,f_jpg?from=ke.com
20231206,昌平,东关,101119264126,北京怡园 正规一居室 2016年商品房社区 人车分流,288万,48922元/平,高楼层 (共16层) 1室1厅 | 58.87平米 | 南,https://ke-image.ljcdn.com/110000-inspection/d33005db-4093-4917-92d8-03f90c7e5bcf_1000.jpg!m_fill,w_280,h_210,f_jpg?from=ke.com
20231206,昌平,东关,101119253672,清秀园南区正规精装南北两居室满五年拎包入住,283万,38483元/平,高楼层 (共7层) | 1999年 | 2室1厅 | 73.54平米 | 南 北,https://ke-image.ljcdn.com/110000-inspection/a4ae3b63-f1e6-4779-96eb-0418b848bb3a_1000.jpg!m_fill,w_280,h_210,f_jpg?from=ke.com
20231206,昌平,东关,101119243268,昌盛园一区+带电梯+南北通透两居室,365万,38053元/平,高楼层 (共16层) | 2004年 | 2室1厅 | 95.92平米 | 南 北,https://ke-image.ljcdn.com/110000-inspection/097e7d82-492c-4fe8-b51d-e7c4258c20cd_1000.jpg!m_fill,w_280,h_210,f_jpg?from=ke.com
20231206,昌平,东关,101119229638,亢山佳园小区 3室2厅 南 北,540万,39253元/平,底层 (共6层) | 2002年 | 3室2厅 | 137.57平米 | 南 北,https://ke-image.ljcdn.com/110000-inspection/c19502d1-fc79-4868-8a75-2ca3929d9138_1000.jpg!m_fill,w_280,h_210,f_jpg?from=ke.com
20231206,昌平,东关,101119221667,京科苑 2室1厅 南 北,266万,35444元/平,高楼层 (共7层) | 2001年 | 2室1厅 | 75.05平米 | 南 北,https://ke-image.ljcdn.com/110000-inspection/d6132c54-2213-43fd-bfb6-bdc2e8debc1c_1000.jpg!m_fill,w_280,h_210,f_jpg?from=ke.com
20231206,昌平,东关,101119213161,水关新村 2室1厅 南 北,248万,40424元/平,顶层 (共6层) | 1994年 | 2室1厅 | 61.35平米 | 南 北,https://ke-image.ljcdn.com/110000-inspection/301fb73f-f4e6-4662-9338-d638a17d0ef2_1000.jpg!m_fill,w_280,h_210,f_jpg?from=ke.com
20231206,昌平,东关,101119205971,京科院 中间层精装两居室  满五唯一,340万,39586元/平,中楼层 (共6层) | 1994年 | 2室1厅 | 85.89平米 | 南 北,https://ke-image.ljcdn.com/110000-inspection/85928249-7fc5-4f69-9a89-ff9ea52efc65_1000.jpg!m_fill,w_280,h_210,f_jpg?from=ke.com
20231206,昌平,东关,101119205927,宁馨苑 3室2厅 南 北,480万,40077元/平,中楼层 (共6层) | 2001年 | 3室2厅 | 119.77平米 | 南 北,https://ke-image.ljcdn.com/110000-inspection/83fb0b40-cfea-465b-95ff-993aca338a22_1000.jpg!m_fill,w_280,h_210,f_jpg?from=ke.com
20231206,昌平,东关,101119203873,京科苑 3室1厅 南 北,325万,35574元/平,顶层 (共6层) | 1996年 | 3室1厅 | 91.36平米 | 南 北,https://ke-image.ljcdn.com/110000-inspection/bcc85ad6-33e0-474b-a132-85b5afefc0d7_1000.jpg!m_fill,w_280,h_210,f_jpg?from=ke.com
20231206,昌平,东关,101119201457,京科苑中间层满五唯一靠谱出售,248万,39846元/平,中楼层 (共6层) | 1994年 | 2室1厅 | 62.24平米 | 南,https://ke-image.ljcdn.com/110000-inspection/20109703-f236-4725-8c85-f60d794a3d12_1000.jpg!m_fill,w_280,h_210,f_jpg?from=ke.com
20231206,昌平,东关,101119178733,燕平家园满五唯一精装修价格合适,226万,44046元/平,低楼层 (共15层) | 2004年 | 1室1厅 | 51.31平米 | 北,https://ke-image.ljcdn.com/110000-inspection/716a2f81-6691-4941-9cfd-d963416d8165_1000.jpg!m_fill,w_280,h_210,f_jpg?from=ke.com
20231206,昌平,东关,101119136194,水关新村 2室1厅 南 北,275万,43023元/平,高楼层 (共6层) | 1988年 | 2室1厅 | 63.92平米 | 南 北,https://ke-image.ljcdn.com/110000-inspection/a8e160a7-990b-48ce-bdee-fbe0d039f48e_1000.jpg!m_fill,w_280,h_210,f_jpg?from=ke.com
20231206,昌平,东关,101119131538,水关新村 2室1厅 西南,210万,36894元/平,中楼层 (共6层) 2室1厅 | 56.92平米 | 西南,https://ke-image.ljcdn.com/110000-inspection/7712c092-a80e-42c4-a9e7-aa7ea890dd3c_1000.jpg!m_fill,w_280,h_210,f_jpg?from=ke.com
20231206,昌平,东关,101119126944,京科苑 3室1厅 南 北,385万,41627元/平,中楼层 (共6层) 3室1厅 | 92.49平米 | 南 北,https://ke-image.ljcdn.com/110000-inspection/pc1_dZ53uRXyj.jpg!m_fill,w_280,h_210,f_jpg?from=ke.com
20231206,昌平,东关,101119122301,东关南里小区   两居室   诚心出售房主自荐,229万,31744元/平,顶层 (共6层) 2室1厅 | 72.14平米 | 东 西,https://ke-image.ljcdn.com/110000-inspection/001815f5-80da-489f-ba24-3b5f48c1aaa2_1000.jpg!m_fill,w_280,h_210,f_jpg?from=ke.com
20231206,昌平,东关,101119094782,北京怡园 舒适三居 *桃花屋”中间位置 19年精装修房主自荐,492万,50282元/平,低楼层 (共12层) | 2016年 | 3室2厅 | 97.85平米 | 南 北,https://ke-image.ljcdn.com/110000-inspection/3dd4251f-279e-4c37-8847-6b9b8478db1a_1000.jpg!m_fill,w_280,h_210,f_jpg?from=ke.com
20231206,昌平,东关,101119092323,东关北里小区 3室1厅 南 北房主自荐,430万,39277元/平,高楼层 (共6层) 3室1厅 | 109.48平米 | 南 北,https://ke-image.ljcdn.com/110000-inspection/fd7e8f43-46f0-4cd1-a88c-3b97d1797623_1000.jpg!m_fill,w_280,h_210,f_jpg?from=ke.com
20231206,昌平,东关,101119089841,宁馨苑 中间楼层  近地铁 大一居房主自荐,273万,40529元/平,中楼层 (共17层) 1室1厅 | 67.36平米 | 西南,https://ke-image.ljcdn.com/110000-inspection/pc1_wZUaePIpZ_1.jpg!m_fill,w_280,h_210,f_jpg?from=ke.com
20231206,昌平,东关,101119088803,东关北里小区 2室1厅 南 北,260万,39134元/平,中楼层 (共6层) | 1992年 | 2室1厅 | 66.44平米 | 南 北,https://ke-image.ljcdn.com/110000-inspection/pc1_pjU6jt2qE.jpg!m_fill,w_280,h_210,f_jpg?from=ke.com
20231206,昌平,东关,101119085079,清秀园北区（力天嘉苑）满五唯一业主诚心出售,210万,35047元/平,高楼层 (共19层) | 2004年 | 1室1厅 | 59.92平米 | 西,https://ke-image.ljcdn.com/110000-inspection/4ff003aa-1511-4132-9228-c45f7f8a38ab_1000.jpg!m_fill,w_280,h_210,f_jpg?from=ke.com
20231206,昌平,东关,101119084881,京科苑   振兴路21号院中间层全明格局,265万,34456元/平,中楼层 (共6层) | 1995年 | 2室1厅 | 76.91平米 | 南 北,https://ke-image.ljcdn.com/110000-inspection/fa889e2d-8c6c-4315-888e-4405d5e0cfaa_1000.jpg!m_fill,w_280,h_210,f_jpg?from=ke.com
20231206,昌平,东关,101119079009,北京风景南北通透三居室 次顶层  全新精装修 有车位,560万,47342元/平,高楼层 (共6层) 3室2厅 | 118.29平米 | 南 北,https://ke-image.ljcdn.com/110000-inspection/86285c2f-f790-4a44-b96b-3fecd2c08afc_1000.jpg!m_fill,w_280,h_210,f_jpg?from=ke.com
20231206,昌平,东关,101119077421,宁馨苑低楼层大三居满五唯一近地铁配套齐,505万,38166元/平,底层 (共6层) | 2002年 | 3室1厅 | 132.32平米 | 南 北,https://ke-image.ljcdn.com/110000-inspection/pc1_4J81Lauo0.jpg!m_fill,w_280,h_210,f_jpg?from=ke.com
20231206,昌平,东关,101119057163,北京风景大四居南北通透。双卫设计。,740万,42951元/平,中楼层 (共8层) 4室2厅 | 172.29平米 | 南 北,https://ke-image.ljcdn.com/110000-inspection/d8d19099-5022-4916-b573-80e7387cda39_1000.jpg!m_fill,w_280,h_210,f_jpg?from=ke.com
20231206,昌平,东关,101119047673,龙水路22号院 1室1厅 南 北,215万,44680元/平,顶层 (共6层) | 2006年 | 1室1厅 | 48.12平米 | 南 北,https://ke-image.ljcdn.com/110000-inspection/pc1_mNJv0oVTO_1.jpg!m_fill,w_280,h_210,f_jpg?from=ke.com
20231206,昌平,东关,101119006626,果岭小镇  中间楼层  看房方便,416万,40058元/平,中楼层 (共5层) | 2005年 | 2室2厅 | 103.85平米 | 南 北,https://ke-image.ljcdn.com/110000-inspection/pc1_bm8VruHvd.jpg!m_fill,w_280,h_210,f_jpg?from=ke.com
20231206,昌平,东关,101118957861,京科苑中间层三居室满五唯一户型方正单价低,359万,35929元/平,中楼层 (共6层) 3室2厅 | 99.92平米 | 南 北,https://ke-image.ljcdn.com/110000-inspection/d6bda50f-fb59-4413-b06d-ba395ba66d3e_1000.jpg!m_fill,w_280,h_210,f_jpg?from=ke.com
20231206,昌平,东关,101118925923,建安里小区 3室2厅 南 北,469万,34142元/平,中楼层 (共6层) | 2001年 | 3室2厅 | 137.37平米 | 南 北,https://ke-image.ljcdn.com/110000-inspection/pc1_1V8Ebxe6F.jpg!m_fill,w_280,h_210,f_jpg?from=ke.com
20231206,昌平,东关,101118891934,京科苑 2室1厅 南 北,295万,34516元/平,中楼层 (共6层) | 1994年 | 2室1厅 | 85.47平米 | 南 北,https://ke-image.ljcdn.com/110000-inspection/361f0828-9e4a-41d4-b6b2-6c58d81809f9_1000.jpg!m_fill,w_280,h_210,f_jpg?from=ke.com
20231206,昌平,东关,101118886691,次顶层 满五年唯一 南北通透 视野采光好 价格可议,267万,39323元/平,高楼层 (共6层) | 1994年 | 2室1厅 | 67.9平米 | 北 南,https://ke-image.ljcdn.com/110000-inspection/pc1_xTf1pUCbi.jpg!m_fill,w_280,h_210,f_jpg?from=ke.com
20231206,昌平,东关,101118883563,北京风景68号院不临街精装南北向三室两卫,585万,47132元/平,低楼层 (共8层) 3室1厅 | 124.12平米 | 南 北,https://ke-image.ljcdn.com/110000-inspection/pc1_JO7UDF2UO.jpg!m_fill,w_280,h_210,f_jpg?from=ke.com
20231206,昌平,东关,101118879105,南北通透大两居中间层看房方便满五唯一,315万,36654元/平,中楼层 (共5层) 2室2厅 | 85.94平米 | 南 北,https://ke-image.ljcdn.com/110000-inspection/pc1_sfJJZgwP9.jpg!m_fill,w_280,h_210,f_jpg?from=ke.com
20231206,昌平,东关,101118867434,水关新村 2室2厅 东北,349万,31934元/平,中楼层 (共6层) | 2001年 | 2室2厅 | 109.29平米 | 东北,https://ke-image.ljcdn.com/110000-inspection/pc1_pjoLklIh4.jpg!m_fill,w_280,h_210,f_jpg?from=ke.com
20231206,昌平,东关,101118866660,果岭小镇低楼层大三居近南门近公园满五唯一,660万,49203元/平,底层 (共4层) | 2006年 | 3室2厅 | 134.14平米 | 南 北,https://ke-image.ljcdn.com/110000-inspection/a0d65984-0889-4b46-981c-ef48b9503df3_1000.jpg!m_fill,w_280,h_210,f_jpg?from=ke.com
20231206,昌平,东关,101118866157,金隅观澜时代+不临街不把边+视野开阔,429万,46374元/平,低楼层 (共21层) | 2012年 | 2室1厅 | 92.51平米 | 南 北,https://ke-image.ljcdn.com/110000-inspection/pc1_c2a9XsPay.jpg!m_fill,w_280,h_210,f_jpg?from=ke.com
20231206,昌平,东关,101118847523,北京怡园 2室1厅 南 北,429万,60483元/平,底层 (共16层) | 2016年 | 2室1厅 | 70.93平米 | 南 北,https://ke-image.ljcdn.com/110000-inspection/pc1_FCfiOQJ8j.jpg!m_fill,w_280,h_210,f_jpg?from=ke.com
20231206,昌平,东关,101118845816,京科苑 2室1厅 南 北,369万,42502元/平,底层 (共6层) | 1997年 | 2室1厅 | 86.82平米 | 南 北,https://ke-image.ljcdn.com/110000-inspection/pc1_eX4dwVVRK.jpg!m_fill,w_280,h_210,f_jpg?from=ke.com
20231206,昌平,东关,101118823153,东环路小区 2室1厅 南,220万,36796元/平,顶层 (共5层) | 1987年 | 2室1厅 | 59.79平米 | 南,https://ke-image.ljcdn.com/110000-inspection/pc1_MWsApiFTQ.jpg!m_fill,w_280,h_210,f_jpg?from=ke.com
20231206,昌平,东关,101118798032,北京风景66号院 3室1厅 南 北,530万,47250元/平,底层 (共8层) 3室1厅 | 112.17平米 | 南 北,https://ke-image.ljcdn.com/110000-inspection/pc1_Bc9CwP0Jt.jpg!m_fill,w_280,h_210,f_jpg?from=ke.com
20231206,昌平,东关,101118780256,东关南里 精装两居 南北通透 采光充足 诚心出售,258万,48661元/平,顶层 (共5层) | 1987年 | 2室1厅 | 53.02平米 | 南 北,https://ke-image.ljcdn.com/110000-inspection/93419d2e-3f3c-4099-9ad0-ddaa56f9c9b2_1000.jpg!m_fill,w_280,h_210,f_jpg?from=ke.com
20231206,昌平,东关,101118776252,清秀园北区 2室1厅 南 北房主自荐,270万,35359元/平,顶层 (共7层) | 2003年 | 2室1厅 | 76.36平米 | 南 北,https://ke-image.ljcdn.com/110000-inspection/pc1_s9UGQfFjd.jpg!m_fill,w_280,h_210,f_jpg?from=ke.com
20231206,昌平,东关,101118754021,满五唯一南北通透低楼层适合老人居住,385万,46588元/平,底层 (共6层) | 1997年 | 2室1厅 | 82.64平米 | 南 北,https://ke-image.ljcdn.com/110000-inspection/pc1_3lJzErVSF.jpg!m_fill,w_280,h_210,f_jpg?from=ke.com
20231206,昌平,东关,101118728405,建安里小区 3室1厅 南 北,430万,36665元/平,中楼层 (共11层) | 2008年 | 3室1厅 | 117.28平米 | 南 北,https://ke-image.ljcdn.com/110000-inspection/1e047da8-28d0-493f-94e2-96ef13d3cf32_1000.jpg!m_fill,w_280,h_210,f_jpg?from=ke.com
20231206,昌平,东关,101118719704,清秀园北区业主诚心出售先卖后买,230万,38385元/平,高楼层 (共19层) 1室0厅 | 59.92平米 | 东,https://ke-image.ljcdn.com/110000-inspection/9325a9ee-ffc7-4aea-b152-79ce5299b258_1000.jpg!m_fill,w_280,h_210,f_jpg?from=ke.com
20231206,昌平,东关,101118713915,北京怡园 1室1厅 西南,232万,44582元/平,中楼层 (共16层) 1室1厅 | 52.04平米 | 西南,https://ke-image.ljcdn.com/110000-inspection/pc1_ho9GOoBPq_1.jpg!m_fill,w_280,h_210,f_jpg?from=ke.com
20231206,昌平,东关,101118711910,东关南里小区 2室1厅 南 北,269万,45780元/平,中楼层 (共6层) | 1991年 | 2室1厅 | 58.76平米 | 南 北,https://ke-image.ljcdn.com/110000-inspection/pc1_hliistiwV.jpg!m_fill,w_280,h_210,f_jpg?from=ke.com
20231206,昌平,东关,101118709164,金隅观澜时代 不临街 两居室 中间楼层观景房,399万,47603元/平,中楼层 (共21层) | 2012年 | 2室1厅 | 83.82平米 | 南,https://ke-image.ljcdn.com/110000-inspection/pc1_kRpUJ0FgN.jpg!m_fill,w_280,h_210,f_jpg?from=ke.com
20231206,昌平,东关,101118671364,东关北里小区 2室2厅 南 北,260万,34570元/平,高楼层 (共7层) 2室2厅 | 75.21平米 | 南 北,https://ke-image.ljcdn.com/110000-inspection/6afec086-f745-47de-b94e-6bc38db8a1d3_1000.jpg!m_fill,w_280,h_210,f_jpg?from=ke.com
20231206,昌平,东关,101118667302,宁馨苑 3室2厅 南 北,420万,32074元/平,顶层 (共6层) | 2002年 | 3室2厅 | 130.95平米 | 南 北,https://ke-image.ljcdn.com/110000-inspection/pc1_NW7hG5JgR.jpg!m_fill,w_280,h_210,f_jpg?from=ke.com
20231206,昌平,东关,101118622047,东关二条 2室1厅 南 北,258万,40733元/平,高楼层 (共6层) | 1991年 | 2室1厅 | 63.34平米 | 南 北,https://ke-image.ljcdn.com/110000-inspection/b2afe7c5-008b-4a7a-adca-a3ae36980b47_1000.jpg!m_fill,w_280,h_210,f_jpg?from=ke.com
20231206,昌平,东关,101118618781,东环路小区 满五唯一 业主自住精装修 楼层二层,239万,39303元/平,低楼层 (共6层) 2室1厅 | 60.81平米 | 西,https://ke-image.ljcdn.com/110000-inspection/pc1_bjoV9QYTM.jpg!m_fill,w_280,h_210,f_jpg?from=ke.com
20231206,昌平,东关,101118613113,果岭小镇中间层大三居满五唯一有车库靠南门近,615万,41960元/平,中楼层 (共4层) | 2006年 | 3室1厅 | 146.57平米 | 南 北,https://ke-image.ljcdn.com/110000-inspection/pc1_x8ixi8N4W.jpg!m_fill,w_280,h_210,f_jpg?from=ke.com
20231206,昌平,东关,101118611886,京科苑 全明户型三居室 视野宽阔,475万,36238元/平,中楼层 (共7层) | 2007年 | 3室1厅 | 131.08平米 | 南 北,https://ke-image.ljcdn.com/110000-inspection/ad91014a-85dd-4781-bcd0-bdfedfee8890_1000.jpg!m_fill,w_280,h_210,f_jpg?from=ke.com
20231206,昌平,东关,101118595555,东关北里小区南北通透视野开阔采光好配套齐全交通便利,410万,37450元/平,顶层 (共6层) | 1996年 | 3室1厅 | 109.48平米 | 南 北,https://ke-image.ljcdn.com/110000-inspection/d956f94c-3b23-4693-9be3-ab63b1579e78_1000.jpg!m_fill,w_280,h_210,f_jpg?from=ke.com
20231206,昌平,东关,101118594901,随园小区 满五年唯一商品房 电梯房 南北通透,364万,40630元/平,中楼层 (共9层) | 2009年 | 2室1厅 | 89.59平米 | 南 北,https://ke-image.ljcdn.com/110000-inspection/a762426a-3d24-4eb6-afdc-eea10e34862c_1000.jpg!m_fill,w_280,h_210,f_jpg?from=ke.com
20231206,昌平,东关,101118594727,亢山佳园南北通透低楼层采光好无遮挡视野开阔,555万,40344元/平,中楼层 (共5层) | 2002年 | 3室2厅 | 137.57平米 | 南 北,https://ke-image.ljcdn.com/110000-inspection/pc1_8VvpFojOZ.jpg!m_fill,w_280,h_210,f_jpg?from=ke.com
20231206,昌平,东关,101118561418,随园南北小三居满五唯一中间位置高楼层业主急售,350万,38833元/平,高楼层 (共9层) | 2009年 | 3室1厅 | 90.13平米 | 南 北,https://ke-image.ljcdn.com/110000-inspection/c4bacb61-19f1-41cc-8442-0cf4355ae90f_1000.jpg!m_fill,w_280,h_210,f_jpg?from=ke.com
20231206,昌平,东关,101118555799,北京风景65号院自住装修双明卫。,569万,44600元/平,低楼层 (共6层) 3室2厅 | 127.58平米 | 南 北,https://ke-image.ljcdn.com/110000-inspection/pc1_UrxP2lxaG.jpg!m_fill,w_280,h_210,f_jpg?from=ke.com
20231206,昌平,东关,101118548733,加装电梯经典4居  带地下室 优质好房房主自荐,565万,35287元/平,中楼层 (共6层) | 2001年 | 4室2厅 | 160.12平米 | 南 北,https://ke-image.ljcdn.com/110000-inspection/pc1_whApIlfBX.jpg!m_fill,w_280,h_210,f_jpg?from=ke.com
20231206,昌平,东关,101118542086,清秀园北区（力天嘉苑）西向一居室满五唯一,188万,41174元/平,高楼层 (共19层) | 2003年 | 1室0厅 | 45.66平米 | 西,https://ke-image.ljcdn.com/110000-inspection/pc1_YN1PGufU5.jpg!m_fill,w_280,h_210,f_jpg?from=ke.com
20231206,昌平,东关,101118539692,水关新村 2室1厅 南 北,295万,32059元/平,顶层 (共6层) | 1998年 | 2室1厅 | 92.02平米 | 南 北,https://ke-image.ljcdn.com/110000-inspection/be0ba113-5f51-40e4-ad67-f58115771831_1000.jpg!m_fill,w_280,h_210,f_jpg?from=ke.com
20231206,昌平,东关,101118482035,京科苑 3室1厅 南 北,310万,36093元/平,顶层 (共6层) | 1994年 | 3室1厅 | 85.89平米 | 南 北,https://ke-image.ljcdn.com/110000-inspection/pc1_RjBF2IPkr.jpg!m_fill,w_280,h_210,f_jpg?from=ke.com
20231206,昌平,东关,101118459867,水关新村 2室1厅 南,265万,42999元/平,中楼层 (共6层) | 1992年 | 2室1厅 | 61.63平米 | 南,https://ke-image.ljcdn.com/110000-inspection/pc1_wJnhmHOm2.jpg!m_fill,w_280,h_210,f_jpg?from=ke.com
20231206,昌平,东关,101118440081,北京风景65号院 3室1厅 南 北,460万,44206元/平,顶层 (共6层) 3室1厅 | 104.06平米 | 南 北,https://ke-image.ljcdn.com/110000-inspection/pc1_PiHUrhaxO.jpg!m_fill,w_280,h_210,f_jpg?from=ke.com
20231206,昌平,东关,101118438304,清秀园北区南北两居中间层满五唯一有电梯,350万,38340元/平,中楼层 (共7层) | 2004年 | 2室1厅 | 91.29平米 | 南 北 东,https://ke-image.ljcdn.com/110000-inspection/pc1_oMaXhvL5p.jpg!m_fill,w_280,h_210,f_jpg?from=ke.com
20231206,昌平,东关,101118434337,龙水路22号院 2室1厅 南 北,268万,44922元/平,中楼层 (共5层) | 1982年 | 2室1厅 | 59.66平米 | 南 北,https://ke-image.ljcdn.com/110000-inspection/pc1_dXASl4Ws2.jpg!m_fill,w_280,h_210,f_jpg?from=ke.com
20231206,昌平,东关,101118413870,北京风景66号院 3室2厅 南 北,565万,46312元/平,中楼层 (共10层) | 2015年 | 3室2厅 | 122平米 | 南 北,https://ke-image.ljcdn.com/110000-inspection/pc1_rfofb0Voy.jpg!m_fill,w_280,h_210,f_jpg?from=ke.com
20231206,昌平,东关,101118401925,京科苑 3室2厅 南 北,458万,38072元/平,顶层 (共6层) | 1998年 | 3室2厅 | 120.3平米 | 南 北,https://ke-image.ljcdn.com/110000-inspection/81ffcaac-fdf6-455d-abd6-ed5321eb5419_1000.jpg!m_fill,w_280,h_210,f_jpg?from=ke.com
20231206,昌平,东关,101118374659,视野开阔采光充足满五年唯一加固多阳台,228万,43003元/平,顶层 (共5层) | 1987年 | 2室1厅 | 53.02平米 | 南 北,https://ke-image.ljcdn.com/110000-inspection/pc1_YCYjc3oVl.jpg!m_fill,w_280,h_210,f_jpg?from=ke.com
20231206,昌平,东关,101118358182,北京怡园 满五唯一 电梯正规南北一居室 精装修,290万,44850元/平,中楼层 (共16层) | 2016年 | 1室1厅 | 64.66平米 | 南 北,https://ke-image.ljcdn.com/110000-inspection/b9b055f3-6d97-4d7d-877b-34fe98d06bc4_1000.jpg!m_fill,w_280,h_210,f_jpg?from=ke.com
20231206,昌平,东关,101118357232,随园 电梯正规两居两卫户型 全南向眼睛户型,369万,41285元/平,低楼层 (共9层) | 2009年 | 2室1厅 | 89.38平米 | 南,https://ke-image.ljcdn.com/110000-inspection/d257ff55-e37e-4a65-be39-5c21b4606ddc_1000.jpg!m_fill,w_280,h_210,f_jpg?from=ke.com
20231206,昌平,东关,101118356646,东关南里小区精装修通透性好两居房主自荐,315万,39440元/平,高楼层 (共6层) | 1990年 | 3室1厅 | 79.87平米 | 东 西,https://ke-image.ljcdn.com/110000-inspection/9c91e7d0-a754-4283-84d0-51542912aa44_1000.jpg!m_fill,w_280,h_210,f_jpg?from=ke.com
20231206,昌平,东关,101118344002,建安里小区 2室1厅 南,260万,36990元/平,顶层 (共6层) | 1997年 | 2室1厅 | 70.29平米 | 南,https://ke-image.ljcdn.com/110000-inspection/pc1_NfHtNlRZD.jpg!m_fill,w_280,h_210,f_jpg?from=ke.com
20231206,昌平,东关,101118342689,东关北里小区 2室1厅 南 北,279万,37097元/平,中楼层 (共7层) 2室1厅 | 75.21平米 | 南 北,https://ke-image.ljcdn.com/110000-inspection/pc1_0wXiVbHhF.jpg!m_fill,w_280,h_210,f_jpg?from=ke.com
20231206,昌平,东关,101118312007,东关北里小区 2室1厅 南 北,242万,39058元/平,中楼层 (共6层) | 1990年 | 2室1厅 | 61.96平米 | 南 北,https://ke-image.ljcdn.com/110000-inspection/pc1_xVRSuDVte.jpg!m_fill,w_280,h_210,f_jpg?from=ke.com
20231206,昌平,东关,101118292897,水关新村 1室1厅 南,210万,51661元/平,中楼层 (共6层) | 1994年 | 1室1厅 | 40.65平米 | 南,https://ke-image.ljcdn.com/110000-inspection/pc1_TYCP12eNn.jpg!m_fill,w_280,h_210,f_jpg?from=ke.com
20231206,昌平,东关,101118277935,京科苑小区   南北通透大两居  城售,440万,36424元/平,中楼层 (共6层) | 1998年 | 2室2厅 | 120.8平米 | 南 北,https://ke-image.ljcdn.com/110000-inspection/7441e571-a714-4fb4-8843-29b5264ca96f_1000.jpg!m_fill,w_280,h_210,f_jpg?from=ke.com
20231206,昌平,东关,101118254955,亢山前路1号院 3室1厅 南 北,290万,40083元/平,中楼层 (共6层) 3室1厅 | 72.35平米 | 南 北,https://ke-image.ljcdn.com/110000-inspection/a0a4f57d-a4c3-4e1a-8e80-5f8c9fd31d98_1000.jpg!m_fill,w_280,h_210,f_jpg?from=ke.com
20231206,昌平,东关,101118252866,东关南里小区 2室1厅 南 北,320万,44938元/平,中楼层 (共5层) | 1994年 | 2室1厅 | 71.21平米 | 南 北,https://ke-image.ljcdn.com/110000-inspection/pc1_LK5DB5Ai0.jpg!m_fill,w_280,h_210,f_jpg?from=ke.com
20231206,昌平,东关,101118244341,宁馨苑 3室2厅 南 北,588万,34185元/平,高楼层 (共11层) 3室2厅 | 172.01平米 | 南 北,https://ke-image.ljcdn.com/110000-inspection/a94699b7-a2fc-495a-b540-b791bbaf7509_1000.jpg!m_fill,w_280,h_210,f_jpg?from=ke.com
20231206,昌平,东关,101118238122,清秀园北区 1室1厅 西,200万,36577元/平,中楼层 (共19层) | 2003年 | 1室1厅 | 54.68平米 | 西,https://ke-image.ljcdn.com/110000-inspection/e19e27fe-565b-4db6-980a-c7cb8da04f3e_1000.jpg!m_fill,w_280,h_210,f_jpg?from=ke.com
20231206,昌平,东关,101118211452,力天嘉苑电梯房两居中间层近地铁配套齐全,350万,39832元/平,中楼层 (共19层) 2室1厅 | 87.87平米 | 东南 北,https://ke-image.ljcdn.com/110000-inspection/ebc53779-51dc-4e1c-9d6d-a3088af0d20b_1000.jpg!m_fill,w_280,h_210,f_jpg?from=ke.com
20231206,昌平,东关,101118201409,北京风景南北通透三居室精装修可看可签房主自荐,560万,44915元/平,低楼层 (共6层) 3室2厅 | 124.68平米 | 南 北,https://ke-image.ljcdn.com/110000-inspection/pc1_vaNsEvpIR.jpg!m_fill,w_280,h_210,f_jpg?from=ke.com
20231206,昌平,东关,101118188371,水关新村 2室1厅 南,265万,41118元/平,低楼层 (共6层) | 1988年 | 2室1厅 | 64.45平米 | 南,https://ke-image.ljcdn.com/110000-inspection/pc1_wFlXypFSI.jpg!m_fill,w_280,h_210,f_jpg?from=ke.com
20231206,昌平,东关,101118181007,三阳开泰经典三居满五唯一置换好房,495万,36933元/平,高楼层 (共6层) | 1998年 | 3室2厅 | 134.03平米 | 南 北,https://ke-image.ljcdn.com/110000-inspection/107fc2c1-6af9-4d82-bfc4-b1e7131e9eac_1000.jpg!m_fill,w_280,h_210,f_jpg?from=ke.com
20231206,昌平,东关,101118144045,北京怡园精装修高楼层采光视野无遮挡,290万,44871元/平,中楼层 (共16层) 1室1厅 | 64.63平米 | 南 北,https://ke-image.ljcdn.com/110000-inspection/eb990d2f-4784-4f5b-864e-b4dda28f0644_1000.jpg!m_fill,w_280,h_210,f_jpg?from=ke.com
20231206,昌平,东关,101118099821,随园 2室2厅 南,415万,49618元/平,底层 (共9层) | 2009年 | 2室2厅 | 83.64平米 | 南,https://ke-image.ljcdn.com/110000-inspection/99a7a478-528e-4a22-b3ef-81ef5d422dfb_1000.jpg!m_fill,w_280,h_210,f_jpg?from=ke.com
20231206,昌平,东关,101118082044,龙水路22号院 2室1厅 南 北,280万,47474元/平,中楼层 (共5层) | 1989年 | 2室1厅 | 58.98平米 | 南 北,https://ke-image.ljcdn.com/110000-inspection/pc1_ydysSp0df.jpg!m_fill,w_280,h_210,f_jpg?from=ke.com
20231206,昌平,东关,101118078658,果岭小镇 3室2厅 南 北,518万,38136元/平,顶层 (共5层) 3室2厅 | 135.83平米 | 南 北,https://ke-image.ljcdn.com/110000-inspection/pc1_Gjd6MJZMj.jpg!m_fill,w_280,h_210,f_jpg?from=ke.com
20231206,昌平,东关,101118074350,靠谱出售 商品房      看房方便,250万,42467元/平,中楼层 (共16层) 1室1厅 | 58.87平米 | 南,https://ke-image.ljcdn.com/110000-inspection/pc1_lJwZ3P6YK.jpg!m_fill,w_280,h_210,f_jpg?from=ke.com
20231206,昌平,东关,101118071964,东关南里小区三居室   南北通透  诚心出售,350万,35526元/平,顶层 (共6层) | 2000年 | 3室1厅 | 98.52平米 | 南 北,https://ke-image.ljcdn.com/110000-inspection/62668b65-447d-4062-95d8-7d158f8bf12f_1000.jpg!m_fill,w_280,h_210,f_jpg?from=ke.com
20231206,昌平,东关,101118062951,肆维花园-建安里小区3-2-1-2 125.48m²,410万,32675元/平,高楼层 (共6层) | 2001年 | 3室2厅 | 125.48平米 | 南 北,https://ke-image.ljcdn.com/110000-inspection/pc1_KmNBeqB55.jpg!m_fill,w_280,h_210,f_jpg?from=ke.com
20231206,昌平,东关,101118050047,清秀园北区两居室  满五唯一  低楼层,335万,33344元/平,底层 (共7层) | 2008年 | 2室1厅 | 100.47平米 | 南 北,https://ke-image.ljcdn.com/110000-inspection/429a8ce1-9aee-4a88-87ba-56f312d88289_1000.jpg!m_fill,w_280,h_210,f_jpg?from=ke.com
20231206,昌平,东关,101118038325,满五唯一南北通透精装修视野开阔无遮挡,495万,38906元/平,中楼层 (共11层) | 2008年 | 3室2厅 | 127.23平米 | 南 北,https://ke-image.ljcdn.com/110000-inspection/d2279bed-aaef-4313-a0f0-c505f0b3c526_1000.jpg!m_fill,w_280,h_210,f_jpg?from=ke.com
20231206,昌平,东关,101117991225,佳莲二期 南北通透 三居两卫 户型通透,353万,28739元/平,顶层 (共6层) | 2005年 | 3室1厅 | 122.83平米 | 南 北,https://ke-image.ljcdn.com/110000-inspection/bc8540d0-8365-4820-a2e1-fd831545c093_1000.jpg!m_fill,w_280,h_210,f_jpg?from=ke.com
20231206,昌平,东关,101117990078,管厂宿舍  此房满五唯一 南北通透三居 楼层三层,269万,36895元/平,中楼层 (共6层) 3室1厅 | 72.91平米 | 南 北,https://ke-image.ljcdn.com/110000-inspection/pc1_kdOGvGb0v.jpg!m_fill,w_280,h_210,f_jpg?from=ke.com
20231206,昌平,东关,101117989809,富泉花园满五年唯一 南北 好楼层 视野采光好,518万,38631元/平,中楼层 (共5层) 2室2厅 | 134.09平米 | 南 北,https://ke-image.ljcdn.com/110000-inspection/cc0560df-06be-4268-9799-60c490b5cbb2_1000.jpg!m_fill,w_280,h_210,f_jpg?from=ke.com
20231206,昌平,东关,101117973232,京科苑 南北通透落地窗 采光充足,328万,37728元/平,顶层 (共6层) | 2001年 | 2室1厅 | 86.94平米 | 北 南,https://ke-image.ljcdn.com/110000-inspection/eebee356-93cc-4f59-97f5-cf4b28e37c6a_1000.jpg!m_fill,w_280,h_210,f_jpg?from=ke.com
20231206,昌平,东关,101117962075,清秀园北区 2室2厅 南 北房主自荐,320万,35262元/平,中楼层 (共6层) | 1993年 | 2室2厅 | 90.75平米 | 南 北,https://ke-image.ljcdn.com/110000-inspection/33f0b74e-c725-4082-a8cf-039e5db4e901_1000.jpg!m_fill,w_280,h_210,f_jpg?from=ke.com
20231206,昌平,东关,101117958912,采光好业主配合度高    北京怡园 70.77m²,357万,50446元/平,低楼层 (共16层) | 2016年 | 2室1厅 | 70.77平米 | 南,https://ke-image.ljcdn.com/110000-inspection/pc1_wusjmaKvx.jpg!m_fill,w_280,h_210,f_jpg?from=ke.com
20231206,昌平,东关,101117952249,燕平家园正规三居近昌平公园户型方正商满五唯一,273万,35856元/平,顶层 (共6层) 3室1厅 | 76.14平米 | 东 南 北,https://ke-image.ljcdn.com/110000-inspection/651c1342-52ca-4711-9201-2ea2597c7a04_1000.jpg!m_fill,w_280,h_210,f_jpg?from=ke.com
20231206,昌平,东关,101117945837,水关新村 3室1厅 南 北房主自荐,365万,37777元/平,高楼层 (共6层) | 1996年 | 3室1厅 | 96.62平米 | 南 北,https://ke-image.ljcdn.com/110000-inspection/6792f3af-1b11-4e2d-9212-d6310448988e_1000.jpg!m_fill,w_280,h_210,f_jpg?from=ke.com
20231206,昌平,东关,101117928042,宁馨苑 3室2厅 南 北,510万,36158元/平,高楼层 (共6层) | 2002年 | 3室2厅 | 141.05平米 | 南 北,https://ke-image.ljcdn.com/110000-inspection/pc1_8h4TgSQCF.jpg!m_fill,w_280,h_210,f_jpg?from=ke.com
20231206,昌平,东关,101117916127,昌盛园二区 3室2厅 南 北,449万,27747元/平,高楼层 (共22层) | 2004年 | 3室2厅 | 161.82平米 | 南 北,https://ke-image.ljcdn.com/110000-inspection/bdf6f9cb-b8b5-4f9e-92cc-8c617b5c0c79_1000.jpg!m_fill,w_280,h_210,f_jpg?from=ke.com
20231206,昌平,东关,101117911013,建安里小区 3室2厅 南 北,388万,34137元/平,中楼层 (共6层) | 1996年 | 3室2厅 | 113.66平米 | 南 北,https://ke-image.ljcdn.com/110000-inspection/pc1_Dkw1IC5N5.jpg!m_fill,w_280,h_210,f_jpg?from=ke.com
20231206,昌平,东关,101117905528,管厂宿舍南北通透两居满五唯一明厨明卫近公园房主自荐,205万,34847元/平,顶层 (共6层) | 1984年 | 2室1厅 | 58.83平米 | 南 西 北,https://ke-image.ljcdn.com/110000-inspection/pc1_NtoHIeQga.jpg!m_fill,w_280,h_210,f_jpg?from=ke.com
20231206,昌平,东关,101117903922,总监推荐花园景观采光足精装修,436万,58634元/平,底层 (共16层) 2室1厅 | 74.36平米 | 南 北,https://ke-image.ljcdn.com/110000-inspection/3054bf6d-bbc8-4786-ac5a-6b419152f390_1000.jpg!m_fill,w_280,h_210,f_jpg?from=ke.com
20231206,昌平,东关,101117893319,京科苑三层大三居满五年户型好,530万,38089元/平,中楼层 (共6层) | 1998年 | 3室2厅 | 139.15平米 | 南 北,https://ke-image.ljcdn.com/110000-inspection/pc1_pJRB4lKz5.jpg!m_fill,w_280,h_210,f_jpg?from=ke.com
20231206,昌平,东关,101117891421,果岭三居  有车位 中间楼层 精装修 全明格局,525万,41595元/平,中楼层 (共5层) | 2005年 | 3室2厅 | 126.22平米 | 南 北,https://ke-image.ljcdn.com/110000-inspection/f01cc9bc-f0a0-4e03-bb74-b693c02a3bc9_1000.jpg!m_fill,w_280,h_210,f_jpg?from=ke.com
20231206,昌平,东关,101117888896,北京风景中间楼层采光好宽敞明亮南北通透三居,570万,46489元/平,高楼层 (共6层) 3室2厅 | 122.61平米 | 南 北,https://ke-image.ljcdn.com/110000-inspection/8049ef4c-6515-4542-877c-ff1ca2254314_1000.jpg!m_fill,w_280,h_210,f_jpg?from=ke.com
20231206,昌平,东关,101117874869,水关新村 2室1厅 南,252万,44729元/平,中楼层 (共6层) 2室1厅 | 56.34平米 | 南,https://ke-image.ljcdn.com/110000-inspection/128dce72-d041-4d03-a9a7-fc8d8dc05c5c_1000.jpg!m_fill,w_280,h_210,f_jpg?from=ke.com
20231206,昌平,东关,101117866103,清秀园南区 南北通透 两居室 看房方便 靠谱出售,257万,32307元/平,顶层 (共6层) 2室1厅 | 79.55平米 | 南 北,https://ke-image.ljcdn.com/110000-inspection/e9c6aa94-2cb1-4878-b180-3a3d22bb1229_1000.jpg!m_fill,w_280,h_210,f_jpg?from=ke.com
20231206,昌平,东关,101117860384,水关新村 2室1厅 南 北,260万,39829元/平,顶层 (共6层) | 1989年 | 2室1厅 | 65.28平米 | 南 北,https://ke-image.ljcdn.com/110000-inspection/47f8ace4-0380-4983-89b5-6c8cd73e90b9_1000.jpg!m_fill,w_280,h_210,f_jpg?from=ke.com
20231206,昌平,东关,101117857591,京科苑小区  三居室   诚心出售,580万,43349元/平,底层 (共6层) | 1998年 | 3室2厅 | 133.8平米 | 南 北,https://ke-image.ljcdn.com/110000-inspection/pc1_eTffnCSZR.jpg!m_fill,w_280,h_210,f_jpg?from=ke.com
20231206,昌平,东关,101117831856,满五唯一东西通透精装修采光视野好房主自荐,240万,41494元/平,中楼层 (共6层) | 2005年 | 1室1厅 | 57.84平米 | 东 西,https://ke-image.ljcdn.com/110000-inspection/3d2b65c1-8620-41f7-9ee0-2e3d7ebaac1f_1000.jpg!m_fill,w_280,h_210,f_jpg?from=ke.com
20231206,昌平,东关,101117820601,水关新村 2室2厅 南 北房主自荐,340万,36749元/平,高楼层 (共6层) 2室2厅 | 92.52平米 | 南 北,https://ke-image.ljcdn.com/110000-inspection/pc1_ZhLsqK4v3.jpg!m_fill,w_280,h_210,f_jpg?from=ke.com
20231206,昌平,东关,101117818969,京科苑----十三陵特区大三居户型方正,469万,32834元/平,顶层 (共5层) | 1999年 | 3室2厅 | 142.84平米 | 南 北,https://ke-image.ljcdn.com/110000-inspection/pc1_A6PxH2vXS.jpg!m_fill,w_280,h_210,f_jpg?from=ke.com
20231206,昌平,东关,101117809115,南北通透2居 电梯房 采光视野无影响,398万,39128元/平,中楼层 (共7层) 2室2厅 | 101.72平米 | 南 北,https://ke-image.ljcdn.com/110000-inspection/6c722eed-30f3-4410-bcef-8a9bec296a09_1000.jpg!m_fill,w_280,h_210,f_jpg?from=ke.com
20231206,昌平,东关,101117805427,北京怡园 1室1厅 南,250万,42467元/平,中楼层 (共16层) | 2016年 | 1室1厅 | 58.87平米 | 南,https://ke-image.ljcdn.com/110000-inspection/a4bfe038-3b42-4715-b748-51560929c564_1000.jpg!m_fill,w_280,h_210,f_jpg?from=ke.com
20231206,昌平,东关,101117799519,采光充足周边配套齐全交通便利停车方便。,225万,39544元/平,顶层 (共6层) | 1994年 | 2室1厅 | 56.9平米 | 南,https://ke-image.ljcdn.com/110000-inspection/3986c6eb-a774-42e8-a7df-8e3c5d5944b8_1000.jpg!m_fill,w_280,h_210,f_jpg?from=ke.com
20231206,昌平,东关,101117795245,清秀园北区 2室1厅 西南 北,350万,39832元/平,高楼层 (共19层) 2室1厅 | 87.87平米 | 西南 北,https://ke-image.ljcdn.com/110000-inspection/3d4fec8b-e836-43c7-9814-04ed5e46d821_1000.jpg!m_fill,w_280,h_210,f_jpg?from=ke.com
20231206,昌平,东关,101117791298,金地家园 2室2厅 南 北,365万,36146元/平,中楼层 (共7层) | 2010年 | 2室2厅 | 100.98平米 | 南 北,https://ke-image.ljcdn.com/110000-inspection/pc1_cGx3NhSZM.jpg!m_fill,w_280,h_210,f_jpg?from=ke.com
20231206,昌平,东关,101117763410,东关南里小区 南北大三居 满五唯一,460万,30555元/平,高楼层 (共6层) 3室2厅 | 150.55平米 | 南 北,https://ke-image.ljcdn.com/110000-inspection/9ac14fdf-c300-4138-9ec9-92c02a0bde02_1000.jpg!m_fill,w_280,h_210,f_jpg?from=ke.com
20231206,昌平,东关,101117757518,经典低楼层小三居 南北通透 无浪费面积,335万,38698元/平,低楼层 (共6层) | 1995年 | 3室1厅 | 86.57平米 | 南 北,https://ke-image.ljcdn.com/110000-inspection/bbe2c4e7-5a5e-40b2-88ba-be21582e8af6_1000.jpg!m_fill,w_280,h_210,f_jpg?from=ke.com
20231206,昌平,东关,101117719089,水关新村 2室1厅 南 北,283万,37429元/平,高楼层 (共6层) | 1997年 | 2室1厅 | 75.61平米 | 南 北,https://ke-image.ljcdn.com/110000-inspection/e517c4e5-938f-412e-82e6-cfc35fe2b92e_1000.jpg!m_fill,w_280,h_210,f_jpg?from=ke.com
20231206,昌平,东关,101117718314,畅椿阁 楼龄新 单价低 通透格局视野好房主自荐,420万,30145元/平,高楼层 (共18层) 2室2厅 | 139.33平米 | 东 西,https://ke-image.ljcdn.com/110000-inspection/34410534-d577-470a-a858-7740b36cc8b0_1000.jpg!m_fill,w_280,h_210,f_jpg?from=ke.com
20231206,昌平,东关,101117706125,清秀园南区 2室1厅 南,210万,35594元/平,高楼层 (共6层) 2室1厅 | 59平米 | 南,https://ke-image.ljcdn.com/110000-inspection/pc1_PrCPXTlhM.jpg!m_fill,w_280,h_210,f_jpg?from=ke.com
20231206,昌平,东关,101117684035,水关新村 2室1厅 南 北,260万,41036元/平,中楼层 (共6层) | 1993年 | 2室1厅 | 63.36平米 | 南 北,https://ke-image.ljcdn.com/110000-inspection/pc1_NaOaEx4LN.jpg!m_fill,w_280,h_210,f_jpg?from=ke.com
20231206,昌平,东关,101117674301,1%服务费 满五唯一   房子南侧无遮挡视野采光很好,556万,44879元/平,底层 (共6层) | 2013年 | 3室2厅 | 123.89平米 | 南 北,https://ke-image.ljcdn.com/110000-inspection/0b55cd40-3f70-4274-af3b-f92c4915e1a1_1000.jpg!m_fill,w_280,h_210,f_jpg?from=ke.com
20231206,昌平,东关,101117672390,东关果岭小镇 满五唯一 美式自住装修 高楼层采光好房主自荐,678万,41716元/平,顶层 (共5层) | 2005年 | 3室2厅 | 162.53平米 | 南 北,https://ke-image.ljcdn.com/110000-inspection/d98ccfa7-0f6e-473d-acf6-df13c4abfb87_1000.jpg!m_fill,w_280,h_210,f_jpg?from=ke.com
20231206,昌平,东关,101117670577,世涛天朗+三阳户型+一梯两户带电梯,620万,43944元/平,高楼层 (共6层) 3室2厅 | 141.09平米 | 南 北,https://ke-image.ljcdn.com/110000-inspection/pc1_1GrUTXAWc.jpg!m_fill,w_280,h_210,f_jpg?from=ke.com
20231206,昌平,东关,101117657783,东关金隅嘉和园 交通购物方便 满五年唯一,315万,40194元/平,中楼层 (共19层) | 2010年 | 2室1厅 | 78.37平米 | 南,https://ke-image.ljcdn.com/110000-inspection/pc1_oFMh2W2gF.jpg!m_fill,w_280,h_210,f_jpg?from=ke.com
20231206,昌平,东关,101117629476,东环路小区 业主诚意售房 满五唯一,205万,32132元/平,顶层 (共6层) | 1990年 | 2室1厅 | 63.8平米 | 南 北,https://ke-image.ljcdn.com/110000-inspection/a0fdbd62-8a2b-4797-a480-8248a0e6f840_1000.jpg!m_fill,w_280,h_210,f_jpg?from=ke.com
20231206,昌平,东关,101117628008,宁馨苑南北通透带电梯两居室地铁近,365万,38093元/平,低楼层 (共17层) | 2003年 | 2室1厅 | 95.82平米 | 南 北,https://ke-image.ljcdn.com/110000-inspection/cc40dda9-a3e0-4b8d-aadb-5409dd2107cc_1000.jpg!m_fill,w_280,h_210,f_jpg?from=ke.com
20231206,昌平,东关,101117577358,清秀园北区 3室1厅 南 北,283万,35318元/平,中楼层 (共5层) | 1996年 | 3室1厅 | 80.13平米 | 南 北,https://ke-image.ljcdn.com/110000-inspection/fb74fe88-bb15-4589-b2ad-97c3eaca0c5e_1000.jpg!m_fill,w_280,h_210,f_jpg?from=ke.com
20231206,昌平,东关,101117545036,水关新村 2室1厅 南,218万,38273元/平,顶层 (共6层) | 1991年 | 2室1厅 | 56.96平米 | 南,https://ke-image.ljcdn.com/110000-inspection/74fe6992-5514-475c-adb9-616c487fe7c6_1000.jpg!m_fill,w_280,h_210,f_jpg?from=ke.com
20231206,昌平,东关,101117525915,京科苑   非顶层  满五唯一  看房提前约,310万,40292元/平,高楼层 (共6层) | 1997年 | 2室1厅 | 76.94平米 | 南 北,https://ke-image.ljcdn.com/110000-inspection/pc1_Fs0Jfi7s8.jpg!m_fill,w_280,h_210,f_jpg?from=ke.com
20231206,昌平,东关,101117522333,亢山佳园小区2-1-1-1 100.04m²,430万,42983元/平,底层 (共6层) | 2003年 | 2室1厅 | 100.04平米 | 南 北,https://ke-image.ljcdn.com/110000-inspection/b8ac7834-d9ad-4927-9220-ba38a83571bd_1000.jpg!m_fill,w_280,h_210,f_jpg?from=ke.com
20231206,昌平,东关,101117439372,水关新村 2室0厅 南,260万,40342元/平,顶层 (共6层) | 1988年 | 2室0厅 | 64.45平米 | 南,https://ke-image.ljcdn.com/110000-inspection/pc1_srDgnhUuV.jpg!m_fill,w_280,h_210,f_jpg?from=ke.com
20231206,昌平,东关,101117389236,东关南里小区   两居室  小区业主停车免费且方便,246万,38052元/平,中楼层 (共6层) | 1994年 | 2室1厅 | 64.65平米 | 南 北,https://ke-image.ljcdn.com/110000-inspection/pc1_lRlyg7NfW.jpg!m_fill,w_280,h_210,f_jpg?from=ke.com
20231206,昌平,东关,101117366962,满五年唯一 环境好 中间楼层 看房方便,258万,42936元/平,中楼层 (共5层) | 1991年 | 2室2厅 | 60.09平米 | 东 西,https://ke-image.ljcdn.com/110000-inspection/98727fb2-3d81-4167-9a6c-a9d8b46271f4_1000.jpg!m_fill,w_280,h_210,f_jpg?from=ke.com
20231206,昌平,东关,101117363514,东关北里 南北通透满五年 精装修直接入住,249万,40713元/平,顶层 (共6层) | 1990年 | 2室1厅 | 61.16平米 | 南 北,https://ke-image.ljcdn.com/110000-inspection/0b28a567-4896-4138-baad-176bd8f5c3bd_1000.jpg!m_fill,w_280,h_210,f_jpg?from=ke.com
20231206,昌平,东关,101117321315,水关新村 2室1厅 南 北,260万,39853元/平,高楼层 (共6层) | 1990年 | 2室1厅 | 65.24平米 | 南 北,https://ke-image.ljcdn.com/110000-inspection/376d3e60-1b18-4b6f-b8b2-a75aaa3d865a_1000.jpg!m_fill,w_280,h_210,f_jpg?from=ke.com
20231206,昌平,东关,101117306651,北京怡园 2室1厅 南 北 东,499万,52543元/平,低楼层 (共12层) 2室1厅 | 94.97平米 | 南 北 东,https://ke-image.ljcdn.com/110000-inspection/b0c54a18-bcb8-41a5-853b-401fb72dd9ca_1000.jpg!m_fill,w_280,h_210,f_jpg?from=ke.com
20231206,昌平,东关,101117297139,京科苑 2室2厅 东 西,390万,34819元/平,顶层 (共5层) | 2004年 | 2室2厅 | 112.01平米 | 东 西,https://ke-image.ljcdn.com/110000-inspection/971ff554-1dca-459c-8969-a5418e6c5da7_1000.jpg!m_fill,w_280,h_210,f_jpg?from=ke.com
20231206,昌平,东关,101117255762,清秀园北区 2室2厅 南,275万,35687元/平,低楼层 (共6层) | 1996年 | 2室2厅 | 77.06平米 | 南,https://ke-image.ljcdn.com/110000-inspection/pc1_Xvr7fEg0I.jpg!m_fill,w_280,h_210,f_jpg?from=ke.com
20231206,昌平,东关,101117228835,世涛天朗 3室2厅 南 北,580万,41730元/平,中楼层 (共6层) | 2005年 | 3室2厅 | 138.99平米 | 南 北,https://ke-image.ljcdn.com/110000-inspection/pc1_JiA2gOH4L.jpg!m_fill,w_280,h_210,f_jpg?from=ke.com
20231206,昌平,东关,101117216872,水关新村 2室1厅 南,318万,36734元/平,中楼层 (共6层) | 1999年 | 2室1厅 | 86.57平米 | 南,https://ke-image.ljcdn.com/110000-inspection/pc1_Bu5rvjK1M.jpg!m_fill,w_280,h_210,f_jpg?from=ke.com
20231206,昌平,东关,101117195986,清秀园北区 1室0厅 西,190万,34748元/平,低楼层 (共19层) | 2003年 | 1室0厅 | 54.68平米 | 西,https://ke-image.ljcdn.com/110000-inspection/871bd12e-08a8-4805-9462-862702f627fd_1000.jpg!m_fill,w_280,h_210,f_jpg?from=ke.com
20231206,昌平,东关,101117178989,水关新村 3室1厅 南 北,370万,43556元/平,高楼层 (共6层) | 1994年 | 3室1厅 | 84.95平米 | 南 北,https://ke-image.ljcdn.com/110000-inspection/59a18fcf-5423-47f4-b0d6-1d9a9b9182d0_1000.jpg!m_fill,w_280,h_210,f_jpg?from=ke.com
20231206,昌平,东关,101117168491,清秀园北区（力天嘉苑）诚心出售,159万,46601元/平,顶层 (共7层) 1室0厅 | 34.12平米 | 北,https://ke-image.ljcdn.com/110000-inspection/pc1_BpCLQtTxc.jpg!m_fill,w_280,h_210,f_jpg?from=ke.com
20231206,昌平,东关,101117135612,昌盛园小区经理推荐电梯房大户型,435万,26882元/平,中楼层 (共22层) | 2004年 | 3室2厅 | 161.82平米 | 南 北,https://ke-image.ljcdn.com/110000-inspection/f6b0a783-4b5a-470b-978e-790ed73c49c7_1000.jpg!m_fill,w_280,h_210,f_jpg?from=ke.com
20231206,昌平,东关,101117112936,北京风景 新房三居室 全明格局 景观北山 满五年唯一,640万,49958元/平,高楼层 (共10层) | 2015年 | 3室2厅 | 128.11平米 | 南 北,https://ke-image.ljcdn.com/110000-inspection/4461a245-aa9f-47b1-baa8-ca3aa94b868d_1000.jpg!m_fill,w_280,h_210,f_jpg?from=ke.com
20231206,昌平,东关,101117109203,昌盛园二区 2室1厅 南,310万,37069元/平,底层 (共6层) | 1998年 | 2室1厅 | 83.63平米 | 南,https://ke-image.ljcdn.com/110000-inspection/f36ce339-1e04-4e53-a238-828110ad0333_1000.jpg!m_fill,w_280,h_210,f_jpg?from=ke.com
20231206,昌平,东关,101117081426,清秀园北区 1室0厅 西,220万,40235元/平,高楼层 (共19层) 1室0厅 | 54.68平米 | 西,https://ke-image.ljcdn.com/110000-inspection/970b498b-cc0d-4314-b20a-e80eb704a11b_1000.jpg!m_fill,w_280,h_210,f_jpg?from=ke.com
20231206,昌平,东关,101117006334,昌盛园一区 3室1厅 南 北,320万,41803元/平,顶层 (共6层) | 1995年 | 3室1厅 | 76.55平米 | 南 北,https://ke-image.ljcdn.com/110000-inspection/a9a29e73-3a98-4613-be9c-f760f4e9c720_1000.jpg!m_fill,w_280,h_210,f_jpg?from=ke.com
20231206,昌平,东关,101116997509,昌盛园四区 2室1厅 南,260万,38377元/平,高楼层 (共6层) | 1997年 | 2室1厅 | 67.75平米 | 南,https://ke-image.ljcdn.com/110000-inspection/93064648-22a9-4744-bd06-9c5aaa4310f7_1000.jpg!m_fill,w_280,h_210,f_jpg?from=ke.com
20231206,昌平,东关,101116992694,京科苑 南北通透 视野宽阔 采光充足,430万,41086元/平,低楼层 (共6层) | 2001年 | 2室2厅 | 104.66平米 | 南 北,https://ke-image.ljcdn.com/110000-inspection/pc1_QmcYblFnu.jpg!m_fill,w_280,h_210,f_jpg?from=ke.com
20231206,昌平,东关,101116936007,建安里小区满五唯一自住精装修采光视野无遮挡,450万,35523元/平,中楼层 (共11层) | 2001年 | 2室2厅 | 126.68平米 | 西南,https://ke-image.ljcdn.com/110000-inspection/pc1_uY5U3TxUx.jpg!m_fill,w_280,h_210,f_jpg?from=ke.com
20231206,昌平,东关,101116932164,水关新村 2室1厅 南,248万,42386元/平,中楼层 (共6层) | 1992年 | 2室1厅 | 58.51平米 | 南,https://ke-image.ljcdn.com/110000-inspection/1f0fc797-fa5c-4d5e-a5d4-a14f3dc7ce7c_1000.jpg!m_fill,w_280,h_210,f_jpg?from=ke.com
20231206,昌平,东关,101116890777,宁馨苑小区正规大四居大平层户型方正有钥匙。,520万,32157元/平,高楼层 (共6层) 4室2厅 | 161.71平米 | 南 北,https://ke-image.ljcdn.com/110000-inspection/pc1_Q1zLZgtea.jpg!m_fill,w_280,h_210,f_jpg?from=ke.com
20231206,昌平,东关,101116855069,东关北里 中间楼层 南北向 满五年精装修,463万,42291元/平,中楼层 (共6层) | 1996年 | 3室1厅 | 109.48平米 | 南 北,https://ke-image.ljcdn.com/110000-inspection/3353e4ec-b250-46b2-bc25-fea6ac6235fd_1000.jpg!m_fill,w_280,h_210,f_jpg?from=ke.com
20231206,昌平,东关,101116811517,店长推荐东关南里小区   两居室诚心出售,395万,34438元/平,顶层 (共6层) 2室2厅 | 114.7平米 | 南 北,https://ke-image.ljcdn.com/110000-inspection/7fe98f29-23d9-4f5b-afb7-81a4148db513_1000.jpg!m_fill,w_280,h_210,f_jpg?from=ke.com
20231206,昌平,东关,101116798194,清秀园南区全新装修拎包入住全明格局满五年唯一,268万,41687元/平,中楼层 (共6层) 2室1厅 | 64.29平米 | 南 北,https://ke-image.ljcdn.com/110000-inspection/pc1_uu2oqdrEY.jpg!m_fill,w_280,h_210,f_jpg?from=ke.com
20231206,昌平,东关,101116767734,建安里小区2-2-1-2 125.48m²,425万,33870元/平,高楼层 (共6层) | 2001年 | 2室2厅 | 125.48平米 | 南 北,https://ke-image.ljcdn.com/110000-inspection/5fed8996-5ee5-4116-bb1d-5abd05642f6f_1000.jpg!m_fill,w_280,h_210,f_jpg?from=ke.com
20231206,昌平,东关,101116728436,果岭小镇  南北两居   户型方正,420万,42102元/平,中楼层 (共5层) | 2005年 | 2室2厅 | 99.76平米 | 南 北,https://ke-image.ljcdn.com/110000-inspection/pc1_FMqcXnYp2.jpg!m_fill,w_280,h_210,f_jpg?from=ke.com
20231206,昌平,东关,101116672682,水关新村环境优美生活舒适 。,365万,39970元/平,中楼层 (共6层) | 1990年 | 2室1厅 | 91.32平米 | 南 北,https://ke-image.ljcdn.com/110000-inspection/0137adef-07b9-4edf-a94c-780fb74ea8c1_1000.jpg!m_fill,w_280,h_210,f_jpg?from=ke.com
20231206,昌平,东关,101116589886,世涛天朗电梯三居室精装安静做了隔热装修用心视野好,560万,38739元/平,顶层 (共10层) | 2007年 | 3室1厅 | 144.56平米 | 南 北,https://ke-image.ljcdn.com/110000-inspection/c86dd726-4c2e-41a8-93f9-630a1bc74bd2_1000.jpg!m_fill,w_280,h_210,f_jpg?from=ke.com
20231206,昌平,东关,101116556275,东关南里小区 3室2厅 南 北,518万,37380元/平,高楼层 (共6层) | 1998年 | 3室2厅 | 138.58平米 | 南 北,https://ke-image.ljcdn.com/110000-inspection/pc1_wmz1SylDG.jpg!m_fill,w_280,h_210,f_jpg?from=ke.com
20231206,昌平,东关,101116551286,畅椿阁 3室2厅 南 北,820万,42998元/平,中楼层 (共18层) | 2009年 | 3室2厅 | 190.71平米 | 南 北,https://ke-image.ljcdn.com/110000-inspection/763de347-f37d-403f-826f-c02b3e396be5_1000.jpg!m_fill,w_280,h_210,f_jpg?from=ke.com
20231206,昌平,东关,101116526973,东关南里小区  两居室  诚心出售,345万,38804元/平,中楼层 (共6层) | 1998年 | 2室1厅 | 88.91平米 | 南 北,https://ke-image.ljcdn.com/110000-inspection/2701f1bc-2cf3-4a10-86f4-e0f02f68509c_1000.jpg!m_fill,w_280,h_210,f_jpg?from=ke.com
20231206,昌平,东关,101116496890,东关北里小区 动向一居室 采光充足 视野开阔,215万,35479元/平,中楼层 (共7层) | 2003年 | 1室0厅 | 60.6平米 | 东,https://ke-image.ljcdn.com/110000-inspection/9548f6cf-e907-4797-8daa-65e1ee103278_1000.jpg!m_fill,w_280,h_210,f_jpg?from=ke.com
20231206,昌平,东关,101116485217,昌盛园一区 3室2厅 南 北,420万,39921元/平,高楼层 (共6层) | 1996年 | 3室2厅 | 105.21平米 | 南 北,https://ke-image.ljcdn.com/110000-inspection/pc1_fInDUBesV.jpg!m_fill,w_280,h_210,f_jpg?from=ke.com
20231206,昌平,东关,101116454887,北京风景 正规四居室 小区中间位置,620万,42304元/平,高楼层 (共9层) 3室2厅 | 146.56平米 | 南 北,https://ke-image.ljcdn.com/110000-inspection/pc1_86S2E1uyk.jpg!m_fill,w_280,h_210,f_jpg?from=ke.com
20231206,昌平,东关,101116439220,水关新村  中间楼层  南北通透大两居房主自荐,329万,36028元/平,中楼层 (共6层) | 1995年 | 2室2厅 | 91.32平米 | 南 西 北,https://ke-image.ljcdn.com/110000-inspection/0340a90a-cc8a-4abe-9b21-e60d13d8b3d7_1000.jpg!m_fill,w_280,h_210,f_jpg?from=ke.com
20231206,昌平,东关,101116384267,京科苑小区 南北三居室 满五唯一 采光好,398万,40497元/平,顶层 (共5层) 3室1厅 | 98.28平米 | 南 北,https://ke-image.ljcdn.com/110000-inspection/3afec9f7-988a-4ec6-b21f-44e0484a3140_1000.jpg!m_fill,w_280,h_210,f_jpg?from=ke.com
20231206,昌平,东关,101116372833,2004年建成+电梯房+无任何遮挡+明厨明卫,475万,29354元/平,中楼层 (共22层) | 2004年 | 3室2厅 | 161.82平米 | 南 北,https://ke-image.ljcdn.com/110000-inspection/73bdd7ca-cdb5-4464-b232-2d683a01eeba_1000.jpg!m_fill,w_280,h_210,f_jpg?from=ke.com
20231206,昌平,东关,101116365347,京科苑两居室次顶层满五唯一,288万,42947元/平,高楼层 (共6层) | 1997年 | 2室1厅 | 67.06平米 | 南 北,https://ke-image.ljcdn.com/110000-inspection/41dfdb98-91ad-4015-aac9-2858e01c56c6_1000.jpg!m_fill,w_280,h_210,f_jpg?from=ke.com
20231206,昌平,东关,101116305703,世涛天朗 3室1厅 南 北房主自荐,586万,42162元/平,中楼层 (共6层) | 2005年 | 3室1厅 | 138.99平米 | 南 北,https://ke-image.ljcdn.com/110000-inspection/pc1_wcQtyCWFg.jpg!m_fill,w_280,h_210,f_jpg?from=ke.com
20231206,昌平,东关,101116260698,金地家园 3室2厅 南 北,638万,44685元/平,中楼层 (共7层) 3室2厅 | 142.78平米 | 南 北,https://ke-image.ljcdn.com/110000-inspection/pc1_mhubUefPW.jpg!m_fill,w_280,h_210,f_jpg?from=ke.com
20231206,昌平,东关,101116251179,宁馨苑 4室2厅 东 南 北,408万,38969元/平,底层 (共7层) 4室2厅 | 104.7平米 | 东 南 北,https://ke-image.ljcdn.com/110000-inspection/5ea14514-6ff0-4683-9c28-369877091b9b_1000.jpg!m_fill,w_280,h_210,f_jpg?from=ke.com
20231206,昌平,东关,101116148850,清朗园三居室+2002年建成+次顶层,460万,37964元/平,高楼层 (共6层) | 2002年 | 3室2厅 | 121.17平米 | 南 北,https://ke-image.ljcdn.com/110000-inspection/8efb9b3e-7efe-40b3-8d0d-14886cc35a3f_1000.jpg!m_fill,w_280,h_210,f_jpg?from=ke.com
20231206,昌平,东关,101116146606,佳莲二期 2室1厅 东 西,258万,28123元/平,顶层 (共6层) | 2005年 | 2室1厅 | 91.74平米 | 东 西,https://ke-image.ljcdn.com/110000-inspection/f78ae24a-e6d6-4133-8483-dcc1e799c9be_1000.jpg!m_fill,w_280,h_210,f_jpg?from=ke.com
20231206,昌平,东关,101116068189,总监推荐 东环路小区 纯南朝向一居室房主自荐,188万,47189元/平,顶层 (共6层) | 1986年 | 1室1厅 | 39.84平米 | 南,https://ke-image.ljcdn.com/110000-inspection/f67330ae-dfad-41a0-90e4-ddcd33b4e9bb_1000.jpg!m_fill,w_280,h_210,f_jpg?from=ke.com
20231206,昌平,东关,101116007425,满五年唯一精装修有产权车位,580万,46146元/平,低楼层 (共21层) | 2013年 | 4室1厅 | 125.69平米 | 南 北,https://ke-image.ljcdn.com/110000-inspection/pc1_Vf4zi4GNt_1.jpg!m_fill,w_280,h_210,f_jpg?from=ke.com
20231206,昌平,东关,101115960362,清秀园南区 南向两居室 精装修 视野开阔 采光充足,225万,32586元/平,顶层 (共6层) 2室1厅 | 69.05平米 | 南,https://ke-image.ljcdn.com/110000-inspection/568abfd2-aec7-40ed-8b13-ff4cebb823a2_1000.jpg!m_fill,w_280,h_210,f_jpg?from=ke.com
20231206,昌平,东关,101115907464,三阳开泰  经典双卫  业主诚心出售 价格可谈,420万,31337元/平,顶层 (共6层) | 1998年 | 3室2厅 | 134.03平米 | 南 北,https://ke-image.ljcdn.com/110000-inspection/pc1_AWyjg5PeY_1.jpg!m_fill,w_280,h_210,f_jpg?from=ke.com
20231206,昌平,东关,101115904033,北京示范小区 采光充足 舒适静谧,268万,37022元/平,顶层 (共6层) | 1999年 | 2室1厅 | 72.39平米 | 南,https://ke-image.ljcdn.com/110000-inspection/pc1_pWYKJA4Pv.jpg!m_fill,w_280,h_210,f_jpg?from=ke.com
20231206,昌平,东关,101115860010,满五唯一落地窗视野宽阔2003年建成非顶层,289万,31049元/平,高楼层 (共7层) | 2003年 | 2室1厅 | 93.08平米 | 东 西,https://ke-image.ljcdn.com/110000-inspection/5156bfef-e6c2-428b-8ab2-9f729f913378_1000.jpg!m_fill,w_280,h_210,f_jpg?from=ke.com
20231206,昌平,东关,101115852083,此房满五年家庭名下无二套。装修好可以拎包入住,450万,38233元/平,顶层 (共5层) | 2005年 | 3室2厅 | 117.7平米 | 南 北,https://ke-image.ljcdn.com/110000-inspection/98b92004-99c1-47a3-a9d7-7daec2688f55_1000.jpg!m_fill,w_280,h_210,f_jpg?from=ke.com
20231206,昌平,东关,101115810910,清秀园南区 三居室 南北通透 中间楼层,423万,35032元/平,中楼层 (共7层) | 2001年 | 3室1厅 | 120.75平米 | 南 西 北,https://ke-image.ljcdn.com/110000-inspection/8aef3c93-b537-4a03-8e5a-46f4925ad1f2_1000.jpg!m_fill,w_280,h_210,f_jpg?from=ke.com
20231206,昌平,东关,101115791035,畅椿阁 2室1厅 南 北,399万,40661元/平,高楼层 (共17层) | 2009年 | 2室1厅 | 98.13平米 | 南 北,https://ke-image.ljcdn.com/110000-inspection/cd7ce593-0b5f-49fd-8339-1d60a2e6a7e4_1000.jpg!m_fill,w_280,h_210,f_jpg?from=ke.com
20231206,昌平,东关,101115725806,东关南里小区 南北大三居 业主诚心出售,399万,32256元/平,顶层 (共6层) 4室2厅 | 123.7平米 | 南 北,https://ke-image.ljcdn.com/110000-inspection/85613d51-03aa-4de1-b101-8a4f0cbe1091_1000.jpg!m_fill,w_280,h_210,f_jpg?from=ke.com
20231206,昌平,东关,101115713409,建安里小区 2室2厅 南 北,360万,40269元/平,底层 (共6层) | 1996年 | 2室2厅 | 89.4平米 | 南 北,https://ke-image.ljcdn.com/110000-inspection/pc1_LItnJ5J5v.jpg!m_fill,w_280,h_210,f_jpg?from=ke.com
20231206,昌平,东关,101115701111,世涛天朗 3室2厅 南 北,590万,42450元/平,中楼层 (共6层) | 2005年 | 3室2厅 | 138.99平米 | 南 北,https://ke-image.ljcdn.com/110000-inspection/pc1_6zMwMkbql.jpg!m_fill,w_280,h_210,f_jpg?from=ke.com
20231206,昌平,东关,101115681540,随园小区大三居户型  南北通透  前后没有遮挡,480万,33214元/平,顶层 (共7层) | 2009年 | 3室2厅 | 144.52平米 | 南 北,https://ke-image.ljcdn.com/110000-inspection/pc1_HeE7r6ge7.jpg!m_fill,w_280,h_210,f_jpg?from=ke.com
20231206,昌平,东关,101115609485,1%服务费 南北通透 精装修 中间位置 安静 靠谱签约,570万,46729元/平,顶层 (共4层) 3室2厅 | 121.98平米 | 南 北,https://ke-image.ljcdn.com/110000-inspection/pc1_2n2zLh8Wf.jpg!m_fill,w_280,h_210,f_jpg?from=ke.com
20231206,昌平,东关,101115608273,随园正规南向两居小区中间位置带电梯满五唯一,359万,40171元/平,低楼层 (共9层) | 2009年 | 2室1厅 | 89.37平米 | 南,https://ke-image.ljcdn.com/110000-inspection/pc1_TrKyRF0HY.jpg!m_fill,w_280,h_210,f_jpg?from=ke.com
20231206,昌平,东关,101115530758,随园*幸福错落”户型高挑空别墅感南北通透房主自荐,526万,39053元/平,中楼层 (共8层) 3室2厅 | 134.69平米 | 南 北,https://ke-image.ljcdn.com/110000-inspection/9fa98757-2755-4655-b81a-c10c273b551a_1000.jpg!m_fill,w_280,h_210,f_jpg?from=ke.com
20231206,昌平,东关,101115191803,东关南里 复式结构  南北通透 停车方便北京市示范小区,560万,30613元/平,高楼层 (共6层) 3室2厅 | 182.93平米 | 南 北,https://ke-image.ljcdn.com/110000-inspection/b67df4c5-d458-4a12-a019-3fcf5736e968_1000.jpg!m_fill,w_280,h_210,f_jpg?from=ke.com
20231206,昌平,东关,101115119449,昌盛园一区 3室1厅 南 北,403万,39627元/平,中楼层 (共16层) 3室1厅 | 101.7平米 | 南 北,https://ke-image.ljcdn.com/110000-inspection/dfd02849-938a-4d63-b0c4-6ba71bb37dd3_1000.jpg!m_fill,w_280,h_210,f_jpg?from=ke.com
20231206,昌平,东关,101115089981,昌盛园三区满五年唯一不临街不把边。,325万,40030元/平,顶层 (共6层) | 2004年 | 2室1厅 | 81.19平米 | 南 北,https://ke-image.ljcdn.com/110000-inspection/pc1_u5SkBkoTG.jpg!m_fill,w_280,h_210,f_jpg?from=ke.com
20231206,昌平,东关,101115073567,宁馨苑 3室2厅 东 西,380万,24071元/平,中楼层 (共17层) | 2004年 | 3室2厅 | 157.87平米 | 东 西,https://ke-image.ljcdn.com/110000-inspection/pc1_FpDPHlfMZ.jpg!m_fill,w_280,h_210,f_jpg?from=ke.com
20231206,昌平,东关,101115041738,社区全面升级改造已完成  绿化优美 车位充足 户型方正房主自荐,288万,33831元/平,顶层 (共6层) | 1999年 | 2室2厅 | 85.13平米 | 南 北,https://ke-image.ljcdn.com/110000-inspection/e1ca15f5-8ece-413e-85a8-80d2e2353053_1000.jpg!m_fill,w_280,h_210,f_jpg?from=ke.com
20231206,昌平,东关,101115020955,东水泥管厂宿舍  精装修 业主自己住,269万,41771元/平,底层 (共4层) | 1979年 | 3室1厅 | 64.4平米 | 南 北,https://ke-image.ljcdn.com/110000-inspection/pc1_f2m4fFRTx_1.jpg!m_fill,w_280,h_210,f_jpg?from=ke.com
20231206,昌平,东关,101114979286,京科苑 南北通透 自住装修 满五唯一房主自荐,268万,34965元/平,高楼层 (共7层) | 2004年 | 2室1厅 | 76.65平米 | 南 北,https://ke-image.ljcdn.com/110000-inspection/pc1_oD7Sgx0I3.jpg!m_fill,w_280,h_210,f_jpg?from=ke.com
20231206,昌平,东关,101114857035,经理推荐电梯房燕平家园满五年唯一格局方正房主自荐,558万,38264元/平,中楼层 (共15层) | 2004年 | 3室1厅 | 145.83平米 | 东 南 北,https://ke-image.ljcdn.com/110000-inspection/pc1_P2VdzZBLr_1.jpg!m_fill,w_280,h_210,f_jpg?from=ke.com
20231206,昌平,东关,101114821593,南北通透三居室中间楼层采光充足不临街不把边,429万,40916元/平,中楼层 (共6层) | 1996年 | 3室2厅 | 104.85平米 | 南 北,https://ke-image.ljcdn.com/110000-inspection/pc1_68gUvdm6E_1.jpg!m_fill,w_280,h_210,f_jpg?from=ke.com
20231206,昌平,东关,101114791251,管厂宿舍2-1-1-1 53.61m²,200万,37307元/平,中楼层 (共4层) | 1979年 | 2室1厅 | 53.61平米 | 南 北,https://ke-image.ljcdn.com/110000-inspection/cfba657d-9e62-46d4-b148-9ec12e0355a2_1000.jpg!m_fill,w_280,h_210,f_jpg?from=ke.com
20231206,昌平,东关,101114756380,肆维花园电梯大2居2卫满五唯一,400万,31576元/平,低楼层 (共11层) | 2001年 | 2室2厅 | 126.68平米 | 西南,https://ke-image.ljcdn.com/110000-inspection/9c76ac23-7528-45a5-9804-ec37ada80ae7_1000.jpg!m_fill,w_280,h_210,f_jpg?from=ke.com
20231206,昌平,东关,101114738190,果岭小镇南北通透两居室中间位置,418万,40313元/平,顶层 (共5层) 2室1厅 | 103.69平米 | 南 北,https://ke-image.ljcdn.com/110000-inspection/11a81bd5-050d-40d7-b757-7913ece8df37_1000.jpg!m_fill,w_280,h_210,f_jpg?from=ke.com
20231206,昌平,东关,101114735383,本房西向底商、临街热闹、周边小区业主流大。,780万,43259元/平,底层 (共6层) | 2002年 | 2室1厅 | 180.31平米 | 西,https://ke-image.ljcdn.com/110000-inspection/pc1_0AU2eOPN4.jpg!m_fill,w_280,h_210,f_jpg?from=ke.com
20231206,昌平,东关,101114734832,清秀园南区 3室1厅 南 北 西房主自荐,431万,37346元/平,底层 (共7层) | 2001年 | 3室1厅 | 115.41平米 | 南 北 西,https://ke-image.ljcdn.com/110000-inspection/pc1_p6ZY3QF4N_1.jpg!m_fill,w_280,h_210,f_jpg?from=ke.com
20231206,昌平,东关,101114690703,水关新村  南向两居室  满五年唯一  中间楼层,260万,40342元/平,高楼层 (共6层) | 1988年 | 2室1厅 | 64.45平米 | 南,https://ke-image.ljcdn.com/110000-inspection/68003cdc-0565-4a5b-90a5-030371fa8f7a_1000.jpg!m_fill,w_280,h_210,f_jpg?from=ke.com
20231206,昌平,东关,101114576797,宁馨苑小区 满五唯一 南北通透 视野开阔 交通方便,480万,36142元/平,高楼层 (共6层) 3室2厅 | 132.81平米 | 南 北,https://ke-image.ljcdn.com/110000-inspection/2567ec60-8923-44ef-9b75-fc0f2223ba37_1000.jpg!m_fill,w_280,h_210,f_jpg?from=ke.com
20231206,昌平,东关,101114545989,京科苑 三阳开泰 精装修 看房随时约,470万,33826元/平,顶层 (共6层) | 1998年 | 3室2厅 | 138.95平米 | 南 北,https://ke-image.ljcdn.com/110000-inspection/pc1_LYxuf6qty.jpg!m_fill,w_280,h_210,f_jpg?from=ke.com
20231206,昌平,东关,101114444254,建安里近地铁南北通透三居室自如精装修带地下室,410万,36073元/平,低楼层 (共6层) | 1996年 | 3室1厅 | 113.66平米 | 南 北,https://ke-image.ljcdn.com/110000-inspection/pc1_ebXnSlWep.jpg!m_fill,w_280,h_210,f_jpg?from=ke.com
20231206,昌平,东关,101114441143,店长推荐：水关新村低楼层南北通透三居室,385万,39847元/平,低楼层 (共6层) | 1996年 | 3室1厅 | 96.62平米 | 南 北,https://ke-image.ljcdn.com/110000-inspection/91c2b444-9d07-46ad-9001-80871fcb9db9_1000.jpg!m_fill,w_280,h_210,f_jpg?from=ke.com
20231206,昌平,东关,101114418408,东关二条 南北通透 满五年业主诚心出售 看房提前联系,350万,41294元/平,高楼层 (共6层) | 1996年 | 3室1厅 | 84.76平米 | 北 南,https://ke-image.ljcdn.com/110000-inspection/6c8d0d0f-501a-4b56-9eed-b1b32a017d2e_1000.jpg!m_fill,w_280,h_210,f_jpg?from=ke.com
20231206,昌平,东关,101114414662,亢山佳园精装修大两居南北双通透明厨明卫房主自荐,375万,37196元/平,顶层 (共6层) | 2003年 | 2室2厅 | 100.82平米 | 南 北,https://ke-image.ljcdn.com/110000-inspection/6735b34b-4674-4c17-92a0-080ae756ef9c_1000.jpg!m_fill,w_280,h_210,f_jpg?from=ke.com
20231206,昌平,东关,101114360820,燕平家园 居住舒适 南北通透 采光好,278万,41680元/平,中楼层 (共6层) | 1993年 | 2室1厅 | 66.7平米 | 南 北,https://ke-image.ljcdn.com/110000-inspection/df99382f-b305-4e58-abea-6e7345912c50_1000.jpg!m_fill,w_280,h_210,f_jpg?from=ke.com
20231206,昌平,东关,101114353998,畅椿阁 2室1厅 东 西,462万,33416元/平,高楼层 (共18层) | 2009年 | 2室1厅 | 138.26平米 | 东 西,https://ke-image.ljcdn.com/110000-inspection/pc1_EucpjdmRh_1.jpg!m_fill,w_280,h_210,f_jpg?from=ke.com
20231206,昌平,东关,101114284985,清秀园北区（力天嘉苑）楼龄新电梯房,196万,32705元/平,低楼层 (共19层) 1室1厅 | 59.93平米 | 西,https://ke-image.ljcdn.com/110000-inspection/pc1_j5qErlC3k_1.jpg!m_fill,w_280,h_210,f_jpg?from=ke.com
20231206,昌平,东关,101114275413,建安里小区3-1-1-2 116.25m²,500万,43011元/平,高楼层 (共11层) | 2008年 | 3室1厅 | 116.25平米 | 西 南,https://ke-image.ljcdn.com/110000-inspection/66861a4e-e188-4e32-8816-83aa5eb1f207_1000.jpg!m_fill,w_280,h_210,f_jpg?from=ke.com
20231206,昌平,东关,101114203214,双通透大两居前后四个阳台单价3.1万！,350万,31103元/平,高楼层 (共7层) | 2007年 | 2室2厅 | 112.53平米 | 东 西,https://ke-image.ljcdn.com/110000-inspection/054fb58d-6aa4-4831-82b2-3651830d1b78_1000.jpg!m_fill,w_280,h_210,f_jpg?from=ke.com
20231206,昌平,东关,101114161892,东关南里小区    两居室    诚心出售,300万,50252元/平,低楼层 (共6层) | 1990年 | 2室1厅 | 59.7平米 | 南 北,https://ke-image.ljcdn.com/110000-inspection/bac6dc64-ce7a-4eab-aab5-8c4e6216f768_1000.jpg!m_fill,w_280,h_210,f_jpg?from=ke.com
20231206,昌平,东关,101114153143,水关新村正规两居室视野开阔无遮挡房主自荐,249万,32439元/平,顶层 (共6层) | 1995年 | 2室1厅 | 76.76平米 | 东 西,https://ke-image.ljcdn.com/110000-inspection/c5358b48-602f-4dec-9584-f7c7e7544066_1000.jpg!m_fill,w_280,h_210,f_jpg?from=ke.com
20231206,昌平,东关,101114096871,清秀园北区1号楼2003年电梯房,238万,34872元/平,高楼层 (共7层) | 2004年 | 1室1厅 | 68.25平米 | 南,https://ke-image.ljcdn.com/110000-inspection/9aabe2f9-f67f-4a4b-857e-f41bf57167f1_1000.jpg!m_fill,w_280,h_210,f_jpg?from=ke.com
20231206,昌平,东关,101114012246,京科苑小区 中间楼层三居室 满五唯一,375万,41268元/平,中楼层 (共6层) 3室1厅 | 90.87平米 | 南 北,https://ke-image.ljcdn.com/110000-inspection/pc1_cL2VudSuQ_1.jpg!m_fill,w_280,h_210,f_jpg?from=ke.com
20231206,昌平,东关,101113948925,昌盛园二区高楼层电梯房视野无遮挡。,468万,28922元/平,中楼层 (共22层) | 2004年 | 3室2厅 | 161.82平米 | 南 北,https://ke-image.ljcdn.com/110000-inspection/47e042f1-aa90-4fd8-a1b9-c1a965f6767c_1000.jpg!m_fill,w_280,h_210,f_jpg?from=ke.com
20231206,昌平,东关,101113933034,东关南里中层南北两居大客厅2000年楼龄新！,312万,40935元/平,中楼层 (共6层) | 1998年 | 2室1厅 | 76.22平米 | 南 北,https://ke-image.ljcdn.com/110000-inspection/3b33363d-293b-4562-ae22-6dd96797ac4e_1000.jpg!m_fill,w_280,h_210,f_jpg?from=ke.com
20231206,昌平,东关,101113922127,京科苑 满五年两居 看房随时约 业主诚心出售,292万,34165元/平,高楼层 (共6层) | 1994年 | 2室1厅 | 85.47平米 | 东 南,https://ke-image.ljcdn.com/110000-inspection/pc1_JIDnHVLYb_1.jpg!m_fill,w_280,h_210,f_jpg?from=ke.com
20231206,昌平,东关,101113780358,水关新村南北通透  满五年商品房 无抵押  无户口,310万,30482元/平,顶层 (共6层) | 2000年 | 2室2厅 | 101.7平米 | 南 北,https://ke-image.ljcdn.com/110000-inspection/d9f1d023-ea52-473b-b3e2-41e77664d87f_1000.jpg!m_fill,w_280,h_210,f_jpg?from=ke.com
20231206,昌平,东关,101113770769,房子是一层成本价住宅适合有老人有孩子的家庭,328万,42848元/平,底层 (共6层) | 1994年 | 3室1厅 | 76.55平米 | 南 北,https://ke-image.ljcdn.com/110000-inspection/pc1_QCr5QJ66f.jpg!m_fill,w_280,h_210,f_jpg?from=ke.com
20231206,昌平,东关,101113718214,东环路小区采光充足视野开阔,235万,39503元/平,顶层 (共6层) | 1992年 | 2室1厅 | 59.49平米 | 东 西,https://ke-image.ljcdn.com/110000-inspection/48efdc86-3360-4157-862e-de53b830e3ac_1000.jpg!m_fill,w_280,h_210,f_jpg?from=ke.com
20231206,昌平,东关,101113599366,东关北里小区低楼层三居室全明格局房主自荐,365万,42398元/平,底层 (共5层) | 1997年 | 3室1厅 | 86.09平米 | 南 北,https://ke-image.ljcdn.com/110000-inspection/pc1_usl437qRQ.jpg!m_fill,w_280,h_210,f_jpg?from=ke.com
20231206,昌平,东关,101113426229,精装修南北通透格局精装修配套优质且完善。,350万,30900元/平,顶层 (共6层) | 2003年 | 2室2厅 | 113.27平米 | 南 北,https://ke-image.ljcdn.com/110000-inspection/7dfdc5d0-8682-40d2-8023-962b9703e2f7_1000.jpg!m_fill,w_280,h_210,f_jpg?from=ke.com
20231206,昌平,东关,101113376599,京科苑两居 看房有钥匙 诚心出售,270万,31591元/平,高楼层 (共6层) | 1994年 | 2室1厅 | 85.47平米 | 南 西,https://ke-image.ljcdn.com/110000-inspection/b559e86e-d0f1-4aac-8f11-4b1b44d4f08b_1000.jpg!m_fill,w_280,h_210,f_jpg?from=ke.com
20231206,昌平,东关,101113221425,清秀园南区2003年低楼层户型好南北通透,365万,40897元/平,低楼层 (共7层) | 2001年 | 2室1厅 | 89.25平米 | 南 北,https://ke-image.ljcdn.com/110000-inspection/pc1_9MI7y8VTX_1.jpg!m_fill,w_280,h_210,f_jpg?from=ke.com
20231206,昌平,东关,101113215775,金隅观澜时代 南北通透 正规四居室 看房方便,608万,45435元/平,底层 (共21层) | 2013年 | 4室2厅 | 133.82平米 | 南 北,https://ke-image.ljcdn.com/110000-inspection/94dfa060-8c15-46ec-a973-73aafb6165a7_1000.jpg!m_fill,w_280,h_210,f_jpg?from=ke.com
20231206,昌平,东关,101113146912,昌盛园一区精装三居业主自住看房方便经理推荐,490万,40063元/平,中楼层 (共7层) | 2001年 | 3室2厅 | 122.31平米 | 南 北,https://ke-image.ljcdn.com/110000-inspection/pc1_95jk9liIP_1.jpg!m_fill,w_280,h_210,f_jpg?from=ke.com
20231206,昌平,东关,101113134704,金隅嘉和园一层满五唯一房子诚心出售,345万,38436元/平,底层 (共19层) | 2011年 | 3室1厅 | 89.76平米 | 南 北,https://ke-image.ljcdn.com/110000-inspection/pc1_X2BgFjnmK_1.jpg!m_fill,w_280,h_210,f_jpg?from=ke.com
20231206,昌平,东关,101113066930,水关新村 南北通透、 视野宽阔 、带客厅 、精装二居室房主自荐,300万,33671元/平,顶层 (共6层) | 1999年 | 2室2厅 | 89.1平米 | 南 北,https://ke-image.ljcdn.com/110000-inspection/pc1_nSdkh9zE9_1.jpg!m_fill,w_280,h_210,f_jpg?from=ke.com
20231206,昌平,东关,101112893109,昌盛园一区精装修全屋新风系统电梯房,360万,40882元/平,中楼层 (共16层) 3室2厅 | 88.06平米 | 南,https://ke-image.ljcdn.com/110000-inspection/665eb3a7-6ba9-4f92-9eaa-d30560c17bad_1000.jpg!m_fill,w_280,h_210,f_jpg?from=ke.com
20231206,昌平,东关,101112862751,东关南里小区 南北向两居 独立客厅带窗户,318万,36377元/平,高楼层 (共6层) | 2001年 | 2室1厅 | 87.42平米 | 南 北,https://ke-image.ljcdn.com/110000-inspection/prod-3864aa45-3c3a-4b4a-9409-0078bc177906.jpg!m_fill,w_280,h_210,f_jpg?from=ke.com
20231206,昌平,东关,101112092466,建安里少有的两居室带3个阳台户型方正中间楼层,359万,38499元/平,中楼层 (共6层) | 1996年 | 2室2厅 | 93.25平米 | 南 北,https://ke-image.ljcdn.com/110000-inspection/05dfe935-ddc4-409a-a15b-e21b40eb3551_1000.jpg!m_fill,w_280,h_210,f_jpg?from=ke.com
20231206,昌平,东关,101111979083,东关北里 中间楼层 大三居 业主靠谱出售,485万,37499元/平,低楼层 (共6层) | 1998年 | 3室2厅 | 129.34平米 | 南 北,https://ke-image.ljcdn.com/110000-inspection/de3bf1ec-2bd8-42b7-8525-b28864db0d77_1000.jpg!m_fill,w_280,h_210,f_jpg?from=ke.com
20231206,昌平,东关,101111821228,交通方便 配套齐全 总价不高 开间一居,155万,45428元/平,中楼层 (共7层) | 2004年 | 1室0厅 | 34.12平米 | 北,https://ke-image.ljcdn.com/110000-inspection/a7eed686-529e-4dd8-844b-4a52abb0f391_1000.jpg!m_fill,w_280,h_210,f_jpg?from=ke.com
20231206,昌平,东关,101111454007,宁馨苑  近地铁 交通便利 生活便利,320万,44157元/平,中楼层 (共17层) | 2003年 | 2室1厅 | 72.47平米 | 南 北,https://ke-image.ljcdn.com/110000-inspection/pc1_bfcMeqT1q_1.jpg!m_fill,w_280,h_210,f_jpg?from=ke.com
20231206,昌平,东关,101111362849,福地家园福地家园小区 采光充足 精装修 配套齐全,405万,31895元/平,高楼层 (共6层) 3室2厅 | 126.98平米 | 东 西,https://ke-image.ljcdn.com/110000-inspection/pc1_XSAJvsJ8b_1.jpg!m_fill,w_280,h_210,f_jpg?from=ke.com
20231206,昌平,东关,101111266432,电梯房两居南北通透带客厅落地窗诚心出售,308万,33739元/平,顶层 (共7层) 2室1厅 | 91.29平米 | 东 南 北,https://ke-image.ljcdn.com/110000-inspection/pc1_8LgmibfB3_1.jpg!m_fill,w_280,h_210,f_jpg?from=ke.com
20231206,昌平,东关,101110719990,石油大学松园宿舍南北通透三居室,258万,29990元/平,顶层 (共5层) | 1985年 | 3室1厅 | 86.03平米 | 南 北,https://ke-image.ljcdn.com/110000-inspection/pc1_G0sv6TYO2_1.jpg!m_fill,w_280,h_210,f_jpg?from=ke.com
20231206,昌平,东关,101110410256,宁馨苑复式采光视野俱佳安静舒适,428万,34164元/平,顶层 (共6层) | 2004年 | 3室2厅 | 125.28平米 | 南 北,https://ke-image.ljcdn.com/110000-inspection/pc1_ct2QtXnQQ_1.jpg!m_fill,w_280,h_210,f_jpg?from=ke.com
20231206,昌平,东关,101109797008,果岭小镇精装四居 南北通透 中间层,680万,38591元/平,顶层 (共4层) | 2006年 | 4室2厅 | 176.21平米 | 南 北,https://ke-image.ljcdn.com/110000-inspection/pc1_CFq0B8GPA_1.jpg!m_fill,w_280,h_210,f_jpg?from=ke.com
20231206,昌平,东关,101109445858,南北通透三居室。格局好视野开阔户型合理。,548万,35463元/平,中楼层 (共6层) | 2001年 | 3室2厅 | 154.53平米 | 南 北,https://ke-image.ljcdn.com/110000-inspection/e95c341f-f826-48fa-aab2-c9ca136dca49_1000.jpg!m_fill,w_280,h_210,f_jpg?from=ke.com
20231206,昌平,东关,101122162470,清秀园南区 3室2厅 南 北新上,560万,37030元/平,中楼层 (共6层) 3室2厅 | 151.23平米 | 南 北,https://ke-image.ljcdn.com/110000-inspection/6e325d6f-b073-401b-8872-5533d2c4692a_1000.jpg!m_fill,w_280,h_210,f_jpg?from=ke.com
20231206,昌平,东关,101122160298,北京风景67号院 3室1厅 南 北新上,475万,42605元/平,底层 (共6层) 3室1厅 | 111.49平米 | 南 北,https://ke-image.ljcdn.com/110000-inspection/00959279-4c7c-4457-b225-cbb464c442ff_1000.jpg!m_fill,w_280,h_210,f_jpg?from=ke.com
20231206,昌平,东关,101122139757,水关新村精装修采光充足安静舒适两居室新上,210万,35188元/平,顶层 (共6层) | 1994年 | 2室1厅 | 59.68平米 | 南,https://ke-image.ljcdn.com/110000-inspection/af531be5-3123-4830-b5ff-842ee0606061_1000.jpg!m_fill,w_280,h_210,f_jpg?from=ke.com
20231206,昌平,东关,101122133745,水关新村 2室1厅 南 北新上,235万,37090元/平,高楼层 (共6层) | 1993年 | 2室1厅 | 63.36平米 | 南 北,https://ke-image.ljcdn.com/110000-inspection/84015247-ec08-4bf4-a2ad-7dc350cc150b_1000.jpg!m_fill,w_280,h_210,f_jpg?from=ke.com
20231206,昌平,东关,101122111658,世涛天朗 2室1厅 南 北新上,500万,48054元/平,高楼层 (共6层) 2室1厅 | 104.05平米 | 南 北,https://ke-image.ljcdn.com/110000-inspection/fc264785-e859-4edf-a388-730059f28395_1000.jpg!m_fill,w_280,h_210,f_jpg?from=ke.com
20231206,昌平,东关,101122090605,北京风景66号院 3室1厅 南 北,519万,43501元/平,低楼层 (共8层) | 2014年 | 3室1厅 | 119.31平米 | 南 北,https://ke-image.ljcdn.com/110000-inspection/5f7d35d4-b9b6-41d3-b4a2-3e3c35fe8ece_1000.jpg!m_fill,w_280,h_210,f_jpg?from=ke.com
20231206,昌平,东关,101122082792,水关新村 3室1厅 南 北,350万,40069元/平,顶层 (共6层) 3室1厅 | 87.35平米 | 南 北,https://ke-image.ljcdn.com/110000-inspection/851df838-c941-4a68-a3d9-7849247e9c3a_1000.jpg!m_fill,w_280,h_210,f_jpg?from=ke.com
20231206,昌平,东关,101122071918,金隅澜湾 临近滨河森林公园的别墅社区,1200万,55757元/平,底层 (共4层) 4室2厅 | 215.22平米 | 南 北,https://ke-image.ljcdn.com/110000-inspection/b8fce194-7035-41b8-863c-a03b201de4fb_1000.jpg!m_fill,w_280,h_210,f_jpg?from=ke.com
20231206,昌平,东关,101122069642,宁馨苑 1室1厅 南 西,275万,40826元/平,顶层 (共17层) | 2004年 | 1室1厅 | 67.36平米 | 南 西,https://ke-image.ljcdn.com/110000-inspection/d08b4f3e-b059-4302-81df-f5f575cb2544_1000.jpg!m_fill,w_280,h_210,f_jpg?from=ke.com
20231206,昌平,东关,101122063533,清秀园北区 1室0厅 东,185万,30875元/平,中楼层 (共19层) 1室0厅 | 59.92平米 | 东,https://ke-image.ljcdn.com/110000-inspection/pc1_ujQSx0GTM.jpg!m_fill,w_280,h_210,f_jpg?from=ke.com
20231206,昌平,东关,101122063308,建安里小区 4室2厅 南 北,488万,36623元/平,低楼层 (共6层) | 1996年 | 4室2厅 | 133.25平米 | 南 北,https://ke-image.ljcdn.com/110000-inspection/05a51ef8-063c-4366-a0de-9e6de962716f_1000.jpg!m_fill,w_280,h_210,f_jpg?from=ke.com
20231206,昌平,东关,101122040227,昌盛园一区+2004年+电梯房新小区房主自荐,295万,33500元/平,低楼层 (共16层) | 2004年 | 2室1厅 | 88.06平米 | 南,https://ke-image.ljcdn.com/110000-inspection/1938068d-445d-4101-9f2a-fb21f5845403_1000.jpg!m_fill,w_280,h_210,f_jpg?from=ke.com
20231206,昌平,东关,101122028392,房子满五年唯一业主自住整洁干净,265万,39115元/平,顶层 (共6层) | 1997年 | 2室1厅 | 67.75平米 | 南,https://ke-image.ljcdn.com/110000-inspection/pc1_jrO16MViP.jpg!m_fill,w_280,h_210,f_jpg?from=ke.com
20231206,昌平,东关,101121979741,东关北里小区 2室1厅 东 西,265万,41845元/平,低楼层 (共6层) | 1990年 | 2室1厅 | 63.33平米 | 东 西,https://ke-image.ljcdn.com/110000-inspection/c1eb66d4-621b-4cac-b445-a52432e21ab8_1000.jpg!m_fill,w_280,h_210,f_jpg?from=ke.com
20231206,昌平,东关,101121976285,宁馨苑 1室1厅 西南房主自荐,286万,42459元/平,高楼层 (共17层) 1室1厅 | 67.36平米 | 西南,https://ke-image.ljcdn.com/110000-inspection/1ea45022-13ce-46e8-8844-48e688079983_1000.jpg!m_fill,w_280,h_210,f_jpg?from=ke.com
20231206,昌平,东关,101121928557,龙水路22号院 1室1厅 南,203万,40755元/平,顶层 (共6层) | 2006年 | 1室1厅 | 49.81平米 | 南,https://ke-image.ljcdn.com/110000-inspection/a63acada-78bb-436b-86a5-d2252de38666_1000.jpg!m_fill,w_280,h_210,f_jpg?from=ke.com
20231206,昌平,东关,101121925793,宁馨苑电梯房大两居满五唯一近地铁配套齐全,380万,35458元/平,低楼层 (共17层) 2室1厅 | 107.17平米 | 西南 东北,https://ke-image.ljcdn.com/110000-inspection/pc1_NSWX7RoAK.jpg!m_fill,w_280,h_210,f_jpg?from=ke.com
20231206,昌平,东关,101121892493,果岭小镇 3室2厅 南 北,560万,42804元/平,顶层 (共5层) 3室2厅 | 130.83平米 | 南 北,https://ke-image.ljcdn.com/110000-inspection/8c9904c7-c60b-441d-9f17-8b31261310e4_1000.jpg!m_fill,w_280,h_210,f_jpg?from=ke.com
20231206,昌平,东关,101121889369,世涛天朗+不临街不把边三居室+电梯房,550万,37979元/平,顶层 (共10层) 3室2厅 | 144.82平米 | 南 北,https://ke-image.ljcdn.com/110000-inspection/964389e5-fd20-4237-b72a-59362cc39335_1000.jpg!m_fill,w_280,h_210,f_jpg?from=ke.com
20231206,昌平,东关,101121887339,世涛天朗 4室2厅 南 北,555万,46456元/平,顶层 (共6层) | 2007年 | 4室2厅 | 119.47平米 | 南 北,https://ke-image.ljcdn.com/110000-inspection/7fcd7236-f147-40a3-b93c-f3476306a874_1000.jpg!m_fill,w_280,h_210,f_jpg?from=ke.com
20231206,昌平,东关,101121850533,水关新村 南北通透两居室 满五唯一 高楼层 视野好,236万,36646元/平,高楼层 (共6层) | 1991年 | 2室1厅 | 64.4平米 | 南 北,https://ke-image.ljcdn.com/110000-inspection/b9918d30-ea9d-4769-9307-1307af0fecae_1000.jpg!m_fill,w_280,h_210,f_jpg?from=ke.com
20231206,昌平,东关,101121850306,金地家园 2室1厅 南 北,369万,36560元/平,顶层 (共7层) | 2010年 | 2室1厅 | 100.93平米 | 南 北,https://ke-image.ljcdn.com/110000-inspection/be625576-d215-4099-b252-b93dbe753444_1000.jpg!m_fill,w_280,h_210,f_jpg?from=ke.com
20231206,昌平,东关,101121848679,富泉花园 5室2厅 南 北,1250万,41463元/平,底层 (共4层) 5室2厅 | 301.48平米 | 南 北,https://ke-image.ljcdn.com/110000-inspection/93c7887c-8b79-40a8-9912-4dca658d5b1e_1000.jpg!m_fill,w_280,h_210,f_jpg?from=ke.com
20231206,昌平,东关,101121816002,世涛天朗两居室+一层+南北通透+视野开阔,550万,52207元/平,底层 (共6层) 2室2厅 | 105.35平米 | 南 北,https://ke-image.ljcdn.com/110000-inspection/pc1_3ytGK9Tnt.jpg!m_fill,w_280,h_210,f_jpg?from=ke.com
20231206,昌平,东关,101121800734,东关清秀园南区南北通透大两居诚心出售,309万,28334元/平,顶层 (共6层) 2室1厅 | 109.06平米 | 南 北,https://ke-image.ljcdn.com/110000-inspection/7c603dcd-26ad-4aa4-a4b0-f7fbe6a06756_1000.jpg!m_fill,w_280,h_210,f_jpg?from=ke.com
20231206,昌平,东关,101121780723,北京怡园 3室2厅 南 北,475万,50770元/平,高楼层 (共10层) | 2016年 | 3室2厅 | 93.56平米 | 南 北,https://ke-image.ljcdn.com/110000-inspection/6e7904bb-c3a3-4b73-80ff-03ba9c9355f6_1000.jpg!m_fill,w_280,h_210,f_jpg?from=ke.com
20231206,昌平,东关,101121779865,建安里小区 3室2厅 南 北,379万,36106元/平,高楼层 (共6层) | 1996年 | 3室2厅 | 104.97平米 | 南 北,https://ke-image.ljcdn.com/110000-inspection/874ecd59-74cd-447f-8512-ffd35bbd296b_1000.jpg!m_fill,w_280,h_210,f_jpg?from=ke.com
20231206,昌平,东关,101121760208,宁馨苑 4室2厅 南 北,540万,35800元/平,顶层 (共6层) 4室2厅 | 150.84平米 | 南 北,https://ke-image.ljcdn.com/110000-inspection/38311d93-cefb-48ee-b223-b57f0f441351_1000.jpg!m_fill,w_280,h_210,f_jpg?from=ke.com
20231206,昌平,东关,101121743915,京科苑 2室1厅 南 北,259万,35819元/平,高楼层 (共6层) 2室1厅 | 72.31平米 | 南 北,https://ke-image.ljcdn.com/110000-inspection/1540b89f-9cf0-459e-8808-dd1adc176889_1000.jpg!m_fill,w_280,h_210,f_jpg?from=ke.com
20231206,昌平,东关,101121642929,世涛天朗 2室1厅 南 北,330万,42119元/平,顶层 (共6层) | 2005年 | 2室1厅 | 78.35平米 | 南 北,https://ke-image.ljcdn.com/110000-inspection/pc1_Vmj29cFrc.jpg!m_fill,w_280,h_210,f_jpg?from=ke.com
20231206,昌平,东关,101121608539,燕平家园 3室1厅 南 北,500万,32878元/平,低楼层 (共15层) | 2004年 | 3室1厅 | 152.08平米 | 南 北,https://ke-image.ljcdn.com/110000-inspection/53a6f511-474a-472d-9286-0319a821679f_1000.jpg!m_fill,w_280,h_210,f_jpg?from=ke.com
20231206,昌平,东关,101121593613,金隅澜湾、叠拼别墅私家电梯入户精装修,1750万,64270元/平,高楼层 (共6层) 4室4厅 | 272.29平米 | 南 北,https://ke-image.ljcdn.com/110000-inspection/fbb7999a-0ed4-4a25-84db-0b21dfc94cf3_1000.jpg!m_fill,w_280,h_210,f_jpg?from=ke.com
20231206,昌平,东关,101121587237,东关南里小区 3室2厅 南 北,410万,33132元/平,高楼层 (共6层) 3室2厅 | 123.75平米 | 南 北,https://ke-image.ljcdn.com/110000-inspection/9f2de2ec-986b-4ebc-ae9d-df92ea9025f5_1000.jpg!m_fill,w_280,h_210,f_jpg?from=ke.com
20231206,昌平,东关,101121531352,清秀园北区 1室0厅 东房主自荐,162万,45088元/平,顶层 (共19层) 1室0厅 | 35.93平米 | 东,https://ke-image.ljcdn.com/110000-inspection/db10f100-7151-4fd6-8091-629c1d29bf87_1000.jpg!m_fill,w_280,h_210,f_jpg?from=ke.com
20231206,昌平,东关,101121526677,宁馨苑 5室2厅 南 北,758万,35991元/平,顶层 (共6层) | 2003年 | 5室2厅 | 210.61平米 | 南 北,https://ke-image.ljcdn.com/110000-inspection/6324691f-c056-403c-b614-8c928692e3c7_1000.jpg!m_fill,w_280,h_210,f_jpg?from=ke.com
20231206,昌平,东关,101121500250,建安里小区 2室1厅 南 北,280万,31486元/平,顶层 (共6层) 2室1厅 | 88.93平米 | 南 北,https://ke-image.ljcdn.com/110000-inspection/pc1_HIVuM0nyi.jpg!m_fill,w_280,h_210,f_jpg?from=ke.com
20231206,昌平,东关,101121496556,水关新村 2室1厅 南 北,308万,38138元/平,底层 (共6层) 2室1厅 | 80.76平米 | 南 北,https://ke-image.ljcdn.com/110000-inspection/91de7da8-4834-4aab-83aa-c495415b7dee_1000.jpg!m_fill,w_280,h_210,f_jpg?from=ke.com
20231206,昌平,东关,101121496516,水关新村 2室1厅 南 北,237万,36328元/平,顶层 (共6层) | 1990年 | 2室1厅 | 65.24平米 | 南 北,https://ke-image.ljcdn.com/110000-inspection/pc1_g9bRhlC0P_1.jpg!m_fill,w_280,h_210,f_jpg?from=ke.com
20231206,昌平,东关,101121459866,果岭小镇 4室2厅 南 北,780万,41979元/平,中楼层 (共4层) | 2006年 | 4室2厅 | 185.81平米 | 南 北,https://ke-image.ljcdn.com/110000-inspection/pc1_RhFBzqmdL.jpg!m_fill,w_280,h_210,f_jpg?from=ke.com
20231206,昌平,东关,101121454539,水关新村 3室1厅 南 北,328万,34494元/平,顶层 (共6层) | 1996年 | 3室1厅 | 95.09平米 | 南 北,https://ke-image.ljcdn.com/110000-inspection/90f723e3-7e7c-4d32-a58d-dfffe3ea60ea_1000.jpg!m_fill,w_280,h_210,f_jpg?from=ke.com
20231206,昌平,东关,101121404151,水关新村 2室1厅 南 北,247万,38643元/平,顶层 (共6层) | 1988年 | 2室1厅 | 63.92平米 | 南 北,https://ke-image.ljcdn.com/110000-inspection/pc1_BPkxVRuX3.jpg!m_fill,w_280,h_210,f_jpg?from=ke.com
20231206,昌平,东关,101121404061,宁馨苑 3室2厅 南 北,459万,38324元/平,低楼层 (共6层) | 2002年 | 3室2厅 | 119.77平米 | 南 北,https://ke-image.ljcdn.com/110000-inspection/1931b100-fe03-49b2-9f47-ce9e2af31d40_1000.jpg!m_fill,w_280,h_210,f_jpg?from=ke.com
20231206,昌平,东关,101121359461,东关北里小区 2室1厅 东 西,240万,31398元/平,顶层 (共7层) | 2003年 | 2室1厅 | 76.44平米 | 东 西,https://ke-image.ljcdn.com/110000-inspection/831af97f-a0e1-4c04-908f-15fc9253084a_1000.jpg!m_fill,w_280,h_210,f_jpg?from=ke.com
20231206,昌平,东关,101121357393,富泉花园 4室2厅 南 北,1080万,28981元/平,底层 (共4层) | 2000年 | 4室2厅 | 372.67平米 | 南 北,https://ke-image.ljcdn.com/110000-inspection/7af99bac-e2b8-40c5-95df-9fdb23d5553b_1000.jpg!m_fill,w_280,h_210,f_jpg?from=ke.com
20231206,昌平,东关,101121345713,清秀园北区（力天嘉苑）16层 有钥匙 随时可看房主自荐,180万,36291元/平,高楼层 (共19层) 1室1厅 | 49.6平米 | 西,https://ke-image.ljcdn.com/110000-inspection/3c6a7e6f-1dd7-47d1-ba0f-5b4f59b0bd16_1000.jpg!m_fill,w_280,h_210,f_jpg?from=ke.com
20231206,昌平,东关,101121330301,宁馨苑 3室2厅 南 北,505万,35882元/平,顶层 (共6层) | 2003年 | 3室2厅 | 140.74平米 | 南 北,https://ke-image.ljcdn.com/110000-inspection/4d449642-af9f-4d66-95c1-ce4e2f23eeb0_1000.jpg!m_fill,w_280,h_210,f_jpg?from=ke.com
20231206,昌平,东关,101121312637,别墅感高挑空幸福错落三居室满五唯一业主急售,538万,37388元/平,顶层 (共5层) | 2001年 | 3室2厅 | 143.9平米 | 南 北,https://ke-image.ljcdn.com/110000-inspection/0df2e883-c7db-447b-bb27-5c15fbd1af9a_1000.jpg!m_fill,w_280,h_210,f_jpg?from=ke.com
20231206,昌平,东关,101121292745,叠拼别墅私家电梯入户精装修,1600万,58382元/平,高楼层 (共6层) 6室3厅 | 274.06平米 | 南 北,https://ke-image.ljcdn.com/110000-inspection/d96ebe6a-90b6-4092-860c-ffbfab3b3e78_1000.jpg!m_fill,w_280,h_210,f_jpg?from=ke.com
20231206,昌平,东关,101121244314,昌盛园二区 满五唯一 设施齐全,321万,37522元/平,顶层 (共6层) | 1995年 | 2室1厅 | 85.55平米 | 南 北,https://ke-image.ljcdn.com/110000-inspection/pc1_QsGWbMqDG_1.jpg!m_fill,w_280,h_210,f_jpg?from=ke.com
20231206,昌平,东关,101121160509,满五年唯一板楼中楼层南北通透,388万,39196元/平,中楼层 (共6层) | 2001年 | 2室1厅 | 98.99平米 | 南 北,https://ke-image.ljcdn.com/110000-inspection/pc1_9QJBcb7sy.jpg!m_fill,w_280,h_210,f_jpg?from=ke.com
20231206,昌平,东关,101121147377,总价推荐 满两年 中高层 自住装修 看房方便,369万,52490元/平,高楼层 (共12层) 2室1厅 | 70.3平米 | 南,https://ke-image.ljcdn.com/110000-inspection/e6202567-2f9a-453d-8dc8-2c4fd5e4c97f_1000.jpg!m_fill,w_280,h_210,f_jpg?from=ke.com
20231206,昌平,东关,101121122781,京科苑 3室1厅 南 北,349万,39691元/平,高楼层 (共6层) | 1994年 | 3室1厅 | 87.93平米 | 南 北,https://ke-image.ljcdn.com/110000-inspection/0386dbe9-1d9b-42ce-94e5-c348c074efcf_1000.jpg!m_fill,w_280,h_210,f_jpg?from=ke.com
20231206,昌平,东关,101121121002,满五年唯一板楼中楼层南北通透随时可看,370万,36126元/平,中楼层 (共7层) | 2001年 | 2室2厅 | 102.42平米 | 南 北,https://ke-image.ljcdn.com/110000-inspection/pc1_BjfTmCWtw.jpg!m_fill,w_280,h_210,f_jpg?from=ke.com
20231206,昌平,东关,101121120122,燕平家园 3室1厅 南 北,510万,33535元/平,低楼层 (共15层) | 2004年 | 3室1厅 | 152.08平米 | 南 北,https://ke-image.ljcdn.com/110000-inspection/2f74887c-a31b-4dd4-8162-453b88a4736c_1000.jpg!m_fill,w_280,h_210,f_jpg?from=ke.com
20231206,昌平,东关,101121098269,总监推荐 北京怡园 满五唯一 高楼层 业主诚售房主自荐,348万,48767元/平,高楼层 (共16层) 2室1厅 | 71.36平米 | 南,https://ke-image.ljcdn.com/110000-inspection/869fe808-5f6e-4b32-8c15-f5d4324502e8_1000.jpg!m_fill,w_280,h_210,f_jpg?from=ke.com
20231206,昌平,东关,101121086527,宁馨苑  商品房  满五唯一  近地铁 有电梯,720万,32897元/平,高楼层 (共7层) 4室2厅 | 218.87平米 | 南 北,https://ke-image.ljcdn.com/110000-inspection/c11b3943-cb6a-4b4f-97e1-0a670a6e76fa_1000.jpg!m_fill,w_280,h_210,f_jpg?from=ke.com
20231206,昌平,东关,101121054985,北京风景68号院 3室1厅 南 北,719万,47702元/平,中楼层 (共9层) | 2013年 | 3室1厅 | 150.73平米 | 南 北,https://ke-image.ljcdn.com/110000-inspection/pc1_KvEznF1J0.jpg!m_fill,w_280,h_210,f_jpg?from=ke.com
20231206,昌平,东关,101120991557,北京怡园 2室2厅 南,388万,54795元/平,顶层 (共16层) | 2016年 | 2室2厅 | 70.81平米 | 南,https://ke-image.ljcdn.com/110000-inspection/pc1_gQ7h74gCD.jpg!m_fill,w_280,h_210,f_jpg?from=ke.com
20231206,昌平,东关,101120984590,北京怡园 中间层 自住装修 看房方便 诚心出售,296万,53066元/平,高楼层 (共16层) 1室1厅 | 55.78平米 | 南,https://ke-image.ljcdn.com/110000-inspection/pc1_ntaTKIQ8C.jpg!m_fill,w_280,h_210,f_jpg?from=ke.com
20231206,昌平,东关,101120951355,金隅澜湾+私家电梯入户+叠拼别墅,1360万,62662元/平,中楼层 (共4层) 5室2厅 | 217.04平米 | 东 南 北,https://ke-image.ljcdn.com/110000-inspection/04ed99bd-1235-4f60-a377-43294e403f7d_1000.jpg!m_fill,w_280,h_210,f_jpg?from=ke.com
20231206,昌平,东关,101120948432,清秀园北区 2室1厅 南 北,259万,32103元/平,顶层 (共7层) 2室1厅 | 80.68平米 | 南 北,https://ke-image.ljcdn.com/110000-inspection/0d4d5152-45e4-4e19-ace9-b5197c962a0d_1000.jpg!m_fill,w_280,h_210,f_jpg?from=ke.com
20231206,昌平,东关,101120933650,富泉花园雅典园满五年唯一正规复式三居别墅园区,699万,39552元/平,顶层 (共6层) | 2000年 | 3室2厅 | 176.73平米 | 南 北,https://ke-image.ljcdn.com/110000-inspection/c6dcb3ea-8f3c-4212-95d0-e1d8c8550653_1000.jpg!m_fill,w_280,h_210,f_jpg?from=ke.com
20231206,昌平,东关,101120911209,京科苑 2室1厅 东 西,236万,36465元/平,顶层 (共7层) | 2007年 | 2室1厅 | 64.72平米 | 东 西,https://ke-image.ljcdn.com/110000-inspection/pc1_zRQQ3Yyh0_1.jpg!m_fill,w_280,h_210,f_jpg?from=ke.com
20231206,昌平,东关,101120905048,京科苑南北双通透户型方正靠谱房源,395万,34441元/平,顶层 (共6层) | 1998年 | 2室2厅 | 114.69平米 | 南 北,https://ke-image.ljcdn.com/110000-inspection/8b468001-39ab-4138-aadf-fbe927f8cd8a_1000.jpg!m_fill,w_280,h_210,f_jpg?from=ke.com
20231206,昌平,东关,101120878005,金隅嘉和园 2室1厅 南,310万,40031元/平,中楼层 (共19层) | 2011年 | 2室1厅 | 77.44平米 | 南,https://ke-image.ljcdn.com/110000-inspection/pc1_13ICmwZx8.jpg!m_fill,w_280,h_210,f_jpg?from=ke.com
20231206,昌平,东关,101120876137,水关新村 2室1厅 南 北,293万,38752元/平,高楼层 (共6层) | 1997年 | 2室1厅 | 75.61平米 | 南 北,https://ke-image.ljcdn.com/110000-inspection/pc1_oAFNJ1ZE7.jpg!m_fill,w_280,h_210,f_jpg?from=ke.com
20231206,昌平,东关,101120874589,亢山佳园小区 3室1厅 南 北,400万,36295元/平,顶层 (共6层) 3室1厅 | 110.21平米 | 南 北,https://ke-image.ljcdn.com/110000-inspection/pc1_wVGZDhfI4.jpg!m_fill,w_280,h_210,f_jpg?from=ke.com
20231206,昌平,东关,101120825975,北京怡园 3室2厅 南 北,690万,55885元/平,底层 (共16层) 3室2厅 | 123.47平米 | 南 北,https://ke-image.ljcdn.com/110000-inspection/pc1_dATJGzhJR.jpg!m_fill,w_280,h_210,f_jpg?from=ke.com
20231206,昌平,东关,101120811960,北京风景装修全新满五唯一双卫三居。,575万,46327元/平,中楼层 (共9层) | 2013年 | 3室1厅 | 124.12平米 | 南 北,https://ke-image.ljcdn.com/110000-inspection/a36314b2-a882-4908-acef-03df4f9a71bd_1000.jpg!m_fill,w_280,h_210,f_jpg?from=ke.com
20231206,昌平,东关,101120777098,世涛天朗 3室2厅 南 北房主自荐,568万,43132元/平,高楼层 (共6层) | 2005年 | 3室2厅 | 131.69平米 | 南 北,https://ke-image.ljcdn.com/110000-inspection/06972fdf-c505-48e7-b2fc-8444411a356f_1000.jpg!m_fill,w_280,h_210,f_jpg?from=ke.com
20231206,昌平,东关,101120773724,富泉花园 3室2厅 南 北,818万,61370元/平,底层 (共2层) | 2001年 | 3室2厅 | 133.29平米 | 南 北,https://ke-image.ljcdn.com/110000-inspection/c8548a33-fb14-441a-abc0-f6297e92940e_1000.jpg!m_fill,w_280,h_210,f_jpg?from=ke.com
20231206,昌平,东关,101120750110,富泉花园南北通透楼层好精品大三居,715万,37324元/平,顶层 (共5层) | 2000年 | 3室2厅 | 191.57平米 | 南 北,https://ke-image.ljcdn.com/110000-inspection/55a76c7c-c36a-46ef-8b30-a0d1f77df25c_1000.jpg!m_fill,w_280,h_210,f_jpg?from=ke.com
20231206,昌平,东关,101120735120,随园 3室2厅 南 北,670万,49878元/平,底层 (共8层) | 2009年 | 3室2厅 | 134.33平米 | 南 北,https://ke-image.ljcdn.com/110000-inspection/5b5eccda-a33c-4745-b9d5-7b3829f12aa8_1000.jpg!m_fill,w_280,h_210,f_jpg?from=ke.com
20231206,昌平,东关,101120713237,商品房 中间楼层 三阳户型 车位充足 有14平地下储物间,524万,35990元/平,中楼层 (共6层) 3室2厅 | 145.6平米 | 南 北,https://ke-image.ljcdn.com/110000-inspection/5c2c32d3-497a-41fd-a9bf-7de3a451b750_1000.jpg!m_fill,w_280,h_210,f_jpg?from=ke.com
20231206,昌平,东关,101120675011,北京怡园 3室2厅 南 北,515万,46968元/平,中楼层 (共16层) | 2016年 | 3室2厅 | 109.65平米 | 南 北,https://ke-image.ljcdn.com/110000-inspection/831c1034-5e4f-4ae0-b686-5536daf790f4_1000.jpg!m_fill,w_280,h_210,f_jpg?from=ke.com
20231206,昌平,东关,101120628411,随园南北向两居满五唯一楼层高视野好环境好,380万,41892元/平,顶层 (共11层) | 2009年 | 2室1厅 | 90.71平米 | 南 北,https://ke-image.ljcdn.com/110000-inspection/bc95290c-edce-4947-970e-195f3eba0abb_1000.jpg!m_fill,w_280,h_210,f_jpg?from=ke.com
20231206,昌平,东关,101120597732,叠拼别墅私家电梯入户精装修,1650万,48437元/平,中楼层 (共7层) 4室2厅 | 340.65平米 | 南 北,https://ke-image.ljcdn.com/110000-inspection/d4f88eb0-993d-406e-a1ed-cbcef7952d7e_1000.jpg!m_fill,w_280,h_210,f_jpg?from=ke.com
20231206,昌平,东关,101120597489,叠拼别墅私家电梯入户精装修,1850万,60994元/平,底层 (共4层) | 2015年 | 9室2厅 | 303.31平米 | 南 北,https://ke-image.ljcdn.com/110000-inspection/pc1_xpQaCu7Dq.jpg!m_fill,w_280,h_210,f_jpg?from=ke.com
20231206,昌平,东关,101120578408,北京怡园 1室1厅 南,293万,52528元/平,高楼层 (共16层) 1室1厅 | 55.78平米 | 南,https://ke-image.ljcdn.com/110000-inspection/c3aee14e-048b-48eb-baf2-2da5843be749_1000.jpg!m_fill,w_280,h_210,f_jpg?from=ke.com
20231206,昌平,东关,101120552630,世涛天朗 3室2厅 南 北,640万,44008元/平,低楼层 (共6层) 3室2厅 | 145.43平米 | 南 北,https://ke-image.ljcdn.com/110000-inspection/409a89c0-f7ac-457f-a866-15e9fc1f104e_1000.jpg!m_fill,w_280,h_210,f_jpg?from=ke.com
20231206,昌平,东关,101120495929,建安里一居室满五唯一近地铁采光视野好,205万,40756元/平,顶层 (共6层) | 1997年 | 1室1厅 | 50.3平米 | 南,https://ke-image.ljcdn.com/110000-inspection/633919c0-430e-4042-a0d5-b0a4040972d1_1000.jpg!m_fill,w_280,h_210,f_jpg?from=ke.com
20231206,昌平,东关,101120490685,随园小三居顶层使用面积大密度低满五唯一视野好,380万,42563元/平,顶层 (共9层) | 2009年 | 3室1厅 | 89.28平米 | 南,https://ke-image.ljcdn.com/110000-inspection/pc1_Tu41WCJW0.jpg!m_fill,w_280,h_210,f_jpg?from=ke.com
20231206,昌平,东关,101120462329,京科苑观景楼层两居室南北通透,358万,33669元/平,顶层 (共6层) | 1997年 | 2室2厅 | 106.33平米 | 南 北,https://ke-image.ljcdn.com/110000-inspection/pc1_rOu8O4gng_1.jpg!m_fill,w_280,h_210,f_jpg?from=ke.com
20231206,昌平,东关,101120413782,京科苑 2室1厅 南 北房主自荐,272万,36195元/平,高楼层 (共6层) 2室1厅 | 75.15平米 | 南 北,https://ke-image.ljcdn.com/110000-inspection/pc1_MVgIKKZAW.jpg!m_fill,w_280,h_210,f_jpg?from=ke.com
20231206,昌平,东关,101120389652,京科苑南北朝向房龄新靠谱卖,265万,35263元/平,顶层 (共6层) 2室1厅 | 75.15平米 | 南 北,https://ke-image.ljcdn.com/110000-inspection/08dfca96-c65d-4468-ad8d-694e615772b3_1000.jpg!m_fill,w_280,h_210,f_jpg?from=ke.com
20231206,昌平,东关,101120375617,京科苑  创时园下叠精装修拎包入住,960万,31245元/平,底层 (共4层) | 2003年 | 4室2厅 | 307.25平米 | 南 北,https://ke-image.ljcdn.com/110000-inspection/c6368c98-1495-4aa7-9e36-5f8c01aa51b3_1000.jpg!m_fill,w_280,h_210,f_jpg?from=ke.com
20231206,昌平,东关,101120350342,燕平家园 2室1厅 东,320万,35247元/平,中楼层 (共6层) | 2003年 | 2室1厅 | 90.79平米 | 东,https://ke-image.ljcdn.com/110000-inspection/979946ce-071b-4d0a-890e-afcc21d9bbf2_1000.jpg!m_fill,w_280,h_210,f_jpg?from=ke.com
20231206,昌平,东关,101120341375,京科苑 3室1厅 东 西 北,405万,29202元/平,中楼层 (共5层) | 2004年 | 3室1厅 | 138.69平米 | 东 西 北,https://ke-image.ljcdn.com/110000-inspection/pc1_qx95T96ZL_1.jpg!m_fill,w_280,h_210,f_jpg?from=ke.com
20231206,昌平,东关,101120260070,北京风景南北通透2居满五唯一。,455万,46971元/平,低楼层 (共8层) 2室2厅 | 96.87平米 | 南 北,https://ke-image.ljcdn.com/110000-inspection/6866ddcd-a01b-4fb5-9c53-cc1c56065bcc_1000.jpg!m_fill,w_280,h_210,f_jpg?from=ke.com
20231206,昌平,东关,101120237358,新上三居京科苑总监推荐 满五唯一 南北通透,286万,31474元/平,顶层 (共6层) | 1993年 | 3室1厅 | 90.87平米 | 南 北,https://ke-image.ljcdn.com/110000-inspection/83c1037e-497b-43d0-aef0-08a92a7850ea_1000.jpg!m_fill,w_280,h_210,f_jpg?from=ke.com
20231206,昌平,东关,101120170791,水关新村 2室1厅 南 北,255万,39087元/平,顶层 (共6层) | 1990年 | 2室1厅 | 65.24平米 | 南 北,https://ke-image.ljcdn.com/110000-inspection/pc1_B76xNNaJX.jpg!m_fill,w_280,h_210,f_jpg?from=ke.com
20231206,昌平,东关,101120147116,东关北里小区 2003年 满五唯一 一层 南北通透,325万,39766元/平,底层 (共7层) | 2003年 | 2室1厅 | 81.73平米 | 南 北,https://ke-image.ljcdn.com/110000-inspection/df209aa4-7419-4453-b851-14746cf69a76_1000.jpg!m_fill,w_280,h_210,f_jpg?from=ke.com
20231206,昌平,东关,101120135587,北京风景66号院 4室2厅 南 北,709万,46914元/平,中楼层 (共10层) | 2014年 | 4室2厅 | 151.13平米 | 南 北,https://ke-image.ljcdn.com/110000-inspection/pc1_Tt6nt6yy7.jpg!m_fill,w_280,h_210,f_jpg?from=ke.com
20231206,昌平,东关,101120086592,金隅观澜时代 满五唯一精装修两居室,407万,46686元/平,高楼层 (共21层) | 2013年 | 2室1厅 | 87.18平米 | 南,https://ke-image.ljcdn.com/110000-inspection/pc1_KFe74aQeP_1.jpg!m_fill,w_280,h_210,f_jpg?from=ke.com
20231206,昌平,东关,101120070294,清秀园北区 1室1厅 西,199万,43584元/平,中楼层 (共19层) 1室1厅 | 45.66平米 | 西,https://ke-image.ljcdn.com/110000-inspection/73e08832-5aeb-4e42-b590-a6997c014822_1000.jpg!m_fill,w_280,h_210,f_jpg?from=ke.com
20231206,昌平,东关,101120049815,诚意出售富泉花园精装联排别墅可直接入住,1380万,44361元/平,底层 (共4层) 4室2厅 | 311.09平米 | 南 北,https://ke-image.ljcdn.com/110000-inspection/pc1_ykZuxLx4l.jpg!m_fill,w_280,h_210,f_jpg?from=ke.com
20231206,昌平,东关,101120033734,世涛天朗 3室2厅 南 北,480万,34491元/平,顶层 (共6层) 3室2厅 | 139.17平米 | 南 北,https://ke-image.ljcdn.com/110000-inspection/5f7f34b2-4d99-425d-98a3-7a18e2287a43_1000.jpg!m_fill,w_280,h_210,f_jpg?from=ke.com
20231206,昌平,东关,101120029787,全明格局 3居2卫  看房方便 业主换房,468万,39000元/平,中楼层 (共6层) | 2001年 | 3室2厅 | 120平米 | 南 北 西,https://ke-image.ljcdn.com/110000-inspection/7234b079-882e-4add-9238-adb16b67620d_1000.jpg!m_fill,w_280,h_210,f_jpg?from=ke.com
20231206,昌平,东关,101120003631,金隅观澜时代、南向两居室高楼层、采光和视野很好,405万,47822元/平,顶层 (共21层) | 2013年 | 2室1厅 | 84.69平米 | 南,https://ke-image.ljcdn.com/110000-inspection/b3ffac50-66c8-49b1-818d-ddec551fee71_1000.jpg!m_fill,w_280,h_210,f_jpg?from=ke.com
20231206,昌平,东关,101119963955,北京风景精装修大两居室一层近地铁,489万,42474元/平,底层 (共8层) | 2013年 | 2室2厅 | 115.13平米 | 南 北,https://ke-image.ljcdn.com/110000-inspection/pc1_EYzhjgrYr.jpg!m_fill,w_280,h_210,f_jpg?from=ke.com
20231206,昌平,东关,101119940845,富泉花园 4室2厅 南 北,768万,48245元/平,底层 (共4层) | 2001年 | 4室2厅 | 159.19平米 | 南 北,https://ke-image.ljcdn.com/110000-inspection/15a18a66-b693-4d61-b197-8733f227d94c_1000.jpg!m_fill,w_280,h_210,f_jpg?from=ke.com
20231206,昌平,东关,101119875707,东关北里小区 2003年 复式 南北通透格局好,510万,29750元/平,高楼层 (共7层) | 2003年 | 3室2厅 | 171.43平米 | 南 北,https://ke-image.ljcdn.com/110000-inspection/pc1_G11l064Wo.jpg!m_fill,w_280,h_210,f_jpg?from=ke.com
20231206,昌平,东关,101119845321,水关新村 2室1厅 南 北,259万,38531元/平,中楼层 (共6层) | 1992年 | 2室1厅 | 67.22平米 | 南 北,https://ke-image.ljcdn.com/110000-inspection/e49720db-f135-4921-b936-6cf2cd77112c_1000.jpg!m_fill,w_280,h_210,f_jpg?from=ke.com
20231206,昌平,东关,101119811013,金隅观澜时代 观景房 视野开阔 俯瞰滨河公园,446万,50012元/平,高楼层 (共21层) | 2013年 | 2室2厅 | 89.18平米 | 南 北,https://ke-image.ljcdn.com/110000-inspection/pc1_0ubSgz2Ps.jpg!m_fill,w_280,h_210,f_jpg?from=ke.com
20231206,昌平,东关,101119806553,宁馨苑 3室2厅 南 北,510万,36238元/平,高楼层 (共6层) | 2003年 | 3室2厅 | 140.74平米 | 南 北,https://ke-image.ljcdn.com/110000-inspection/pc1_eL9FHzyGg.jpg!m_fill,w_280,h_210,f_jpg?from=ke.com
20231206,昌平,东关,101119774796,北京风景 洋房社区 南北朝向三居室 看房方便房主自荐,479万,45869元/平,顶层 (共6层) 3室2厅 | 104.43平米 | 南 北,https://ke-image.ljcdn.com/110000-inspection/6915b779-86bb-436c-a450-de9b772d57b0_1000.jpg!m_fill,w_280,h_210,f_jpg?from=ke.com
20231206,昌平,东关,101119746342,清秀园南区 3室1厅 南 北,320万,35675元/平,中楼层 (共7层) | 1999年 | 3室1厅 | 89.7平米 | 南 北,https://ke-image.ljcdn.com/110000-inspection/7421bef4-11ea-44b0-8900-43580168eff6_1000.jpg!m_fill,w_280,h_210,f_jpg?from=ke.com
20231206,昌平,东关,101119715516,富泉花园 3室2厅 南 北,1586万,50983元/平,底层 (共4层) | 2000年 | 3室2厅 | 311.09平米 | 南 北,https://ke-image.ljcdn.com/110000-inspection/b6205c54-d678-4c21-a850-9b04d3cb85ca_1000.jpg!m_fill,w_280,h_210,f_jpg?from=ke.com
20231206,昌平,东关,101119700540,此房南北通透下叠户型大客厅6米挑空空间宽敞,1100万,29517元/平,底层 (共4层) | 2000年 | 5室2厅 | 372.67平米 | 南 北,https://ke-image.ljcdn.com/110000-inspection/a9c31a62-f3e2-4c5a-82ee-b129dc981f56_1000.jpg!m_fill,w_280,h_210,f_jpg?from=ke.com
20231206,昌平,东关,101119400724,金隅观澜时代+花园洋房+小桥流水,585万,50267元/平,底层 (共9层) | 2013年 | 4室2厅 | 116.38平米 | 南 北,https://ke-image.ljcdn.com/110000-inspection/d7dc82a4-b7dd-4f41-9281-8c96c6bf4877_1000.jpg!m_fill,w_280,h_210,f_jpg?from=ke.com
20231206,昌平,东关,101119354796,随园顶层三居使用面积大采光视野好近公园,398万,44659元/平,顶层 (共9层) | 2009年 | 3室2厅 | 89.12平米 | 南,https://ke-image.ljcdn.com/110000-inspection/pc1_zL1N1KiIV_1.jpg!m_fill,w_280,h_210,f_jpg?from=ke.com
20231206,昌平,东关,101119302547,随园 南北三居带电梯精装修,590万,41271元/平,中楼层 (共11层) 3室2厅 | 142.96平米 | 南 北,https://ke-image.ljcdn.com/110000-inspection/339cd551-c7f1-43b3-8026-1a50c69634e4_1000.jpg!m_fill,w_280,h_210,f_jpg?from=ke.com
20231206,昌平,东关,101119181294,东关南里小区 4室3厅 南 北房主自荐,498万,31085元/平,高楼层 (共6层) 4室3厅 | 160.21平米 | 南 北,https://ke-image.ljcdn.com/110000-inspection/b8ea898a-eb21-4d4b-8f88-e5ccc496404c_1000.jpg!m_fill,w_280,h_210,f_jpg?from=ke.com
20231206,昌平,东关,101119163303,富泉花园别墅园区 电梯洋房 大面宽采光好,680万,37394元/平,高楼层 (共6层) | 2000年 | 3室2厅 | 181.85平米 | 南 北,https://ke-image.ljcdn.com/110000-inspection/33879b3e-a657-4d6a-86ca-cd4538cb189e_1000.jpg!m_fill,w_280,h_210,f_jpg?from=ke.com
20231206,昌平,东关,101119043306,东关南里   复式    精装修  直接入住,538万,33581元/平,高楼层 (共6层) 4室2厅 | 160.21平米 | 南 北,https://ke-image.ljcdn.com/110000-inspection/pc1_4b5YvmkXl.jpg!m_fill,w_280,h_210,f_jpg?from=ke.com
20231206,昌平,东关,101118961422,清秀园北区 2室1厅 南 北房主自荐,249万,30863元/平,顶层 (共7层) | 2003年 | 2室1厅 | 80.68平米 | 南 北,https://ke-image.ljcdn.com/110000-inspection/1c8cda73-065b-40a8-bfb2-1e5b5e377c76_1000.jpg!m_fill,w_280,h_210,f_jpg?from=ke.com
20231206,昌平,东关,101118938302,东关南里户型方正三居室楼龄新满五年唯一,353万,35831元/平,顶层 (共6层) | 2000年 | 3室2厅 | 98.52平米 | 南 北,https://ke-image.ljcdn.com/110000-inspection/pc1_AZi6mKewl_1.jpg!m_fill,w_280,h_210,f_jpg?from=ke.com
20231206,昌平,东关,101118875093,北京怡园 1室1厅 南 北,299万,46221元/平,低楼层 (共16层) 1室1厅 | 64.69平米 | 南 北,https://ke-image.ljcdn.com/110000-inspection/0d062c99-5820-4dc1-a3e9-2c1db7a1a9ff_1000.jpg!m_fill,w_280,h_210,f_jpg?from=ke.com
20231206,昌平,东关,101118709928,建安里小区 4室2厅 南 北房主自荐,680万,30887元/平,顶层 (共6层) | 2001年 | 4室2厅 | 220.16平米 | 南 北,https://ke-image.ljcdn.com/110000-inspection/pc1_waVwI0xvy.jpg!m_fill,w_280,h_210,f_jpg?from=ke.com
20231206,昌平,东关,101118570738,清秀园北区（力天嘉苑）商品房社区房主自荐,199万,36235元/平,高楼层 (共19层) | 2004年 | 1室1厅 | 54.92平米 | 东,https://ke-image.ljcdn.com/110000-inspection/9cb189d3-adaf-414f-9c54-9d83f9f856f3_1000.jpg!m_fill,w_280,h_210,f_jpg?from=ke.com
20231206,昌平,东关,101118517322,北京怡园 满五年唯一商品房 全南向正规两居,375万,52551元/平,顶层 (共16层) 3室1厅 | 71.36平米 | 南,https://ke-image.ljcdn.com/110000-inspection/pc1_oEYG10a9w_1.jpg!m_fill,w_280,h_210,f_jpg?from=ke.com
20231206,昌平,东关,101118465448,宁馨苑 满五唯一精装修南北通透次顶层,480万,31791元/平,高楼层 (共6层) | 2001年 | 3室2厅 | 150.99平米 | 南 北,https://ke-image.ljcdn.com/110000-inspection/37eb43f1-693d-474d-beee-49dab5862ab6_1000.jpg!m_fill,w_280,h_210,f_jpg?from=ke.com
20231206,昌平,东关,101118423281,金隅嘉和园 3室1厅 南 北,348万,38771元/平,底层 (共19层) | 2011年 | 3室1厅 | 89.76平米 | 南 北,https://ke-image.ljcdn.com/110000-inspection/pc1_VzMigVut0_1.jpg!m_fill,w_280,h_210,f_jpg?from=ke.com
20231206,昌平,东关,101118415187,宁馨苑2-2-1-1 100.89m² 精装修,446万,44207元/平,高楼层 (共6层) | 2003年 | 2室2厅 | 100.89平米 | 南 北,https://ke-image.ljcdn.com/110000-inspection/826ecd4d-338c-4264-8395-8db266bbd774_1000.jpg!m_fill,w_280,h_210,f_jpg?from=ke.com
20231206,昌平,东关,101118401506,建安里小区 3室1厅 南 北房主自荐,430万,36665元/平,中楼层 (共11层) | 2008年 | 3室1厅 | 117.28平米 | 南 北,https://ke-image.ljcdn.com/110000-inspection/d9b0ca8c-7c95-445c-8525-d996a2025ffb_1000.jpg!m_fill,w_280,h_210,f_jpg?from=ke.com
20231206,昌平,东关,101118342116,宁馨苑 3室2厅 南 北,580万,36230元/平,中楼层 (共11层) | 2001年 | 3室2厅 | 160.09平米 | 南 北,https://ke-image.ljcdn.com/110000-inspection/f8133953-9a05-4b83-9742-185b27f966a2_1000.jpg!m_fill,w_280,h_210,f_jpg?from=ke.com
20231206,昌平,东关,101118336290,宁馨苑 2室1厅 东北房主自荐,308万,31753元/平,低楼层 (共17层) | 2003年 | 2室1厅 | 97平米 | 东北,https://ke-image.ljcdn.com/110000-inspection/a9f59653-4a6c-46ba-a255-5e4071e0e15e_1000.jpg!m_fill,w_280,h_210,f_jpg?from=ke.com
20231206,昌平,东关,101118313127,东环路小区独院二层南北三居室满五唯一,308万,43241元/平,低楼层 (共6层) | 1990年 | 3室1厅 | 71.23平米 | 南 北,https://ke-image.ljcdn.com/110000-inspection/pc1_RCZWm0ltt.jpg!m_fill,w_280,h_210,f_jpg?from=ke.com
20231206,昌平,东关,101118282833,南里小区  采光好 不临街  有独立厅 实用面积70平房主自荐,243万,45832元/平,顶层 (共5层) | 1987年 | 2室1厅 | 53.02平米 | 南,https://ke-image.ljcdn.com/110000-inspection/346c521a-3fc8-4ca1-b327-ded025bd8c10_1000.jpg!m_fill,w_280,h_210,f_jpg?from=ke.com
20231206,昌平,东关,101118267023,清秀园南区 2室1厅 南 北,246万,30924元/平,中楼层 (共6层) 2室1厅 | 79.55平米 | 南 北,https://ke-image.ljcdn.com/110000-inspection/5f0f91f5-c338-4e44-a125-3d50a247fdb5_1000.jpg!m_fill,w_280,h_210,f_jpg?from=ke.com
20231206,昌平,东关,101118200158,诚意出售富泉花园别墅区大复式电梯房一层一户房主自荐,826万,38707元/平,顶层 (共6层) | 2000年 | 4室2厅 | 213.4平米 | 南 北,https://ke-image.ljcdn.com/110000-inspection/e0069f6c-c69a-4586-a4e0-c2094bcfccf9_1000.jpg!m_fill,w_280,h_210,f_jpg?from=ke.com
20231206,昌平,东关,101118096016,世涛天朗 3室2厅 南 北,580万,41730元/平,顶层 (共6层) 3室2厅 | 138.99平米 | 南 北,https://ke-image.ljcdn.com/110000-inspection/pc1_XLtZkUuxd.jpg!m_fill,w_280,h_210,f_jpg?from=ke.com
20231206,昌平,东关,101117862040,建安里小区 正规南北三居 四层可以贷款220万房主自荐,360万,34296元/平,中楼层 (共6层) | 1996年 | 3室2厅 | 104.97平米 | 南 北,https://ke-image.ljcdn.com/110000-inspection/e72c68f4-aa83-4de0-bf5e-b9ebab00ed7c_1000.jpg!m_fill,w_280,h_210,f_jpg?from=ke.com
20231206,昌平,东关,101117840197,此房为南北朝向双拼别墅1加2层,1000万,74851元/平,底层 (共3层) | 2007年 | 3室2厅 | 133.6平米 | 南 北,https://ke-image.ljcdn.com/110000-inspection/pc1_zC4KLDAt5_1.jpg!m_fill,w_280,h_210,f_jpg?from=ke.com
20231206,昌平,东关,101117813688,东关二条 南北通透格局 视野宽阔 采光充足 交通便利,210万,33155元/平,顶层 (共6层) | 1991年 | 2室1厅 | 63.34平米 | 南 北,https://ke-image.ljcdn.com/110000-inspection/pc1_CJCR5rdW2.jpg!m_fill,w_280,h_210,f_jpg?from=ke.com
20231206,昌平,东关,101117734712,建安里小区精装修电梯房大面积业主诚意售房,488万,27912元/平,顶层 (共11层) | 2003年 | 3室2厅 | 174.84平米 | 南,https://ke-image.ljcdn.com/110000-inspection/8173932e-b073-4165-9abb-a72e844c3298_1000.jpg!m_fill,w_280,h_210,f_jpg?from=ke.com
20231206,昌平,东关,101117716660,京科苑 大三居顶层复式 采光充足,450万,32447元/平,顶层 (共5层) | 2004年 | 3室1厅 | 138.69平米 | 东 西 北,https://ke-image.ljcdn.com/110000-inspection/ba004f9c-cf5c-40a0-90d0-2a687152c25f_1000.jpg!m_fill,w_280,h_210,f_jpg?from=ke.com
20231206,昌平,东关,101117552147,创时园三层复式 4室两厅  满五年唯一,890万,34430元/平,底层 (共4层) 4室2厅 | 258.5平米 | 南 北,https://ke-image.ljcdn.com/110000-inspection/pc1_jlxjwyQPM.jpg!m_fill,w_280,h_210,f_jpg?from=ke.com
20231206,昌平,东关,101117547854,金隅澜湾 中叠别墅 把东边采光好 自住装修,1450万,63297元/平,中楼层 (共6层) 4室2厅 | 229.08平米 | 东 南,https://ke-image.ljcdn.com/110000-inspection/5f92cb5f-53a6-4e50-9984-6b108702989f_1000.jpg!m_fill,w_280,h_210,f_jpg?from=ke.com
20231206,昌平,东关,101117355521,建安里小区2-2-1-2 126.68m²,429万,33865元/平,低楼层 (共11层) | 2001年 | 2室2厅 | 126.68平米 | 南 西,https://ke-image.ljcdn.com/110000-inspection/pc1_ZkLebmLIQ_1.jpg!m_fill,w_280,h_210,f_jpg?from=ke.com
20231206,昌平,东关,101117245056,果岭小镇 6室2厅 南 北,1200万,57108元/平,底层 (共2层) 6室2厅 | 210.13平米 | 南 北,https://ke-image.ljcdn.com/110000-inspection/pc1_nu4XO2wb3_1.jpg!m_fill,w_280,h_210,f_jpg?from=ke.com
20231206,昌平,东关,101117217195,满五年唯一只有契税中间楼层明厨明卫,230万,33310元/平,中楼层 (共6层) 2室1厅 | 69.05平米 | 南,https://ke-image.ljcdn.com/110000-inspection/test-d07fea58-8f0d-4854-8f9d-422671d80285.png!m_fill,w_280,h_210,f_jpg?from=ke.com
20231206,昌平,东关,101116488053,富泉花园 9室3厅 东 南 西 北,2100万,79603元/平,底层 (共2层) | 2001年 | 9室3厅 | 263.81平米 | 东 南 西 北,https://ke-image.ljcdn.com/110000-inspection/932454c7-48d9-46b1-9fef-063fb87765b8_1000.jpg!m_fill,w_280,h_210,f_jpg?from=ke.com
20231206,昌平,东关,101116393271,宁馨苑 精装修  近地铁 大一居,293万,43498元/平,顶层 (共17层) | 2003年 | 1室1厅 | 67.36平米 | 西南,https://ke-image.ljcdn.com/110000-inspection/5c4b58eb-bae6-4e8a-8be6-b04a3c195c30_1000.jpg!m_fill,w_280,h_210,f_jpg?from=ke.com
20231206,昌平,东关,101116321426,宁馨苑小区  电梯房  南北通透  户型方正房主自荐,545万,34044元/平,高楼层 (共11层) 3室2厅 | 160.09平米 | 南 北,https://ke-image.ljcdn.com/110000-inspection/dd92d79c-1de3-4c94-9aed-d0a384e82eb2_1000.jpg!m_fill,w_280,h_210,f_jpg?from=ke.com
20231206,昌平,东关,101116000645,金隅澜湾 3室2厅 南 北房主自荐,1220万,56294元/平,中楼层 (共4层) | 2015年 | 3室2厅 | 216.72平米 | 南 北,https://ke-image.ljcdn.com/110000-inspection/ac5220ef-316f-458b-94a0-c608f3d0e210_1000.jpg!m_fill,w_280,h_210,f_jpg?from=ke.com
20231206,昌平,东关,101115866557,北京怡园 3室2厅 南 北房主自荐,729万,69409元/平,底层 (共16层) | 2016年 | 3室2厅 | 105.03平米 | 南 北,https://ke-image.ljcdn.com/110000-inspection/pc1_YqRp8odJL.jpg!m_fill,w_280,h_210,f_jpg?from=ke.com
20231206,昌平,东关,101115426780,东关南里小区 复式 满五年唯一房主自荐,700万,38267元/平,中楼层 (共6层) | 2003年 | 4室2厅 | 182.93平米 | 南 北,https://ke-image.ljcdn.com/110000-inspection/pc1_Xe9SSX8y7.jpg!m_fill,w_280,h_210,f_jpg?from=ke.com
20231206,昌平,东关,101114977355,清秀园北区 1室1厅 南 北,205万,38505元/平,顶层 (共5层) | 1984年 | 1室1厅 | 53.24平米 | 南 北,https://ke-image.ljcdn.com/110000-inspection/pc1_F0TomOXqv.jpg!m_fill,w_280,h_210,f_jpg?from=ke.com
20231206,昌平,东关,101114766100,*家园小区 南北通透四居室 户型方正房主自荐,550万,36579元/平,中楼层 (共6层) 4室1厅 | 150.36平米 | 南 北,https://ke-image.ljcdn.com/110000-inspection/1bd47474-d48a-4e9a-a202-caab198cfec0_1000.jpg!m_fill,w_280,h_210,f_jpg?from=ke.com
20231206,昌平,东关,101114729945,昌盛园二区精装两居室采光充足。,285万,34079元/平,顶层 (共6层) | 1998年 | 2室1厅 | 83.63平米 | 南,https://ke-image.ljcdn.com/110000-inspection/081d33bb-cae2-462c-aa05-2d7f488a10fd_1000.jpg!m_fill,w_280,h_210,f_jpg?from=ke.com
20231206,昌平,东关,101114661009,宁馨苑小区  电梯房 商品房  采光充足 视野开阔,530万,33382元/平,中楼层 (共17层) | 2003年 | 2室2厅 | 158.77平米 | 南 北,https://ke-image.ljcdn.com/110000-inspection/pc1_aLW0oIhfo_1.jpg!m_fill,w_280,h_210,f_jpg?from=ke.com
20231206,昌平,东关,101114568818,三阳3居室 通透户型 自住装修 只有契税,345万,33652元/平,高楼层 (共6层) | 1994年 | 3室1厅 | 102.52平米 | 南 北,https://ke-image.ljcdn.com/110000-inspection/9cc7e841-f2cf-41b0-9d45-2a8160eb8bfd_1000.jpg!m_fill,w_280,h_210,f_jpg?from=ke.com
20231206,昌平,东关,101114345837,金隅澜湾+观景上叠别墅+私家电梯,1160万,47968元/平,高楼层 (共6层) | 2015年 | 3室2厅 | 241.83平米 | 南 北,https://ke-image.ljcdn.com/110000-inspection/3b6c6518-39fd-4f12-b7a5-f9b96b4ec23e_1000.jpg!m_fill,w_280,h_210,f_jpg?from=ke.com
20231206,昌平,东关,101113135609,宁馨苑4-3-1-3 221.53m²,610万,27536元/平,顶层 (共6层) 4室3厅 | 221.53平米 | 南 北,https://ke-image.ljcdn.com/110000-inspection/pc1_QggsEADCd.jpg!m_fill,w_280,h_210,f_jpg?from=ke.com
20231206,昌平,东关,101112136593,京科苑两居满五唯一1997年房子贷款25年,272万,40743元/平,高楼层 (共6层) | 1997年 | 2室1厅 | 66.76平米 | 南,https://ke-image.ljcdn.com/110000-inspection/pc1_D20ACyLCU_1.jpg!m_fill,w_280,h_210,f_jpg?from=ke.com
20231206,昌平,东关,101108725695,此房满五年唯一楼龄新看房方便周围配套齐全房主自荐,168万,40886元/平,低楼层 (共19层) | 2004年 | 1室0厅 | 41.09平米 | 北,https://ke-image.ljcdn.com/110000-inspection/pc1_f1HOFlEOf_1.jpg!m_fill,w_280,h_210,f_jpg?from=ke.com
20231206,昌平,东关,101122193198,红石座高楼层东南向采光视野好近地铁做好的二层,135万,20069元/平,高楼层 (共7层) | 2016年 | 2室1厅 | 67.27平米 | 东南,https://s1.ljcdn.com/pegasus/redskull/images/common/default_house_list.png?_v=202311081228217
20231206,昌平,东关,101122184739,水关新村 2室1厅 南新上,260万,39472元/平,中楼层 (共6层) | 1991年 | 2室1厅 | 65.87平米 | 南,https://s1.ljcdn.com/pegasus/redskull/images/common/default_house_list.png?_v=202311081228217
20231206,昌平,东关,101122176197,昌盛园三区+南北两居室+出行便利新上,350万,41882元/平,底层 (共6层) 2室1厅 | 83.57平米 | 南 北,https://s1.ljcdn.com/pegasus/redskull/images/common/default_house_list.png?_v=202311081228217
20231206,昌平,东关,101122165858,东关南里小区 2室1厅 东 西新上,270万,37428元/平,中楼层 (共6层) 2室1厅 | 72.14平米 | 东 西,https://s1.ljcdn.com/pegasus/redskull/images/common/default_house_list.png?_v=202311081228217
20231206,昌平,东关,101122032586,金隅观澜时代+两居室+生活便利,388万,45750元/平,底层 (共21层) | 2013年 | 2室1厅 | 84.81平米 | 南,https://s1.ljcdn.com/pegasus/redskull/images/common/default_house_list.png?_v=202311081228217
20231206,昌平,东关,101122008299,水关新村 2室2厅 南 北,320万,29280元/平,顶层 (共6层) | 2001年 | 2室2厅 | 109.29平米 | 南 北,https://s1.ljcdn.com/pegasus/redskull/images/common/default_house_list.png?_v=202311081228217
20231206,昌平,东关,101121870745,红石座 1室0厅 东,180万,19952元/平,低楼层 (共8层) 1室0厅 | 90.22平米 | 东,https://s1.ljcdn.com/pegasus/redskull/images/common/default_house_list.png?_v=202311081228217
20231206,昌平,东关,101121749168,水晶屿 1室0厅 西,103万,18830元/平,中楼层 (共7层) | 2016年 | 1室0厅 | 54.7平米 | 西,https://s1.ljcdn.com/pegasus/redskull/images/common/default_house_list.png?_v=202311081228217
20231206,昌平,东关,101121683553,水晶屿 2室3厅 东南,245万,22434元/平,中楼层 (共7层) | 2016年 | 2室3厅 | 109.21平米 | 东南,https://s1.ljcdn.com/pegasus/redskull/images/common/default_house_list.png?_v=202311081228217
20231206,昌平,东关,101121644039,北京怡园 1室1厅 南,280万,48135元/平,顶层 (共16层) | 2016年 | 1室1厅 | 58.17平米 | 南,https://s1.ljcdn.com/pegasus/redskull/images/common/default_house_list.png?_v=202311081228217
20231206,昌平,东关,101121604868,红石座 1室1厅 南,152万,20061元/平,中楼层 (共10层) 1室1厅 | 75.77平米 | 南,https://s1.ljcdn.com/pegasus/redskull/images/common/default_house_list.png?_v=202311081228217
20231206,昌平,东关,101121592756,京科苑 2室1厅 南 北,350万,34768元/平,中楼层 (共7层) | 2007年 | 2室1厅 | 100.67平米 | 南 北,https://s1.ljcdn.com/pegasus/redskull/images/common/default_house_list.png?_v=202311081228217
20231206,昌平,东关,101121550764,红石座 2室1厅 东南,138万,16873元/平,顶层 (共8层) 2室1厅 | 81.79平米 | 东南,https://s1.ljcdn.com/pegasus/redskull/images/common/default_house_list.png?_v=202311081228217
20231206,昌平,东关,101121121104,红石座中间层东向看公园视野好近地铁配套齐,150万,22299元/平,中楼层 (共7层) | 2016年 | 1室1厅 | 67.27平米 | 东,https://s1.ljcdn.com/pegasus/redskull/images/common/default_house_list.png?_v=202311081228217
20231206,昌平,东关,101120216073,2016年楼龄新格局规整。,93万,17429元/平,低楼层 (共6层) 1室1厅 | 53.36平米 | 南,https://s1.ljcdn.com/pegasus/redskull/images/common/default_house_list.png?_v=202311081228217
20231206,昌平,东关,101119796262,金隅红石座  电梯房  看房随时,92万,19024元/平,低楼层 (共10层) 1室1厅 | 48.36平米 | 南,https://s1.ljcdn.com/pegasus/redskull/images/common/default_house_list.png?_v=202311081228217
20231206,昌平,东关,101119738931,红石座 2室2厅 东,140万,23000元/平,低楼层 (共13层) | 2016年 | 2室2厅 | 60.87平米 | 东,https://s1.ljcdn.com/pegasus/redskull/images/common/default_house_list.png?_v=202311081228217
20231206,昌平,东关,101119283688,东侧20米是滨河森林公园 景观优美 空气清新,92万,19207元/平,顶层 (共7层) | 2016年 | 1室1厅 | 47.9平米 | 西,https://s1.ljcdn.com/pegasus/redskull/images/common/default_house_list.png?_v=202311081228217
20231206,昌平,东关,101118821763,水晶屿 1室1厅 西,93万,20157元/平,顶层 (共7层) | 2016年 | 1室1厅 | 46.14平米 | 西,https://s1.ljcdn.com/pegasus/redskull/images/common/default_house_list.png?_v=202311081228217
20231206,昌平,东关,101118821731,水晶屿 1室1厅 西房主自荐,93万,20157元/平,顶层 (共7层) | 2016年 | 1室1厅 | 46.14平米 | 西,https://s1.ljcdn.com/pegasus/redskull/images/common/default_house_list.png?_v=202311081228217
20231206,昌平,东关,101118790279,红石座 1室1厅 东,115万,17980元/平,中楼层 (共8层) 1室1厅 | 63.96平米 | 东,https://s1.ljcdn.com/pegasus/redskull/images/common/default_house_list.png?_v=202311081228217
20231206,昌平,东关,101117184372,近地铁全明格局大三居满五唯一中间层,520万,33688元/平,中楼层 (共6层) | 2003年 | 3室1厅 | 154.36平米 | 南 北,https://ke-image.ljcdn.com/110000-inspection/rsp_pic_uploadfb9fa0fa-82ba-4a2f-940e-7a70de3fd370.jpg!m_fill,w_280,h_210,f_jpg?from=ke.com
20231206,昌平,东关,101113529735,东环路 南向满五年 中间楼层看房提前联系房主自荐,225万,55283元/平,中楼层 (共6层) | 1990年 | 1室1厅 | 40.7平米 | 南 北,https://ke-image.ljcdn.com/110000-inspection/4c4d0915a56f2229b5d25f3f4f9d4701-015.jpg!m_fill,w_280,h_210,f_jpg?from=ke.com
20231206,昌平,东关,101111719066,水晶屿 商业办公房 近公园环、环境不错,103万,18830元/平,中楼层 (共7层) | 2016年 | 1室0厅 | 54.7平米 | 西,https://s1.ljcdn.com/pegasus/redskull/images/common/default_house_list.png?_v=202311081228217
