20230516,密云,密云镇,101115032121,水岸花墅 小区环境好 带电梯 楼层好必看好房,400万,30085元/平,顶层 (共4层) | 2012年建 | 4室1厅 | 132.96平米 | 南 北,https://ke-image.ljcdn.com/110000-inspection/pc1_FEsbg40L3.jpg!m_fill,w_280,h_210,f_jpg?from=ke.com
20230516,密云,密云镇,101112312987,房屋朝南电梯房采光好视野好前方无遮挡必看好房,165万,22241元/平,中楼层 (共15层) | 2015年建 | 2室1厅 | 74.19平米 | 南,https://ke-image.ljcdn.com/110000-inspection/pc1_mhtQ9iIQ8_1.jpg!m_fill,w_280,h_210,f_jpg?from=ke.com
20230516,密云,密云镇,101119212354,密云区   城建上河湾南区   采光好必看好房,220万,24510元/平,中楼层 (共16层) | 2015年建 | 2室1厅 | 89.76平米 | 南 北,https://ke-image.ljcdn.com/110000-inspection/pc1_LGNkjXaoZ.jpg!m_fill,w_280,h_210,f_jpg?from=ke.com
20230516,密云,密云镇,101118547154,品质小区依山傍水好楼层好位置北京城建自持物业必看好房,212万,23416元/平,中楼层 (共15层) 2室2厅 | 90.54平米 | 南 西 北,https://ke-image.ljcdn.com/110000-inspection/pc1_KqIne8mpI.jpg!m_fill,w_280,h_210,f_jpg?from=ke.com
20230516,密云,密云镇,101118321104,中加荣园北区 精装修 独立大3居  南北通透 中间楼层必看好房,315万,28090元/平,中楼层 (共11层) 3室1厅 | 112.14平米 | 南 北,https://ke-image.ljcdn.com/110000-inspection/pc1_nooU59Hp1.jpg!m_fill,w_280,h_210,f_jpg?from=ke.com
20230516,密云,密云镇,101117831468,城建上河湾南区精装修南北通透全屋定制拎包入住必看好房,195万,22466元/平,低楼层 (共15层) 2室1厅 | 86.8平米 | 南 北,https://ke-image.ljcdn.com/110000-inspection/pc1_sDNe14Mn8.jpg!m_fill,w_280,h_210,f_jpg?from=ke.com
20230516,密云,密云镇,101117414547,中加福园 中低楼层 无遮挡 采光好,145万,25187元/平,低楼层 (共6层) 1室1厅 | 57.57平米 | 北,https://ke-image.ljcdn.com/110000-inspection/pc1_htidH1H3x.jpg!m_fill,w_280,h_210,f_jpg?from=ke.com
20230516,密云,密云镇,101117207709,季庄小区满五唯一南北通透商品房,190万,20684元/平,中楼层 (共7层) 2室2厅 | 91.86平米 | 南 北,https://ke-image.ljcdn.com/110000-inspection/6e0c617f-dc76-4a0e-b393-da490bf07f71_1000.jpg!m_fill,w_280,h_210,f_jpg?from=ke.com
20230516,密云,密云镇,101117006770,城建上河湾南区  南北通透  配套齐全,220万,23375元/平,高楼层 (共15层) 3室1厅 | 94.12平米 | 南 北,https://ke-image.ljcdn.com/110000-inspection/pc1_vAer75WHk_1.jpg!m_fill,w_280,h_210,f_jpg?from=ke.com
20230516,密云,密云镇,101116973733,水岸花墅 叠拼别墅 带电梯 精装修房主自荐,300万,22342元/平,中楼层 (共4层) 3室2厅 | 134.28平米 | 西南,https://ke-image.ljcdn.com/110000-inspection/pc1_22xhh6b79_1.jpg!m_fill,w_280,h_210,f_jpg?from=ke.com
20230516,密云,密云镇,101115879189,满五唯一 南北通透 小三居 诚心出售房主自荐,195万,22167元/平,低楼层 (共11层) | 2015年建 | 3室1厅 | 87.97平米 | 南 北,https://ke-image.ljcdn.com/110000-inspection/pc1_xLEBouac0.jpg!m_fill,w_280,h_210,f_jpg?from=ke.com
20230516,密云,密云镇,101112875243,房子南北通透独立三居室适合一家人居住,300万,25332元/平,高楼层 (共7层) | 2015年建 | 3室2厅 | 118.43平米 | 南 北,https://ke-image.ljcdn.com/110000-inspection/pc1_ANDRI3PA6_1.jpg!m_fill,w_280,h_210,f_jpg?from=ke.com
20230516,密云,密云镇,101118443770,通用博园 三室 一厅 南北通透必看好房,225万,26000元/平,低楼层 (共8层) | 2016年建 | 3室1厅 | 86.54平米 | 南 北,https://ke-image.ljcdn.com/110000-inspection/pc1_djHDjcpGu.jpg!m_fill,w_280,h_210,f_jpg?from=ke.com
20230516,密云,密云镇,101118182352,白河 宁静 水岸花墅 叠拼 下跃 环境好 低密 临水 别墅必看好房,360万,16032元/平,中楼层 (共4层) 4室2厅 | 224.56平米 | 东 西,https://ke-image.ljcdn.com/110000-inspection/pc1_LbSoCH9dJ_1.jpg!m_fill,w_280,h_210,f_jpg?from=ke.com
20230516,密云,密云镇,101112534573,密云区密溪路55号院-水岸花墅,590万,23165元/平,底层 (共4层) | 2012年建 | 4室2厅 | 254.7平米 | 东南 西北,https://ke-image.ljcdn.com/110000-inspection/c6a62712-55d6-4e2d-9da7-406eef08cfff_1000.jpg!m_fill,w_280,h_210,f_jpg?from=ke.com
20230516,密云,密云镇,101119242620,华远澜悦 2室1厅 西 北必看好房,118万,16044元/平,中楼层 (共12层) | 2015年建 | 2室1厅 | 73.55平米 | 西 北,https://s1.ljcdn.com/pegasus/redskull/images/common/default_house_list.png?_v=20230510172344
20230516,密云,密云镇,101119264584,海怡庄园东区 两居室  小区周边配套设施新上,170万,18596元/平,中楼层 (共12层) | 2003年建 | 2室2厅 | 91.42平米 | 东,https://ke-image.ljcdn.com/110000-inspection/pc1_lM1egDcKg.jpg!m_fill,w_280,h_210,f_jpg?from=ke.com
20230516,密云,密云镇,101119193183,中加荣园北区 3室2厅 南 北新上,245万,22523元/平,底层 (共11层) | 2016年建 | 3室2厅 | 108.78平米 | 南 北,https://ke-image.ljcdn.com/110000-inspection/pc1_Vp3GkROZE.jpg!m_fill,w_280,h_210,f_jpg?from=ke.com
20230516,密云,密云镇,101119165374,密云  采光好   城建上河湾南区,230万,27290元/平,中楼层 (共15层) 2室1厅 | 84.28平米 | 南 北,https://ke-image.ljcdn.com/110000-inspection/pc1_1z4bGg5lx.jpg!m_fill,w_280,h_210,f_jpg?from=ke.com
20230516,密云,密云镇,101119156074,康馨雅苑北区 2室2厅 南 北,210万,24608元/平,中楼层 (共7层) 2室2厅 | 85.34平米 | 南 北,https://ke-image.ljcdn.com/110000-inspection/pc1_E9aJ0lAal.jpg!m_fill,w_280,h_210,f_jpg?from=ke.com
20230516,密云,密云镇,101119141174,城建上河湾南区花园式小区闹中取静房主自荐,368万,31184元/平,高楼层 (共7层) | 2014年建 | 3室2厅 | 118.01平米 | 南 北,https://ke-image.ljcdn.com/110000-inspection/pc1_UbSMoZJud.jpg!m_fill,w_280,h_210,f_jpg?from=ke.com
20230516,密云,密云镇,101119107469,海怡庄园东区 2室2厅 南 北,210万,20476元/平,低楼层 (共18层) 2室2厅 | 102.56平米 | 南 北,https://ke-image.ljcdn.com/110000-inspection/pc1_3uKXtY4WF.jpg!m_fill,w_280,h_210,f_jpg?from=ke.com
20230516,密云,密云镇,101119080845,学府花园 3室2厅 南 北,220万,21232元/平,顶层 (共6层) 3室2厅 | 103.62平米 | 南 北,https://ke-image.ljcdn.com/110000-inspection/pc1_G8vX9cIPl_1.jpg!m_fill,w_280,h_210,f_jpg?from=ke.com
20230516,密云,密云镇,101119070037,通用博园小区环境优美人车分流生活便利。,240万,27740元/平,中楼层 (共8层) 3室1厅 | 86.52平米 | 南 北,https://ke-image.ljcdn.com/110000-inspection/pc1_Vqo8G06RH.jpg!m_fill,w_280,h_210,f_jpg?from=ke.com
20230516,密云,密云镇,101119066061,城建上河湾北区精装南北三居室采光视野好,360万,26850元/平,高楼层 (共15层) 3室2厅 | 134.08平米 | 南 北,https://ke-image.ljcdn.com/110000-inspection/pc1_HQMIWE7OM_1.jpg!m_fill,w_280,h_210,f_jpg?from=ke.com
20230516,密云,密云镇,101119062509,果园南街9号院  中加荣园北区 环境优美交通方便,116万,29836元/平,底层 (共11层) 1室1厅 | 38.88平米 | 东,https://ke-image.ljcdn.com/110000-inspection/pc1_Jo2blKuMS.jpg!m_fill,w_280,h_210,f_jpg?from=ke.com
20230516,密云,密云镇,101119049632,城建上河湾南区把边位置可看河景,299万,25337元/平,中楼层 (共7层) | 2014年建 | 3室2厅 | 118.01平米 | 南 北,https://ke-image.ljcdn.com/110000-inspection/pc1_ADmZ5VOl1.jpg!m_fill,w_280,h_210,f_jpg?from=ke.com
20230516,密云,密云镇,101119032819,中加福园 楼龄新 落地窗 看房方便,204万,20952元/平,高楼层 (共6层) 2室1厅 | 97.37平米 | 南 北,https://ke-image.ljcdn.com/110000-inspection/pc1_fJtwtEvom_1.jpg!m_fill,w_280,h_210,f_jpg?from=ke.com
20230516,密云,密云镇,101119012969,城建上河湾北区        毛坯房,310万,26269元/平,中楼层 (共7层) 3室1厅 | 118.01平米 | 南 北,https://ke-image.ljcdn.com/110000-inspection/pc1_IkE9kY9Lt.jpg!m_fill,w_280,h_210,f_jpg?from=ke.com
20230516,密云,密云镇,101118960977,学府花园 2室1厅 南 北,270万,24901元/平,中楼层 (共6层) 2室1厅 | 108.43平米 | 南 北,https://ke-image.ljcdn.com/110000-inspection/pc1_SaXYg3LI3_1.jpg!m_fill,w_280,h_210,f_jpg?from=ke.com
20230516,密云,密云镇,101118948161,城建上河湾南区   密云 区   采光好,230万,24391元/平,低楼层 (共15层) 3室2厅 | 94.3平米 | 南 北,https://ke-image.ljcdn.com/110000-inspection/pc1_XbIaze6tS.jpg!m_fill,w_280,h_210,f_jpg?from=ke.com
20230516,密云,密云镇,101118943160,中加福园两居室一层南北通透满五唯一,210万,24453元/平,底层 (共5层) 2室1厅 | 85.88平米 | 南 北,https://ke-image.ljcdn.com/110000-inspection/pc1_65PtGknaD_1.jpg!m_fill,w_280,h_210,f_jpg?from=ke.com
20230516,密云,密云镇,101118912783,南北通透业主急售配套齐全诚心售卖房主自荐,186万,21010元/平,高楼层 (共6层) 3室1厅 | 88.53平米 | 北 南,https://ke-image.ljcdn.com/110000-inspection/pc1_9CV0rFSqM.jpg!m_fill,w_280,h_210,f_jpg?from=ke.com
20230516,密云,密云镇,101118905295,唐源云居  小区环境优美 配套齐全,188万,20159元/平,高楼层 (共15层) 2室1厅 | 93.26平米 | 南 北,https://ke-image.ljcdn.com/110000-inspection/pc1_KqtEa9szd_1.jpg!m_fill,w_280,h_210,f_jpg?from=ke.com
20230516,密云,密云镇,101118878369,中加荣园南区优质电梯房两居室,225万,28048元/平,低楼层 (共11层) 2室1厅 | 80.22平米 | 东南,https://ke-image.ljcdn.com/110000-inspection/pc1_tTke6VgqB_1.jpg!m_fill,w_280,h_210,f_jpg?from=ke.com
20230516,密云,密云镇,101118871414,正规两居满五唯一业主自住诚意售卖,198万,26667元/平,中楼层 (共11层) 2室2厅 | 74.25平米 | 南 北,https://ke-image.ljcdn.com/110000-inspection/pc1_eVKIgaRuA.jpg!m_fill,w_280,h_210,f_jpg?from=ke.com
20230516,密云,密云镇,101118848853,房子布局合理格局好无浪费空间视野好,188万,20565元/平,低楼层 (共12层) 2室1厅 | 91.42平米 | 东 西,https://ke-image.ljcdn.com/110000-inspection/pc1_MImcDYJay_1.jpg!m_fill,w_280,h_210,f_jpg?from=ke.com
20230516,密云,密云镇,101118835063,城建上河湾北区  密云区 采光好,430万,27975元/平,顶层 (共7层) | 2015年建 | 3室1厅 | 153.71平米 | 南 北,https://ke-image.ljcdn.com/110000-inspection/pc1_tZok6oLlj_1.jpg!m_fill,w_280,h_210,f_jpg?from=ke.com
20230516,密云,密云镇,101118817584,城建上河湾南区  密云区  采光好,212万,24583元/平,底层 (共15层) 2室1厅 | 86.24平米 | 南 北,https://ke-image.ljcdn.com/110000-inspection/pc1_Mm0fxSE42_1.jpg!m_fill,w_280,h_210,f_jpg?from=ke.com
20230516,密云,密云镇,101118786556,城建上河湾北区 总高15层电梯洋房 两梯两户 环境优美,380万,28342元/平,顶层 (共15层) 3室1厅 | 134.08平米 | 南 北,https://ke-image.ljcdn.com/110000-inspection/pc1_lWVXIGCz6.jpg!m_fill,w_280,h_210,f_jpg?from=ke.com
20230516,密云,密云镇,101118772793,城建上河湾南区 3室2厅 南 北,325万,26471元/平,中楼层 (共16层) 3室2厅 | 122.78平米 | 南 北,https://ke-image.ljcdn.com/110000-inspection/pc1_Bv3T6frLe_1.jpg!m_fill,w_280,h_210,f_jpg?from=ke.com
20230516,密云,密云镇,101118769979,兴云小区 两居 南向阳台 南北通透,147万,22834元/平,顶层 (共6层) 2室1厅 | 64.38平米 | 南 北,https://ke-image.ljcdn.com/110000-inspection/pc1_cKLbaKMLh_1.jpg!m_fill,w_280,h_210,f_jpg?from=ke.com
20230516,密云,密云镇,101118764134,中加荣园北区三居室好房必看房主自荐,350万,27752元/平,高楼层 (共11层) 3室2厅 | 126.12平米 | 南 北,https://ke-image.ljcdn.com/110000-inspection/pc1_0ygaljEVV.jpg!m_fill,w_280,h_210,f_jpg?from=ke.com
20230516,密云,密云镇,101118745142,季庄小区满五唯一南北通透楼层好,150万,20565元/平,中楼层 (共6层) 2室1厅 | 72.94平米 | 南 北,https://ke-image.ljcdn.com/110000-inspection/pc1_byqEBgYS6.jpg!m_fill,w_280,h_210,f_jpg?from=ke.com
20230516,密云,密云镇,101118741737,纯南户型前后无遮挡采光效果不错一层配套齐全,185万,25205元/平,低楼层 (共14层) 2室1厅 | 73.4平米 | 南,https://ke-image.ljcdn.com/110000-inspection/pc1_6CTNHes3n.jpg!m_fill,w_280,h_210,f_jpg?from=ke.com
20230516,密云,密云镇,101118736848,电梯洋房 一梯两户 视野开阔无遮挡采光好小区中间位置,400万,33902元/平,底层 (共7层) | 2014年建 | 3室2厅 | 117.99平米 | 南 北,https://ke-image.ljcdn.com/110000-inspection/pc1_cAMY1C8YU.jpg!m_fill,w_280,h_210,f_jpg?from=ke.com
20230516,密云,密云镇,101118717583,通用博园中高楼层视野开阔采光充足无遮挡房主自荐,215万,31479元/平,高楼层 (共9层) 2室1厅 | 68.3平米 | 南,https://ke-image.ljcdn.com/110000-inspection/pc1_aofx1CHN6_1.jpg!m_fill,w_280,h_210,f_jpg?from=ke.com
20230516,密云,密云镇,101118675287,海怡庄园东区 高层电梯房采光充足视野开阔,280万,22878元/平,高楼层 (共18层) 3室1厅 | 122.39平米 | 南 北,https://ke-image.ljcdn.com/110000-inspection/pc1_v2091mejL_1.jpg!m_fill,w_280,h_210,f_jpg?from=ke.com
20230516,密云,密云镇,101118664433,租住干净楼层好诚心售卖欢迎看房房主自荐,120万,23411元/平,中楼层 (共5层) 2室1厅 | 51.26平米 | 南 北,https://ke-image.ljcdn.com/110000-inspection/pc1_yWpjlOepp.jpg!m_fill,w_280,h_210,f_jpg?from=ke.com
20230516,密云,密云镇,101118659968,华远澜悦 3室2厅 南 北,355万,28818元/平,底层 (共11层) 3室2厅 | 123.19平米 | 南 北,https://ke-image.ljcdn.com/110000-inspection/pc1_rHLDDv3FC.jpg!m_fill,w_280,h_210,f_jpg?from=ke.com
20230516,密云,密云镇,101118658901,城建上河湾南区南北通透采光好视野开阔,400万,26024元/平,顶层 (共7层) 3室2厅 | 153.71平米 | 南 北,https://ke-image.ljcdn.com/110000-inspection/pc1_8YKP0H0oH_1.jpg!m_fill,w_280,h_210,f_jpg?from=ke.com
20230516,密云,密云镇,101118646446,城建上河湾南区 3室1厅 南,430万,27975元/平,顶层 (共7层) 3室1厅 | 153.71平米 | 南,https://ke-image.ljcdn.com/110000-inspection/pc1_gQRYvXsQz.jpg!m_fill,w_280,h_210,f_jpg?from=ke.com
20230516,密云,密云镇,101118644621,兴云小区 2室2厅 南 北,169万,24030元/平,高楼层 (共6层) | 2013年建 | 2室2厅 | 70.33平米 | 南 北,https://ke-image.ljcdn.com/110000-inspection/pc1_LXSDimMFL_1.jpg!m_fill,w_280,h_210,f_jpg?from=ke.com
20230516,密云,密云镇,101118614388,正规两居室采光充足南北通透格局业主诚心出售,215万,26093元/平,中楼层 (共7层) 2室2厅 | 82.4平米 | 南 北,https://ke-image.ljcdn.com/110000-inspection/pc1_v4bzaXe9k.jpg!m_fill,w_280,h_210,f_jpg?from=ke.com
20230516,密云,密云镇,101118608181,学府花园南北通透交通便利正规三居室。,257万,23633元/平,低楼层 (共6层) 3室2厅 | 108.75平米 | 南 北,https://ke-image.ljcdn.com/110000-inspection/pc1_wASSPVoZg.jpg!m_fill,w_280,h_210,f_jpg?from=ke.com
20230516,密云,密云镇,101118606337,兴云乙区 精装修 中间3层 南北通透 采光好,243万,23836元/平,中楼层 (共5层) 3室2厅 | 101.95平米 | 南 北,https://ke-image.ljcdn.com/110000-inspection/pc1_2pelt4Ea8_1.jpg!m_fill,w_280,h_210,f_jpg?from=ke.com
20230516,密云,密云镇,101118600126,康馨雅苑北区眼镜户型三居室装修保持不错,249万,21496元/平,中楼层 (共6层) 3室2厅 | 115.84平米 | 南 北,https://ke-image.ljcdn.com/110000-inspection/pc1_S0uy0pAbj.jpg!m_fill,w_280,h_210,f_jpg?from=ke.com
20230516,密云,密云镇,101118584170,上河湾北区精装一层南北通透采光好,420万,35467元/平,底层 (共7层) 3室2厅 | 118.42平米 | 南 北,https://ke-image.ljcdn.com/110000-inspection/pc1_pqeDx12ws.jpg!m_fill,w_280,h_210,f_jpg?from=ke.com
20230516,密云,密云镇,101118578656,城建上河湾南区精装三居南北通透,235万,24863元/平,中楼层 (共15层) 3室1厅 | 94.52平米 | 南 北,https://ke-image.ljcdn.com/110000-inspection/pc1_Fognc0weV.jpg!m_fill,w_280,h_210,f_jpg?from=ke.com
20230516,密云,密云镇,101118556637,中加荣园北区 小区环境优美 小区周边配套设施,162万,27186元/平,中楼层 (共11层) 1室1厅 | 59.59平米 | 东,https://ke-image.ljcdn.com/110000-inspection/pc1_ep9cSCV0z_1.jpg!m_fill,w_280,h_210,f_jpg?from=ke.com
20230516,密云,密云镇,101118551000,城建上河湾南区 精装修 拎包入住,415万,29335元/平,顶层 (共7层) 3室2厅 | 141.47平米 | 南 北,https://ke-image.ljcdn.com/110000-inspection/pc1_uuxdO6oNQ_1.jpg!m_fill,w_280,h_210,f_jpg?from=ke.com
20230516,密云,密云镇,101118539795,城建上河湾南区   密云区   采光好,230万,25624元/平,中楼层 (共16层) 2室1厅 | 89.76平米 | 南 北,https://ke-image.ljcdn.com/110000-inspection/pc1_RkT9IN8bM.jpg!m_fill,w_280,h_210,f_jpg?from=ke.com
20230516,密云,密云镇,101118537624,城建上河湾北区 电梯洋房 一梯两户 视野开阔 采光好,315万,26693元/平,中楼层 (共7层) | 2014年建 | 3室2厅 | 118.01平米 | 南 北,https://ke-image.ljcdn.com/110000-inspection/pc1_bOFpmOwOa_1.jpg!m_fill,w_280,h_210,f_jpg?from=ke.com
20230516,密云,密云镇,101118508002,此房南北通透格局好小区交通便利小区环境好,320万,27117元/平,中楼层 (共7层) 3室1厅 | 118.01平米 | 南 北,https://ke-image.ljcdn.com/110000-inspection/pc1_3Mi9N8Q65_1.jpg!m_fill,w_280,h_210,f_jpg?from=ke.com
20230516,密云,密云镇,101118506126,中加福园 精装修 业主自住 中间2层 无遮挡,200万,20611元/平,低楼层 (共6层) | 2013年建 | 2室2厅 | 97.04平米 | 南 北,https://ke-image.ljcdn.com/110000-inspection/pc1_hw6RUK8Mi.jpg!m_fill,w_280,h_210,f_jpg?from=ke.com
20230516,密云,密云镇,101118499381,海怡庄园东区 电梯房 小区周边配套设施,195万,22494元/平,低楼层 (共18层) 2室1厅 | 86.69平米 | 南,https://ke-image.ljcdn.com/110000-inspection/pc1_SrZlKL5w5_1.jpg!m_fill,w_280,h_210,f_jpg?from=ke.com
20230516,密云,密云镇,101118494239,纯南户型 采光好 拎包入住 随时签约,192万,25859元/平,中楼层 (共11层) 2室1厅 | 74.25平米 | 西北,https://ke-image.ljcdn.com/110000-inspection/pc1_B8kcXBPSg_1.jpg!m_fill,w_280,h_210,f_jpg?from=ke.com
20230516,密云,密云镇,101118484965,南北通透阳面双卧室格局好无浪费空间东侧有窗户,298万,20932元/平,低楼层 (共16层) 3室2厅 | 142.37平米 | 南 北,https://ke-image.ljcdn.com/110000-inspection/pc1_8YAqXNI7V_1.jpg!m_fill,w_280,h_210,f_jpg?from=ke.com
20230516,密云,密云镇,101118471162,华远澜悦 带电梯 小区环境好 满五唯一,210万,23678元/平,中楼层 (共7层) 3室1厅 | 88.69平米 | 南 北,https://ke-image.ljcdn.com/110000-inspection/pc1_SqrEq6DsM_1.jpg!m_fill,w_280,h_210,f_jpg?from=ke.com
20230516,密云,密云镇,101118469809,北京市密云区中加福园南北通透精美装修。,218万,19191元/平,顶层 (共6层) 3室2厅 | 113.6平米 | 南 北,https://ke-image.ljcdn.com/110000-inspection/pc1_aM80mMfI1.jpg!m_fill,w_280,h_210,f_jpg?from=ke.com
20230516,密云,密云镇,101118458302,兴云小区 南北通透 独立两居室 诚心出售,210万,22931元/平,中楼层 (共6层) 2室2厅 | 91.58平米 | 南 北,https://ke-image.ljcdn.com/110000-inspection/pc1_zThYHhZMU.jpg!m_fill,w_280,h_210,f_jpg?from=ke.com
20230516,密云,密云镇,101118448964,电梯洋房 一梯两户 视野开阔无遮挡采光好小区中间位置,290万,24488元/平,高楼层 (共7层) 3室1厅 | 118.43平米 | 南 北,https://ke-image.ljcdn.com/110000-inspection/pc1_KQWfVNtaW.jpg!m_fill,w_280,h_210,f_jpg?from=ke.com
20230516,密云,密云镇,101118422176,博世庄园此房南北通透 楼层好 采光充足 无遮挡,230万,15110元/平,顶层 (共6层) 4室2厅 | 152.22平米 | 南 北 西,https://ke-image.ljcdn.com/110000-inspection/pc1_L37FgQ0Pv_1.jpg!m_fill,w_280,h_210,f_jpg?from=ke.com
20230516,密云,密云镇,101118421501,兴云小区南北通透两居室业主诚售,150万,22891元/平,底层 (共6层) 2室1厅 | 65.53平米 | 南 北,https://ke-image.ljcdn.com/110000-inspection/pc1_s6KC4DsCN_1.jpg!m_fill,w_280,h_210,f_jpg?from=ke.com
20230516,密云,密云镇,101118419915,北京市密云区学府花园满五唯一精美装修。,255万,23899元/平,低楼层 (共6层) 3室2厅 | 106.7平米 | 南 北,https://ke-image.ljcdn.com/110000-inspection/pc1_TMz7XcQ6C.jpg!m_fill,w_280,h_210,f_jpg?from=ke.com
20230516,密云,密云镇,101118372608,密云     城建上河湾北区     采光好,185万,24963元/平,低楼层 (共15层) 2室1厅 | 74.11平米 | 南,https://ke-image.ljcdn.com/110000-inspection/pc1_g2gQV3P6h.jpg!m_fill,w_280,h_210,f_jpg?from=ke.com
20230516,密云,密云镇,101118359613,城建上河湾南区南北通透两居室交通便利,230万,25602元/平,高楼层 (共15层) | 2014年建 | 2室1厅 | 89.84平米 | 南 北,https://ke-image.ljcdn.com/110000-inspection/pc1_S7GVw3fHy.jpg!m_fill,w_280,h_210,f_jpg?from=ke.com
20230516,密云,密云镇,101118358439,密云  城建上河湾北区    采光好,319万,27032元/平,中楼层 (共7层) 3室2厅 | 118.01平米 | 南 北,https://ke-image.ljcdn.com/110000-inspection/pc1_8FurOUkuq.jpg!m_fill,w_280,h_210,f_jpg?from=ke.com
20230516,密云,密云镇,101118348268,密云    城建上河湾南区   采光,205万,24304元/平,高楼层 (共15层) | 2014年建 | 2室1厅 | 84.35平米 | 南 北,https://ke-image.ljcdn.com/110000-inspection/pc1_ZpUkBVPS1.jpg!m_fill,w_280,h_210,f_jpg?from=ke.com
20230516,密云,密云镇,101118347885,城建上河湾北区 2室1厅 南 北,216万,23831元/平,顶层 (共15层) 2室1厅 | 90.64平米 | 南 北,https://ke-image.ljcdn.com/110000-inspection/pc1_a0cmPhEO0.jpg!m_fill,w_280,h_210,f_jpg?from=ke.com
20230516,密云,密云镇,101118347239,本房为总高15层电梯洋房一梯两户前后花园无遮挡,203万,24087元/平,中楼层 (共15层) 2室1厅 | 84.28平米 | 南 北,https://ke-image.ljcdn.com/110000-inspection/pc1_M8r7vcbqf.jpg!m_fill,w_280,h_210,f_jpg?from=ke.com
20230516,密云,密云镇,101118342036,海怡庄园西区 低楼层采光不影响 标准两居室,175万,19876元/平,底层 (共6层) 2室1厅 | 88.05平米 | 南 北,https://ke-image.ljcdn.com/110000-inspection/pc1_5AGAGQPn9.jpg!m_fill,w_280,h_210,f_jpg?from=ke.com
20230516,密云,密云镇,101118309275,电梯洋房 一梯两户 视野开阔无遮挡采光好小区中间位置房主自荐,326万,27890元/平,中楼层 (共7层) 3室2厅 | 116.89平米 | 南 西 北,https://ke-image.ljcdn.com/110000-inspection/pc1_VUG3ZByBL_1.jpg!m_fill,w_280,h_210,f_jpg?from=ke.com
20230516,密云,密云镇,101118308611,精装三居室南北通透采光充足装修保持好,315万,26977元/平,中楼层 (共15层) 3室2厅 | 116.77平米 | 南 北,https://ke-image.ljcdn.com/110000-inspection/pc1_dd9roMCKC.jpg!m_fill,w_280,h_210,f_jpg?from=ke.com
20230516,密云,密云镇,101118307778,采光充足南北通透格局交通便利配套齐全,249万,25101元/平,低楼层 (共7层) | 2004年建 | 2室2厅 | 99.2平米 | 南 北,https://ke-image.ljcdn.com/110000-inspection/pc1_fAGLjCeLQ.jpg!m_fill,w_280,h_210,f_jpg?from=ke.com
20230516,密云,密云镇,101118275747,城建上河湾北区南北通透格局方正采光通风好,260万,25851元/平,高楼层 (共15层) 3室1厅 | 100.58平米 | 南 北,https://ke-image.ljcdn.com/110000-inspection/pc1_3wsBdKAgl_1.jpg!m_fill,w_280,h_210,f_jpg?from=ke.com
20230516,密云,密云镇,101118238528,兴云小区业主诚心出售东西向通透正规三居室,195万,17505元/平,中楼层 (共5层) | 2015年建 | 3室2厅 | 111.4平米 | 东 西,https://ke-image.ljcdn.com/110000-inspection/pc1_R5CXI2zt5.jpg!m_fill,w_280,h_210,f_jpg?from=ke.com
20230516,密云,密云镇,101118225829,中加荣园北区 2室2厅 南 北,252万,26096元/平,中楼层 (共11层) 2室2厅 | 96.57平米 | 南 北,https://ke-image.ljcdn.com/110000-inspection/pc1_Lt3XjStq2_1.jpg!m_fill,w_280,h_210,f_jpg?from=ke.com
20230516,密云,密云镇,101118205165,全明格局无遮挡采光充足出行方便配套齐全,240万,27878元/平,低楼层 (共10层) 3室2厅 | 86.09平米 | 南 北,https://ke-image.ljcdn.com/110000-inspection/pc1_H77cWY0RN_1.jpg!m_fill,w_280,h_210,f_jpg?from=ke.com
20230516,密云,密云镇,101118193727,中加荣园北区小区环境优美 交通方便小区配套设施,235万,24163元/平,低楼层 (共11层) 2室2厅 | 97.26平米 | 北 南,https://ke-image.ljcdn.com/110000-inspection/pc1_zVh4v1Z0d_1.jpg!m_fill,w_280,h_210,f_jpg?from=ke.com
20230516,密云,密云镇,101118167167,季庄小区成熟小区安静舒适交通出行便利,165万,21125元/平,中楼层 (共7层) 2室1厅 | 78.11平米 | 南 北,https://ke-image.ljcdn.com/110000-inspection/pc1_Gj2KnqbYx_1.jpg!m_fill,w_280,h_210,f_jpg?from=ke.com
20230516,密云,密云镇,101118149453,楼龄新 总高15层电梯洋房 两梯两户 环境优美,350万,26104元/平,中楼层 (共15层) | 2014年建 | 3室2厅 | 134.08平米 | 南 北,https://ke-image.ljcdn.com/110000-inspection/pc1_j1ffUYYX1.jpg!m_fill,w_280,h_210,f_jpg?from=ke.com
20230516,密云,密云镇,101118141932,华远澜悦 满五唯一 南北通透 三居室,218万,24972元/平,低楼层 (共11层) 3室1厅 | 87.3平米 | 南 北,https://ke-image.ljcdn.com/110000-inspection/pc1_lwHSiw5YX.jpg!m_fill,w_280,h_210,f_jpg?from=ke.com
20230516,密云,密云镇,101118124965,通用博园小区环境优美 交通方便,293万,31035元/平,高楼层 (共10层) 3室2厅 | 94.41平米 | 南 北,https://ke-image.ljcdn.com/110000-inspection/pc1_TZ5yCKCZc.jpg!m_fill,w_280,h_210,f_jpg?from=ke.com
20230516,密云,密云镇,101118122121,白河 宁静 水岸花墅 叠拼 下跃 环境好 低密 临水 别墅,350万,26149元/平,中楼层 (共4层) | 2011年建 | 3室2厅 | 133.85平米 | 南 北,https://ke-image.ljcdn.com/110000-inspection/pc1_nMdLcGIsC_1.jpg!m_fill,w_280,h_210,f_jpg?from=ke.com
20230516,密云,密云镇,101118094045,学府花园 大两居 南北通透 精装修,249万,22686元/平,高楼层 (共6层) 2室1厅 | 109.76平米 | 南 北,https://ke-image.ljcdn.com/110000-inspection/pc1_gxaHhvzsi_1.jpg!m_fill,w_280,h_210,f_jpg?from=ke.com
20230516,密云,密云镇,101118088882,城建上河湾北区 独立一居室 朝南户型 位置好 低楼层,147万,31641元/平,底层 (共14层) 1室1厅 | 46.46平米 | 南,https://ke-image.ljcdn.com/110000-inspection/pc1_CyIsDEY11.jpg!m_fill,w_280,h_210,f_jpg?from=ke.com
20230516,密云,密云镇,101118080410,华远澜悦户型好采光充足南北通透 带电梯,195万,21933元/平,中楼层 (共11层) 3室1厅 | 88.91平米 | 南 西 北,https://ke-image.ljcdn.com/110000-inspection/pc1_pTIV4BZrc_1.jpg!m_fill,w_280,h_210,f_jpg?from=ke.com
20230516,密云,密云镇,101118058776,中加福园南北通透交通便利四通八达户型方正,185万,24475元/平,中楼层 (共6层) 2室1厅 | 75.59平米 | 南 北,https://ke-image.ljcdn.com/110000-inspection/pc1_azMEIHIYL.jpg!m_fill,w_280,h_210,f_jpg?from=ke.com
20230516,密云,密云镇,101118040942,兴云小区 3室1厅 南 北,175万,20171元/平,高楼层 (共6层) 3室1厅 | 86.76平米 | 南 北,https://ke-image.ljcdn.com/110000-inspection/pc1_bXbcc4B8R_1.jpg!m_fill,w_280,h_210,f_jpg?from=ke.com
20230516,密云,密云镇,101118038243,上河湾北区 电梯洋房 一梯两户 视野开阔 无遮挡采光好,330万,27865元/平,中楼层 (共7层) | 2015年建 | 3室1厅 | 118.43平米 | 南 北,https://ke-image.ljcdn.com/110000-inspection/pc1_LqTKyKg3X_1.jpg!m_fill,w_280,h_210,f_jpg?from=ke.com
20230516,密云,密云镇,101118037231,城建上河湾北区  南北通透  采光好,220万,24478元/平,中楼层 (共15层) 2室2厅 | 89.88平米 | 南 北,https://ke-image.ljcdn.com/110000-inspection/pc1_eTh7AblHP_1.jpg!m_fill,w_280,h_210,f_jpg?from=ke.com
20230516,密云,密云镇,101118003047,城建上河湾北区 小区环境优美 带电梯房主自荐,285万,28336元/平,中楼层 (共15层) 3室2厅 | 100.58平米 | 南 北,https://ke-image.ljcdn.com/110000-inspection/pc1_x0QcfwSju_1.jpg!m_fill,w_280,h_210,f_jpg?from=ke.com
20230516,密云,密云镇,101117998979,博世庄园 3室2厅 南 北,248万,18736元/平,中楼层 (共4层) | 2005年建 | 3室2厅 | 132.37平米 | 南 北,https://ke-image.ljcdn.com/110000-inspection/pc1_UWjC610J8.jpg!m_fill,w_280,h_210,f_jpg?from=ke.com
20230516,密云,密云镇,101117983710,中加荣园南区 满五年唯一住宅 采光好无遮挡,160万,26828元/平,低楼层 (共11层) 1室1厅 | 59.64平米 | 南,https://ke-image.ljcdn.com/110000-inspection/pc1_TmhwkMAcV_1.jpg!m_fill,w_280,h_210,f_jpg?from=ke.com
20230516,密云,密云镇,101117973869,华远澜悦 满五唯一 精装修 户型好 采光充足 带电梯房主自荐,125万,23492元/平,中楼层 (共11层) 1室1厅 | 53.21平米 | 南,https://ke-image.ljcdn.com/110000-inspection/pc1_evOxrBX9q_1.jpg!m_fill,w_280,h_210,f_jpg?from=ke.com
20230516,密云,密云镇,101117947448,中加荣园北区 小区环境优美  交通方便,229万,24979元/平,低楼层 (共11层) 2室1厅 | 91.68平米 | 北 南,https://ke-image.ljcdn.com/110000-inspection/pc1_cMJVvt0pA_1.jpg!m_fill,w_280,h_210,f_jpg?from=ke.com
20230516,密云,密云镇,101117930065,城建上河湾南区南北通透格局好交通便利产权清晰房主自荐,238万,25287元/平,中楼层 (共15层) 3室2厅 | 94.12平米 | 南 北,https://ke-image.ljcdn.com/110000-inspection/pc1_qHV8yrUsf_1.jpg!m_fill,w_280,h_210,f_jpg?from=ke.com
20230516,密云,密云镇,101117924162,果园西路6号院 小区环境优美交通方便 南北通透,199万,21526元/平,顶层 (共7层) 2室1厅 | 92.45平米 | 南 北,https://ke-image.ljcdn.com/110000-inspection/pc1_jNll4qAsR_1.jpg!m_fill,w_280,h_210,f_jpg?from=ke.com
20230516,密云,密云镇,101117899765,密云区季庄小区满五唯一精装修南北通透,173.5万,21108元/平,底层 (共6层) 2室1厅 | 82.2平米 | 东 南 北,https://ke-image.ljcdn.com/110000-inspection/pc1_9kg0WDXN0_1.jpg!m_fill,w_280,h_210,f_jpg?from=ke.com
20230516,密云,密云镇,101117830967,城建上河湾北区楼层好视野好采光充足通风好,182万,24769元/平,中楼层 (共14层) 2室1厅 | 73.48平米 | 南,https://ke-image.ljcdn.com/110000-inspection/pc1_Og5yTYoF4_1.jpg!m_fill,w_280,h_210,f_jpg?from=ke.com
20230516,密云,密云镇,101117820965,城建上河湾南区  南北通透 交通便利,323万,26308元/平,高楼层 (共16层) | 2015年建 | 3室2厅 | 122.78平米 | 南 北,https://ke-image.ljcdn.com/110000-inspection/pc1_8txIETs4w.jpg!m_fill,w_280,h_210,f_jpg?from=ke.com
20230516,密云,密云镇,101117791142,此房楼层好南北通透格局方正采光通风效果不错,208万,23683元/平,低楼层 (共15层) 2室1厅 | 87.83平米 | 南 北,https://ke-image.ljcdn.com/110000-inspection/pc1_NJxn6KuwD.jpg!m_fill,w_280,h_210,f_jpg?from=ke.com
20230516,密云,密云镇,101117759553,密云城区 万科物业 通用博园电梯房精装修,210万,30743元/平,中楼层 (共9层) 2室1厅 | 68.31平米 | 南,https://ke-image.ljcdn.com/110000-inspection/pc1_qM5Qw73H5.jpg!m_fill,w_280,h_210,f_jpg?from=ke.com
20230516,密云,密云镇,101117757083,密云区   采光好     城建上河湾南区,280万,22507元/平,低楼层 (共15层) 3室2厅 | 124.41平米 | 南 北,https://ke-image.ljcdn.com/110000-inspection/pc1_X7mLyh3ab.jpg!m_fill,w_280,h_210,f_jpg?from=ke.com
20230516,密云,密云镇,101117735786,学府花园 3室2厅 南 北,247万,23150元/平,高楼层 (共6层) 3室2厅 | 106.7平米 | 南 北,https://ke-image.ljcdn.com/110000-inspection/pc1_qLFmJH2WM_1.jpg!m_fill,w_280,h_210,f_jpg?from=ke.com
20230516,密云,密云镇,101117715980,通用博园小区环境优美交通便利  两室一厅一卫,199万,28108元/平,高楼层 (共9层) | 2016年建 | 2室1厅 | 70.8平米 | 南 北,https://ke-image.ljcdn.com/110000-inspection/pc1_Kckoixaj0_1.jpg!m_fill,w_280,h_210,f_jpg?from=ke.com
20230516,密云,密云镇,101117695228,华远澜悦 带电梯 精装修 一层花园,240万,27122元/平,底层 (共11层) 3室2厅 | 88.49平米 | 南 北,https://ke-image.ljcdn.com/110000-inspection/pc1_wtHlHQqsJ.jpg!m_fill,w_280,h_210,f_jpg?from=ke.com
20230516,密云,密云镇,101117690470,城建上河湾南区 诚心出售 看房方便,220万,25184元/平,中楼层 (共15层) 2室2厅 | 87.36平米 | 南 北,https://ke-image.ljcdn.com/110000-inspection/pc1_b9NwCsqhU.jpg!m_fill,w_280,h_210,f_jpg?from=ke.com
20230516,密云,密云镇,101117641912,兴云小区 2室2厅 南 北,186万,20080元/平,高楼层 (共6层) 2室2厅 | 92.63平米 | 南 北,https://ke-image.ljcdn.com/110000-inspection/pc1_90qpgcy6Z.jpg!m_fill,w_280,h_210,f_jpg?from=ke.com
20230516,密云,密云镇,101117636275,户型方正 南北通透 小区环境干净卫生 楼层好,190万,15917元/平,高楼层 (共6层) | 2011年建 | 3室2厅 | 119.37平米 | 南 北,https://ke-image.ljcdn.com/110000-inspection/pc1_iBuOCE9bo.jpg!m_fill,w_280,h_210,f_jpg?from=ke.com
20230516,密云,密云镇,101117591106,学府花园 3室2厅 南 北,293万,26026元/平,中楼层 (共6层) 3室2厅 | 112.58平米 | 南 北,https://ke-image.ljcdn.com/110000-inspection/pc1_s558m7NLR.jpg!m_fill,w_280,h_210,f_jpg?from=ke.com
20230516,密云,密云镇,101117563810,双龙集团南生活区 低楼层 无遮挡 采光好,140万,17993元/平,底层 (共6层) 2室1厅 | 77.81平米 | 南 北,https://ke-image.ljcdn.com/110000-inspection/pc1_kkUBbVp87.jpg!m_fill,w_280,h_210,f_jpg?from=ke.com
20230516,密云,密云镇,101117552232,城建上河湾北区 品质小区依山傍水,195万,23415元/平,中楼层 (共15层) 2室1厅 | 83.28平米 | 南 北,https://ke-image.ljcdn.com/110000-inspection/pc1_RcRd5HVLK.jpg!m_fill,w_280,h_210,f_jpg?from=ke.com
20230516,密云,密云镇,101117514801,城建上河湾南区 楼层好 采光充足,350万,29659元/平,中楼层 (共7层) | 2014年建 | 3室2厅 | 118.01平米 | 南 北,https://ke-image.ljcdn.com/110000-inspection/pc1_fe3Ogg61l.jpg!m_fill,w_280,h_210,f_jpg?from=ke.com
20230516,密云,密云镇,101117335633,中加荣园北区交通便利四通八达采光不错。,213万,26424元/平,中楼层 (共11层) 2室1厅 | 80.61平米 | 南 北,https://ke-image.ljcdn.com/110000-inspection/pc1_zUxtCjHSo_1.jpg!m_fill,w_280,h_210,f_jpg?from=ke.com
20230516,密云,密云镇,101117304424,城建上河湾北区    南北通透,350万,26104元/平,高楼层 (共15层) 3室2厅 | 134.08平米 | 南 北,https://ke-image.ljcdn.com/110000-inspection/pc1_PcJkqTKFx.jpg!m_fill,w_280,h_210,f_jpg?from=ke.com
20230516,密云,密云镇,101117284269,南北通透格局好楼层好视野开阔。交通便利,305万,32344元/平,高楼层 (共15层) | 2015年建 | 3室1厅 | 94.3平米 | 南 北,https://ke-image.ljcdn.com/110000-inspection/pc1_1grypOB6j_1.jpg!m_fill,w_280,h_210,f_jpg?from=ke.com
20230516,密云,密云镇,101117282087,中加荣园北区 交通方便 小区环境优美,215万,26882元/平,中楼层 (共11层) 2室1厅 | 79.98平米 | 南,https://ke-image.ljcdn.com/110000-inspection/pc1_yoZnKxbfY.jpg!m_fill,w_280,h_210,f_jpg?from=ke.com
20230516,密云,密云镇,101117231760,果园西路6号院  全明格局  南北通透  满五唯一,195万,21093元/平,高楼层 (共7层) | 2013年建 | 2室2厅 | 92.45平米 | 南 北,https://ke-image.ljcdn.com/110000-inspection/pc1_atvbxSS8j_1.jpg!m_fill,w_280,h_210,f_jpg?from=ke.com
20230516,密云,密云镇,101117225940,优质房源社区配套成熟出行方便交通便利,245万,25321元/平,中楼层 (共11层) 2室2厅 | 96.76平米 | 南 北,https://ke-image.ljcdn.com/110000-inspection/pc1_VMLm7oj11.jpg!m_fill,w_280,h_210,f_jpg?from=ke.com
20230516,密云,密云镇,101117213455,通用博园小区环境优美电梯房小区周边配套设施齐全房主自荐,243万,28135元/平,低楼层 (共9层) 3室2厅 | 86.37平米 | 南 北,https://ke-image.ljcdn.com/110000-inspection/pc1_nKqUQgiZn_1.jpg!m_fill,w_280,h_210,f_jpg?from=ke.com
20230516,密云,密云镇,101117213157,通用博园南北通透高楼层精装两居,210万,26899元/平,顶层 (共8层) 2室2厅 | 78.07平米 | 南 北,https://ke-image.ljcdn.com/110000-inspection/pc1_XXndo9hAY_1.jpg!m_fill,w_280,h_210,f_jpg?from=ke.com
20230516,密云,密云镇,101117180803,城建上河湾北区精装修南北通透交通便利。,320万,26032元/平,高楼层 (共15层) | 2014年建 | 3室2厅 | 122.93平米 | 南 北,https://ke-image.ljcdn.com/110000-inspection/pc1_aWbNWQYEP_1.jpg!m_fill,w_280,h_210,f_jpg?from=ke.com
20230516,密云,密云镇,101117065185,城建上河湾南区南北通透三居室诚意出售。,298万,24327元/平,低楼层 (共15层) | 2015年建 | 3室1厅 | 122.5平米 | 南 北,https://ke-image.ljcdn.com/110000-inspection/pc1_YutavFvpF_1.jpg!m_fill,w_280,h_210,f_jpg?from=ke.com
20230516,密云,密云镇,101117060211,学府花园  独立3居 南北通透 采光好,245万,22962元/平,高楼层 (共6层) 3室2厅 | 106.7平米 | 南 北,https://ke-image.ljcdn.com/110000-inspection/pc1_VwPAg79jo.jpg!m_fill,w_280,h_210,f_jpg?from=ke.com
20230516,密云,密云镇,101117030219,学府花园小区户型南北通透视野开阔,225万,20751元/平,高楼层 (共6层) 2室2厅 | 108.43平米 | 南 北,https://ke-image.ljcdn.com/110000-inspection/pc1_t8sTWFIlr.jpg!m_fill,w_280,h_210,f_jpg?from=ke.com
20230516,密云,密云镇,101117018603,唐源云居视野宽阔交通便利采光充足,185万,19429元/平,底层 (共18层) 2室1厅 | 95.22平米 | 南 北,https://ke-image.ljcdn.com/110000-inspection/pc1_3W7rfRqc7_1.jpg!m_fill,w_280,h_210,f_jpg?from=ke.com
20230516,密云,密云镇,101117010157,此房楼层好南北通透格局方正采光通风效果不错,190万,22760元/平,顶层 (共15层) 2室2厅 | 83.48平米 | 南 北,https://ke-image.ljcdn.com/110000-inspection/pc1_NBTJHm4DG.jpg!m_fill,w_280,h_210,f_jpg?from=ke.com
20230516,密云,密云镇,101116980526,城建上河湾南区南北通透交通便利四通八达,210万,24733元/平,低楼层 (共15层) 2室1厅 | 84.91平米 | 南 北,https://ke-image.ljcdn.com/110000-inspection/pc1_16eRZcGh5.jpg!m_fill,w_280,h_210,f_jpg?from=ke.com
20230516,密云,密云镇,101116975124,通用博园  小区环境优美 交通方便,205万,28910元/平,高楼层 (共9层) 2室1厅 | 70.91平米 | 南 北,https://ke-image.ljcdn.com/110000-inspection/pc1_d7mcOiVbC_1.jpg!m_fill,w_280,h_210,f_jpg?from=ke.com
20230516,密云,密云镇,101116929116,华远澜悦 满五唯一 南北通透三居室 30万精装修,228万,25795元/平,中楼层 (共11层) 3室1厅 | 88.39平米 | 南 北,https://ke-image.ljcdn.com/110000-inspection/pc1_QwOGVXo1N.jpg!m_fill,w_280,h_210,f_jpg?from=ke.com
20230516,密云,密云镇,101116926423,唐源云居两居室精装修业主诚心出售,205万,21505元/平,中楼层 (共18层) 2室1厅 | 95.33平米 | 南 北,https://ke-image.ljcdn.com/110000-inspection/pc1_l03lwPfnV.jpg!m_fill,w_280,h_210,f_jpg?from=ke.com
20230516,密云,密云镇,101116923395,华远澜悦带电梯装修好配套设施齐全交通便利,230万,26022元/平,高楼层 (共11层) 3室1厅 | 88.39平米 | 南 北,https://ke-image.ljcdn.com/110000-inspection/pc1_pIBU2I5wj.jpg!m_fill,w_280,h_210,f_jpg?from=ke.com
20230516,密云,密云镇,101116919511,水岸花墅南北通透精装修上叠诚心出售房主自荐,450万,34006元/平,顶层 (共4层) | 2011年建 | 4室1厅 | 132.33平米 | 南 北,https://ke-image.ljcdn.com/110000-inspection/pc1_qjiojS4Lg.jpg!m_fill,w_280,h_210,f_jpg?from=ke.com
20230516,密云,密云镇,101116912942,水岸花墅南北通透大平层低密度居住环境,256万,19269元/平,中楼层 (共4层) 3室2厅 | 132.86平米 | 南 北,https://ke-image.ljcdn.com/110000-inspection/pc1_m8WCB4Cud.jpg!m_fill,w_280,h_210,f_jpg?from=ke.com
20230516,密云,密云镇,101116887350,华远澜悦带电梯装修好配套设施齐全交通便利房主自荐,228万,25795元/平,底层 (共11层) 3室1厅 | 88.39平米 | 南 北,https://ke-image.ljcdn.com/110000-inspection/pc1_9SA59NdVT_1.jpg!m_fill,w_280,h_210,f_jpg?from=ke.com
20230516,密云,密云镇,101116879282,上河湾品质社区 楼龄新   环境优美  居住舒适,205万,24267元/平,中楼层 (共15层) 2室1厅 | 84.48平米 | 南 北,https://ke-image.ljcdn.com/110000-inspection/pc1_Rp92BgniA.jpg!m_fill,w_280,h_210,f_jpg?from=ke.com
20230516,密云,密云镇,101116873731,中加荣园南区 小区环境优美 整洁干净,159万,26660元/平,低楼层 (共11层) 1室1厅 | 59.64平米 | 南,https://ke-image.ljcdn.com/110000-inspection/pc1_CPujk57pk.jpg!m_fill,w_280,h_210,f_jpg?from=ke.com
20230516,密云,密云镇,101116837880,满五唯一 视野好 采光好 独立两居房主自荐,155万,24208元/平,高楼层 (共6层) | 2017年建 | 2室1厅 | 64.03平米 | 南 北,https://ke-image.ljcdn.com/110000-inspection/pc1_wWyegU0DV.jpg!m_fill,w_280,h_210,f_jpg?from=ke.com
20230516,密云,密云镇,101116835680,此房小区环境优美有4个公园相临小区出来就是白河,428万,18329元/平,中楼层 (共4层) 4室3厅 | 233.52平米 | 南 北,https://ke-image.ljcdn.com/110000-inspection/pc1_BDHrrG8Qq.jpg!m_fill,w_280,h_210,f_jpg?from=ke.com
20230516,密云,密云镇,101116831556,兴云小区  南北通透   格局好  采光好,168万,23888元/平,低楼层 (共6层) 2室1厅 | 70.33平米 | 南 北,https://ke-image.ljcdn.com/110000-inspection/pc1_HZCiGlCh0.jpg!m_fill,w_280,h_210,f_jpg?from=ke.com
20230516,密云,密云镇,101116804076,通用博园全南向两居室采光充足无遮挡,178万,26062元/平,低楼层 (共9层) 2室1厅 | 68.3平米 | 南,https://ke-image.ljcdn.com/110000-inspection/pc1_7A6jwRmm2.jpg!m_fill,w_280,h_210,f_jpg?from=ke.com
20230516,密云,密云镇,101116799361,康馨雅苑  新小区 业主自主 诚意出售 南北通透房主自荐,180万,21093元/平,顶层 (共7层) | 2016年建 | 2室1厅 | 85.34平米 | 南 北,https://ke-image.ljcdn.com/110000-inspection/pc1_20otswovx_1.jpg!m_fill,w_280,h_210,f_jpg?from=ke.com
20230516,密云,密云镇,101116759516,学府花园三卧朝南三居室 南北通透,240万,22069元/平,中楼层 (共6层) 3室2厅 | 108.75平米 | 南 北,https://ke-image.ljcdn.com/110000-inspection/pc1_CIDU8qSiY.jpg!m_fill,w_280,h_210,f_jpg?from=ke.com
20230516,密云,密云镇,101116721337,水岸花墅南北通透采光充足绿色环绕房主自荐,338万,14463元/平,中楼层 (共4层) | 2011年建 | 4室2厅 | 233.7平米 | 南 北,https://ke-image.ljcdn.com/110000-inspection/pc1_94SmDfdIA.jpg!m_fill,w_280,h_210,f_jpg?from=ke.com
20230516,密云,密云镇,101116698433,城建上河湾南区 诚心出售 价格可谈,215万,23191元/平,高楼层 (共15层) 2室2厅 | 92.71平米 | 南 北,https://ke-image.ljcdn.com/110000-inspection/pc1_ZFpoGyW2W.jpg!m_fill,w_280,h_210,f_jpg?from=ke.com
20230516,密云,密云镇,101116671189,华远澜悦 正规两居室 有电梯 精装修 看房方便,175万,22631元/平,中楼层 (共11层) 2室1厅 | 77.33平米 | 南,https://ke-image.ljcdn.com/110000-inspection/pc1_6FKdL3oCa_1.jpg!m_fill,w_280,h_210,f_jpg?from=ke.com
20230516,密云,密云镇,101116642130,通用博园中楼层三居室品牌装修断桥铝门窗房主自荐,258万,29903元/平,中楼层 (共9层) | 2016年建 | 3室2厅 | 86.28平米 | 南 北,https://ke-image.ljcdn.com/110000-inspection/pc1_kdaqnBT1X.jpg!m_fill,w_280,h_210,f_jpg?from=ke.com
20230516,密云,密云镇,101116577156,此房小区环境优美4个公园相临小区西南门出来就是白河,318万,24244元/平,中楼层 (共4层) 3室2厅 | 131.17平米 | 南 北,https://ke-image.ljcdn.com/110000-inspection/pc1_D6wxcqyYG.jpg!m_fill,w_280,h_210,f_jpg?from=ke.com
20230516,密云,密云镇,101116543634,南北通透格局好楼层好视野开阔。交通便利,228万,25155元/平,中楼层 (共15层) 2室1厅 | 90.64平米 | 南 北,https://ke-image.ljcdn.com/110000-inspection/pc1_L4OcrOovv.jpg!m_fill,w_280,h_210,f_jpg?from=ke.com
20230516,密云,密云镇,101116535678,南北通透 格局合理 视野开阔大两居房主自荐,205万,22788元/平,底层 (共6层) | 2008年建 | 2室2厅 | 89.96平米 | 南 北,https://ke-image.ljcdn.com/110000-inspection/pc1_I3ZKBYD8p_1.jpg!m_fill,w_280,h_210,f_jpg?from=ke.com
20230516,密云,密云镇,101116504725,博世庄园远离闹市环境优美居住舒适,160万,18886元/平,中楼层 (共4层) 2室1厅 | 84.72平米 | 南 北,https://ke-image.ljcdn.com/110000-inspection/pc1_1kzC1OgaS.jpg!m_fill,w_280,h_210,f_jpg?from=ke.com
20230516,密云,密云镇,101116497967,上河湾品质社区 楼龄比较新 带电梯  一梯两户,215万,22711元/平,低楼层 (共15层) | 2014年建 | 3室1厅 | 94.67平米 | 南 北,https://ke-image.ljcdn.com/110000-inspection/pc1_Dbdm6vs7h_1.jpg!m_fill,w_280,h_210,f_jpg?from=ke.com
20230516,密云,密云镇,101116480802,城建上河湾北区小区环境优质交通便利南北通透,238万,22241元/平,顶层 (共15层) | 2014年建 | 3室2厅 | 107.01平米 | 南 北,https://ke-image.ljcdn.com/110000-inspection/pc1_GsTOzbRTB_1.jpg!m_fill,w_280,h_210,f_jpg?from=ke.com
20230516,密云,密云镇,101116468472,水岸花墅 上叠户型 正对白河公园 精装修,430万,32812元/平,顶层 (共4层) | 2011年建 | 4室2厅 | 131.05平米 | 东 西,https://ke-image.ljcdn.com/110000-inspection/pc1_tHY4OKCa0.jpg!m_fill,w_280,h_210,f_jpg?from=ke.com
20230516,密云,密云镇,101116426519,城建上河湾北区中低楼层2居室,180万,24457元/平,低楼层 (共14层) 2室1厅 | 73.6平米 | 南,https://ke-image.ljcdn.com/110000-inspection/pc1_STsVVFBOX.jpg!m_fill,w_280,h_210,f_jpg?from=ke.com
20230516,密云,密云镇,101116403239,康馨雅苑北区 满两年唯一 正规三居室 眼镜户型 次顶层,260万,21960元/平,高楼层 (共7层) 3室2厅 | 118.4平米 | 南 北,https://ke-image.ljcdn.com/110000-inspection/pc1_g7I47w9LY_1.jpg!m_fill,w_280,h_210,f_jpg?from=ke.com
20230516,密云,密云镇,101116392346,本房为总高15层带电梯洋房建筑结构南北通透 采光充足,298万,26214元/平,顶层 (共15层) 3室1厅 | 113.68平米 | 南 北,https://ke-image.ljcdn.com/110000-inspection/pc1_YRjLpEV6X_1.jpg!m_fill,w_280,h_210,f_jpg?from=ke.com
20230516,密云,密云镇,101116296802,华远澜悦 小区环境好 带电梯 装修好,195万,22167元/平,低楼层 (共11层) | 2015年建 | 3室1厅 | 87.97平米 | 南 北,https://ke-image.ljcdn.com/110000-inspection/pc1_UmW9sPbYv.jpg!m_fill,w_280,h_210,f_jpg?from=ke.com
20230516,密云,密云镇,101116258447,兴云小区 单价低  独立2居 南北通透 配套齐全,155万,17829元/平,顶层 (共6层) | 2008年建 | 2室2厅 | 86.94平米 | 南 北,https://ke-image.ljcdn.com/110000-inspection/pc1_PgqQGIt4e_1.jpg!m_fill,w_280,h_210,f_jpg?from=ke.com
20230516,密云,密云镇,101116241175,通用博园南北通透低楼层毛坯两居室,190万,26814元/平,低楼层 (共9层) 2室1厅 | 70.86平米 | 南 北,https://ke-image.ljcdn.com/110000-inspection/pc1_9B7HfJQUE.jpg!m_fill,w_280,h_210,f_jpg?from=ke.com
20230516,密云,密云镇,101116218844,小洋房社区 万科物业   环境优美  宁静和谐,209万,29207元/平,中楼层 (共9层) 2室1厅 | 71.56平米 | 南 北,https://ke-image.ljcdn.com/110000-inspection/pc1_VYY6jTv1H_1.jpg!m_fill,w_280,h_210,f_jpg?from=ke.com
20230516,密云,密云镇,101116156554,水岸花墅 中叠户型 精装修 诚意出售,360万,15882元/平,中楼层 (共4层) | 2012年建 | 4室2厅 | 226.68平米 | 南 北,https://ke-image.ljcdn.com/110000-inspection/pc1_yRGiOp0RR.jpg!m_fill,w_280,h_210,f_jpg?from=ke.com
20230516,密云,密云镇,101116144234,城建上河湾北区 环境优美 楼龄新房,265万,28087元/平,低楼层 (共15层) | 2014年建 | 3室2厅 | 94.35平米 | 南 北,https://ke-image.ljcdn.com/110000-inspection/pc1_Zk7ewwezt_1.jpg!m_fill,w_280,h_210,f_jpg?from=ke.com
20230516,密云,密云镇,101116056706,唐源云居   环境优美  临近公园,195万,20910元/平,中楼层 (共18层) | 2016年建 | 2室1厅 | 93.26平米 | 南 北,https://ke-image.ljcdn.com/110000-inspection/pc1_Ks9Jz0lfL.jpg!m_fill,w_280,h_210,f_jpg?from=ke.com
20230516,密云,密云镇,101116016254,中加福园 精装修 满五唯一 一层,220万,22590元/平,底层 (共5层) | 2013年建 | 2室2厅 | 97.39平米 | 南 北,https://ke-image.ljcdn.com/110000-inspection/pc1_lbyoYHObw_1.jpg!m_fill,w_280,h_210,f_jpg?from=ke.com
20230516,密云,密云镇,101115974848,城建上河湾南区 精装修 南北通透 全明格局,280万,24279元/平,高楼层 (共15层) 3室1厅 | 115.33平米 | 南 北,https://ke-image.ljcdn.com/110000-inspection/pc1_03sTwH1Ym_1.jpg!m_fill,w_280,h_210,f_jpg?from=ke.com
20230516,密云,密云镇,101115914452,城建上河湾北区 南北通透格局好楼层好视野开阔,229万,23167元/平,低楼层 (共7层) | 2015年建 | 3室2厅 | 98.85平米 | 南 北,https://ke-image.ljcdn.com/110000-inspection/pc1_grwgd9bf9.jpg!m_fill,w_280,h_210,f_jpg?from=ke.com
20230516,密云,密云镇,101115880927,通用博园  环境优美 标准两居室 南北通透 新房,200万,27984元/平,底层 (共9层) | 2016年建 | 2室1厅 | 71.47平米 | 南 北,https://ke-image.ljcdn.com/110000-inspection/pc1_YmByXuOZj.jpg!m_fill,w_280,h_210,f_jpg?from=ke.com
20230516,密云,密云镇,101115821193,密云区    南北通透   采光好       交通方便,220万,18602元/平,顶层 (共7层) 3室2厅 | 118.27平米 | 南 北,https://ke-image.ljcdn.com/110000-inspection/pc1_tpp7QDku7.jpg!m_fill,w_280,h_210,f_jpg?from=ke.com
20230516,密云,密云镇,101115782664,密云区    季庄小区  南北通透    采光好,165万,17929元/平,顶层 (共5层) 2室2厅 | 92.03平米 | 南 北,https://ke-image.ljcdn.com/110000-inspection/pc1_WdqSpDxYt_1.jpg!m_fill,w_280,h_210,f_jpg?from=ke.com
20230516,密云,密云镇,101115760055,总高15层电梯洋房一梯两户前后无遮挡视野开阔,215万,23763元/平,低楼层 (共15层) 2室1厅 | 90.48平米 | 南 北,https://ke-image.ljcdn.com/110000-inspection/pc1_V8cPa0UhO.jpg!m_fill,w_280,h_210,f_jpg?from=ke.com
20230516,密云,密云镇,101115712608,城建上河湾北区满五唯一楼层位置好配套齐全,236万,28582元/平,低楼层 (共14层) | 2015年建 | 2室1厅 | 82.57平米 | 南 北,https://ke-image.ljcdn.com/110000-inspection/pc1_r8cxTHP8h.jpg!m_fill,w_280,h_210,f_jpg?from=ke.com
20230516,密云,密云镇,101115679885,城建上河湾北区 南北通透格局好楼层好视野开阔,310万,26269元/平,高楼层 (共7层) 3室2厅 | 118.01平米 | 南 北,https://ke-image.ljcdn.com/110000-inspection/pc1_scFehllgh.jpg!m_fill,w_280,h_210,f_jpg?from=ke.com
20230516,密云,密云镇,101115619305,中加福园一层南北通透精装双卫两居室房主自荐,245万,24786元/平,底层 (共6层) | 2013年建 | 2室2厅 | 98.85平米 | 南 北,https://ke-image.ljcdn.com/110000-inspection/pc1_7qWz2BHVY_1.jpg!m_fill,w_280,h_210,f_jpg?from=ke.com
20230516,密云,密云镇,101115617750,海怡庄园东区  电梯房  视野开阔  户型方正,215万,20974元/平,高楼层 (共18层) 3室2厅 | 102.51平米 | 南 北,https://ke-image.ljcdn.com/110000-inspection/pc1_9u9qr21ko.jpg!m_fill,w_280,h_210,f_jpg?from=ke.com
20230516,密云,密云镇,101115616797,小洋房社区  环境优美 宁静和谐,193万,27005元/平,底层 (共9层) | 2016年建 | 2室2厅 | 71.47平米 | 南 北,https://ke-image.ljcdn.com/110000-inspection/pc1_4UO5rkCSn.jpg!m_fill,w_280,h_210,f_jpg?from=ke.com
20230516,密云,密云镇,101115606784,城建上河湾北区 南北通透 无遮挡,220万,24587元/平,顶层 (共15层) | 2014年建 | 3室2厅 | 89.48平米 | 南 北,https://ke-image.ljcdn.com/110000-inspection/pc1_1hzeZwk4w.jpg!m_fill,w_280,h_210,f_jpg?from=ke.com
20230516,密云,密云镇,101115592020,此房采光好南北通透户型方正,205万,18124元/平,顶层 (共6层) | 2006年建 | 3室2厅 | 113.11平米 | 南 北,https://ke-image.ljcdn.com/110000-inspection/pc1_r987n9RLr.jpg!m_fill,w_280,h_210,f_jpg?from=ke.com
20230516,密云,密云镇,101115511930,此房满五年唯一。带电梯保养好配套设施齐全,186万,25532元/平,高楼层 (共11层) | 2015年建 | 2室1厅 | 72.85平米 | 南,https://ke-image.ljcdn.com/110000-inspection/pc1_kGSLhlkZj_1.jpg!m_fill,w_280,h_210,f_jpg?from=ke.com
20230516,密云,密云镇,101115498828,城建上河湾区精装享受田园生活空气清新房主自荐,399万,34150元/平,底层 (共7层) | 2016年建 | 3室2厅 | 116.84平米 | 南 北,https://ke-image.ljcdn.com/110000-inspection/0d55caf8-94fb-4bb9-9921-e768b6bea581_1000.jpg!m_fill,w_280,h_210,f_jpg?from=ke.com
20230516,密云,密云镇,101115469047,水岸花墅有电梯中叠有花园 休闲度假观白河房主自荐,422万,18021元/平,中楼层 (共4层) | 2012年建 | 4室3厅 | 234.18平米 | 南 北,https://ke-image.ljcdn.com/110000-inspection/pc1_IhWbs6knl.jpg!m_fill,w_280,h_210,f_jpg?from=ke.com
20230516,密云,密云镇,101115429201,城建上河湾南区南北通透全明格局花园式小区,280万,24357元/平,中楼层 (共15层) | 2015年建 | 3室2厅 | 114.96平米 | 南 北,https://ke-image.ljcdn.com/110000-inspection/pc1_5MMtWYECI.jpg!m_fill,w_280,h_210,f_jpg?from=ke.com
20230516,密云,密云镇,101115341952,兴云小区南北通透采光好业主诚售,160万,18073元/平,顶层 (共6层) | 2018年建 | 2室1厅 | 88.53平米 | 南 北,https://ke-image.ljcdn.com/110000-inspection/pc1_I2vdsyYRW.jpg!m_fill,w_280,h_210,f_jpg?from=ke.com
20230516,密云,密云镇,101115336129,上河湾南区楼栋位置好视野开阔交通便利房主自荐,280万,24312元/平,高楼层 (共15层) | 2015年建 | 3室2厅 | 115.17平米 | 南 北,https://ke-image.ljcdn.com/110000-inspection/pc1_C5CbCS4Qh_1.jpg!m_fill,w_280,h_210,f_jpg?from=ke.com
20230516,密云,密云镇,101115280937,中加荣园北区交通便利四通八达诚心出售,235万,25813元/平,低楼层 (共11层) 2室1厅 | 91.04平米 | 南 北,https://ke-image.ljcdn.com/110000-inspection/pc1_eK0fG5ZRC.jpg!m_fill,w_280,h_210,f_jpg?from=ke.com
20230516,密云,密云镇,101115260916,海怡庄园东区 南向两居 带电梯,189万,21802元/平,中楼层 (共18层) | 2016年建 | 2室2厅 | 86.69平米 | 南 北,https://ke-image.ljcdn.com/110000-inspection/pc1_RDMuBSL4x.jpg!m_fill,w_280,h_210,f_jpg?from=ke.com
20230516,密云,密云镇,101115248104,封闭小区楼间距大采光好绿化好环静佳,245万,22249元/平,中楼层 (共18层) | 2015年建 | 3室2厅 | 110.12平米 | 南 北,https://ke-image.ljcdn.com/110000-inspection/pc1_YJ4RRVhST_1.jpg!m_fill,w_280,h_210,f_jpg?from=ke.com
20230516,密云,密云镇,101115233351,城建上河湾南区交通便利四通八达南北通透格局好,435万,32244元/平,顶层 (共7层) | 2016年建 | 3室2厅 | 134.91平米 | 南 北,https://ke-image.ljcdn.com/110000-inspection/6c4bd926-d940-4b62-b762-63d3e4162eac_1000.jpg!m_fill,w_280,h_210,f_jpg?from=ke.com
20230516,密云,密云镇,101115228281,果园西路6号院   中间楼层   独立两居   采光好,212万,23072元/平,中楼层 (共7层) | 2013年建 | 2室2厅 | 91.89平米 | 南 北,https://ke-image.ljcdn.com/110000-inspection/pc1_mIiJ9oRRF.jpg!m_fill,w_280,h_210,f_jpg?from=ke.com
20230516,密云,密云镇,101115217830,此房视野开阔南北格局通透采光充足房主自荐,269万,26616元/平,低楼层 (共6层) | 2012年建 | 2室2厅 | 101.07平米 | 南 北,https://ke-image.ljcdn.com/110000-inspection/pc1_h93qbUMUJ.jpg!m_fill,w_280,h_210,f_jpg?from=ke.com
20230516,密云,密云镇,101115201766,水岸花墅 海阔 精装修 下叠拼  独立4居,460万,18061元/平,底层 (共4层) 4室2厅 | 254.7平米 | 南 北,https://ke-image.ljcdn.com/110000-inspection/pc1_TMIlqnshw.jpg!m_fill,w_280,h_210,f_jpg?from=ke.com
20230516,密云,密云镇,101115195182,南北通透 视野开阔 业主诚售 看房方便,177万,19419元/平,高楼层 (共6层) 2室2厅 | 91.15平米 | 南 北,https://ke-image.ljcdn.com/110000-inspection/pc1_Df89pIet9.jpg!m_fill,w_280,h_210,f_jpg?from=ke.com
20230516,密云,密云镇,101115172794,华远澜悦 高楼层 三居室 带电梯,210万,23805元/平,高楼层 (共11层) | 2015年建 | 3室1厅 | 88.22平米 | 南 北,https://ke-image.ljcdn.com/110000-inspection/pc1_Kv1EgnMkg.jpg!m_fill,w_280,h_210,f_jpg?from=ke.com
20230516,密云,密云镇,101115065188,华远澜悦  满五唯一  配套齐全,218万,24636元/平,低楼层 (共11层) | 2015年建 | 3室1厅 | 88.49平米 | 南 北,https://ke-image.ljcdn.com/110000-inspection/pc1_f4dkGrZE9.jpg!m_fill,w_280,h_210,f_jpg?from=ke.com
20230516,密云,密云镇,101115056627,密云  唐源云居   采光好 南北通透,205万,21530元/平,高楼层 (共18层) | 2015年建 | 2室1厅 | 95.22平米 | 南 北,https://ke-image.ljcdn.com/110000-inspection/pc1_IHu1WGQXr_1.jpg!m_fill,w_280,h_210,f_jpg?from=ke.com
20230516,密云,密云镇,101115050912,华远澜悦交通便利四通八达户型南北通透,305万,25588元/平,中楼层 (共11层) | 2015年建 | 3室2厅 | 119.2平米 | 南 北,https://ke-image.ljcdn.com/110000-inspection/pc1_SbsOyVbSQ.jpg!m_fill,w_280,h_210,f_jpg?from=ke.com
20230516,密云,密云镇,101114971104,华远澜悦  南北通透  配套齐全房主自荐,235万,26482元/平,顶层 (共11层) | 2015年建 | 3室1厅 | 88.74平米 | 南 北,https://ke-image.ljcdn.com/110000-inspection/pc1_CoavW6nWS_1.jpg!m_fill,w_280,h_210,f_jpg?from=ke.com
20230516,密云,密云镇,101114947585,密云   康馨雅苑 北区  南北通透    采光好,230万,25759元/平,中楼层 (共7层) | 2004年建 | 2室1厅 | 89.29平米 | 南 北,https://ke-image.ljcdn.com/110000-inspection/pc1_ETcCoNE6T.jpg!m_fill,w_280,h_210,f_jpg?from=ke.com
20230516,密云,密云镇,101114921416,城建上河湾北区 满五唯一 小区环境优美,320万,21997元/平,高楼层 (共15层) | 2015年建 | 4室2厅 | 145.48平米 | 南 北,https://ke-image.ljcdn.com/110000-inspection/pc1_UsFpvXnr5_1.jpg!m_fill,w_280,h_210,f_jpg?from=ke.com
20230516,密云,密云镇,101114861412,唐源云居经典两居。。。。。。,197万,20689元/平,低楼层 (共18层) 2室1厅 | 95.22平米 | 南 北,https://ke-image.ljcdn.com/110000-inspection/pc1_xzYxIL5cU.jpg!m_fill,w_280,h_210,f_jpg?from=ke.com
20230516,密云,密云镇,101114818342,富帛家属院 纯南两居 全明格局,135万,23141元/平,顶层 (共6层) | 2013年建 | 2室1厅 | 58.34平米 | 南,https://ke-image.ljcdn.com/110000-inspection/pc1_11yhgxmtC.jpg!m_fill,w_280,h_210,f_jpg?from=ke.com
20230516,密云,密云镇,101114801379,万科物业 总高9层 环境优美  南北通透独立两居房主自荐,198万,27919元/平,底层 (共9层) | 2016年建 | 2室2厅 | 70.92平米 | 南 北,https://ke-image.ljcdn.com/110000-inspection/pc1_WYiFBdYnJ.jpg!m_fill,w_280,h_210,f_jpg?from=ke.com
20230516,密云,密云镇,101114800809,学府花园 南北通透三居室看房方便,270万,20892元/平,中楼层 (共6层) | 2022年建 | 3室2厅 | 129.24平米 | 南 北,https://ke-image.ljcdn.com/110000-inspection/pc1_Du5QbtMnU.jpg!m_fill,w_280,h_210,f_jpg?from=ke.com
20230516,密云,密云镇,101114761039,城建上河湾北区花园式小区观景房,215万,23747元/平,低楼层 (共15层) | 2014年建 | 2室1厅 | 90.54平米 | 南 北,https://ke-image.ljcdn.com/110000-inspection/pc1_l9UplcZrK_1.jpg!m_fill,w_280,h_210,f_jpg?from=ke.com
20230516,密云,密云镇,101114721705,学府花园4层毛坯双阳卧室眼镜房格局,285万,24422元/平,中楼层 (共6层) | 2012年建 | 3室2厅 | 116.7平米 | 南 北,https://ke-image.ljcdn.com/110000-inspection/pc1_FPvhdxIlg.jpg!m_fill,w_280,h_210,f_jpg?from=ke.com
20230516,密云,密云镇,101114682826,城建上河湾北区 诚心出售 看房方便,297万,25081元/平,低楼层 (共7层) 3室2厅 | 118.42平米 | 南 北,https://ke-image.ljcdn.com/110000-inspection/pc1_igBtz4N6T.jpg!m_fill,w_280,h_210,f_jpg?from=ke.com
20230516,密云,密云镇,101114669025,城建上河湾南区 小区环境好 带电梯,270万,28476元/平,中楼层 (共15层) 2室1厅 | 94.82平米 | 南 北,https://ke-image.ljcdn.com/110000-inspection/pc1_UE2U7WFp0.jpg!m_fill,w_280,h_210,f_jpg?from=ke.com
20230516,密云,密云镇,101114668782,兴云乙区 3室 2厅 眼镜户型  中间楼层   采光好房主自荐,239万,23286元/平,中楼层 (共6层) | 2009年建 | 3室2厅 | 102.64平米 | 南 北,https://ke-image.ljcdn.com/110000-inspection/pc1_1WnxxOBW6.jpg!m_fill,w_280,h_210,f_jpg?from=ke.com
20230516,密云,密云镇,101114644208,通用博园  南北通透 有钥匙 看房方便 业主诚心出售房主自荐,268万,27286元/平,底层 (共8层) 3室1厅 | 98.22平米 | 南 北,https://ke-image.ljcdn.com/110000-inspection/pc1_wmnPmuyuJ_1.jpg!m_fill,w_280,h_210,f_jpg?from=ke.com
20230516,密云,密云镇,101114536445,城建上河湾北区 精装修 拎包入住,400万,29833元/平,中楼层 (共15层) | 2015年建 | 3室2厅 | 134.08平米 | 南 北,https://ke-image.ljcdn.com/110000-inspection/pc1_XvRdaiReD_1.jpg!m_fill,w_280,h_210,f_jpg?from=ke.com
20230516,密云,密云镇,101114513949,城建上河湾北区 带电梯 小区环境好,249万,25190元/平,中楼层 (共7层) | 2015年建 | 3室2厅 | 98.85平米 | 南 北,https://ke-image.ljcdn.com/110000-inspection/pc1_d2CE6FOz4.jpg!m_fill,w_280,h_210,f_jpg?from=ke.com
20230516,密云,密云镇,101114486497,上河湾南区 精装修南北通透 独立3居 电梯高层 采光好,280万,22820元/平,顶层 (共15层) 3室1厅 | 122.7平米 | 南 北,https://ke-image.ljcdn.com/110000-inspection/pc1_qn9VlYJPj_1.jpg!m_fill,w_280,h_210,f_jpg?from=ke.com
20230516,密云,密云镇,101114459718,精装修 可拎包入住 南北通透 小区环境优美,205万,23272元/平,低楼层 (共7层) 3室1厅 | 88.09平米 | 南 北,https://ke-image.ljcdn.com/110000-inspection/pc1_JLy2gcFLS.jpg!m_fill,w_280,h_210,f_jpg?from=ke.com
20230516,密云,密云镇,101114454642,富帛家属院51.81平三层看房方便,120万,23162元/平,中楼层 (共5层) | 2015年建 | 2室1厅 | 51.81平米 | 南,https://ke-image.ljcdn.com/110000-inspection/pc1_3U4TjGMqB.jpg!m_fill,w_280,h_210,f_jpg?from=ke.com
20230516,密云,密云镇,101114391397,博世庄园 满五唯一 大三居阳面卧室 客厅带窗通风好,210万,15865元/平,顶层 (共4层) | 2009年建 | 3室2厅 | 132.37平米 | 南 北,https://ke-image.ljcdn.com/110000-inspection/pc1_05a17SkXJ_1.jpg!m_fill,w_280,h_210,f_jpg?from=ke.com
20230516,密云,密云镇,101114361704,海怡庄园东区高楼层一居室采光充足,126万,28748元/平,顶层 (共12层) | 2016年建 | 1室1厅 | 43.83平米 | 东 西,https://ke-image.ljcdn.com/110000-inspection/pc1_KuMwaah1B.jpg!m_fill,w_280,h_210,f_jpg?from=ke.com
20230516,密云,密云镇,101114353460,海怡庄园东区 12层景观电梯房 南北通透 五年唯一,300万,21072元/平,高楼层 (共16层) | 2016年建 | 3室2厅 | 142.37平米 | 南 北,https://ke-image.ljcdn.com/110000-inspection/pc1_IW11iGJLu.jpg!m_fill,w_280,h_210,f_jpg?from=ke.com
20230516,密云,密云镇,101114349227,城建上河湾北区 小区环境好 带电梯,310万,26176元/平,中楼层 (共7层) | 2015年建 | 3室2厅 | 118.43平米 | 南 北,https://ke-image.ljcdn.com/110000-inspection/pc1_40KIoQcyZ.jpg!m_fill,w_280,h_210,f_jpg?from=ke.com
20230516,密云,密云镇,101114294253,南北通透  精装修  独立三居  环境优美   绿化好采房主自荐,266万,23416元/平,底层 (共6层) | 2013年建 | 3室2厅 | 113.6平米 | 南 北,https://ke-image.ljcdn.com/110000-inspection/pc1_KWGSQiHZr.jpg!m_fill,w_280,h_210,f_jpg?from=ke.com
20230516,密云,密云镇,101114245262,满五唯一 精装修户型好采光充足  南北通透 带电梯,216万,24341元/平,中楼层 (共11层) | 2015年建 | 3室1厅 | 88.74平米 | 南 北,https://ke-image.ljcdn.com/110000-inspection/pc1_AY4pzWhCi.jpg!m_fill,w_280,h_210,f_jpg?from=ke.com
20230516,密云,密云镇,101114213314,唐源云居 精装两居 高楼层 看房方便 全明格局,192万,20164元/平,中楼层 (共18层) 2室1厅 | 95.22平米 | 南 北,https://ke-image.ljcdn.com/110000-inspection/pc1_UZVIp5f53.jpg!m_fill,w_280,h_210,f_jpg?from=ke.com
20230516,密云,密云镇,101114205419,城建上河湾北区  采光好  配套齐全,295万,23100元/平,高楼层 (共14层) 4室2厅 | 127.71平米 | 南 北,https://ke-image.ljcdn.com/110000-inspection/pc1_GyE54AGDH_1.jpg!m_fill,w_280,h_210,f_jpg?from=ke.com
20230516,密云,密云镇,101114174867,此房户型方正 南北通透无遮挡采光好,205万,19989元/平,顶层 (共18层) | 2016年建 | 2室1厅 | 102.56平米 | 南 北,https://ke-image.ljcdn.com/110000-inspection/pc1_a8Tuq72ba_1.jpg!m_fill,w_280,h_210,f_jpg?from=ke.com
20230516,密云,密云镇,101114169395,密云区 季庄小区 南北通透两居室 满五年唯一,158万,20983元/平,高楼层 (共6层) | 2016年建 | 2室2厅 | 75.3平米 | 南 北,https://ke-image.ljcdn.com/110000-inspection/pc1_6Cu09rbAg_1.jpg!m_fill,w_280,h_210,f_jpg?from=ke.com
20230516,密云,密云镇,101114153558,此房 独立两居 万科物业 环境 优美,217万,31767元/平,高楼层 (共9层) | 2016年建 | 2室1厅 | 68.31平米 | 南,https://ke-image.ljcdn.com/110000-inspection/47ff5189-85c1-46a4-a338-a5d4f954c7a7_1000.jpg!m_fill,w_280,h_210,f_jpg?from=ke.com
20230516,密云,密云镇,101114146242,城建上河湾北区 带电梯 小区环境好,182万,22623元/平,高楼层 (共15层) | 2015年建 | 3室1厅 | 80.45平米 | 南 北,https://ke-image.ljcdn.com/110000-inspection/pc1_L2UxImeaf.jpg!m_fill,w_280,h_210,f_jpg?from=ke.com
20230516,密云,密云镇,101114145863,城建上河湾南区 带电梯 小区环境好,340万,28812元/平,中楼层 (共7层) | 2016年建 | 3室2厅 | 118.01平米 | 南 北,https://ke-image.ljcdn.com/110000-inspection/pc1_HaewqIwuK.jpg!m_fill,w_280,h_210,f_jpg?from=ke.com
20230516,密云,密云镇,101114138340,密云区 季庄小区 南北通透精装两居室,210万,21563元/平,中楼层 (共5层) 2室2厅 | 97.39平米 | 南 北,https://ke-image.ljcdn.com/110000-inspection/pc1_LL1wExN2m_1.jpg!m_fill,w_280,h_210,f_jpg?from=ke.com
20230516,密云,密云镇,101114099412,唐源云居  楼间距大采光好绿化好环静佳,190万,20334元/平,中楼层 (共18层) | 2016年建 | 2室1厅 | 93.44平米 | 南 北,https://ke-image.ljcdn.com/110000-inspection/pc1_IQqNBfsrK_1.jpg!m_fill,w_280,h_210,f_jpg?from=ke.com
20230516,密云,密云镇,101114094921,海怡庄园东区南北通透电梯房精装修,300万,21072元/平,中楼层 (共16层) | 2016年建 | 3室1厅 | 142.37平米 | 南 北,https://ke-image.ljcdn.com/110000-inspection/pc1_vPH8CqFrt_1.jpg!m_fill,w_280,h_210,f_jpg?from=ke.com
20230516,密云,密云镇,101114094727,房子布局合理格局好无浪费空间安静不临街,130万,29661元/平,低楼层 (共12层) | 2016年建 | 1室1厅 | 43.83平米 | 东,https://ke-image.ljcdn.com/110000-inspection/pc1_6upQvLhdU_1.jpg!m_fill,w_280,h_210,f_jpg?from=ke.com
20230516,密云,密云镇,101114072232,此房视野开阔南北通透采光充足配套齐全交通便利,242万,24090元/平,中楼层 (共6层) | 2013年建 | 2室2厅 | 100.46平米 | 南 北,https://ke-image.ljcdn.com/110000-inspection/pc1_e8BJvdQpH.jpg!m_fill,w_280,h_210,f_jpg?from=ke.com
20230516,密云,密云镇,101114067625,博世庄园  南北通透   采光充足 无遮挡,199万,13074元/平,高楼层 (共6层) | 2006年建 | 3室2厅 | 152.22平米 | 南 北,https://ke-image.ljcdn.com/110000-inspection/pc1_OzRM5fsiW_1.jpg!m_fill,w_280,h_210,f_jpg?from=ke.com
20230516,密云,密云镇,101114040697,中加福园3-2-1-2的全明格局,235万,20694元/平,底层 (共6层) | 2013年建 | 3室2厅 | 113.56平米 | 南 北,https://ke-image.ljcdn.com/110000-inspection/pc1_f0N2DlVoQ.jpg!m_fill,w_280,h_210,f_jpg?from=ke.com
20230516,密云,密云镇,101114014155,电梯房精装修南北通透户型好交通便利诚心出售房主自荐,260万,25758元/平,中楼层 (共15层) | 2015年建 | 3室2厅 | 100.94平米 | 南 北,https://ke-image.ljcdn.com/110000-inspection/ce61682f-0a01-4d6e-afd1-9e1de78e224b_1000.jpg!m_fill,w_280,h_210,f_jpg?from=ke.com
20230516,密云,密云镇,101114008617,城建上河湾北区户型通透交通四通八达满两年唯一,183万,24667元/平,高楼层 (共15层) 2室1厅 | 74.19平米 | 南 北,https://ke-image.ljcdn.com/110000-inspection/pc1_C3dVZvs8Z.jpg!m_fill,w_280,h_210,f_jpg?from=ke.com
20230516,密云,密云镇,101114000340,城建上河湾北区  正规两居室 纯南户型,185万,25535元/平,高楼层 (共15层) | 2015年建 | 2室1厅 | 72.45平米 | 南,https://ke-image.ljcdn.com/110000-inspection/pc1_mP9zN9xkF_1.jpg!m_fill,w_280,h_210,f_jpg?from=ke.com
20230516,密云,密云镇,101113989189,中加荣园北区品质社区诚意出售,245万,26510元/平,低楼层 (共11层) | 2016年建 | 2室1厅 | 92.42平米 | 南 北,https://ke-image.ljcdn.com/110000-inspection/pc1_nMyf58cdf_1.jpg!m_fill,w_280,h_210,f_jpg?from=ke.com
20230516,密云,密云镇,101113985213,中加福园满五唯一南北通透双卫精装修三居室,270万,23833元/平,中楼层 (共6层) 3室1厅 | 113.29平米 | 南 北,https://ke-image.ljcdn.com/110000-inspection/pc1_G8BwScrp6_1.jpg!m_fill,w_280,h_210,f_jpg?from=ke.com
20230516,密云,密云镇,101113957034,城建上河湾南区交通便利户型方正楼层好,339万,28727元/平,中楼层 (共7层) | 2016年建 | 3室2厅 | 118.01平米 | 南 北,https://ke-image.ljcdn.com/110000-inspection/pc1_2yogd6ev5_1.jpg!m_fill,w_280,h_210,f_jpg?from=ke.com
20230516,密云,密云镇,101113921758,电梯洋房中间楼层实用三居室采光充足,208万,25094元/平,低楼层 (共14层) 3室1厅 | 82.89平米 | 南 北,https://ke-image.ljcdn.com/110000-inspection/pc1_T83T1mmw4_1.jpg!m_fill,w_280,h_210,f_jpg?from=ke.com
20230516,密云,密云镇,101113921051,兴云小区14号楼南北通透正规三室两厅两卫,205万,18110元/平,顶层 (共5层) 3室2厅 | 113.2平米 | 南 北,https://ke-image.ljcdn.com/110000-inspection/pc1_04hH93ukZ_1.jpg!m_fill,w_280,h_210,f_jpg?from=ke.com
20230516,密云,密云镇,101113910902,中加福园满五唯一精装修南北通透两居,217万,22282元/平,中楼层 (共5层) | 2013年建 | 2室2厅 | 97.39平米 | 南 北,https://ke-image.ljcdn.com/110000-inspection/pc1_KfBLGIC1m_1.jpg!m_fill,w_280,h_210,f_jpg?from=ke.com
20230516,密云,密云镇,101113901428,康馨雅苑北区63.73平165万看房方便,160万,25106元/平,顶层 (共7层) | 2011年建 | 2室1厅 | 63.73平米 | 南 北,https://ke-image.ljcdn.com/110000-inspection/pc1_nePe7YICv_1.jpg!m_fill,w_280,h_210,f_jpg?from=ke.com
20230516,密云,密云镇,101113869858,北京市密云区中加福园小区婚房装修,230万,23266元/平,高楼层 (共6层) | 2011年建 | 2室2厅 | 98.86平米 | 南 北,https://ke-image.ljcdn.com/110000-inspection/pc1_dmaP4hhnZ_1.jpg!m_fill,w_280,h_210,f_jpg?from=ke.com
20230516,密云,密云镇,101113867729,富帛家属院  精装修 满五年唯一,135万,22157元/平,顶层 (共6层) | 2011年建 | 3室1厅 | 60.93平米 | 南 北,https://ke-image.ljcdn.com/110000-inspection/pc1_kT6uuAAJp.jpg!m_fill,w_280,h_210,f_jpg?from=ke.com
20230516,密云,密云镇,101113853044,三层适合各类人群业主自住装修好看房随时,225万,19042元/平,中楼层 (共6层) | 2011年建 | 3室2厅 | 118.16平米 | 南 北,https://ke-image.ljcdn.com/110000-inspection/pc1_yQypVCMcf_1.jpg!m_fill,w_280,h_210,f_jpg?from=ke.com
20230516,密云,密云镇,101113846095,兴云小区南北通透两居 看房子随时,176万,19881元/平,高楼层 (共6层) | 2017年建 | 2室1厅 | 88.53平米 | 南 北,https://ke-image.ljcdn.com/110000-inspection/pc1_dogDQVGPJ_1.jpg!m_fill,w_280,h_210,f_jpg?from=ke.com
20230516,密云,密云镇,101113842951,密云 季庄小区南北朝向 精装三居室,190万,16335元/平,顶层 (共6层) | 2007年建 | 3室2厅 | 116.32平米 | 南 北,https://ke-image.ljcdn.com/110000-inspection/pc1_AqDSheuYM_1.jpg!m_fill,w_280,h_210,f_jpg?from=ke.com
20230516,密云,密云镇,101113824457,本房 南北通透中等楼层可以拎包入住诚心出售房主自荐,245万,28282元/平,低楼层 (共8层) | 2016年建 | 3室2厅 | 86.63平米 | 南 北,https://ke-image.ljcdn.com/110000-inspection/pc1_CtweQzxnM.jpg!m_fill,w_280,h_210,f_jpg?from=ke.com
20230516,密云,密云镇,101113764000,小洋房社区得房率78%南北通透三居室,289万,18986元/平,低楼层 (共6层) 3室2厅 | 152.22平米 | 南 北,https://ke-image.ljcdn.com/110000-inspection/pc1_DvyE3WBRI_1.jpg!m_fill,w_280,h_210,f_jpg?from=ke.com
20230516,密云,密云镇,101113725960,小洋房社区得房率78%三个室都朝南  采光好,260万,19642元/平,顶层 (共4层) | 2003年建 | 3室2厅 | 132.37平米 | 南 北,https://ke-image.ljcdn.com/110000-inspection/pc1_u28VkFGIb_1.jpg!m_fill,w_280,h_210,f_jpg?from=ke.com
20230516,密云,密云镇,101113720911,季庄小区户型南北通透采光及视野很棒。,170万,22475元/平,顶层 (共5层) | 2008年建 | 2室1厅 | 75.64平米 | 南 北,https://ke-image.ljcdn.com/110000-inspection/pc1_UqxPWC5NH_1.jpg!m_fill,w_280,h_210,f_jpg?from=ke.com
20230516,密云,密云镇,101113614043,城建上河湾北区户型南北通透交通便利房主自荐,230万,27024元/平,高楼层 (共15层) | 2015年建 | 2室1厅 | 85.11平米 | 南 北,https://ke-image.ljcdn.com/110000-inspection/pc1_v9pweNdix_1.jpg!m_fill,w_280,h_210,f_jpg?from=ke.com
20230516,密云,密云镇,101113602163,城建上河湾南区   南北通透  采光充足,238万,22691元/平,顶层 (共15层) | 2015年建 | 3室1厅 | 104.89平米 | 南 北,https://ke-image.ljcdn.com/110000-inspection/pc1_ahdQt7jRX_1.jpg!m_fill,w_280,h_210,f_jpg?from=ke.com
20230516,密云,密云镇,101113590816,城建上河湾南区  南北通透  采光充足房主自荐,235万,24889元/平,低楼层 (共15层) | 2015年建 | 3室2厅 | 94.42平米 | 南 北,https://ke-image.ljcdn.com/110000-inspection/pc1_JTwkgyMB5_1.jpg!m_fill,w_280,h_210,f_jpg?from=ke.com
20230516,密云,密云镇,101113587336,城建上河湾南区 观景 河边 精装小三室,225万,25557元/平,高楼层 (共15层) | 2015年建 | 3室1厅 | 88.04平米 | 南 北,https://ke-image.ljcdn.com/110000-inspection/pc1_WlkxFp4Kc_1.jpg!m_fill,w_280,h_210,f_jpg?from=ke.com
20230516,密云,密云镇,101113538444,正规三居 采光充足 配套齐全 设施完善,280万,21925元/平,高楼层 (共15层) | 2015年建 | 3室2厅 | 127.71平米 | 南 北,https://ke-image.ljcdn.com/110000-inspection/pc1_LuQfVQfSN_1.jpg!m_fill,w_280,h_210,f_jpg?from=ke.com
20230516,密云,密云镇,101113469484,城建上河湾南区洋房视野开阔南北通透全明格局,360万,30506元/平,中楼层 (共7层) | 2016年建 | 3室2厅 | 118.01平米 | 南 北,https://ke-image.ljcdn.com/110000-inspection/pc1_dvXOpSvSy_1.jpg!m_fill,w_280,h_210,f_jpg?from=ke.com
20230516,密云,密云镇,101113414276,河西房源社区配套成熟出行方便交通便利,248万,23243元/平,顶层 (共6层) | 2016年建 | 3室2厅 | 106.7平米 | 南 北,https://ke-image.ljcdn.com/110000-inspection/pc1_Zdjvk84Nd_1.jpg!m_fill,w_280,h_210,f_jpg?from=ke.com
20230516,密云,密云镇,101113404076,城建上河湾南区南北通透格局好交通便利,205万,22672元/平,顶层 (共15层) | 2015年建 | 2室2厅 | 90.42平米 | 南 北,https://ke-image.ljcdn.com/110000-inspection/pc1_zFxrOuq67_1.jpg!m_fill,w_280,h_210,f_jpg?from=ke.com
20230516,密云,密云镇,101113395679,城建上河湾北区 南北通透两居室 精装修 位置好房主自荐,223万,26101元/平,低楼层 (共15层) | 2014年建 | 2室2厅 | 85.44平米 | 南 北,https://ke-image.ljcdn.com/110000-inspection/pc1_xS84UWdgU_1.jpg!m_fill,w_280,h_210,f_jpg?from=ke.com
20230516,密云,密云镇,101113342086,中加福园 独立两居 随时可以看 采光好房主自荐,195万,26193元/平,底层 (共6层) | 2013年建 | 2室2厅 | 74.45平米 | 南,https://ke-image.ljcdn.com/110000-inspection/pc1_zOjVKOLBs_1.jpg!m_fill,w_280,h_210,f_jpg?from=ke.com
20230516,密云,密云镇,101113300856,通用博园 三室 一厅 南北通透,248万,28658元/平,中楼层 (共8层) | 2018年建 | 3室2厅 | 86.54平米 | 南 北,https://ke-image.ljcdn.com/110000-inspection/pc1_i2mpmqJ5l_1.jpg!m_fill,w_280,h_210,f_jpg?from=ke.com
20230516,密云,密云镇,101113295005,河西精致户型业主售房诚意度高欢迎您的咨询,225万,19877元/平,顶层 (共5层) | 2004年建 | 3室2厅 | 113.2平米 | 南 北,https://ke-image.ljcdn.com/110000-inspection/pc1_dw06kMgkj_1.jpg!m_fill,w_280,h_210,f_jpg?from=ke.com
20230516,密云,密云镇,101113291488,小洋房社区得房率78%南北通透两居室,179万,17783元/平,顶层 (共4层) | 2013年建 | 2室1厅 | 100.66平米 | 南 北,https://ke-image.ljcdn.com/110000-inspection/pc1_6ptqKeXNm_1.jpg!m_fill,w_280,h_210,f_jpg?from=ke.com
20230516,密云,密云镇,101113277386,学府花园视野开阔业主诚心出售,178万,19944元/平,顶层 (共6层) | 2008年建 | 2室2厅 | 89.25平米 | 南 北,https://ke-image.ljcdn.com/110000-inspection/pc1_oVmcqo76H_1.jpg!m_fill,w_280,h_210,f_jpg?from=ke.com
20230516,密云,密云镇,101113150581,兴云小区南北通透真是在售看房方便,165万,25578元/平,中楼层 (共6层) 2室1厅 | 64.51平米 | 南 北,https://ke-image.ljcdn.com/110000-inspection/pc1_12PF92Qy3_1.jpg!m_fill,w_280,h_210,f_jpg?from=ke.com
20230516,密云,密云镇,101112899651,中加荣园南区 河西优质房源社区配套成熟~房主自荐,185万,22936元/平,顶层 (共11层) | 2016年建 | 2室1厅 | 80.66平米 | 东 西,https://ke-image.ljcdn.com/110000-inspection/pc1_RNMOHCnPs_1.jpg!m_fill,w_280,h_210,f_jpg?from=ke.com
20230516,密云,密云镇,101112720185,唐源云居--正规两居室--电梯房房主自荐,200万,20980元/平,中楼层 (共18层) | 2015年建 | 2室1厅 | 95.33平米 | 南 北,https://ke-image.ljcdn.com/110000-inspection/pc1_vomFzRkW8_1.jpg!m_fill,w_280,h_210,f_jpg?from=ke.com
20230516,密云,密云镇,101112552533,康馨雅苑北区  三居两卫  118.27m² 南北通透房主自荐,250万,21139元/平,中楼层 (共7层) | 2006年建 | 3室2厅 | 118.27平米 | 南 北,https://ke-image.ljcdn.com/110000-inspection/pc1_18NDE5Wbr_1.jpg!m_fill,w_280,h_210,f_jpg?from=ke.com
20230516,密云,密云镇,101112536380,城建上河湾南区户型方正南北通透格局好交通便利,270万,26355元/平,低楼层 (共15层) | 2015年建 | 3室2厅 | 102.45平米 | 南 北,https://ke-image.ljcdn.com/110000-inspection/pc1_PscQY8bvK_1.jpg!m_fill,w_280,h_210,f_jpg?from=ke.com
20230516,密云,密云镇,101112535462,城建上河湾南区   南北通透    户型方正    采光充足,260万,27537元/平,中楼层 (共15层) | 2015年建 | 3室2厅 | 94.42平米 | 南 北,https://ke-image.ljcdn.com/110000-inspection/pc1_8CxYaKeoi_1.jpg!m_fill,w_280,h_210,f_jpg?from=ke.com
20230516,密云,密云镇,101112507680,河西精典小面积业主售房诚意度高欢迎您的咨询,165万,25578元/平,中楼层 (共6层) 2室1厅 | 64.51平米 | 南 北,https://ke-image.ljcdn.com/110000-inspection/pc1_dENPajmBO_1.jpg!m_fill,w_280,h_210,f_jpg?from=ke.com
20230516,密云,密云镇,101112504441,果园西里 配套齐全 采光好 诚心出售,175万,20316元/平,顶层 (共6层) | 2006年建 | 2室2厅 | 86.14平米 | 南 北,https://ke-image.ljcdn.com/110000-inspection/pc1_Ks3es9zxA_1.jpg!m_fill,w_280,h_210,f_jpg?from=ke.com
20230516,密云,密云镇,101112475965,富帛家属院业主诚心出售采光充足,121万,19859元/平,顶层 (共6层) 2室1厅 | 60.93平米 | 南 北,https://ke-image.ljcdn.com/110000-inspection/pc1_rkPgztAH2_1.jpg!m_fill,w_280,h_210,f_jpg?from=ke.com
20230516,密云,密云镇,101112473429,季庄小区92.86平三室视野开阔,180万,19385元/平,顶层 (共7层) | 2006年建 | 3室1厅 | 92.86平米 | 南 北,https://ke-image.ljcdn.com/110000-inspection/pc1_99gWPnTpm_1.jpg!m_fill,w_280,h_210,f_jpg?from=ke.com
20230516,密云,密云镇,101112459335,学府花园视野开阔业主诚心出售房主自荐,230万,21099元/平,顶层 (共6层) | 2008年建 | 3室2厅 | 109.01平米 | 南 北,https://ke-image.ljcdn.com/110000-inspection/pc1_62bxK1ihK_1.jpg!m_fill,w_280,h_210,f_jpg?from=ke.com
20230516,密云,密云镇,101112389729,康馨雅苑北区 2居1卫 85.60m² 南北通透房主自荐,195万,22781元/平,低楼层 (共6层) | 2007年建 | 2室1厅 | 85.6平米 | 北 南,https://ke-image.ljcdn.com/110000-inspection/pc1_ZzbR9bx6P_1.jpg!m_fill,w_280,h_210,f_jpg?from=ke.com
20230516,密云,密云镇,101112240247,唐源云居----楼龄新---带电梯,190万,19954元/平,中楼层 (共18层) | 2015年建 | 2室1厅 | 95.22平米 | 南 北,https://ke-image.ljcdn.com/110000-inspection/pc1_vIQGQvRsd_1.jpg!m_fill,w_280,h_210,f_jpg?from=ke.com
20230516,密云,密云镇,101112207792,城建上河湾北区满两年唯一业主诚心出售,208万,27194元/平,底层 (共15层) 2室2厅 | 76.49平米 | 南,https://ke-image.ljcdn.com/110000-inspection/pc1_N2G0ZdqZa_1.jpg!m_fill,w_280,h_210,f_jpg?from=ke.com
20230516,密云,密云镇,101112201781,优质房源社区配套成熟出行方便交通便利房主自荐,228万,24599元/平,底层 (共11层) | 2016年建 | 2室1厅 | 92.69平米 | 北 南,https://ke-image.ljcdn.com/110000-inspection/pc1_hoHcyHtM4.jpg!m_fill,w_280,h_210,f_jpg?from=ke.com
20230516,密云,密云镇,101112157798,华远澜悦 中楼层 带电梯 采光好,218万,24972元/平,中楼层 (共11层) | 2015年建 | 3室2厅 | 87.3平米 | 南 北,https://ke-image.ljcdn.com/110000-inspection/pc1_fJrp6tAJi_1.jpg!m_fill,w_280,h_210,f_jpg?from=ke.com
20230516,密云,密云镇,101112147377,中加荣园南区 品质社区业主诚意出售。,218万,27048元/平,高楼层 (共11层) | 2016年建 | 2室1厅 | 80.6平米 | 东南 西北,https://ke-image.ljcdn.com/110000-inspection/pc1_3KGfYkSNM_1.jpg!m_fill,w_280,h_210,f_jpg?from=ke.com
20230516,密云,密云镇,101111947330,学府花园  3室2厅通透户型采光充足看房方便,280万,21554元/平,中楼层 (共6层) 3室2厅 | 129.91平米 | 南 北,https://ke-image.ljcdn.com/110000-inspection/pc1_1oFgZnAdn_1.jpg!m_fill,w_280,h_210,f_jpg?from=ke.com
20230516,密云,密云镇,101111858902,康馨雅苑北区通透格局业主诚意出售,215万,18306元/平,顶层 (共7层) 3室2厅 | 117.45平米 | 南 北,https://ke-image.ljcdn.com/110000-inspection/pc1_OpweW5L85_1.jpg!m_fill,w_280,h_210,f_jpg?from=ke.com
20230516,密云,密云镇,101111819248,水岸花墅看房方便小区环境优美,350万,26420元/平,中楼层 (共4层) | 2012年建 | 3室3厅 | 132.48平米 | 南 东 西,https://ke-image.ljcdn.com/110000-inspection/pc1_f3CXQbC3n_1.jpg!m_fill,w_280,h_210,f_jpg?from=ke.com
20230516,密云,密云镇,101111653678,季庄小区房屋满五唯一随时方便看房,182万,18758元/平,高楼层 (共6层) | 2008年建 | 2室1厅 | 97.03平米 | 南 北,https://ke-image.ljcdn.com/110000-inspection/pc1_VXSrxCBDe_1.jpg!m_fill,w_280,h_210,f_jpg?from=ke.com
20230516,密云,密云镇,101111590739,北京液压件厂家属区 价格还可议,110万,22569元/平,顶层 (共4层) | 2006年建 | 1室1厅 | 48.74平米 | 南 北,https://ke-image.ljcdn.com/110000-inspection/pc1_DcBJDL9Zw_1.jpg!m_fill,w_280,h_210,f_jpg?from=ke.com
20230516,密云,密云镇,101111345822,兴云乙区不临街看房方便业主诚意签约房主自荐,180万,19091元/平,高楼层 (共6层) | 1995年建 | 2室2厅 | 94.29平米 | 南,https://ke-image.ljcdn.com/110000-inspection/pc1_2rgmtso5C_1.jpg!m_fill,w_280,h_210,f_jpg?from=ke.com
20230516,密云,密云镇,101111327326,南北通透采光充足视野宽阔。,195万,18500元/平,顶层 (共5层) | 2015年建 | 2室2厅 | 105.41平米 | 南 北,https://ke-image.ljcdn.com/110000-inspection/pc1_K2BoDufN3_1.jpg!m_fill,w_280,h_210,f_jpg?from=ke.com
20230516,密云,密云镇,101111179052,正规两居室干净整洁业主诚意出售,205万,23949元/平,中楼层 (共6层) | 2009年建 | 2室1厅 | 85.6平米 | 南 北,https://ke-image.ljcdn.com/110000-inspection/pc1_9Th6Ur0NA_1.jpg!m_fill,w_280,h_210,f_jpg?from=ke.com
20230516,密云,密云镇,101111134858,正规两居电梯房精装修楼龄新,203万,24550元/平,底层 (共14层) | 2015年建 | 2室1厅 | 82.69平米 | 南 北,https://ke-image.ljcdn.com/110000-inspection/pc1_zcpRjyxAl_1.jpg!m_fill,w_280,h_210,f_jpg?from=ke.com
20230516,密云,密云镇,101111090549,城建上河湾北区 精装修 拎包入住,223万,24989元/平,低楼层 (共15层) | 2015年建 | 3室1厅 | 89.24平米 | 南 北,https://ke-image.ljcdn.com/110000-inspection/pc1_OXU6vVgRf_1.jpg!m_fill,w_280,h_210,f_jpg?from=ke.com
20230516,密云,密云镇,101110842992,唐源云居 次新房 看房提前约 人车分流小区 业主换房,210万,22029元/平,高楼层 (共18层) | 2015年建 | 2室1厅 | 95.33平米 | 南 北,https://ke-image.ljcdn.com/110000-inspection/pc1_nRddusih1_1.jpg!m_fill,w_280,h_210,f_jpg?from=ke.com
20230516,密云,密云镇,101110228833,兴云乙区 3室 明厨双卫 两卧朝南 楼层3层,238万,23322元/平,中楼层 (共5层) | 2017年建 | 3室2厅 | 102.05平米 | 南 北,https://ke-image.ljcdn.com/110000-inspection/pc1_kcbAJw4jW_1.jpg!m_fill,w_280,h_210,f_jpg?from=ke.com
20230516,密云,密云镇,101119277925,城建上河湾北区 2室1厅 南 北新上,322万,27286元/平,中楼层 (共7层) 2室1厅 | 118.01平米 | 南 北,https://ke-image.ljcdn.com/110000-inspection/pc1_5DNIn5AZf_1.jpg!m_fill,w_280,h_210,f_jpg?from=ke.com
20230516,密云,密云镇,101119186284,中加福园 1室1厅 南新上,147万,25691元/平,中楼层 (共6层) 1室1厅 | 57.22平米 | 南,https://ke-image.ljcdn.com/110000-inspection/pc1_LJPbpBxIh.jpg!m_fill,w_280,h_210,f_jpg?from=ke.com
20230516,密云,密云镇,101119179308,白河 宁静 水岸花墅 叠拼 上叠 环境好 低密 东西 别墅房主自荐,360万,27011元/平,中楼层 (共5层) 4室2厅 | 133.28平米 | 东 西,https://ke-image.ljcdn.com/110000-inspection/pc1_LCoRCuaFv.jpg!m_fill,w_280,h_210,f_jpg?from=ke.com
20230516,密云,密云镇,101119177719,博世庄园 3室2厅 南 北,276万,18132元/平,高楼层 (共6层) 3室2厅 | 152.22平米 | 南 北,https://ke-image.ljcdn.com/110000-inspection/pc1_nPOC29iOp.jpg!m_fill,w_280,h_210,f_jpg?from=ke.com
20230516,密云,密云镇,101119164349,云江苑 2室1厅 南 北,180万,21732元/平,顶层 (共6层) | 2004年建 | 2室1厅 | 82.83平米 | 南 北,https://ke-image.ljcdn.com/110000-inspection/pc1_raJ0WEN6Y_1.jpg!m_fill,w_280,h_210,f_jpg?from=ke.com
20230516,密云,密云镇,101119163565,城建上河湾北区 2室1厅 南 北,208万,24439元/平,低楼层 (共15层) 2室1厅 | 85.11平米 | 南 北,https://ke-image.ljcdn.com/110000-inspection/pc1_PCILIj6t9.jpg!m_fill,w_280,h_210,f_jpg?from=ke.com
20230516,密云,密云镇,101119161195,兴云乙区 2室1厅 南 北,164万,21385元/平,顶层 (共6层) 2室1厅 | 76.69平米 | 南 北,https://ke-image.ljcdn.com/110000-inspection/pc1_6RxWZ8OXK.jpg!m_fill,w_280,h_210,f_jpg?from=ke.com
20230516,密云,密云镇,101119137510,学府花园小区安静舒适小区人车分流,238万,22967元/平,高楼层 (共6层) | 2013年建 | 2室2厅 | 103.63平米 | 南 北,https://ke-image.ljcdn.com/110000-inspection/pc1_r0dwDGOxC.jpg!m_fill,w_280,h_210,f_jpg?from=ke.com
20230516,密云,密云镇,101119108097,白河 宁静 水岸花墅 叠拼 下跃 环境好 低密 南北 别墅房主自荐,410万,17689元/平,低楼层 (共3层) 4室2厅 | 231.79平米 | 南 北,https://ke-image.ljcdn.com/110000-inspection/pc1_zwc1ezZeJ.jpg!m_fill,w_280,h_210,f_jpg?from=ke.com
20230516,密云,密云镇,101119101081,全南格局高楼层无遮挡 采光充足、全明户型,123万,21084元/平,高楼层 (共6层) | 2016年建 | 2室1厅 | 58.34平米 | 南,https://ke-image.ljcdn.com/110000-inspection/pc1_ioC7YGy1r_1.jpg!m_fill,w_280,h_210,f_jpg?from=ke.com
20230516,密云,密云镇,101119081325,中加荣园南区别墅出售业主着急卖。,680万,23437元/平,底层 (共2层) 4室2厅 | 290.14平米 | 南 北,https://ke-image.ljcdn.com/110000-inspection/pc1_hwF7kDMNf.jpg!m_fill,w_280,h_210,f_jpg?from=ke.com
20230516,密云,密云镇,101119072103,华远澜悦 1室1厅 南,135万,25372元/平,中楼层 (共11层) 1室1厅 | 53.21平米 | 南,https://ke-image.ljcdn.com/110000-inspection/pc1_7bV2qf0i0_1.jpg!m_fill,w_280,h_210,f_jpg?from=ke.com
20230516,密云,密云镇,101119047861,鹊巢公寓诚心出售纯南向视野开阔,91万,22392元/平,中楼层 (共5层) 1室1厅 | 40.64平米 | 南,https://ke-image.ljcdn.com/110000-inspection/pc1_qroyTOMwR_1.jpg!m_fill,w_280,h_210,f_jpg?from=ke.com
20230516,密云,密云镇,101119015196,赏星悦木纯独栋别墅离京承高速1公里,970万,35956元/平,底层 (共2层) 5室2厅 | 269.78平米 | 南 北,https://ke-image.ljcdn.com/110000-inspection/pc1_sLJL1gJDX_1.jpg!m_fill,w_280,h_210,f_jpg?from=ke.com
20230516,密云,密云镇,101118989685,海怡庄园西区 2室2厅 南 北,195万,23149元/平,顶层 (共6层) 2室2厅 | 84.24平米 | 南 北,https://ke-image.ljcdn.com/110000-inspection/pc1_S4oJ1Y5yj_1.jpg!m_fill,w_280,h_210,f_jpg?from=ke.com
20230516,密云,密云镇,101118961343,海怡庄园西区 满五唯一 低楼层三居室 采光无遮挡,222万,18789元/平,低楼层 (共6层) | 2011年建 | 3室2厅 | 118.16平米 | 南 北,https://ke-image.ljcdn.com/110000-inspection/pc1_6Z7EkaQEB.jpg!m_fill,w_280,h_210,f_jpg?from=ke.com
20230516,密云,密云镇,101118924510,小洋房社区得房率78%南北通透三居室,199.8万,13126元/平,底层 (共6层) | 2001年建 | 3室2厅 | 152.22平米 | 南 北,https://ke-image.ljcdn.com/110000-inspection/pc1_FvPXoyowo.jpg!m_fill,w_280,h_210,f_jpg?from=ke.com
20230516,密云,密云镇,101118821023,楼龄新 总高15层电梯洋房 两梯两户 环境优美,375万,27161元/平,低楼层 (共15层) | 2015年建 | 4室1厅 | 138.07平米 | 南 北,https://ke-image.ljcdn.com/110000-inspection/pc1_rAtJqkotJ_1.jpg!m_fill,w_280,h_210,f_jpg?from=ke.com
20230516,密云,密云镇,101118819422,水岸花墅  正对白河公园 精装修房主自荐,359万,16075元/平,中楼层 (共4层) | 2012年建 | 5室1厅 | 223.34平米 | 南 北,https://ke-image.ljcdn.com/110000-inspection/pc1_XJ70Bs8Wk.jpg!m_fill,w_280,h_210,f_jpg?from=ke.com
20230516,密云,密云镇,101118788438,电梯洋房楼龄新环境优美 无遮挡 可看河景,356万,26985元/平,中楼层 (共7层) 3室2厅 | 131.93平米 | 南 北,https://ke-image.ljcdn.com/110000-inspection/pc1_NwCFvG0i7_1.jpg!m_fill,w_280,h_210,f_jpg?from=ke.com
20230516,密云,密云镇,101118764462,中加荣园北区优质房源社区配套成熟诚意出售,289万,27386元/平,低楼层 (共11层) 3室1厅 | 105.53平米 | 南 北,https://ke-image.ljcdn.com/110000-inspection/pc1_Xz6dhlkMG.jpg!m_fill,w_280,h_210,f_jpg?from=ke.com
20230516,密云,密云镇,101118656587,白河 宁静 水岸花墅 叠拼 下跃 环境好 低密 临水 别墅,360万,15878元/平,中楼层 (共4层) 4室2厅 | 226.73平米 | 东 西,https://ke-image.ljcdn.com/110000-inspection/pc1_cbDe2O6gI_1.jpg!m_fill,w_280,h_210,f_jpg?from=ke.com
20230516,密云,密云镇,101118656674,中加荣园南区 小区环境优美 交通方便,188万,23308元/平,底层 (共11层) 2室1厅 | 80.66平米 | 东南 东北,https://ke-image.ljcdn.com/110000-inspection/pc1_OIWZ5OWIu.jpg!m_fill,w_280,h_210,f_jpg?from=ke.com
20230516,密云,密云镇,101118646143,赏星悦木纯独栋别墅区业主刚装修的,1380万,61416元/平,底层 (共2层) 9室3厅 | 224.7平米 | 南 北,https://ke-image.ljcdn.com/110000-inspection/pc1_8OPb4LQ7z.jpg!m_fill,w_280,h_210,f_jpg?from=ke.com
20230516,密云,密云镇,101118595760,此房南北通透格局好小区交通便利小区环境好,370万,24072元/平,顶层 (共7层) 3室1厅 | 153.71平米 | 南 北,https://ke-image.ljcdn.com/110000-inspection/6b65a5a8-18c1-4d59-8cc5-08d6ea723cc1_1000.jpg!m_fill,w_280,h_210,f_jpg?from=ke.com
20230516,密云,密云镇,101118564164,白河 宁静 水岸花墅 叠拼 下叠 环境好 南北 临水 别墅房主自荐,700万,28961元/平,底层 (共4层) 4室2厅 | 241.71平米 | 东 西,https://ke-image.ljcdn.com/110000-inspection/pc1_pyhlLcZwN_1.jpg!m_fill,w_280,h_210,f_jpg?from=ke.com
20230516,密云,密云镇,101118551609,水岸花墅南北通透位置优越前无遮挡,428万,32181元/平,顶层 (共4层) 4室2厅 | 133平米 | 南 北,https://ke-image.ljcdn.com/110000-inspection/pc1_fTUwKei8b.jpg!m_fill,w_280,h_210,f_jpg?from=ke.com
20230516,密云,密云镇,101118521852,水岸花墅 中叠 精装修 业主自住,335万,14789元/平,中楼层 (共5层) 4室2厅 | 226.53平米 | 东 西,https://ke-image.ljcdn.com/110000-inspection/pc1_6wh2pzdsO_1.jpg!m_fill,w_280,h_210,f_jpg?from=ke.com
20230516,密云,密云镇,101118460553,白河 宁静 水岸花墅 叠拼 下叠 环境好 低密 临水 别墅,730万,23478元/平,地下室 (共2层) | 2011年建 | 5室2厅 | 310.93平米 | 东 西,https://ke-image.ljcdn.com/110000-inspection/pc1_7eDDVJLth.jpg!m_fill,w_280,h_210,f_jpg?from=ke.com
20230516,密云,密云镇,101118364864,白河 宁静 水岸花墅 叠拼 下跃 环境好 低密 临水 别墅,550万,24596元/平,中楼层 (共4层) | 2011年建 | 4室2厅 | 223.62平米 | 东 西,https://ke-image.ljcdn.com/110000-inspection/pc1_lKhO9c1cs_1.jpg!m_fill,w_280,h_210,f_jpg?from=ke.com
20230516,密云,密云镇,101118364818,白河 宁静 水岸花墅 叠拼 下跃 环境好 低密 临水 别墅,420万,18587元/平,中楼层 (共4层) 3室2厅 | 225.97平米 | 东 西,https://ke-image.ljcdn.com/110000-inspection/pc1_hr9Vx8yZG_1.jpg!m_fill,w_280,h_210,f_jpg?from=ke.com
20230516,密云,密云镇,101118364401,白河 宁静 水岸花墅 叠拼 下叠 环境好 低密 临水 别墅,505万,20172元/平,底层 (共4层) 4室2厅 | 250.35平米 | 东 西,https://ke-image.ljcdn.com/110000-inspection/pc1_s7bChfoZP.jpg!m_fill,w_280,h_210,f_jpg?from=ke.com
20230516,密云,密云镇,101118174984,白河 宁静 水岸花墅 叠拼 下叠 环境好 低密 临水 别墅,440万,17290元/平,底层 (共4层) 4室2厅 | 254.49平米 | 东 西,https://ke-image.ljcdn.com/110000-inspection/pc1_qAxFl5n8F.jpg!m_fill,w_280,h_210,f_jpg?from=ke.com
20230516,密云,密云镇,101118170527,南北通透 正规三居室 户型方正 小区中间位置,305万,22840元/平,低楼层 (共15层) | 2015年建 | 3室1厅 | 133.54平米 | 南 北,https://ke-image.ljcdn.com/110000-inspection/pc1_aDpagyXyN_1.jpg!m_fill,w_280,h_210,f_jpg?from=ke.com
20230516,密云,密云镇,101118138243,城建上河湾北区 周边配套设施齐全 生活便利,230万,25604元/平,高楼层 (共15层) | 2014年建 | 3室2厅 | 89.83平米 | 南 北,https://ke-image.ljcdn.com/110000-inspection/pc1_ko21kgBDb.jpg!m_fill,w_280,h_210,f_jpg?from=ke.com
20230516,密云,密云镇,101118102542,白河 宁静 水岸花墅 叠拼 下跃 环境好 把边 临水 别墅,440万,19684元/平,中楼层 (共4层) | 2011年建 | 4室2厅 | 223.54平米 | 东 西,https://ke-image.ljcdn.com/110000-inspection/pc1_wXV0hYhFM_1.jpg!m_fill,w_280,h_210,f_jpg?from=ke.com
20230516,密云,密云镇,101118028706,水岸花墅精品下叠满五年诚意出售,370万,16689元/平,中楼层 (共4层) 3室2厅 | 221.71平米 | 南 北,https://ke-image.ljcdn.com/110000-inspection/pc1_tf3tdB14x_1.jpg!m_fill,w_280,h_210,f_jpg?from=ke.com
20230516,密云,密云镇,101117913548,白河 宁静 水岸花墅 叠拼 下叠 环境好 南北 临水 别墅,500万,20904元/平,底层 (共4层) 4室2厅 | 239.2平米 | 南 北,https://ke-image.ljcdn.com/110000-inspection/pc1_C3MnrUSIv.jpg!m_fill,w_280,h_210,f_jpg?from=ke.com
20230516,密云,密云镇,101117869777,通用博园小区环境优美  三居室,365万,37154元/平,底层 (共8层) | 2016年建 | 4室2厅 | 98.24平米 | 南 北,https://ke-image.ljcdn.com/110000-inspection/pc1_RprPWQ5S7_1.jpg!m_fill,w_280,h_210,f_jpg?from=ke.com
20230516,密云,密云镇,101117798308,水岸花墅  南北通透 满五唯一,500万,20502元/平,底层 (共3层) 4室2厅 | 243.89平米 | 南 北,https://ke-image.ljcdn.com/110000-inspection/pc1_NtAr29amv_1.jpg!m_fill,w_280,h_210,f_jpg?from=ke.com
20230516,密云,密云镇,101117740439,楼龄新带电梯满五唯一  小区环境优美,212万,23958元/平,顶层 (共11层) 3室1厅 | 88.49平米 | 南 北,https://ke-image.ljcdn.com/110000-inspection/pc1_EUQZFcl9H_1.jpg!m_fill,w_280,h_210,f_jpg?from=ke.com
20230516,密云,密云镇,101117723820,城建上河湾南区 诚心出售 看房方便,240万,27286元/平,中楼层 (共15层) 3室2厅 | 87.96平米 | 南 北,https://ke-image.ljcdn.com/110000-inspection/pc1_S0mvBqrsj.jpg!m_fill,w_280,h_210,f_jpg?from=ke.com
20230516,密云,密云镇,101117638155,中加荣园北区 精品一居 小户型,139万,25751元/平,底层 (共11层) | 2016年建 | 1室1厅 | 53.98平米 | 东 东北,https://ke-image.ljcdn.com/110000-inspection/pc1_bINydiyo3_1.jpg!m_fill,w_280,h_210,f_jpg?from=ke.com
20230516,密云,密云镇,101117635776,博世庄园 4室2厅 南 北,545万,32873元/平,底层 (共3层) 4室2厅 | 165.79平米 | 南 北,https://ke-image.ljcdn.com/110000-inspection/pc1_7iOVCAH3k_1.jpg!m_fill,w_280,h_210,f_jpg?from=ke.com
20230516,密云,密云镇,101117516977,学府花园 3室1厅 南 北,262万,24379元/平,低楼层 (共6层) | 2008年建 | 3室1厅 | 107.47平米 | 南 北,https://ke-image.ljcdn.com/110000-inspection/pc1_97NXJk9FG_1.jpg!m_fill,w_280,h_210,f_jpg?from=ke.com
20230516,密云,密云镇,101117436510,水岸花墅精装修洋房三居业主诚售保持好,269万,20033元/平,中楼层 (共4层) | 2012年建 | 3室2厅 | 134.28平米 | 东 西,https://ke-image.ljcdn.com/110000-inspection/230d7094-c774-405d-8713-a29825f109bc_1000.jpg!m_fill,w_280,h_210,f_jpg?from=ke.com
20230516,密云,密云镇,101117290427,满五年商品房南北通透 诚意出售. 中间楼层 契税1%,150万,23427元/平,中楼层 (共6层) | 2003年建 | 2室1厅 | 64.03平米 | 南 北,https://ke-image.ljcdn.com/110000-inspection/pc1_yDqyQAAad_1.jpg!m_fill,w_280,h_210,f_jpg?from=ke.com
20230516,密云,密云镇,101117262927,水岸花墅 南北四居室  精装修 看房方便,490万,36934元/平,顶层 (共4层) 4室1厅 | 132.67平米 | 南,https://ke-image.ljcdn.com/110000-inspection/pc1_Q42n2E4hi.jpg!m_fill,w_280,h_210,f_jpg?from=ke.com
20230516,密云,密云镇,101116935498,海阔水岸花墅下叠产品户型精装修精心保养满五年,360万,15812元/平,中楼层 (共4层) 4室2厅 | 227.68平米 | 东 西,https://ke-image.ljcdn.com/110000-inspection/pc1_INSOuS6Z2.jpg!m_fill,w_280,h_210,f_jpg?from=ke.com
20230516,密云,密云镇,101116869724,水岸花墅 精装修 小区环境好 低密度社区,480万,21467元/平,中楼层 (共4层) | 2011年建 | 4室2厅 | 223.6平米 | 南 北,https://ke-image.ljcdn.com/110000-inspection/pc1_Mh8xPgqgV.jpg!m_fill,w_280,h_210,f_jpg?from=ke.com
20230516,密云,密云镇,101116851202,华远澜悦南北通透眼镜户型楼层位置不错。,389万,32635元/平,顶层 (共11层) 3室2厅 | 119.2平米 | 南 北,https://ke-image.ljcdn.com/110000-inspection/pc1_7PCasRllH.jpg!m_fill,w_280,h_210,f_jpg?from=ke.com
20230516,密云,密云镇,101116783758,城建上河湾北区1层南北通透两居室,208万,25191元/平,底层 (共14层) | 2015年建 | 2室1厅 | 82.57平米 | 南 北,https://ke-image.ljcdn.com/110000-inspection/pc1_ifbbVnLEl_1.jpg!m_fill,w_280,h_210,f_jpg?from=ke.com
20230516,密云,密云镇,101116608907,属于上叠户型房子使用面积大有2层可用面积,498万,37441元/平,顶层 (共4层) 6室2厅 | 133.01平米 | 南 北,https://ke-image.ljcdn.com/110000-inspection/pc1_LIBGCwM8I.jpg!m_fill,w_280,h_210,f_jpg?from=ke.com
20230516,密云,密云镇,101116601198,城建上河湾北区 小区环境好 带电梯,390万,33054元/平,底层 (共7层) 3室2厅 | 117.99平米 | 南 北,https://ke-image.ljcdn.com/110000-inspection/pc1_C2yGwKDbI_1.jpg!m_fill,w_280,h_210,f_jpg?from=ke.com
20230516,密云,密云镇,101115897859,中加福园  大三居   南北通透  采光好  满五唯一,252万,22184元/平,顶层 (共6层) | 2013年建 | 3室2厅 | 113.6平米 | 南 北,https://ke-image.ljcdn.com/110000-inspection/pc1_DwGj5clnv_1.jpg!m_fill,w_280,h_210,f_jpg?from=ke.com
20230516,密云,密云镇,101115787600,康馨雅苑北区 中间楼层 看房方便 诚心出售,155万,24322元/平,中楼层 (共7层) | 2005年建 | 2室1厅 | 63.73平米 | 南 北,https://ke-image.ljcdn.com/110000-inspection/pc1_5h6See3Yq.jpg!m_fill,w_280,h_210,f_jpg?from=ke.com
20230516,密云,密云镇,101115686098,水岸花墅上叠户型小区环境优美适合居住,530万,39847元/平,顶层 (共4层) 4室3厅 | 133.01平米 | 南 北,https://ke-image.ljcdn.com/110000-inspection/pc1_bVVc3OVnz_1.jpg!m_fill,w_280,h_210,f_jpg?from=ke.com
20230516,密云,密云镇,101115540017,南北通透电梯洋房实用4居室采光充足居住舒适,338万,23634元/平,顶层 (共15层) | 2015年建 | 4室1厅 | 143.02平米 | 南 西 北,https://ke-image.ljcdn.com/110000-inspection/pc1_LNSlOwQii_1.jpg!m_fill,w_280,h_210,f_jpg?from=ke.com
20230516,密云,密云镇,101115534750,海阔水岸花墅  叠拼 254平米下叠  精装修 独立4居,485万,19691元/平,底层 (共4层) 4室2厅 | 246.31平米 | 南 北,https://ke-image.ljcdn.com/110000-inspection/pc1_edlYq8E0z.jpg!m_fill,w_280,h_210,f_jpg?from=ke.com
20230516,密云,密云镇,101115292283,水岸花墅 水边户 小区环境好 有湿地公园,349万,15564元/平,中楼层 (共4层) | 2012年建 | 4室3厅 | 224.24平米 | 南,https://ke-image.ljcdn.com/110000-inspection/pc1_0wx4Gt216.jpg!m_fill,w_280,h_210,f_jpg?from=ke.com
20230516,密云,密云镇,101114658648,水岸花墅 精装别墅  环境优美 配套完善,408万,18345元/平,底层 (共4层) | 2011年建 | 4室1厅 | 222.41平米 | 东北 西南,https://ke-image.ljcdn.com/110000-inspection/pc1_W1u7KsTlj_1.jpg!m_fill,w_280,h_210,f_jpg?from=ke.com
20230516,密云,密云镇,101114638388,城建上河湾南区交通便利独立一居室,190万,35541元/平,底层 (共15层) | 2015年建 | 1室1厅 | 53.46平米 | 南 北,https://ke-image.ljcdn.com/110000-inspection/pc1_McZLZtzUX.jpg!m_fill,w_280,h_210,f_jpg?from=ke.com
20230516,密云,密云镇,101114492280,环境优美 边户采光好 前后无遮挡房主自荐,220万,25346元/平,底层 (共15层) | 2015年建 | 2室1厅 | 86.8平米 | 南 北,https://ke-image.ljcdn.com/110000-inspection/pc1_PuqY88fi3_1.jpg!m_fill,w_280,h_210,f_jpg?from=ke.com
20230516,密云,密云镇,101114134991,此房南北双通透 格局方正采光充足 五年唯一,218万,22032元/平,高楼层 (共6层) | 2013年建 | 2室1厅 | 98.95平米 | 南 北,https://ke-image.ljcdn.com/110000-inspection/pc1_UcbzChp75.jpg!m_fill,w_280,h_210,f_jpg?from=ke.com
20230516,密云,密云镇,101113995412,南北通透精装修两居室看房方便提前联系,183万,19672元/平,高楼层 (共18层) | 2019年建 | 2室1厅 | 93.03平米 | 南 北,https://ke-image.ljcdn.com/110000-inspection/pc1_PJ48c0lo1.jpg!m_fill,w_280,h_210,f_jpg?from=ke.com
20230516,密云,密云镇,101113994175,高楼层视野开阔业主诚心出售看房方便,230万,20430元/平,顶层 (共6层) | 2011年建 | 3室2厅 | 112.58平米 | 南 北,https://ke-image.ljcdn.com/110000-inspection/pc1_XRbYQ7e3l_1.jpg!m_fill,w_280,h_210,f_jpg?from=ke.com
20230516,密云,密云镇,101113994108,此房满五唯一南北通透格局交通便利配套齐全。,261万,20534元/平,顶层 (共6层) | 2011年建 | 3室2厅 | 127.11平米 | 南 北,https://ke-image.ljcdn.com/110000-inspection/pc1_9sfSvvNB0_1.jpg!m_fill,w_280,h_210,f_jpg?from=ke.com
20230516,密云,密云镇,101113922999,独立一居室 朝南户型 位置好 低楼层带绿地,150万,32286元/平,底层 (共14层) | 2015年建 | 1室1厅 | 46.46平米 | 南,https://ke-image.ljcdn.com/110000-inspection/pc1_hJYngg5Ge_1.jpg!m_fill,w_280,h_210,f_jpg?from=ke.com
20230516,密云,密云镇,101113872026,业主诚心出售联排别墅格局好环境好,660万,22734元/平,底层 (共2层) | 2016年建 | 4室2厅 | 290.32平米 | 南 北,https://ke-image.ljcdn.com/110000-inspection/pc1_L7bPQnfGC_1.jpg!m_fill,w_280,h_210,f_jpg?from=ke.com
20230516,密云,密云镇,101113796912,小洋房社区  环境优美 宁静和谐房主自荐,179万,17958元/平,低楼层 (共6层) | 2003年建 | 3室1厅 | 99.68平米 | 南 北,https://ke-image.ljcdn.com/110000-inspection/pc1_Amf8AAQGj_1.jpg!m_fill,w_280,h_210,f_jpg?from=ke.com
20230516,密云,密云镇,101113791690,中加福园户型方正两居室客厅主卧朝南,190万,25521元/平,中楼层 (共6层) | 2013年建 | 2室1厅 | 74.45平米 | 南,https://ke-image.ljcdn.com/110000-inspection/pc1_J0oKlpLRw_1.jpg!m_fill,w_280,h_210,f_jpg?from=ke.com
20230516,密云,密云镇,101113754671,水岸花墅密溪路55号院绿色养生河畔旁边,499万,20297元/平,底层 (共4层) | 2012年建 | 5室1厅 | 245.86平米 | 南 北,https://ke-image.ljcdn.com/110000-inspection/pc1_RV58d8r30_1.jpg!m_fill,w_280,h_210,f_jpg?from=ke.com
20230516,密云,密云镇,101113468842,前后160㎡篱笆院【下叠拼】满5唯1急售 有钥匙房主自荐,430万,17196元/平,底层 (共1层) 4室3厅 | 250.07平米 | 西南 东北,https://ke-image.ljcdn.com/110000-inspection/pc1_g6ydVJVn9_1.jpg!m_fill,w_280,h_210,f_jpg?from=ke.com
20230516,密云,密云镇,101113307985,水岸花墅 前后花园 下叠拼 业主自住房主自荐,550万,22121元/平,底层 (共4层) 5室1厅 | 248.64平米 | 南 北,https://ke-image.ljcdn.com/110000-inspection/pc1_lKL8NLrAH_1.jpg!m_fill,w_280,h_210,f_jpg?from=ke.com
20230516,密云,密云镇,101113083100,本房低层复式视野开阔业主诚心出售,460万,30232元/平,底层 (共6层) | 2008年建 | 3室2厅 | 152.16平米 | 南 北,https://ke-image.ljcdn.com/110000-inspection/pc1_8qdPrso25_1.jpg!m_fill,w_280,h_210,f_jpg?from=ke.com
20230516,密云,密云镇,101112925789,水岸花墅 满五年唯一 高档装修,450万,34151元/平,顶层 (共3层) | 2011年建 | 4室1厅 | 131.77平米 | 南 北,https://ke-image.ljcdn.com/110000-inspection/pc1_WSnqXH8UN_1.jpg!m_fill,w_280,h_210,f_jpg?from=ke.com
20230516,密云,密云镇,101119215784,城建上河湾北区 2室1厅 南新上,180万,24457元/平,中楼层 (共14层) 2室1厅 | 73.6平米 | 南,https://s1.ljcdn.com/pegasus/redskull/images/common/default_house_list.png?_v=20230510172344
20230516,密云,密云镇,101118935240,全明格局无遮挡采光充足出行方便配套齐全,200万,29279元/平,低楼层 (共9层) | 2016年建 | 2室1厅 | 68.31平米 | 南,https://s1.ljcdn.com/pegasus/redskull/images/common/default_house_list.png?_v=20230510172344
20230516,密云,密云镇,101118859371,全南格局高楼层无遮挡 采光充足、全明户型,135万,23192元/平,顶层 (共6层) | 2018年建 | 2室1厅 | 58.21平米 | 南 北,https://s1.ljcdn.com/pegasus/redskull/images/common/default_house_list.png?_v=20230510172344
20230516,密云,密云镇,101118661756,学府花园南北通透高层毛坯三居室,200万,18347元/平,顶层 (共6层) 3室2厅 | 109.01平米 | 南 北,https://s1.ljcdn.com/pegasus/redskull/images/common/default_house_list.png?_v=20230510172344
20230516,密云,密云镇,101118661706,学府花园 2室2厅 南 北,180万,20009元/平,顶层 (共6层) 2室2厅 | 89.96平米 | 南 北,https://s1.ljcdn.com/pegasus/redskull/images/common/default_house_list.png?_v=20230510172344
20230516,密云,密云镇,101118597939,白河 宁静 水岸花墅 大平层 环境好 低密 临水 别墅房主自荐,298万,22243元/平,中楼层 (共4层) 3室2厅 | 133.98平米 | 东 西,https://s1.ljcdn.com/pegasus/redskull/images/common/default_house_list.png?_v=20230510172344
20230516,密云,密云镇,101118575873,华远澜悦中等装修楼层合适业主诚售,79万,15622元/平,中楼层 (共9层) 1室1厅 | 50.57平米 | 东,https://s1.ljcdn.com/pegasus/redskull/images/common/default_house_list.png?_v=20230510172344
20230516,密云,密云镇,101118348645,华远澜悦满五唯一精装修带电梯,85万,19123元/平,低楼层 (共9层) 2室1厅 | 44.45平米 | 东南,https://s1.ljcdn.com/pegasus/redskull/images/common/default_house_list.png?_v=20230510172344
20230516,密云,密云镇,101117936853,华远澜悦带电梯装修好配套设施齐全交通便利。,142万,19307元/平,底层 (共12层) 2室2厅 | 73.55平米 | 南 北,https://s1.ljcdn.com/pegasus/redskull/images/common/default_house_list.png?_v=20230510172344
20230516,密云,密云镇,101117918615,华远澜悦小区 满五唯一 户型方正,125万,16996元/平,高楼层 (共12层) 2室1厅 | 73.55平米 | 西 北,https://s1.ljcdn.com/pegasus/redskull/images/common/default_house_list.png?_v=20230510172344
20230516,密云,密云镇,101117792796,华远澜悦 户型好 采光充足 带电梯 配套齐全,105万,15747元/平,高楼层 (共9层) | 2015年建 | 2室1厅 | 66.68平米 | 东 西,https://s1.ljcdn.com/pegasus/redskull/images/common/default_house_list.png?_v=20230510172344
20230516,密云,密云镇,101117779425,华远澜悦带电梯 配套齐全 小户型,87万,18755元/平,高楼层 (共9层) 1室1厅 | 46.39平米 | 西,https://s1.ljcdn.com/pegasus/redskull/images/common/default_house_list.png?_v=20230510172344
20230516,密云,密云镇,101116991927,华远澜悦麻雀虽小五脏俱全带电梯带电梯,73万,15064元/平,低楼层 (共9层) | 2015年建 | 1室1厅 | 48.46平米 | 东,https://s1.ljcdn.com/pegasus/redskull/images/common/default_house_list.png?_v=20230510172344
20230516,密云,密云镇,101116004492,户型好 采光充足 带电梯 配套齐全 小户型,85万,17541元/平,低楼层 (共9层) | 2015年建 | 1室1厅 | 48.46平米 | 东,https://s1.ljcdn.com/pegasus/redskull/images/common/default_house_list.png?_v=20230510172344
20230516,密云,密云镇,101115904445,华远澜悦     次顶层   带电梯  小区环境好  人车分流,138万,17814元/平,高楼层 (共12层) | 2015年建 | 2室1厅 | 77.47平米 | 南,https://s1.ljcdn.com/pegasus/redskull/images/common/default_house_list.png?_v=20230510172344
20230516,密云,密云镇,101115352177,华远澜悦 小区环境好 带电梯 出行方便,135万,17427元/平,高楼层 (共12层) | 2015年建 | 2室1厅 | 77.47平米 | 南,https://s1.ljcdn.com/pegasus/redskull/images/common/default_house_list.png?_v=20230510172344
20230516,密云,密云镇,101114584513,华远澜悦交通便利。四通八达小区环境好。,96万,19116元/平,中楼层 (共9层) | 2015年建 | 1室1厅 | 50.22平米 | 东,https://s1.ljcdn.com/pegasus/redskull/images/common/default_house_list.png?_v=20230510172344
20230516,密云,密云镇,101114226724,华远澜悦带电梯装修好配套设施齐全交通便利。,155万,20008元/平,中楼层 (共12层) | 2015年建 | 2室1厅 | 77.47平米 | 南,https://s1.ljcdn.com/pegasus/redskull/images/common/default_house_list.png?_v=20230510172344
20230516,密云,密云镇,101114119434,小户型功能间齐全带有落地窗配套齐全。。,105万,23708元/平,低楼层 (共9层) | 2015年建 | 1室1厅 | 44.29平米 | 西,https://s1.ljcdn.com/pegasus/redskull/images/common/default_house_list.png?_v=20230510172344
20230516,密云,密云镇,101113925516,房子价格合适采光好楼层合适,90万,22146元/平,中楼层 (共5层) | 2017年建 | 1室1厅 | 40.64平米 | 南,https://s1.ljcdn.com/pegasus/redskull/images/common/default_house_list.png?_v=20230510172344
