20231129,海淀,紫竹桥,101122056043,紫竹院公园旁三虎桥 满五年央产房  45.5平米两居室必看好房,415万,91209元/平,低楼层 (共6层) 2室1厅 | 45.5平米 | 西南 北,https://ke-image.ljcdn.com/110000-inspection/pc1_xHqQPg1lh_2.jpg!m_fill,w_280,h_210,f_jpg?from=ke.com
20231129,海淀,紫竹桥,101122005788,世纪新景 高楼层精装修三居室明卫必看好房,1510万,97539元/平,高楼层 (共22层) | 2004年 | 3室1厅 | 154.81平米 | 东 南 西 北,https://ke-image.ljcdn.com/110000-inspection/pc1_QgLHYZa82.jpg!m_fill,w_280,h_210,f_jpg?from=ke.com
20231129,海淀,紫竹桥,101121944070,钓鱼台央产 使用率78% 全南大2居 视野采光好 干净整洁必看好房,890万,106244元/平,高楼层 (共18层) 2室1厅 | 83.77平米 | 南,https://ke-image.ljcdn.com/110000-inspection/pc1_vpoGaGlD9.jpg!m_fill,w_280,h_210,f_jpg?from=ke.com
20231129,海淀,紫竹桥,101121806382,环保局宿舍楼 南北通透全明格局 满五年唯一必看好房,540万,85309元/平,高楼层 (共6层) 2室1厅 | 63.3平米 | 南 北,https://ke-image.ljcdn.com/110000-inspection/pc1_X5jXt8UYq_2.jpg!m_fill,w_280,h_210,f_jpg?from=ke.com
20231129,海淀,紫竹桥,101121794680,北洼西里 交通便利 周边配套完善 紫竹桥 有地铁公交必看好房,760万,93944元/平,低楼层 (共18层) 2室1厅 | 80.9平米 | 西南,https://ke-image.ljcdn.com/110000-inspection/pc1_h1iGgitRA.jpg!m_fill,w_280,h_210,f_jpg?from=ke.com
20231129,海淀,紫竹桥,101121856384,中直机关单位央产精装三居 刚需改善好房,955万,111827元/平,中楼层 (共16层) | 1986年 | 3室1厅 | 85.4平米 | 西南,https://ke-image.ljcdn.com/110000-inspection/e2b1af73-19f5-45d6-a694-649d4dd00036_1000.jpg!m_fill,w_280,h_210,f_jpg?from=ke.com
20231129,海淀,紫竹桥,101121856344,中间楼层全南两居室 采光好 随时签,605万,101852元/平,中楼层 (共16层) 2室1厅 | 59.4平米 | 南,https://ke-image.ljcdn.com/110000-inspection/pc1_VrH6FpNP3_1.jpg!m_fill,w_280,h_210,f_jpg?from=ke.com
20231129,海淀,紫竹桥,101121810222,人济山庄 东偏南30度 2居 长河观柳 御道如画 夜赏流光,1278万,114302元/平,中楼层 (共26层) 2室1厅 | 111.81平米 | 东南,https://ke-image.ljcdn.com/110000-inspection/pc1_iNmBaTry9.jpg!m_fill,w_280,h_210,f_jpg?from=ke.com
20231129,海淀,紫竹桥,101121782634,北洼西里满两年成本低东南向明厅两居婚房精装修必看好房,755万,102028元/平,中楼层 (共18层) | 1998年 | 2室1厅 | 74平米 | 东南,https://ke-image.ljcdn.com/110000-inspection/pc1_XVa03p7tK_2.jpg!m_fill,w_280,h_210,f_jpg?from=ke.com
20231129,海淀,紫竹桥,101121666798,三虎桥南路6号院 楼层好 南北通透 采光充足 居家之选必看好房,1280万,93173元/平,低楼层 (共6层) | 1997年 | 3室2厅 | 137.38平米 | 南 西 北,https://ke-image.ljcdn.com/110000-inspection/pc1_Oo0gxBsKF.jpg!m_fill,w_280,h_210,f_jpg?from=ke.com
20231129,海淀,紫竹桥,101121664349,紫竹花园 高层大三居 视野开阔 单价低,1420万,74237元/平,高楼层 (共15层) | 2001年 | 3室2厅 | 191.28平米 | 西 北,https://ke-image.ljcdn.com/110000-inspection/pc1_NkF7urGqf.jpg!m_fill,w_280,h_210,f_jpg?from=ke.com
20231129,海淀,紫竹桥,101121662387,车道沟10号院中间楼层南北通透满五年公 房业主诚售,605万,91528元/平,中楼层 (共5层) | 1963年 | 2室1厅 | 66.1平米 | 南 北,https://ke-image.ljcdn.com/110000-inspection/pc1_ozeJ5qKKN_1.jpg!m_fill,w_280,h_210,f_jpg?from=ke.com
20231129,海淀,紫竹桥,101121571788,国家发改委家属院 精装3居室 拎包入住 临公园必看好房,788万,104123元/平,低楼层 (共24层) 3室1厅 | 75.68平米 | 东 西 北,https://ke-image.ljcdn.com/110000-inspection/pc1_hc9jNaMt6_1.jpg!m_fill,w_280,h_210,f_jpg?from=ke.com
20231129,海淀,紫竹桥,101121424117,七贤村  八里庄 定慧寺  首师大  甘家口 花园桥必看好房,406万,95082元/平,低楼层 (共6层) 1室1厅 | 42.7平米 | 南,https://ke-image.ljcdn.com/110000-inspection/pc1_rXYpxp4mx.jpg!m_fill,w_280,h_210,f_jpg?from=ke.com
20231129,海淀,紫竹桥,101121404191,中海雅园 央产 户型好三居室南北必看好房,1399万,121305元/平,中楼层 (共10层) 3室2厅 | 115.33平米 | 东南 北,https://ke-image.ljcdn.com/110000-inspection/pc1_QNRAr9uYL.jpg!m_fill,w_280,h_210,f_jpg?from=ke.com
20231129,海淀,紫竹桥,101121401140,七贤村近地铁南北通透明厨明卫田字格户型3居必看好房,770万,99612元/平,低楼层 (共6层) | 1986年 | 3室1厅 | 77.3平米 | 南 北,https://ke-image.ljcdn.com/110000-inspection/pc1_wZCy7bLWe.jpg!m_fill,w_280,h_210,f_jpg?from=ke.com
20231129,海淀,紫竹桥,101121391916,此房带电梯满五年唯一朝南向采光棒必看好房,635万,89842元/平,低楼层 (共18层) 2室1厅 | 70.68平米 | 南,https://ke-image.ljcdn.com/110000-inspection/pc1_Ei2Qy6hfh.jpg!m_fill,w_280,h_210,f_jpg?from=ke.com
20231129,海淀,紫竹桥,101121370230,车道沟南里满五年唯一不临街采光好必看好房,780万,97015元/平,低楼层 (共21层) | 1991年 | 3室1厅 | 80.4平米 | 东 南 北,https://ke-image.ljcdn.com/110000-inspection/pc1_dzvoFDMjj_2.jpg!m_fill,w_280,h_210,f_jpg?from=ke.com
20231129,海淀,紫竹桥,101121347553,昌运宫 2室1厅 南,625万,93006元/平,中楼层 (共17层) 2室1厅 | 67.2平米 | 南,https://ke-image.ljcdn.com/110000-inspection/pc1_G1dDULZ9u.jpg!m_fill,w_280,h_210,f_jpg?from=ke.com
20231129,海淀,紫竹桥,101121340529,车道沟全南精装两居 中间楼层  临地铁公交站 诚心出售必看好房,490万,92453元/平,中楼层 (共5层) | 1979年 | 2室1厅 | 53平米 | 南,https://ke-image.ljcdn.com/110000-inspection/pc1_HH9937IkT.jpg!m_fill,w_280,h_210,f_jpg?from=ke.com
20231129,海淀,紫竹桥,101121331112,车道沟南里 1室1厅 东南,358万,97019元/平,高楼层 (共21层) | 1989年 | 1室1厅 | 36.9平米 | 东南,https://ke-image.ljcdn.com/110000-inspection/pc1_2NiQdCgnV.jpg!m_fill,w_280,h_210,f_jpg?from=ke.com
20231129,海淀,紫竹桥,101121279255,紫竹桥车道沟南里正规三居小区环境好有车位。必看好房,658万,85789元/平,底层 (共21层) 2室1厅 | 76.7平米 | 西南,https://ke-image.ljcdn.com/110000-inspection/pc1_GYvOJeY2F.jpg!m_fill,w_280,h_210,f_jpg?from=ke.com
20231129,海淀,紫竹桥,101121185942,水利水电设计研究院双南两居室 中间层必看好房,499万,88163元/平,中楼层 (共6层) 2室1厅 | 56.6平米 | 南,https://ke-image.ljcdn.com/110000-inspection/pc1_kBLaJIbVD_2.jpg!m_fill,w_280,h_210,f_jpg?from=ke.com
20231129,海淀,紫竹桥,101121174012,三虎桥南路17号院小区可停车业主诚心卖看房方便不临街必看好房,399万,96331元/平,中楼层 (共6层) 1室1厅 | 41.42平米 | 南,https://ke-image.ljcdn.com/110000-inspection/pc1_1YtrkdlAp.jpg!m_fill,w_280,h_210,f_jpg?from=ke.com
20231129,海淀,紫竹桥,101121120885,紫竹桥1997年央产房 精装修 带车位 满五年唯一 楼层好必看好房,1150万,79773元/平,中楼层 (共18层) 3室2厅 | 144.16平米 | 西南,https://ke-image.ljcdn.com/110000-inspection/pc1_2SAPRi8Ie.jpg!m_fill,w_280,h_210,f_jpg?from=ke.com
20231129,海淀,紫竹桥,101121115037,车道沟南里正规两居室精装修有车位满五唯一。必看好房,490万,98394元/平,顶层 (共21层) | 1991年 | 2室1厅 | 49.8平米 | 东,https://ke-image.ljcdn.com/110000-inspection/pc1_Jf8T0odDq.jpg!m_fill,w_280,h_210,f_jpg?from=ke.com
20231129,海淀,紫竹桥,101121068853,紫竹院公园南北全明格局航天部大院地铁6号线必看好房,598万,100505元/平,中楼层 (共5层) | 1985年 | 2室1厅 | 59.5平米 | 南 北,https://ke-image.ljcdn.com/110000-inspection/pc1_R4acmDTpY.jpg!m_fill,w_280,h_210,f_jpg?from=ke.com
20231129,海淀,紫竹桥,101121034117,楼龄新 低楼层 环境好 不临街 央产房适合贷款必看好房,485万,107065元/平,低楼层 (共6层) 1室1厅 | 45.3平米 | 南,https://ke-image.ljcdn.com/110000-inspection/pc1_hNyao1jez_1.jpg!m_fill,w_280,h_210,f_jpg?from=ke.com
20231129,海淀,紫竹桥,101121025714,车道沟南里 距离地铁300米 大两居 看房方便 诚心出售必看好房,429万,75264元/平,顶层 (共6层) 2室1厅 | 57平米 | 东 西,https://ke-image.ljcdn.com/110000-inspection/pc1_wHQ4XNg8N.jpg!m_fill,w_280,h_210,f_jpg?from=ke.com
20231129,海淀,紫竹桥,101120995915,北洼路28号院西南大两居满五唯一诚心出售房主自荐,860万,82250元/平,高楼层 (共18层) | 1996年 | 2室2厅 | 104.56平米 | 南 西南,https://ke-image.ljcdn.com/110000-inspection/pc1_p1fmOGBWF_2.jpg!m_fill,w_280,h_210,f_jpg?from=ke.com
20231129,海淀,紫竹桥,101120914826,车道沟南里 南向一居室 可当两居 采光视野好 装修好必看好房,475万,81059元/平,中楼层 (共17层) | 1985年 | 1室1厅 | 58.6平米 | 南,https://ke-image.ljcdn.com/110000-inspection/895b99a2-7b91-4787-8611-b17eee20e423_1000.jpg!m_fill,w_280,h_210,f_jpg?from=ke.com
20231129,海淀,紫竹桥,101120906070,满五年唯一楼层好采光好临紫竹院公园产权清晰必看好房,525万,90518元/平,中楼层 (共16层) | 1983年 | 2室1厅 | 58平米 | 东 南,https://ke-image.ljcdn.com/110000-inspection/pc1_QhA8p3Mlg.jpg!m_fill,w_280,h_210,f_jpg?from=ke.com
20231129,海淀,紫竹桥,101120789235,车道沟南里 正规一居 西南 产权清晰 看房有钥匙必看好房,358万,91561元/平,中楼层 (共6层) 1室1厅 | 39.1平米 | 南,https://ke-image.ljcdn.com/110000-inspection/pc1_lKGi5uve7.jpg!m_fill,w_280,h_210,f_jpg?from=ke.com
20231129,海淀,紫竹桥,101120781031,西三环花园桥七贤村中国银行宿舍管理好！带电梯2居！,563万,96736元/平,低楼层 (共13层) | 1994年 | 2室1厅 | 58.2平米 | 南,https://ke-image.ljcdn.com/110000-inspection/pc1_OjciJMAgk.jpg!m_fill,w_280,h_210,f_jpg?from=ke.com
20231129,海淀,紫竹桥,101120780024,车道沟南里 南北两居 有车位 满五年唯一 诚心卖必看好房,608万,90612元/平,高楼层 (共21层) 2室1厅 | 67.1平米 | 南 北,https://ke-image.ljcdn.com/110000-inspection/pc1_VwlNoPd9O.jpg!m_fill,w_280,h_210,f_jpg?from=ke.com
20231129,海淀,紫竹桥,101120775892,北洼路28号院正规一居室有客厅高楼层采光视野无遮挡必看好房,535万,77830元/平,高楼层 (共18层) 1室1厅 | 68.74平米 | 东,https://ke-image.ljcdn.com/110000-inspection/pc1_eShyTu3Mr.jpg!m_fill,w_280,h_210,f_jpg?from=ke.com
20231129,海淀,紫竹桥,101120566162,此房高楼层采光好视野好没有遮挡。必看好房,540万,99083元/平,高楼层 (共16层) 2室1厅 | 54.5平米 | 西南,https://ke-image.ljcdn.com/110000-inspection/pc1_BWBnng0nP.jpg!m_fill,w_280,h_210,f_jpg?from=ke.com
20231129,海淀,紫竹桥,101120468643,人济山庄二期（南区） A栋 西南向 4居室3卫 净高2.85,2439万,135305元/平,中楼层 (共26层) | 2002年 | 4室2厅 | 180.26平米 | 西南,https://ke-image.ljcdn.com/110000-inspection/pc1_whRtVKDQM.jpg!m_fill,w_280,h_210,f_jpg?from=ke.com
20231129,海淀,紫竹桥,101120460033,满五年唯一 东南向四居 客厅双卧南 户型方正房主自荐,2280万,110707元/平,高楼层 (共26层) | 2003年 | 4室2厅 | 205.95平米 | 东南,https://ke-image.ljcdn.com/110000-inspection/pc1_LSfZzYJgR.jpg!m_fill,w_280,h_210,f_jpg?from=ke.com
20231129,海淀,紫竹桥,101120265896,气象西苑 板楼大四居 一梯两户 南北通透必看好房,1560万,109605元/平,低楼层 (共12层) | 1999年 | 4室2厅 | 142.33平米 | 南 北,https://ke-image.ljcdn.com/110000-inspection/pc1_teLSXb0qs_2.jpg!m_fill,w_280,h_210,f_jpg?from=ke.com
20231129,海淀,紫竹桥,101120254099,车道沟南里 临地铁 紫竹桥  北洼路,349万,91028元/平,中楼层 (共6层) 1室1厅 | 38.34平米 | 东 西,https://ke-image.ljcdn.com/110000-inspection/pc1_XevQSGADj.jpg!m_fill,w_280,h_210,f_jpg?from=ke.com
20231129,海淀,紫竹桥,101120022895,全南向三居室两个卫生间格局方正无浪费必看好房,1230万,108028元/平,中楼层 (共18层) | 2001年 | 3室1厅 | 113.86平米 | 南,https://ke-image.ljcdn.com/110000-inspection/pc1_2J1c0Y6hc.jpg!m_fill,w_280,h_210,f_jpg?from=ke.com
20231129,海淀,紫竹桥,101120005630,人济山庄二期 西南方正4居室 落地窗  【净高2.9米】,2055万,108484元/平,中楼层 (共26层) 4室2厅 | 189.43平米 | 西南,https://ke-image.ljcdn.com/110000-inspection/pc1_qm3ovYXn4.jpg!m_fill,w_280,h_210,f_jpg?from=ke.com
20231129,海淀,紫竹桥,101119930012,西三环 花园桥 紫竹院 北洼路 昌运宫9号院必看好房,505万,89858元/平,高楼层 (共6层) | 1984年 | 2室1厅 | 56.2平米 | 南 北,https://ke-image.ljcdn.com/110000-inspection/pc1_BQHgbvITb.jpg!m_fill,w_280,h_210,f_jpg?from=ke.com
20231129,海淀,紫竹桥,101119660069,车道沟南里南向两居室小区环境好有车位。,725万,97185元/平,低楼层 (共17层) | 1999年 | 2室1厅 | 74.6平米 | 南 西,https://ke-image.ljcdn.com/110000-inspection/pc1_Qfl9V0IDv.jpg!m_fill,w_280,h_210,f_jpg?from=ke.com
20231129,海淀,紫竹桥,101119280071,车道沟南里精装修小一居 采光充足 视野好,339万,91870元/平,顶层 (共21层) 1室1厅 | 36.9平米 | 东南,https://ke-image.ljcdn.com/110000-inspection/pc1_qebla0p94.jpg!m_fill,w_280,h_210,f_jpg?from=ke.com
20231129,海淀,紫竹桥,101119093073,华澳中心+万科物业管理好+产权清晰,1499万,77657元/平,低楼层 (共22层) | 1997年 | 3室2厅 | 193.03平米 | 东南 北,https://ke-image.ljcdn.com/110000-inspection/pc1_shwj1bnXz_1.jpg!m_fill,w_280,h_210,f_jpg?from=ke.com
20231129,海淀,紫竹桥,101118912467,西三环紫竹桥 财智会馆 楼龄新 有电梯 只有契税,370万,89894元/平,低楼层 (共17层) | 2004年 | 1室0厅 | 41.16平米 | 东,https://ke-image.ljcdn.com/110000-inspection/pc1_Womk0qIOx.jpg!m_fill,w_280,h_210,f_jpg?from=ke.com
20231129,海淀,紫竹桥,101118566280,北无宿舍  中间楼层  精装两居室  诚心出售 看房随时必看好房,539万,88361元/平,中楼层 (共6层) 2室1厅 | 61平米 | 东 西,https://ke-image.ljcdn.com/110000-inspection/eaf33a98-635d-4f6c-92c8-340800769da8_1000.jpg!m_fill,w_280,h_210,f_jpg?from=ke.com
20231129,海淀,紫竹桥,101116798516,西三环 正规东南三居 采光十足 可观紫竹院公园全景色,2068万,133068元/平,高楼层 (共28层) | 2001年 | 3室2厅 | 155.41平米 | 东南,https://ke-image.ljcdn.com/110000-inspection/pc1_ex92Nw424.jpg!m_fill,w_280,h_210,f_jpg?from=ke.com
20231129,海淀,紫竹桥,101122056183,北无宿舍 精装南北两居 中间楼层 满五唯一95年必看好房,640万,99689元/平,中楼层 (共6层) | 1995年 | 2室1厅 | 64.2平米 | 南 北,https://ke-image.ljcdn.com/110000-inspection/pc1_5anDyNmWG_1.jpg!m_fill,w_280,h_210,f_jpg?from=ke.com
20231129,海淀,紫竹桥,101121924679,七贤村满五年唯一楼龄新环境好不临街交通便利配套齐全必看好房,533万,92215元/平,中楼层 (共6层) | 1990年 | 2室1厅 | 57.8平米 | 南 北,https://ke-image.ljcdn.com/110000-inspection/pc1_C6UqNMQEL.jpg!m_fill,w_280,h_210,f_jpg?from=ke.com
20231129,海淀,紫竹桥,101121827675,花园桥：3层南向一居满五年正规小区管理！近地铁必看好房,370万,92270元/平,中楼层 (共5层) 1室1厅 | 40.1平米 | 南,https://ke-image.ljcdn.com/110000-inspection/fac0a220-9d7a-4c0a-9bbf-cacbfb96e040_1000.jpg!m_fill,w_280,h_210,f_jpg?from=ke.com
20231129,海淀,紫竹桥,101121809330,车道沟南里东南户型光线好随时可以看房必看好房,315万,85366元/平,低楼层 (共21层) 1室1厅 | 36.9平米 | 东南,https://ke-image.ljcdn.com/110000-inspection/pc1_0VoEIWP04.jpg!m_fill,w_280,h_210,f_jpg?from=ke.com
20231129,海淀,紫竹桥,101121705723,昌运宫满五年 西三环紫竹桥 方正三居 采光充足有钥匙必看好房,725万,92240元/平,高楼层 (共11层) | 1999年 | 3室1厅 | 78.6平米 | 西南,https://ke-image.ljcdn.com/110000-inspection/pc1_5HJ04j09W.jpg!m_fill,w_280,h_210,f_jpg?from=ke.com
20231129,海淀,紫竹桥,101121610416,南北通透中间楼层不临街五年唯一看房方便诚心卖随时签必看好房,495万,81819元/平,中楼层 (共5层) | 1990年 | 2室1厅 | 60.5平米 | 南 北,https://ke-image.ljcdn.com/110000-inspection/pc1_18rUI2lKn.jpg!m_fill,w_280,h_210,f_jpg?from=ke.com
20231129,海淀,紫竹桥,101121580223,北洼路32号院中国银行宿舍西向两居室必看好房,550万,83334元/平,中楼层 (共14层) 2室1厅 | 66平米 | 西,https://ke-image.ljcdn.com/110000-inspection/pc1_jqxrhcNwn.jpg!m_fill,w_280,h_210,f_jpg?from=ke.com
20231129,海淀,紫竹桥,101121552277,车公庄西路45号院小两居 低价格,495万,96304元/平,顶层 (共5层) | 1979年 | 2室1厅 | 51.4平米 | 南,https://ke-image.ljcdn.com/110000-inspection/6951f7de-93e1-4fe7-b286-13fb19b9dec0_1000.jpg!m_fill,w_280,h_210,f_jpg?from=ke.com
20231129,海淀,紫竹桥,101121451459,房子满五年唯一精装拎包入住南北通透。必看好房,588万,101907元/平,中楼层 (共5层) | 1979年 | 2室1厅 | 57.7平米 | 南 北,https://ke-image.ljcdn.com/110000-inspection/pc1_9TR0SXcF6.jpg!m_fill,w_280,h_210,f_jpg?from=ke.com
20231129,海淀,紫竹桥,101121291441,紫竹院公园西门 园林局宿舍 南北3居2卫 跃层 这环境好,1068万,82294元/平,高楼层 (共7层) 3室2厅 | 129.78平米 | 南 北,https://ke-image.ljcdn.com/110000-inspection/pc1_9DGyXl7Mi.jpg!m_fill,w_280,h_210,f_jpg?from=ke.com
20231129,海淀,紫竹桥,101121230699,白石桥 电梯两居 全明户型 可公积金贷款必看好房,547万,89968元/平,中楼层 (共10层) 2室1厅 | 60.8平米 | 东 西,https://ke-image.ljcdn.com/110000-inspection/pc1_uTZ9j3My1_2.jpg!m_fill,w_280,h_210,f_jpg?from=ke.com
20231129,海淀,紫竹桥,101121019951,中海雅园 满五年 精装修 西南向三居室 业主诚卖必看好房,1730万,90543元/平,低楼层 (共18层) | 1999年 | 3室2厅 | 191.07平米 | 西南,https://ke-image.ljcdn.com/110000-inspection/pc1_5j4oVPouC.jpg!m_fill,w_280,h_210,f_jpg?from=ke.com
20231129,海淀,紫竹桥,101120929773,财智公馆 本房产权清晰业主随时可以签约有钥匙房主自荐,386万,74317元/平,中楼层 (共17层) 1室1厅 | 51.94平米 | 南,https://ke-image.ljcdn.com/110000-inspection/pc1_DNbRdIi76.jpg!m_fill,w_280,h_210,f_jpg?from=ke.com
20231129,海淀,紫竹桥,101120504312,航天桥 首师大 电梯直达 朝南一居 户型方正必看好房,512万,107790元/平,中楼层 (共16层) | 1999年 | 1室1厅 | 47.5平米 | 南,https://ke-image.ljcdn.com/110000-inspection/pc1_T78ujsBlo.jpg!m_fill,w_280,h_210,f_jpg?from=ke.com
20231129,海淀,紫竹桥,101120394184,北洼西里双南向两居室满五年唯一房主自荐,489万,96450元/平,高楼层 (共6层) | 1988年 | 2室1厅 | 50.7平米 | 南,https://ke-image.ljcdn.com/110000-inspection/pc1_XmNU4zTfL.jpg!m_fill,w_280,h_210,f_jpg?from=ke.com
20231129,海淀,紫竹桥,101120266980,紫竹院公园大三居小区环境优美小区管理安全。必看好房,1560万,89671元/平,高楼层 (共22层) | 2004年 | 3室2厅 | 173.97平米 | 西南,https://ke-image.ljcdn.com/110000-inspection/pc1_PDtQAsy8x_1.jpg!m_fill,w_280,h_210,f_jpg?from=ke.com
20231129,海淀,紫竹桥,101120182630,北洼东里 东南三居 采光好 无遮挡 特殊户型 随时看房主自荐,1078万,99806元/平,低楼层 (共18层) | 1999年 | 3室1厅 | 108.01平米 | 东南,https://ke-image.ljcdn.com/110000-inspection/pc1_lGktfqmFi.jpg!m_fill,w_280,h_210,f_jpg?from=ke.com
20231129,海淀,紫竹桥,101119424732,三环内 低价一居室+ 诚心出售+近紫竹院,380万,90910元/平,低楼层 (共6层) | 1988年 | 1室1厅 | 41.8平米 | 南,https://ke-image.ljcdn.com/110000-inspection/pc1_S5aISmBpL.jpg!m_fill,w_280,h_210,f_jpg?from=ke.com
20231129,海淀,紫竹桥,101118274993,财智会馆 00年后商品房社区 配套成熟 满五唯一,369万,90686元/平,低楼层 (共17层) | 2004年 | 1室1厅 | 40.69平米 | 东,https://ke-image.ljcdn.com/110000-inspection/pc1_zrNtVK5GU.jpg!m_fill,w_280,h_210,f_jpg?from=ke.com
20231129,海淀,紫竹桥,101117835580,车道沟社区 满五唯一  优质三居  近地铁交通好房主自荐,575万,83273元/平,低楼层 (共14层) | 1990年 | 3室1厅 | 69.05平米 | 西北,https://ke-image.ljcdn.com/110000-inspection/pc1_KaosTZ6yk.jpg!m_fill,w_280,h_210,f_jpg?from=ke.com
20231129,海淀,紫竹桥,101122044600,紫竹院双南两居室中间层满五唯一不临街看房方便新上,520万,97197元/平,中楼层 (共5层) | 1985年 | 2室1厅 | 53.5平米 | 南,https://ke-image.ljcdn.com/110000-inspection/pc1_Ed9JfrynY_2.jpg!m_fill,w_280,h_210,f_jpg?from=ke.com
20231129,海淀,紫竹桥,101122041378,世纪新景04年小户型房子高楼层视野很棒新上,800万,99726元/平,中楼层 (共22层) | 2004年 | 1室1厅 | 80.22平米 | 西北,https://ke-image.ljcdn.com/110000-inspection/pc1_4hFiJFUpb_2.jpg!m_fill,w_280,h_210,f_jpg?from=ke.com
20231129,海淀,紫竹桥,101122038311,豪柏国际公寓 1室1厅 西新上,465万,86593元/平,中楼层 (共6层) | 2005年 | 1室1厅 | 53.7平米 | 西,https://ke-image.ljcdn.com/110000-inspection/pc1_aJsNNhVex.jpg!m_fill,w_280,h_210,f_jpg?from=ke.com
20231129,海淀,紫竹桥,101122014357,紫竹院小区 正规三居 诚心出售 看房随时新上,560万,82475元/平,低楼层 (共16层) | 1983年 | 3室1厅 | 67.9平米 | 东北,https://ke-image.ljcdn.com/110000-inspection/pc1_N8yKLK91o_2.jpg!m_fill,w_280,h_210,f_jpg?from=ke.com
20231129,海淀,紫竹桥,101122011298,紫竹院 外文印刷厂 电梯三居 满五年唯一新上,699万,91373元/平,顶层 (共10层) 3室1厅 | 76.5平米 | 东 西,https://ke-image.ljcdn.com/110000-inspection/pc1_PJYoI8Ja0.jpg!m_fill,w_280,h_210,f_jpg?from=ke.com
20231129,海淀,紫竹桥,101122007908,机械研究院西区 带电梯 地铁6/9白石桥南 紫竹院公园,745万,115918元/平,中楼层 (共6层) 2室1厅 | 64.27平米 | 南 北,https://ke-image.ljcdn.com/110000-inspection/pc1_lNx9sfKD5.jpg!m_fill,w_280,h_210,f_jpg?from=ke.com
20231129,海淀,紫竹桥,101121995363,北京气象局宿舍 高层无遮挡 1995年楼龄,670万,92901元/平,顶层 (共6层) 3室1厅 | 72.12平米 | 东 南,https://ke-image.ljcdn.com/110000-inspection/pc1_b5hKPd8i2_2.jpg!m_fill,w_280,h_210,f_jpg?from=ke.com
20231129,海淀,紫竹桥,101121941999,纯南两居室  独院管理  精装修,449万,87936元/平,顶层 (共6层) | 1999年 | 2室1厅 | 51.06平米 | 南,https://ke-image.ljcdn.com/110000-inspection/pc1_TFdf708tw_2.jpg!m_fill,w_280,h_210,f_jpg?from=ke.com
20231129,海淀,紫竹桥,101121933266,北洼西里楼龄新精装西南向两居室 满5年唯一,680万,99271元/平,中楼层 (共18层) 2室1厅 | 68.5平米 | 西南,https://ke-image.ljcdn.com/110000-inspection/pc1_Plycg8GRb.jpg!m_fill,w_280,h_210,f_jpg?from=ke.com
20231129,海淀,紫竹桥,101121933095,长智路5号 2004年商品房社区 管理好 环境棒 随时看房主自荐,428万,88871元/平,低楼层 (共17层) 1室1厅 | 48.16平米 | 西,https://ke-image.ljcdn.com/110000-inspection/pc1_qlz8f1lH1.jpg!m_fill,w_280,h_210,f_jpg?from=ke.com
20231129,海淀,紫竹桥,101121926809,双紫小区 2室1厅 西,810万,105305元/平,低楼层 (共18层) 2室1厅 | 76.92平米 | 西,https://ke-image.ljcdn.com/110000-inspection/pc1_vLNcZBtbe.jpg!m_fill,w_280,h_210,f_jpg?from=ke.com
20231129,海淀,紫竹桥,101121892533,北洼西里1998年楼龄满五年唯一精装三居室有客厅房主自荐,738万,94616元/平,中楼层 (共18层) 3室1厅 | 78平米 | 东北,https://ke-image.ljcdn.com/110000-inspection/pc1_Ldxdgqfjo.jpg!m_fill,w_280,h_210,f_jpg?from=ke.com
20231129,海淀,紫竹桥,101121871546,房子是东南朝向的两居室正规两室一厅明厨暗卫,680万,95910元/平,低楼层 (共18层) | 1990年 | 2室1厅 | 70.9平米 | 南 北,https://ke-image.ljcdn.com/110000-inspection/pc1_EHOLzkBAS_2.jpg!m_fill,w_280,h_210,f_jpg?from=ke.com
20231129,海淀,紫竹桥,101121828951,房子是东南向两居室 明厨明卫有正规客厅,558万,89711元/平,低楼层 (共18层) 2室1厅 | 62.2平米 | 东南,https://ke-image.ljcdn.com/110000-inspection/pc1_xrSSEjWQy.jpg!m_fill,w_280,h_210,f_jpg?from=ke.com
20231129,海淀,紫竹桥,101121824139,人济山庄 正规2居室 特殊户型 不要看单价 详情咨询房主自荐,1116万,119028元/平,低楼层 (共28层) 2室1厅 | 93.76平米 | 西南,https://ke-image.ljcdn.com/110000-inspection/pc1_GlIAX7g0J.jpg!m_fill,w_280,h_210,f_jpg?from=ke.com
20231129,海淀,紫竹桥,101121820228,中海雅园：中间位置一层两户南北4居南北花园。,2160万,107011元/平,低楼层 (共10层) 4室2厅 | 201.85平米 | 南 北,https://ke-image.ljcdn.com/110000-inspection/pc1_YiACSOUvo.jpg!m_fill,w_280,h_210,f_jpg?from=ke.com
20231129,海淀,紫竹桥,101121813498,小区有花园 本房高楼层一手业主诚心卖产权清晰,1060万,101757元/平,高楼层 (共18层) | 1999年 | 3室1厅 | 104.17平米 | 东南 北,https://ke-image.ljcdn.com/110000-inspection/pc1_VX7WSWBN9.jpg!m_fill,w_280,h_210,f_jpg?from=ke.com
20231129,海淀,紫竹桥,101121805173,紫竹院98号院 1室1厅 南,430万,101416元/平,中楼层 (共6层) | 1993年 | 1室1厅 | 42.4平米 | 南,https://ke-image.ljcdn.com/110000-inspection/pc1_EnaqTbD6G.jpg!m_fill,w_280,h_210,f_jpg?from=ke.com
20231129,海淀,紫竹桥,101121802362,车道沟10号院 1室1厅 南,468万,111962元/平,中楼层 (共5层) 1室1厅 | 41.8平米 | 南,https://ke-image.ljcdn.com/110000-inspection/pc1_t3yVI8YlU_1.jpg!m_fill,w_280,h_210,f_jpg?from=ke.com
20231129,海淀,紫竹桥,101121786921,中间楼层视野开阔 楼龄新 钢混结构 两梯六户房主自荐,915万,89706元/平,中楼层 (共18层) 3室2厅 | 102平米 | 西南 北,https://ke-image.ljcdn.com/110000-inspection/pc1_MZ7otP6t6_2.jpg!m_fill,w_280,h_210,f_jpg?from=ke.com
20231129,海淀,紫竹桥,101121774356,西三环紫竹桥南长河畔 美林花园经典双卫两居,1330万,112990元/平,低楼层 (共25层) 2室2厅 | 117.71平米 | 东,https://ke-image.ljcdn.com/110000-inspection/24790304-d8b4-4def-b76e-d5f9c100fdb3_1000.jpg!m_fill,w_280,h_210,f_jpg?from=ke.com
20231129,海淀,紫竹桥,101121769120,花园桥 七贤村 带电梯 不临街南向一居室,498万,100404元/平,低楼层 (共15层) | 1995年 | 1室1厅 | 49.6平米 | 南 北,https://ke-image.ljcdn.com/110000-inspection/pc1_vRri9N2gX.jpg!m_fill,w_280,h_210,f_jpg?from=ke.com
20231129,海淀,紫竹桥,101121760848,全南向三居室 两卫生间 格局方正无浪费,1220万,107150元/平,中楼层 (共18层) | 2001年 | 3室2厅 | 113.86平米 | 南,https://ke-image.ljcdn.com/110000-inspection/pc1_uJrmSFhXB.jpg!m_fill,w_280,h_210,f_jpg?from=ke.com
20231129,海淀,紫竹桥,101121700449,车道沟三居带客厅 临地铁公交站 价格可谈 诚心出售,580万,82504元/平,中楼层 (共14层) 3室1厅 | 70.3平米 | 西北,https://ke-image.ljcdn.com/110000-inspection/pc1_hEatSwG3u.jpg!m_fill,w_280,h_210,f_jpg?from=ke.com
20231129,海淀,紫竹桥,101121652874,昌运宫 满五年 看房随时 楼层好 采光充足 视野好,475万,82323元/平,高楼层 (共11层) 1室1厅 | 57.7平米 | 东南,https://ke-image.ljcdn.com/110000-inspection/pc1_K3yneQMCT.jpg!m_fill,w_280,h_210,f_jpg?from=ke.com
20231129,海淀,紫竹桥,101121639477,北洼路甲28号2000年楼龄独门独院不临街大两居满五唯一,975万,82071元/平,低楼层 (共19层) 2室1厅 | 118.8平米 | 东北,https://ke-image.ljcdn.com/110000-inspection/pc1_RYPMSjJe6.jpg!m_fill,w_280,h_210,f_jpg?from=ke.com
20231129,海淀,紫竹桥,101121621991,紫竹桥 中高楼层 南向面宽 视野采光挺棒 业主诚心出售,1788万,102777元/平,中楼层 (共22层) | 2004年 | 3室2厅 | 173.97平米 | 东南,https://ke-image.ljcdn.com/110000-inspection/pc1_jseTuOca5_2.jpg!m_fill,w_280,h_210,f_jpg?from=ke.com
20231129,海淀,紫竹桥,101121616220,紫竹院公园 明厨明卫带客厅 采光好 满五年,450万,113351元/平,高楼层 (共7层) | 1989年 | 1室1厅 | 39.7平米 | 南,https://ke-image.ljcdn.com/110000-inspection/pc1_AwprBvMsF.jpg!m_fill,w_280,h_210,f_jpg?from=ke.com
20231129,海淀,紫竹桥,101121576781,三虎桥小区南北通透两居室诚心卖房主自荐,530万,92820元/平,顶层 (共6层) 2室1厅 | 57.1平米 | 南 北,https://ke-image.ljcdn.com/110000-inspection/pc1_h4PFU3R1W.jpg!m_fill,w_280,h_210,f_jpg?from=ke.com
20231129,海淀,紫竹桥,101121566633,富丽小区 2室2厅 东 南,1200万,120871元/平,低楼层 (共18层) 2室2厅 | 99.28平米 | 东 南,https://ke-image.ljcdn.com/110000-inspection/pc1_vU5jl4tmc.jpg!m_fill,w_280,h_210,f_jpg?from=ke.com
20231129,海淀,紫竹桥,101121548860,七贤村采光好南北通透近地铁中间楼层！,660万,102168元/平,中楼层 (共6层) 2室1厅 | 64.6平米 | 南 北,https://ke-image.ljcdn.com/110000-inspection/pc1_Bye76nBJY.jpg!m_fill,w_280,h_210,f_jpg?from=ke.com
20231129,海淀,紫竹桥,101121532065,车道沟南里 环境好双幼儿园 精装修带客厅2居房主自荐,598万,102048元/平,低楼层 (共21层) | 1990年 | 2室1厅 | 58.6平米 | 东,https://ke-image.ljcdn.com/110000-inspection/pc1_EaN5rDazE.jpg!m_fill,w_280,h_210,f_jpg?from=ke.com
20231129,海淀,紫竹桥,101121520703,紫竹院南路20号院 2室1厅 南 北,520万,93024元/平,高楼层 (共6层) | 1985年 | 2室1厅 | 55.9平米 | 南 北,https://ke-image.ljcdn.com/110000-inspection/pc1_8H44Pmnfb.jpg!m_fill,w_280,h_210,f_jpg?from=ke.com
20231129,海淀,紫竹桥,101121516762,车道沟南里 满五唯一 高层观景三居室,730万,91824元/平,高楼层 (共21层) | 1989年 | 3室1厅 | 79.5平米 | 东 西,https://ke-image.ljcdn.com/110000-inspection/pc1_qjdwlSWpz.jpg!m_fill,w_280,h_210,f_jpg?from=ke.com
20231129,海淀,紫竹桥,101121514745,中海雅园北区高楼层无遮挡满五年唯一方正户型房主自荐,1280万,104653元/平,高楼层 (共18层) | 1999年 | 2室1厅 | 122.31平米 | 南 西,https://ke-image.ljcdn.com/110000-inspection/pc1_FCM9cHZnP_2.jpg!m_fill,w_280,h_210,f_jpg?from=ke.com
20231129,海淀,紫竹桥,101121503288,车道沟南里 3室1厅 南 北,870万,99316元/平,高楼层 (共21层) | 1992年 | 3室1厅 | 87.6平米 | 南 北,https://ke-image.ljcdn.com/110000-inspection/pc1_KhV8cujz1.jpg!m_fill,w_280,h_210,f_jpg?from=ke.com
20231129,海淀,紫竹桥,101121498436,昌运宫 高层三居 南北通透无遮挡 业主诚心卖,886万,98664元/平,顶层 (共12层) | 1986年 | 3室1厅 | 89.8平米 | 南 北,https://ke-image.ljcdn.com/110000-inspection/pc1_ZG6CHl1t6.jpg!m_fill,w_280,h_210,f_jpg?from=ke.com
20231129,海淀,紫竹桥,101121493228,七贤村中国银行家属楼不临街 满五年电梯直达,800万,118344元/平,低楼层 (共15层) 2室1厅 | 67.6平米 | 南 北,https://ke-image.ljcdn.com/110000-inspection/pc1_cMmuGUfU7.jpg!m_fill,w_280,h_210,f_jpg?from=ke.com
20231129,海淀,紫竹桥,101121492909,北洼西里 2室1厅 西 北,570万,96317元/平,低楼层 (共18层) 2室1厅 | 59.18平米 | 西 北,https://ke-image.ljcdn.com/110000-inspection/pc1_jfNK2cE8R_2.jpg!m_fill,w_280,h_210,f_jpg?from=ke.com
20231129,海淀,紫竹桥,101121466229,满五年唯一 紫竹院公园 低楼层 楼龄新 精装修房主自荐,758万,117392元/平,低楼层 (共6层) | 1999年 | 2室1厅 | 64.57平米 | 南 北,https://ke-image.ljcdn.com/110000-inspection/pc1_wzqrHhyoL_2.jpg!m_fill,w_280,h_210,f_jpg?from=ke.com
20231129,海淀,紫竹桥,101121463724,花园桥 车公庄西路35号院 南北通透,510万,103449元/平,高楼层 (共6层) | 1985年 | 1室1厅 | 49.3平米 | 南 北,https://ke-image.ljcdn.com/110000-inspection/pc1_CPyWSdsmg.jpg!m_fill,w_280,h_210,f_jpg?from=ke.com
20231129,海淀,紫竹桥,101121461760,紫竹院南路14号院 2室1厅 南 北,737万,103367元/平,中楼层 (共5层) 2室1厅 | 71.3平米 | 南 北,https://ke-image.ljcdn.com/110000-inspection/pc1_lGRcwO2S5.jpg!m_fill,w_280,h_210,f_jpg?from=ke.com
20231129,海淀,紫竹桥,101121448304,车道沟10号院 原为中国兵器家属院,899万,115851元/平,中楼层 (共6层) | 1985年 | 3室1厅 | 77.6平米 | 南 北,https://ke-image.ljcdn.com/110000-inspection/8eee2d85-34b7-43bb-b164-6e94e7b347e8_1000.jpg!m_fill,w_280,h_210,f_jpg?from=ke.com
20231129,海淀,紫竹桥,101121445020,三虎桥南路17号院北院有停车位不临街五年唯一,489万,89956元/平,顶层 (共5层) | 1985年 | 2室1厅 | 54.36平米 | 南 北,https://ke-image.ljcdn.com/110000-inspection/pc1_1nFpZF5Jy.jpg!m_fill,w_280,h_210,f_jpg?from=ke.com
20231129,海淀,紫竹桥,101121442012,三虎桥南路12号院 中间层南北通透三居室 诚心卖,750万,108854元/平,中楼层 (共5层) 3室1厅 | 68.9平米 | 南 北,https://ke-image.ljcdn.com/110000-inspection/pc1_0cye6o8gP.jpg!m_fill,w_280,h_210,f_jpg?from=ke.com
20231129,海淀,紫竹桥,101121430334,七贤村  八里庄 定慧寺  花园桥 首师大 甘家口,560万,89744元/平,顶层 (共6层) | 1986年 | 2室1厅 | 62.4平米 | 南 北,https://ke-image.ljcdn.com/110000-inspection/pc1_oYhZIz0nz.jpg!m_fill,w_280,h_210,f_jpg?from=ke.com
20231129,海淀,紫竹桥,101121423992,财智公馆 车道沟 紫竹桥 临地铁 北洼路,530万,86857元/平,低楼层 (共17层) 2室1厅 | 61.02平米 | 西南,https://ke-image.ljcdn.com/110000-inspection/pc1_vsMqGDhj5.jpg!m_fill,w_280,h_210,f_jpg?from=ke.com
20231129,海淀,紫竹桥,101121422411,紫竹桥区域 总 价  电梯两居室 紫竹院小区 紫竹院一号,482万,85766元/平,低楼层 (共16层) | 1984年 | 3室1厅 | 56.2平米 | 西北,https://ke-image.ljcdn.com/110000-inspection/fed6458f-c8cd-420d-a0da-d055d6b9db2e_1000.jpg!m_fill,w_280,h_210,f_jpg?from=ke.com
20231129,海淀,紫竹桥,101121420320,车道沟社区 紫竹院优质三居 电梯直达 交通便利,565万,83978元/平,低楼层 (共14层) 3室1厅 | 67.28平米 | 西 北,https://ke-image.ljcdn.com/110000-inspection/pc1_8JUocXLOp.jpg!m_fill,w_280,h_210,f_jpg?from=ke.com
20231129,海淀,紫竹桥,101121411017,南北通透两居室不临街前后无遮挡采光通风好。,550万,95156元/平,高楼层 (共6层) | 1995年 | 2室1厅 | 57.8平米 | 南 北,https://ke-image.ljcdn.com/110000-inspection/pc1_rfY9TiTqH.jpg!m_fill,w_280,h_210,f_jpg?from=ke.com
20231129,海淀,紫竹桥,101121404453,车道沟南里 板楼带电梯 位置安静 户型方正,649万,107273元/平,中楼层 (共6层) 2室1厅 | 60.5平米 | 东 南,https://ke-image.ljcdn.com/110000-inspection/pc1_n8SkOy9kg_2.jpg!m_fill,w_280,h_210,f_jpg?from=ke.com
20231129,海淀,紫竹桥,101121383380,人济山庄安静的楼居住舒适紫竹院公园里的家,865万,110417元/平,中楼层 (共28层) | 2001年 | 1室1厅 | 78.34平米 | 南,https://ke-image.ljcdn.com/110000-inspection/pc1_HBrcZWc8U_1.jpg!m_fill,w_280,h_210,f_jpg?from=ke.com
20231129,海淀,紫竹桥,101121364146,三虎桥首体宿舍 南北通透精装两居室 诚心卖,530万,91380元/平,顶层 (共6层) 2室1厅 | 58平米 | 南 北,https://ke-image.ljcdn.com/110000-inspection/pc1_O09oAvlfV.jpg!m_fill,w_280,h_210,f_jpg?from=ke.com
20231129,海淀,紫竹桥,101121353893,明厨明卫满五年唯一业主诚意出售看房方便,565万,86790元/平,中楼层 (共18层) 2室1厅 | 65.1平米 | 东 北,https://ke-image.ljcdn.com/110000-inspection/pc1_tLbY7S9m6_2.jpg!m_fill,w_280,h_210,f_jpg?from=ke.com
20231129,海淀,紫竹桥,101121328376,双紫小区精装大一居室采光好有车位。,570万,94060元/平,低楼层 (共18层) | 1999年 | 1室1厅 | 60.6平米 | 东,https://ke-image.ljcdn.com/110000-inspection/pc1_Sliblg0px.jpg!m_fill,w_280,h_210,f_jpg?from=ke.com
20231129,海淀,紫竹桥,101121318018,花园桥 七贤村 中国银行宿舍 有电梯 精装修南向一居室,500万,100807元/平,中楼层 (共15层) 1室1厅 | 49.6平米 | 南,https://ke-image.ljcdn.com/110000-inspection/pc1_Bsu6zJ7u3_2.jpg!m_fill,w_280,h_210,f_jpg?from=ke.com
20231129,海淀,紫竹桥,101121305530,豪柏大厦配套齐全交通便利距离公园近,405万,49361元/平,低楼层 (共20层) 1室1厅 | 82.05平米 | 西,https://ke-image.ljcdn.com/110000-inspection/pc1_JsvzljjVy.jpg!m_fill,w_280,h_210,f_jpg?from=ke.com
20231129,海淀,紫竹桥,101121282549,酱油厂宿舍楼 3室1厅 南 北,760万,95000元/平,中楼层 (共5层) | 1990年 | 3室1厅 | 80平米 | 南 北,https://ke-image.ljcdn.com/110000-inspection/pc1_4h75seH57_2.jpg!m_fill,w_280,h_210,f_jpg?from=ke.com
20231129,海淀,紫竹桥,101121272592,花园桥紫竹院南北通透两居室满五唯一房主自荐,579万,101776元/平,中楼层 (共6层) 2室1厅 | 56.89平米 | 南 北,https://ke-image.ljcdn.com/110000-inspection/pc1_SJJap4qIB_2.jpg!m_fill,w_280,h_210,f_jpg?from=ke.com
20231129,海淀,紫竹桥,101121269633,中直机关家属楼带电梯双南临公园两居出售,659万,110571元/平,中楼层 (共16层) | 1986年 | 2室1厅 | 59.6平米 | 南,https://ke-image.ljcdn.com/110000-inspection/pc1_H9e3wM27M_1.jpg!m_fill,w_280,h_210,f_jpg?from=ke.com
20231129,海淀,紫竹桥,101121265638,中国农资集团小区管理好南北通透,525万,87970元/平,顶层 (共6层) 2室1厅 | 59.68平米 | 南 北,https://ke-image.ljcdn.com/110000-inspection/pc1_4NUI3fDHY.jpg!m_fill,w_280,h_210,f_jpg?from=ke.com
20231129,海淀,紫竹桥,101121262826,西三环紫竹院公园旁边正规一居室小户型朝向好,491万,97036元/平,高楼层 (共13层) | 1997年 | 1室1厅 | 50.6平米 | 东南,https://ke-image.ljcdn.com/110000-inspection/pc1_OwOASa8FG.jpg!m_fill,w_280,h_210,f_jpg?from=ke.com
20231129,海淀,紫竹桥,101121174859,车道沟南里 2室1厅 南,698万,103715元/平,中楼层 (共21层) | 1993年 | 2室1厅 | 67.3平米 | 南,https://ke-image.ljcdn.com/110000-inspection/pc1_MlpzRCcBM.jpg!m_fill,w_280,h_210,f_jpg?from=ke.com
20231129,海淀,紫竹桥,101121156138,紫竹桥 北洼东里 1998年楼龄 全明格局,688万,97039元/平,高楼层 (共18层) | 1998年 | 2室1厅 | 70.9平米 | 西南,https://ke-image.ljcdn.com/110000-inspection/pc1_e27Cboz2D.jpg!m_fill,w_280,h_210,f_jpg?from=ke.com
20231129,海淀,紫竹桥,101121147491,机械研究院西区 带电梯 两居室 南北 近紫竹院公园,710万,113801元/平,低楼层 (共6层) 2室1厅 | 62.39平米 | 南 北,https://ke-image.ljcdn.com/110000-inspection/pc1_GThsNtamc.jpg!m_fill,w_280,h_210,f_jpg?from=ke.com
20231129,海淀,紫竹桥,101121146099,西三环北路56号院 3室1厅 南 北,810万,111571元/平,低楼层 (共6层) 3室1厅 | 72.6平米 | 南 北,https://ke-image.ljcdn.com/110000-inspection/pc1_ytECNMtWe.jpg!m_fill,w_280,h_210,f_jpg?from=ke.com
20231129,海淀,紫竹桥,101121139700,车道沟南里 2室1厅 东南,698万,98449元/平,顶层 (共17层) | 1999年 | 2室1厅 | 70.9平米 | 东南,https://ke-image.ljcdn.com/110000-inspection/pc1_uhNrw2bxS.jpg!m_fill,w_280,h_210,f_jpg?from=ke.com
20231129,海淀,紫竹桥,101121127081,富丽小区观西山昆玉河2000年社区停车方便,1068万,115522元/平,低楼层 (共18层) 2室2厅 | 92.45平米 | 东南,https://ke-image.ljcdn.com/110000-inspection/pc1_vdwnsVsZX.jpg!m_fill,w_280,h_210,f_jpg?from=ke.com
20231129,海淀,紫竹桥,101121119854,中海雅园：客厅+双卧正南三居明卫！东南不临街！,1830万,109000元/平,低楼层 (共18层) | 1999年 | 3室1厅 | 167.89平米 | 东南,https://ke-image.ljcdn.com/110000-inspection/pc1_cMpCA9Prj.jpg!m_fill,w_280,h_210,f_jpg?from=ke.com
20231129,海淀,紫竹桥,101121114568,车公庄西路45号院 地铁口 满五年 业主诚售,545万,101302元/平,低楼层 (共6层) | 1993年 | 2室1厅 | 53.8平米 | 南 北,https://ke-image.ljcdn.com/110000-inspection/pc1_9jzd9V2tN.jpg!m_fill,w_280,h_210,f_jpg?from=ke.com
20231129,海淀,紫竹桥,101121112941,昌运宫9号院  双南向两居室  精装修  可以直接入住,500万,94162元/平,顶层 (共6层) 2室1厅 | 53.1平米 | 南,https://ke-image.ljcdn.com/110000-inspection/c847997f-1fa2-40ab-b19f-439d666a8fc7_1000.jpg!m_fill,w_280,h_210,f_jpg?from=ke.com
20231129,海淀,紫竹桥,101121105759,发改委新上经典罕见小户型一居！直观西山与长河公园,467万,119072元/平,高楼层 (共24层) 1室1厅 | 39.22平米 | 北,https://ke-image.ljcdn.com/110000-inspection/83c705c9-51c0-49f7-93e0-afbb55a79166_1000.jpg!m_fill,w_280,h_210,f_jpg?from=ke.com
20231129,海淀,紫竹桥,101121103347,車道沟南里10号线新上两居带电梯不临街视野好,725万,97973元/平,高楼层 (共17层) | 1985年 | 2室1厅 | 74平米 | 南,https://ke-image.ljcdn.com/110000-inspection/pc1_8YNGDAbOY_2.jpg!m_fill,w_280,h_210,f_jpg?from=ke.com
20231129,海淀,紫竹桥,101121096741,中直机关家属楼 新出采光佳精装小户型 满五年唯一好房,520万,108560元/平,低楼层 (共16层) 1室1厅 | 47.9平米 | 南,https://ke-image.ljcdn.com/110000-inspection/pc1_1kKjsJMmB_1.jpg!m_fill,w_280,h_210,f_jpg?from=ke.com
20231129,海淀,紫竹桥,101121091154,机械研究院西区 白石桥南6/9号线 近紫竹院公园 带电梯,510万,119691元/平,中楼层 (共6层) 1室1厅 | 42.61平米 | 南,https://ke-image.ljcdn.com/110000-inspection/pc1_bqWP9wPnX.jpg!m_fill,w_280,h_210,f_jpg?from=ke.com
20231129,海淀,紫竹桥,101121090640,北无宿舍  精装南北两居  中间楼层  满五唯一,639万,104772元/平,低楼层 (共6层) | 1995年 | 2室1厅 | 60.99平米 | 南 北,https://ke-image.ljcdn.com/110000-inspection/pc1_KhdomES9a_1.jpg!m_fill,w_280,h_210,f_jpg?from=ke.com
20231129,海淀,紫竹桥,101121085716,南北通透一居室全明格局满五年唯一！,476万,124282元/平,底层 (共5层) 1室1厅 | 38.3平米 | 南 北,https://ke-image.ljcdn.com/110000-inspection/pc1_uGSuf5QHd_1.jpg!m_fill,w_280,h_210,f_jpg?from=ke.com
20231129,海淀,紫竹桥,101121083481,机械研究院西区 南北两居室 近地铁6/9白石桥南,650万,100604元/平,顶层 (共5层) | 1964年 | 2室1厅 | 64.61平米 | 南 北,https://ke-image.ljcdn.com/110000-inspection/pc1_4NuFZua1x.jpg!m_fill,w_280,h_210,f_jpg?from=ke.com
20231129,海淀,紫竹桥,101121052720,车道沟东里 南向两居 满五年业主在京唯一住房,629万,100319元/平,中楼层 (共16层) | 1986年 | 2室1厅 | 62.7平米 | 南,https://ke-image.ljcdn.com/110000-inspection/pc1_9tcG4bKiA_1.jpg!m_fill,w_280,h_210,f_jpg?from=ke.com
20231129,海淀,紫竹桥,101121048693,车道沟南里2020年精装修南北通透两居套内面积大有车位房主自荐,560万,121476元/平,顶层 (共6层) 2室1厅 | 46.1平米 | 南 北,https://ke-image.ljcdn.com/110000-inspection/pc1_3wol5sSpG.jpg!m_fill,w_280,h_210,f_jpg?from=ke.com
20231129,海淀,紫竹桥,101121037883,北洼路28号院精装观西山观电视塔西南两居高层高房主自荐,898万,85884元/平,顶层 (共18层) | 1996年 | 2室2厅 | 104.56平米 | 西南,https://ke-image.ljcdn.com/110000-inspection/pc1_ceK6b0Kta_2.jpg!m_fill,w_280,h_210,f_jpg?from=ke.com
20231129,海淀,紫竹桥,101121033162,车道沟南里正规两居室楼层高采光无遮挡看房随时房主自荐,519万,104217元/平,高楼层 (共21层) | 1989年 | 2室1厅 | 49.8平米 | 东,https://ke-image.ljcdn.com/110000-inspection/pc1_jMEbGnfzE_2.jpg!m_fill,w_280,h_210,f_jpg?from=ke.com
20231129,海淀,紫竹桥,101121032460,北洼西里 户型方正大客厅 精装修 诚意出售,498万,92911元/平,高楼层 (共17层) 1室1厅 | 53.6平米 | 东 南,https://ke-image.ljcdn.com/110000-inspection/pc1_Ms8O6K3Jt.jpg!m_fill,w_280,h_210,f_jpg?from=ke.com
20231129,海淀,紫竹桥,101121027144,此房满二年中间楼层采光好无遮挡看房方便。,668万,120578元/平,中楼层 (共5层) | 1985年 | 2室1厅 | 55.4平米 | 南,https://ke-image.ljcdn.com/110000-inspection/pc1_fJg8tdgBD_1.jpg!m_fill,w_280,h_210,f_jpg?from=ke.com
20231129,海淀,紫竹桥,101121020326,车道沟10号院 南向中间层 视野采光无遮挡 满五年唯一房主自荐,460万,108748元/平,中楼层 (共6层) | 1985年 | 1室1厅 | 42.3平米 | 南,https://ke-image.ljcdn.com/110000-inspection/pc1_pMV9tYMaA_1.jpg!m_fill,w_280,h_210,f_jpg?from=ke.com
20231129,海淀,紫竹桥,101121012534,车道沟南里 3室1厅 东 北,726万,96032元/平,中楼层 (共17层) | 1993年 | 3室1厅 | 75.6平米 | 东 北,https://ke-image.ljcdn.com/110000-inspection/81b60914-d2e7-4026-a01d-df9638a5c4e2_1000.jpg!m_fill,w_280,h_210,f_jpg?from=ke.com
20231129,海淀,紫竹桥,101121010925,环保局宿舍楼 中间层 南向一居 全明格局,476万,106488元/平,中楼层 (共6层) 1室1厅 | 44.7平米 | 南,https://ke-image.ljcdn.com/110000-inspection/pc1_uPla8uJ09.jpg!m_fill,w_280,h_210,f_jpg?from=ke.com
20231129,海淀,紫竹桥,101121004747,高楼层视野开阔无遮挡采光视野充足电梯房,585万,101563元/平,高楼层 (共21层) | 1990年 | 2室1厅 | 57.6平米 | 东南,https://ke-image.ljcdn.com/110000-inspection/pc1_7FoYqNj6W.jpg!m_fill,w_280,h_210,f_jpg?from=ke.com
20231129,海淀,紫竹桥,101121003819,三虎桥南路17号院 3室1厅 南 北,850万,113379元/平,中楼层 (共6层) | 1985年 | 3室1厅 | 74.97平米 | 南 北,https://ke-image.ljcdn.com/110000-inspection/pc1_irNvHCnIB.jpg!m_fill,w_280,h_210,f_jpg?from=ke.com
20231129,海淀,紫竹桥,101121002839,三虎桥北京市人民检察院宿舍满五年,616万,106575元/平,中楼层 (共6层) 2室1厅 | 57.8平米 | 南 北,https://ke-image.ljcdn.com/110000-inspection/pc1_bnkXRsBbE.jpg!m_fill,w_280,h_210,f_jpg?from=ke.com
20231129,海淀,紫竹桥,101121002784,房子户型方正格局合理正规1居室随时可以签约,450万,96360元/平,中楼层 (共16层) | 1987年 | 1室1厅 | 46.7平米 | 东南,https://ke-image.ljcdn.com/110000-inspection/pc1_2eHzHDzaw.jpg!m_fill,w_280,h_210,f_jpg?from=ke.com
20231129,海淀,紫竹桥,101121001776,双紫小区三居室东西通透楼龄新。,860万,85743元/平,高楼层 (共7层) | 1998年 | 3室1厅 | 100.3平米 | 东 西,https://ke-image.ljcdn.com/110000-inspection/pc1_5gAEFhnhE.jpg!m_fill,w_280,h_210,f_jpg?from=ke.com
20231129,海淀,紫竹桥,101121000692,北无宿舍 少见居家精装拎包入住 生态休闲环境好宜居住,907万,103658元/平,低楼层 (共6层) 3室1厅 | 87.5平米 | 南 北,https://ke-image.ljcdn.com/110000-inspection/ce4b8031-7ed5-40b7-92af-f7011c70ddf5_1000.jpg!m_fill,w_280,h_210,f_jpg?from=ke.com
20231129,海淀,紫竹桥,101120994627,北无宿舍  楼龄新1995年建成 没有遮挡,350万,97494元/平,地下室 (共6层) | 1994年 | 1室1厅 | 35.9平米 | 东,https://ke-image.ljcdn.com/110000-inspection/pc1_tq7fi7zSW_1.jpg!m_fill,w_280,h_210,f_jpg?from=ke.com
20231129,海淀,紫竹桥,101120987678,车道沟南里 精装修小2居 大院环境好,520万,104355元/平,中楼层 (共6层) | 1992年 | 2室1厅 | 49.83平米 | 东,https://ke-image.ljcdn.com/110000-inspection/043782d2-00f2-4041-a360-c7e0dc0a52e7_1000.jpg!m_fill,w_280,h_210,f_jpg?from=ke.com
20231129,海淀,紫竹桥,101120971568,三环内小户型两居室出门紫竹院公园交通便利,450万,104896元/平,底层 (共6层) | 1985年 | 2室1厅 | 42.9平米 | 东 北,https://ke-image.ljcdn.com/110000-inspection/pc1_L27K8wzvJ.jpg!m_fill,w_280,h_210,f_jpg?from=ke.com
20231129,海淀,紫竹桥,101120963844,车道沟10号院 南北通透两居 三阳台  房龄新,758万,118809元/平,高楼层 (共6层) 2室1厅 | 63.8平米 | 南 北,https://ke-image.ljcdn.com/110000-inspection/pc1_waq4wV9Ne_2.jpg!m_fill,w_280,h_210,f_jpg?from=ke.com
20231129,海淀,紫竹桥,101120962644,此房带电梯满五年单位分房性质视野好采光棒。,639万,98764元/平,中楼层 (共15层) 3室1厅 | 64.7平米 | 西南,https://ke-image.ljcdn.com/110000-inspection/pc1_lOypudFlX.jpg!m_fill,w_280,h_210,f_jpg?from=ke.com
20231129,海淀,紫竹桥,101120960547,车道沟南里满五年唯一 明厨明卫 不临街,560万,88051元/平,低楼层 (共17层) 2室1厅 | 63.6平米 | 东北,https://ke-image.ljcdn.com/110000-inspection/pc1_c911LozWm_1.jpg!m_fill,w_280,h_210,f_jpg?from=ke.com
20231129,海淀,紫竹桥,101120960514,车道沟南里 满五唯一 精装修 南北通透 拎包入住,728万,118182元/平,中楼层 (共6层) 2室1厅 | 61.6平米 | 南 北,https://ke-image.ljcdn.com/110000-inspection/pc1_1hKCcLtDj.jpg!m_fill,w_280,h_210,f_jpg?from=ke.com
20231129,海淀,紫竹桥,101120960235,紫竹院98号院 2室1厅 南 北房主自荐,610万,92988元/平,高楼层 (共6层) 2室1厅 | 65.6平米 | 南 北,https://ke-image.ljcdn.com/110000-inspection/pc1_98Hc55Agq.jpg!m_fill,w_280,h_210,f_jpg?from=ke.com
20231129,海淀,紫竹桥,101120954265,车道沟南里 南向一居室 采光好,490万,88608元/平,底层 (共17层) 1室1厅 | 55.3平米 | 南,https://ke-image.ljcdn.com/110000-inspection/pc1_T8TJlG0PG_2.jpg!m_fill,w_280,h_210,f_jpg?from=ke.com
20231129,海淀,紫竹桥,101120952589,西三环北路56号院 2室1厅 南 北房主自荐,590万,100512元/平,高楼层 (共6层) 2室1厅 | 58.7平米 | 南 北,https://ke-image.ljcdn.com/110000-inspection/pc1_JJXFlo6qv.jpg!m_fill,w_280,h_210,f_jpg?from=ke.com
20231129,海淀,紫竹桥,101120942510,七贤村 南北精装2居 中间楼层采光好 不临街很安静！,680万,103817元/平,中楼层 (共6层) | 1988年 | 2室1厅 | 65.5平米 | 南 北,https://ke-image.ljcdn.com/110000-inspection/pc1_gqiPuyRdF.jpg!m_fill,w_280,h_210,f_jpg?from=ke.com
20231129,海淀,紫竹桥,101120940219,北洼西里成本价方正带厅的三居室塔楼有电梯东南向,798万,99626元/平,低楼层 (共15层) 3室1厅 | 80.1平米 | 东南,https://ke-image.ljcdn.com/110000-inspection/pc1_U6gURhuhD.jpg!m_fill,w_280,h_210,f_jpg?from=ke.com
20231129,海淀,紫竹桥,101120939494,纯商品房社区紫竹花园。正规两居室两卫满五年唯一,975万,85964元/平,中楼层 (共25层) 2室1厅 | 113.42平米 | 北,https://ke-image.ljcdn.com/110000-inspection/pc1_l6mvqFomu.jpg!m_fill,w_280,h_210,f_jpg?from=ke.com
20231129,海淀,紫竹桥,101120923294,北洼西里 精装修 正规 一居室 采光棒 视野好 随时看,498万,92911元/平,高楼层 (共15层) 1室1厅 | 53.6平米 | 东 南,https://ke-image.ljcdn.com/110000-inspection/pc1_63UcGyoqj.jpg!m_fill,w_280,h_210,f_jpg?from=ke.com
20231129,海淀,紫竹桥,101120917995,双紫小区  精装修两居室 配套齐全,1070万,118102元/平,低楼层 (共18层) | 1998年 | 2室1厅 | 90.6平米 | 南,https://ke-image.ljcdn.com/110000-inspection/pc1_0f838EHGA.jpg!m_fill,w_280,h_210,f_jpg?from=ke.com
20231129,海淀,紫竹桥,101120915382,车道沟南里大院1居室 满五年唯一住房 产权清晰,370万,96505元/平,低楼层 (共6层) | 1992年 | 1室1厅 | 38.34平米 | 东,https://ke-image.ljcdn.com/110000-inspection/pc1_lt84RG4Jt.jpg!m_fill,w_280,h_210,f_jpg?from=ke.com
20231129,海淀,紫竹桥,101120915072,车公庄西路35号院房子精装修正规两居,650万,103012元/平,低楼层 (共18层) | 1992年 | 2室1厅 | 63.1平米 | 南,https://ke-image.ljcdn.com/110000-inspection/pc1_fTw0zjBpY.jpg!m_fill,w_280,h_210,f_jpg?from=ke.com
20231129,海淀,紫竹桥,101120905672,车道沟10号院 满五年唯一 安静不临街 明厨明卫 楼龄新,539万,124194元/平,中楼层 (共5层) | 1995年 | 1室1厅 | 43.4平米 | 南,https://ke-image.ljcdn.com/110000-inspection/pc1_dFpesACbo_1.jpg!m_fill,w_280,h_210,f_jpg?from=ke.com
20231129,海淀,紫竹桥,101120904260,车道沟南里 两居室 卧室空间大 阳台可俯瞰小区大广场,625万,107021元/平,中楼层 (共21层) | 1989年 | 2室1厅 | 58.4平米 | 东 西,https://ke-image.ljcdn.com/110000-inspection/pc1_l7dtHNc40.jpg!m_fill,w_280,h_210,f_jpg?from=ke.com
20231129,海淀,紫竹桥,101120903849,紫竹院 中间层 朝南一居 航天部大院 安静不临街,435万,96882元/平,中楼层 (共5层) 1室1厅 | 44.9平米 | 南,https://ke-image.ljcdn.com/110000-inspection/pc1_wH5Zh2QUY.jpg!m_fill,w_280,h_210,f_jpg?from=ke.com
20231129,海淀,紫竹桥,101120875371,豪柏国际公寓板楼 精装修看房方便满五年,850万,101275元/平,中楼层 (共6层) | 2005年 | 2室1厅 | 83.93平米 | 东北,https://ke-image.ljcdn.com/110000-inspection/58082de8-9af5-4f27-ad3e-7421f5219b9c_1000.jpg!m_fill,w_280,h_210,f_jpg?from=ke.com
20231129,海淀,紫竹桥,101120875233,紫竹院南路20号院电梯一居外文印刷厂宿舍楼,429万,88454元/平,顶层 (共10层) | 1992年 | 1室1厅 | 48.5平米 | 东,https://ke-image.ljcdn.com/110000-inspection/pc1_NjWGOsbD2.jpg!m_fill,w_280,h_210,f_jpg?from=ke.com
20231129,海淀,紫竹桥,101120869918,北无家属院  低楼层  南北两居  使用面积大,305万,55657元/平,地下室 (共6层) | 1995年 | 2室1厅 | 54.8平米 | 南 北,https://ke-image.ljcdn.com/110000-inspection/1e941be5-a445-470a-b513-0cdcb56f8319_1000.jpg!m_fill,w_280,h_210,f_jpg?from=ke.com
20231129,海淀,紫竹桥,101120862241,6号线花园桥站精装修2居室阳光充足不临街,550万,95156元/平,顶层 (共6层) 2室1厅 | 57.8平米 | 北 南,https://ke-image.ljcdn.com/110000-inspection/pc1_tCROMotWh.jpg!m_fill,w_280,h_210,f_jpg?from=ke.com
20231129,海淀,紫竹桥,101120854262,阿那亚城市公馆 户型方正 正规三居 无抵押 拎包入住房主自荐,1850万,131561元/平,中楼层 (共14层) 3室1厅 | 140.62平米 | 东北,https://ke-image.ljcdn.com/110000-inspection/pc1_bG79HFed0.jpg!m_fill,w_280,h_210,f_jpg?from=ke.com
20231129,海淀,紫竹桥,101120853224,紫竹院98号院 2室1厅 南 北,599万,91311元/平,顶层 (共6层) 2室1厅 | 65.6平米 | 南 北,https://ke-image.ljcdn.com/110000-inspection/pc1_WLWAqGARf.jpg!m_fill,w_280,h_210,f_jpg?from=ke.com
20231129,海淀,紫竹桥,101120848457,首体宿舍 1室1厅 南,378万,99474元/平,低楼层 (共6层) | 1988年 | 1室1厅 | 38平米 | 南,https://ke-image.ljcdn.com/110000-inspection/pc1_p0pmfQEAp.jpg!m_fill,w_280,h_210,f_jpg?from=ke.com
20231129,海淀,紫竹桥,101120801511,紫竹院南路14号院 南北通透三居室 满五年央产房随时看,688万,104879元/平,低楼层 (共12层) | 1980年 | 3室1厅 | 65.6平米 | 南 北,https://ke-image.ljcdn.com/110000-inspection/pc1_dUdcgzPpT.jpg!m_fill,w_280,h_210,f_jpg?from=ke.com
20231129,海淀,紫竹桥,101120798409,此房满五年购房成本低管理好楼龄新电梯直达。房主自荐,485万,97783元/平,低楼层 (共15层) | 1994年 | 1室1厅 | 49.6平米 | 南 北,https://ke-image.ljcdn.com/110000-inspection/pc1_AzmtvEiH6.jpg!m_fill,w_280,h_210,f_jpg?from=ke.com
20231129,海淀,紫竹桥,101120775174,车道沟南里 3室1厅 东 南,710万,95946元/平,低楼层 (共21层) 3室1厅 | 74平米 | 东 南,https://ke-image.ljcdn.com/110000-inspection/pc1_eN3a6lHgL.jpg!m_fill,w_280,h_210,f_jpg?from=ke.com
20231129,海淀,紫竹桥,101120771429,西三环北路56号院 南北通透 采光好 全明格局,820万,112638元/平,中楼层 (共6层) | 1980年 | 3室1厅 | 72.8平米 | 南 北,https://ke-image.ljcdn.com/110000-inspection/pc1_lN6Pltec3.jpg!m_fill,w_280,h_210,f_jpg?from=ke.com
20231129,海淀,紫竹桥,101120760567,七贤村小区 优质两居室不临街 看房方便中间层,588万,104256元/平,中楼层 (共6层) | 1985年 | 2室1厅 | 56.4平米 | 南,https://ke-image.ljcdn.com/110000-inspection/pc1_tz13zyl2C.jpg!m_fill,w_280,h_210,f_jpg?from=ke.com
20231129,海淀,紫竹桥,101120729129,双紫小区正规1室1厅1厨1卫满5年唯一随时签约,615万,101721元/平,中楼层 (共18层) 1室1厅 | 60.46平米 | 东,https://ke-image.ljcdn.com/110000-inspection/pc1_gpZuh1dsq.jpg!m_fill,w_280,h_210,f_jpg?from=ke.com
20231129,海淀,紫竹桥,101120726841,紫竹桥 紫竹院公园 三面采光大三居,1400万,77692元/平,低楼层 (共16层) | 2001年 | 3室1厅 | 180.2平米 | 东 南 西,https://ke-image.ljcdn.com/110000-inspection/pc1_JTw1FcROg.jpg!m_fill,w_280,h_210,f_jpg?from=ke.com
20231129,海淀,紫竹桥,101120699357,昌运宫9号院南北三居满5年唯一业主随时配合看房房主自荐,513万,86803元/平,顶层 (共6层) 3室1厅 | 59.1平米 | 南 北,https://ke-image.ljcdn.com/110000-inspection/pc1_0bHVuVFLq.jpg!m_fill,w_280,h_210,f_jpg?from=ke.com
20231129,海淀,紫竹桥,101120668968,10号线紫竹桥正规两居室带客厅电梯直达停车方便房主自荐,675万,99853元/平,中楼层 (共17层) | 1985年 | 2室1厅 | 67.6平米 | 东南,https://ke-image.ljcdn.com/110000-inspection/pc1_DqYXUPtEh.jpg!m_fill,w_280,h_210,f_jpg?from=ke.com
20231129,海淀,紫竹桥,101120662094,紫竹桥车道沟南里满五唯一一居室。,395万,93825元/平,底层 (共6层) 1室1厅 | 42.1平米 | 南,https://ke-image.ljcdn.com/110000-inspection/pc1_vlPiacbso.jpg!m_fill,w_280,h_210,f_jpg?from=ke.com
20231129,海淀,紫竹桥,101120648845,三虎桥南路17号院 2室1厅 南 北,612万,102892元/平,中楼层 (共6层) | 1985年 | 2室1厅 | 59.48平米 | 南 北,https://ke-image.ljcdn.com/110000-inspection/pc1_1q7ujD8y1.jpg!m_fill,w_280,h_210,f_jpg?from=ke.com
20231129,海淀,紫竹桥,101120643870,首师大 核二院 带电梯 楼龄新 户型好,1120万,112473元/平,中楼层 (共11层) 3室1厅 | 99.58平米 | 南 北 西,https://ke-image.ljcdn.com/110000-inspection/pc1_NcdTrta61_2.jpg!m_fill,w_280,h_210,f_jpg?from=ke.com
20231129,海淀,紫竹桥,101120618221,世纪新景 中间不临街 前后观花园 满五年唯一 诚心出售,1790万,113077元/平,低楼层 (共21层) | 2004年 | 3室2厅 | 158.3平米 | 南 北,https://ke-image.ljcdn.com/110000-inspection/pc1_W3QUInmsS.jpg!m_fill,w_280,h_210,f_jpg?from=ke.com
20231129,海淀,紫竹桥,101120602129,外文印刷厂宿舍 双阳台 东西通透 近地铁6/9白石桥南,546万,80889元/平,顶层 (共6层) | 1985年 | 2室1厅 | 67.5平米 | 东 西,https://ke-image.ljcdn.com/110000-inspection/pc1_uYPv4s6M3.jpg!m_fill,w_280,h_210,f_jpg?from=ke.com
20231129,海淀,紫竹桥,101120581488,紫竹桥低密度洋房 富丽小区4居室 南北通透 使用面积大房主自荐,1590万,105368元/平,中楼层 (共7层) 4室2厅 | 150.9平米 | 西南 北,https://ke-image.ljcdn.com/110000-inspection/pc1_nQWfevLi5_2.jpg!m_fill,w_280,h_210,f_jpg?from=ke.com
20231129,海淀,紫竹桥,101120580161,车道沟南里 不临街一居业主诚心出售,330万,89431元/平,底层 (共21层) 1室1厅 | 36.9平米 | 东南,https://ke-image.ljcdn.com/110000-inspection/pc1_UAyMzhS1i.jpg!m_fill,w_280,h_210,f_jpg?from=ke.com
20231129,海淀,紫竹桥,101120573315,北洼西里 东南精装修两居室 楼龄新带电梯 钢混结构,578万,99828元/平,低楼层 (共18层) 2室1厅 | 57.9平米 | 东南,https://ke-image.ljcdn.com/110000-inspection/pc1_YKT4130lz.jpg!m_fill,w_280,h_210,f_jpg?from=ke.com
20231129,海淀,紫竹桥,101120566166,北洼路28号院 东向两间 精装修 采光好 不临街,858万,83708元/平,低楼层 (共18层) | 1996年 | 2室2厅 | 102.5平米 | 东,https://ke-image.ljcdn.com/110000-inspection/pc1_KQLVovCeD.jpg!m_fill,w_280,h_210,f_jpg?from=ke.com
20231129,海淀,紫竹桥,101120557515,花园桥 七贤村 中国银行分房 精装修两居室,800万,118344元/平,中楼层 (共15层) | 1994年 | 2室1厅 | 67.6平米 | 南 北,https://ke-image.ljcdn.com/110000-inspection/pc1_FAqhjlYKe.jpg!m_fill,w_280,h_210,f_jpg?from=ke.com
20231129,海淀,紫竹桥,101120510437,中海雅园 东向两居 满五年唯一 视野好 采光好,1288万,105307元/平,高楼层 (共18层) | 1999年 | 2室2厅 | 122.31平米 | 东 南,https://ke-image.ljcdn.com/110000-inspection/pc1_93CNY64Mz_1.jpg!m_fill,w_280,h_210,f_jpg?from=ke.com
20231129,海淀,紫竹桥,101120503864,满五年 紫竹院公园 南北西朝向 客厅有窗户房主自荐,496万,89856元/平,顶层 (共7层) | 1989年 | 2室1厅 | 55.2平米 | 南 西 北,https://ke-image.ljcdn.com/110000-inspection/pc1_tgYwU4z9s.jpg!m_fill,w_280,h_210,f_jpg?from=ke.com
20231129,海淀,紫竹桥,101120494246,紫竹桥电梯南向三居室精装修楼龄新。,660万,87534元/平,低楼层 (共18层) | 1998年 | 3室1厅 | 75.4平米 | 东 南,https://ke-image.ljcdn.com/110000-inspection/pc1_j5hubGBJW_2.jpg!m_fill,w_280,h_210,f_jpg?from=ke.com
20231129,海淀,紫竹桥,101120439529,三环内 紫竹院公园 南向一居 采光好 可观紫竹院公园,865万,110417元/平,中楼层 (共28层) 1室1厅 | 78.34平米 | 南,https://ke-image.ljcdn.com/110000-inspection/c9916953-b995-4a11-bb5f-6b88b54042f4_1000.jpg!m_fill,w_280,h_210,f_jpg?from=ke.com
20231129,海淀,紫竹桥,101120437298,美林花园 随时可看 南向正房 采光充足 闹中取静 可谈,2060万,102407元/平,低楼层 (共25层) | 2000年 | 3室2厅 | 201.16平米 | 西南,https://ke-image.ljcdn.com/110000-inspection/pc1_gK43Uyg8O_1.jpg!m_fill,w_280,h_210,f_jpg?from=ke.com
20231129,海淀,紫竹桥,101120420606,精装修  电梯直达三居室  全明格局,890万,104338元/平,中楼层 (共10层) 3室1厅 | 85.3平米 | 东 南 西,https://ke-image.ljcdn.com/110000-inspection/pc1_d93uxCf8i_2.jpg!m_fill,w_280,h_210,f_jpg?from=ke.com
20231129,海淀,紫竹桥,101120409940,三虎桥新上全明三居不临街有车位满五唯一诚心卖价可谈,690万,89588元/平,顶层 (共6层) | 1985年 | 3室1厅 | 77.02平米 | 南 北,https://ke-image.ljcdn.com/110000-inspection/pc1_85XMAjOfG.jpg!m_fill,w_280,h_210,f_jpg?from=ke.com
20231129,海淀,紫竹桥,101120400449,北洼西里 正规三居 户型方正   交通便利 适合居住,609万,87000元/平,中楼层 (共6层) | 1985年 | 3室1厅 | 70平米 | 东 西,https://ke-image.ljcdn.com/110000-inspection/pc1_Q6lZZyrjX.jpg!m_fill,w_280,h_210,f_jpg?from=ke.com
20231129,海淀,紫竹桥,101120284716,紫竹桥  北洼西里 楼龄新 诚心出售,647万,89862元/平,高楼层 (共18层) | 1998年 | 2室1厅 | 72平米 | 东南,https://ke-image.ljcdn.com/110000-inspection/pc1_nBgVFdD1b_1.jpg!m_fill,w_280,h_210,f_jpg?from=ke.com
20231129,海淀,紫竹桥,101120278673,人济山庄二期 东向3居室 明厨明卫 观全景紫竹院公园,1939万,112511元/平,高楼层 (共26层) 3室2厅 | 172.34平米 | 东南,https://ke-image.ljcdn.com/110000-inspection/1b406fd5-b635-4455-89b0-f76c4ddd0105_1000.jpg!m_fill,w_280,h_210,f_jpg?from=ke.com
20231129,海淀,紫竹桥,101120275517,三虎桥  小两居室精装修看房方便满五年唯一,470万,102397元/平,顶层 (共6层) | 1985年 | 2室0厅 | 45.9平米 | 南 北,https://ke-image.ljcdn.com/110000-inspection/pc1_yksALiYdM_2.jpg!m_fill,w_280,h_210,f_jpg?from=ke.com
20231129,海淀,紫竹桥,101120266187,车道沟南里正规三居室不临街精装修。,810万,100747元/平,低楼层 (共21层) | 1990年 | 3室1厅 | 80.4平米 | 东南 北,https://ke-image.ljcdn.com/110000-inspection/pc1_JyxDoaChE_2.jpg!m_fill,w_280,h_210,f_jpg?from=ke.com
20231129,海淀,紫竹桥,101120264844,中海紫金苑 2室2厅 南 北,2550万,139589元/平,低楼层 (共13层) 2室2厅 | 182.68平米 | 南 北,https://ke-image.ljcdn.com/110000-inspection/pc1_Hdu1Jd1aG.jpg!m_fill,w_280,h_210,f_jpg?from=ke.com
20231129,海淀,紫竹桥,101120261416,车道沟南里 南向大客厅一居 中间楼层采光好,512万,87075元/平,中楼层 (共17层) | 1999年 | 1室1厅 | 58.8平米 | 南,https://ke-image.ljcdn.com/110000-inspection/pc1_7WJ8F4wM8.jpg!m_fill,w_280,h_210,f_jpg?from=ke.com
20231129,海淀,紫竹桥,101120243360,北无家属院   1995年楼龄  南北通透,870万,99429元/平,高楼层 (共6层) | 1995年 | 3室1厅 | 87.5平米 | 南 北,https://ke-image.ljcdn.com/110000-inspection/pc1_YJgi4WXu7_1.jpg!m_fill,w_280,h_210,f_jpg?from=ke.com
20231129,海淀,紫竹桥,101120222634,南北通透全明格局 采光充足无遮挡交通便利。,740万,94994元/平,顶层 (共6层) | 1990年 | 3室1厅 | 77.9平米 | 南 北,https://ke-image.ljcdn.com/110000-inspection/pc1_jY454pFVT_2.jpg!m_fill,w_280,h_210,f_jpg?from=ke.com
20231129,海淀,紫竹桥,101120206945,三虎桥南路12号院 2室1厅 东 西,560万,94277元/平,中楼层 (共5层) 2室1厅 | 59.4平米 | 东 西,https://ke-image.ljcdn.com/110000-inspection/pc1_H29cmSTRB.jpg!m_fill,w_280,h_210,f_jpg?from=ke.com
20231129,海淀,紫竹桥,101120183766,北无宿舍南北通透田字格户型中间楼层一手业主,750万,109490元/平,中楼层 (共5层) | 1981年 | 3室1厅 | 68.5平米 | 南 北,https://ke-image.ljcdn.com/110000-inspection/b60d1d03-2f4d-4a4e-9b55-3d4d58abee72_1000.jpg!m_fill,w_280,h_210,f_jpg?from=ke.com
20231129,海淀,紫竹桥,101120182024,紫竹院航天部家属院全南两居室安静不临街,510万,89161元/平,顶层 (共5层) 2室1厅 | 57.2平米 | 南,https://ke-image.ljcdn.com/110000-inspection/pc1_GgTRdjjjf.jpg!m_fill,w_280,h_210,f_jpg?from=ke.com
20231129,海淀,紫竹桥,101120162815,紫竹桥 一居室 不临街 诚心出售,395万,103948元/平,底层 (共6层) | 1988年 | 1室1厅 | 38平米 | 南,https://ke-image.ljcdn.com/110000-inspection/pc1_ZwtVQ7Nod.jpg!m_fill,w_280,h_210,f_jpg?from=ke.com
20231129,海淀,紫竹桥,101120139897,紫竹院公园 南北通透一居室 精装修 明厨明卫房主自荐,549万,105577元/平,中楼层 (共5层) 1室1厅 | 52平米 | 南 北,https://ke-image.ljcdn.com/110000-inspection/pc1_XG00UUSq0.jpg!m_fill,w_280,h_210,f_jpg?from=ke.com
20231129,海淀,紫竹桥,101120138556,北洼西里明厨明卫高楼层无遮挡房主自荐,560万,87487元/平,中楼层 (共18层) 2室1厅 | 64.01平米 | 东 北,https://ke-image.ljcdn.com/110000-inspection/pc1_gLmyrn1d9.jpg!m_fill,w_280,h_210,f_jpg?from=ke.com
20231129,海淀,紫竹桥,101120131989,此房满五年家庭名下唯一住宅环境优质 不临街房主自荐,716万,91795元/平,顶层 (共4层) | 1989年 | 2室1厅 | 78平米 | 南,https://ke-image.ljcdn.com/110000-inspection/pc1_0AG3oFK0n.jpg!m_fill,w_280,h_210,f_jpg?from=ke.com
20231129,海淀,紫竹桥,101120126942,北无宿舍2居南北通透主次卧朝南 无遮挡采光好满五唯一,585万,115842元/平,高楼层 (共6层) | 1980年 | 2室1厅 | 50.5平米 | 南 北,https://ke-image.ljcdn.com/110000-inspection/pc1_E1kHYbZkN_1.jpg!m_fill,w_280,h_210,f_jpg?from=ke.com
20231129,海淀,紫竹桥,101120126737,西三环花园桥南北通透3居带电梯央产房有钥匙看房,990万,113925元/平,低楼层 (共9层) | 1994年 | 3室1厅 | 86.9平米 | 南 北,https://ke-image.ljcdn.com/110000-inspection/pc1_H78CopBke.jpg!m_fill,w_280,h_210,f_jpg?from=ke.com
20231129,海淀,紫竹桥,101120114231,满五年紫竹院公园旁全明格局1居室南北通透房主自荐,518万,101969元/平,中楼层 (共5层) | 1984年 | 1室1厅 | 50.8平米 | 南 北,https://ke-image.ljcdn.com/110000-inspection/7414d68a-7a6a-4c08-bcb2-050f4a113234_1000.jpg!m_fill,w_280,h_210,f_jpg?from=ke.com
20231129,海淀,紫竹桥,101120110543,钓鱼台央产 使用率77.85% 三室两厅 楼道干净整洁,998万,101074元/平,低楼层 (共18层) 3室2厅 | 98.74平米 | 西北,https://ke-image.ljcdn.com/110000-inspection/pc1_xjNlTWYsS.jpg!m_fill,w_280,h_210,f_jpg?from=ke.com
20231129,海淀,紫竹桥,101120068712,南北双阳台 正规客厅带窗户 楼龄新 户型好,750万,115438元/平,高楼层 (共6层) | 1999年 | 2室1厅 | 64.97平米 | 南 北,https://ke-image.ljcdn.com/110000-inspection/pc1_9JUhTDc0V_2.jpg!m_fill,w_280,h_210,f_jpg?from=ke.com
20231129,海淀,紫竹桥,101120057999,北洼西里精装一居室采光好方便出行安静宜居房主自荐,445万,89718元/平,底层 (共17层) | 1987年 | 1室1厅 | 49.6平米 | 东南,https://ke-image.ljcdn.com/110000-inspection/pc1_Rbd113L6w.jpg!m_fill,w_280,h_210,f_jpg?from=ke.com
20231129,海淀,紫竹桥,101120042013,北洼西里  高楼层 视野开阔 不临街 看房随时,490万,90574元/平,高楼层 (共17层) 1室1厅 | 54.1平米 | 东南,https://ke-image.ljcdn.com/110000-inspection/pc1_Zu2x4uC0U.jpg!m_fill,w_280,h_210,f_jpg?from=ke.com
20231129,海淀,紫竹桥,101120041127,紫竹桥 昌运宫9号院 南北中间层 不临街,560万,99645元/平,中楼层 (共6层) | 1984年 | 2室1厅 | 56.2平米 | 南 北,https://ke-image.ljcdn.com/110000-inspection/pc1_oWpIMl87X.jpg!m_fill,w_280,h_210,f_jpg?from=ke.com
20231129,海淀,紫竹桥,101120006199,中国兵器家属院 满五年央产房 双南 诚心出售,700万,116667元/平,高楼层 (共6层) 2室1厅 | 60平米 | 南,https://ke-image.ljcdn.com/110000-inspection/pc1_aJEA4iSht_1.jpg!m_fill,w_280,h_210,f_jpg?from=ke.com
20231129,海淀,紫竹桥,101119972544,北洼东里 满五年单位分房 诚心出售 看房方便,708万,99859元/平,低楼层 (共18层) 2室1厅 | 70.9平米 | 东南,https://ke-image.ljcdn.com/110000-inspection/pc1_gxf6c9gXq_2.jpg!m_fill,w_280,h_210,f_jpg?from=ke.com
20231129,海淀,紫竹桥,101119963228,车道沟10号院 兵器家属院 中国兵器家属院房主自荐,515万,113687元/平,中楼层 (共6层) 1室1厅 | 45.3平米 | 南,https://ke-image.ljcdn.com/110000-inspection/05c646bf-04ee-4775-9c89-3dc59464adf8_1000.jpg!m_fill,w_280,h_210,f_jpg?from=ke.com
20231129,海淀,紫竹桥,101119941954,车道沟南里大院中间楼层1居室420万价格能谈,420万,109547元/平,中楼层 (共6层) | 1992年 | 1室1厅 | 38.34平米 | 东,https://ke-image.ljcdn.com/110000-inspection/pc1_ORjYp7Xn2.jpg!m_fill,w_280,h_210,f_jpg?from=ke.com
20231129,海淀,紫竹桥,101119940822,财智会馆 70年产权住宅 商品房性质 楼龄新 配套成熟,720万,90305元/平,中楼层 (共17层) 1室1厅 | 79.73平米 | 西北,https://ke-image.ljcdn.com/110000-inspection/pc1_DDlbuzIYr_2.jpg!m_fill,w_280,h_210,f_jpg?from=ke.com
20231129,海淀,紫竹桥,101119930448,紫竹桥 气象西苑 南向三居 精装修 采光好 诚心出售,1320万,115932元/平,中楼层 (共18层) | 2001年 | 3室1厅 | 113.86平米 | 南,https://ke-image.ljcdn.com/110000-inspection/pc1_C0LLDofpC.jpg!m_fill,w_280,h_210,f_jpg?from=ke.com
20231129,海淀,紫竹桥,101119923805,车道沟东里高层两居室视野好采光好,696万,111005元/平,高楼层 (共16层) | 1986年 | 2室1厅 | 62.7平米 | 南,https://ke-image.ljcdn.com/110000-inspection/9229c41c-0955-4313-9f09-6bdec19f4e75_1000.jpg!m_fill,w_280,h_210,f_jpg?from=ke.com
20231129,海淀,紫竹桥,101119916876,北无宿舍南向正规一居室 中间楼层  小区北侧100米公园,439万,111422元/平,中楼层 (共6层) 1室1厅 | 39.4平米 | 南,https://ke-image.ljcdn.com/110000-inspection/pc1_pvN8ooGKt_1.jpg!m_fill,w_280,h_210,f_jpg?from=ke.com
20231129,海淀,紫竹桥,101119910694,西三环北路56号院 南北全明 精装修,630万,103449元/平,高楼层 (共6层) 2室1厅 | 60.9平米 | 南 北,https://ke-image.ljcdn.com/110000-inspection/pc1_iJzlinbs6_2.jpg!m_fill,w_280,h_210,f_jpg?from=ke.com
20231129,海淀,紫竹桥,101119907820,紫竹院小区 3居室 满五唯一 交通便利,565万,83211元/平,低楼层 (共16层) | 1983年 | 3室1厅 | 67.9平米 | 东 北,https://ke-image.ljcdn.com/110000-inspection/pc1_PaN2Gu27w.jpg!m_fill,w_280,h_210,f_jpg?from=ke.com
20231129,海淀,紫竹桥,101119906068,财智会馆 70年产权商品房 住宅 楼龄新 配套成熟,388万,86376元/平,低楼层 (共17层) 1室1厅 | 44.92平米 | 南,https://ke-image.ljcdn.com/110000-inspection/pc1_1Iem7tziG.jpg!m_fill,w_280,h_210,f_jpg?from=ke.com
20231129,海淀,紫竹桥,101119895775,紫竹院98号院 化工大学宿舍 南向1居室 满五年央产房,410万,100098元/平,中楼层 (共6层) | 1983年 | 1室1厅 | 40.96平米 | 南,https://ke-image.ljcdn.com/110000-inspection/pc1_GVKTJbnNS_2.jpg!m_fill,w_280,h_210,f_jpg?from=ke.com
20231129,海淀,紫竹桥,101119894883,中国兵器家属院正规南向一居室   底层精装自住房,486万,113818元/平,底层 (共5层) 1室1厅 | 42.7平米 | 南,https://ke-image.ljcdn.com/110000-inspection/6c8980d9-2272-4875-b5fe-6cebdf8c012e_1000.jpg!m_fill,w_280,h_210,f_jpg?from=ke.com
20231129,海淀,紫竹桥,101119893501,西三环北路56号院 全明格局 满五年,805万,110882元/平,中楼层 (共6层) | 1981年 | 3室1厅 | 72.6平米 | 南 北,https://ke-image.ljcdn.com/110000-inspection/33c510a4-6734-4cf8-89e1-d38c629a60a9_1000.jpg!m_fill,w_280,h_210,f_jpg?from=ke.com
20231129,海淀,紫竹桥,101119877570,双紫小区 精装修 看房随时 业主诚心售房 随时签约,650万,99207元/平,中楼层 (共18层) | 1999年 | 2室1厅 | 65.52平米 | 西,https://ke-image.ljcdn.com/110000-inspection/2370699b-3fac-43f2-8bb4-57c1396764e7_1000.jpg!m_fill,w_280,h_210,f_jpg?from=ke.com
20231129,海淀,紫竹桥,101119865449,1998年北洼东里东南正规两居室精装看房提前预约,685万,103867元/平,低楼层 (共18层) | 1998年 | 2室1厅 | 65.95平米 | 东南,https://ke-image.ljcdn.com/110000-inspection/pc1_Nlq6jSvGE_2.jpg!m_fill,w_280,h_210,f_jpg?from=ke.com
20231129,海淀,紫竹桥,101119833750,北洼西里精装修正规一居室随时可以签约,450万,83149元/平,低楼层 (共16层) | 1987年 | 1室1厅 | 54.12平米 | 东南,https://ke-image.ljcdn.com/110000-inspection/pc1_1j7o6LEoA.jpg!m_fill,w_280,h_210,f_jpg?from=ke.com
20231129,海淀,紫竹桥,101119810208,车道沟10号院明厨明卫不临街无遮挡采光好。,502万,106582元/平,顶层 (共6层) | 1995年 | 1室1厅 | 47.1平米 | 南,https://ke-image.ljcdn.com/110000-inspection/pc1_9h6xarlqY_1.jpg!m_fill,w_280,h_210,f_jpg?from=ke.com
20231129,海淀,紫竹桥,101119808066,老虎庙 3室1厅 南 北 东,500万,88184元/平,顶层 (共6层) | 1981年 | 3室1厅 | 56.7平米 | 南 北 东,https://ke-image.ljcdn.com/110000-inspection/pc1_3I1QVMRa0.jpg!m_fill,w_280,h_210,f_jpg?from=ke.com
20231129,海淀,紫竹桥,101119799035,紫竹桥三虎桥南路12号院 明厨明卫 南北通透 中间楼层,590万,95624元/平,中楼层 (共5层) 2室1厅 | 61.7平米 | 南 北,https://ke-image.ljcdn.com/110000-inspection/pc1_A8rRtHarj_2.jpg!m_fill,w_280,h_210,f_jpg?from=ke.com
20231129,海淀,紫竹桥,101119791714,紫竹院公园 南北三居室 交通便利 采光充足,769万,99741元/平,顶层 (共5层) | 1984年 | 3室1厅 | 77.1平米 | 南 北,https://ke-image.ljcdn.com/110000-inspection/pc1_NRwx5RiN2.jpg!m_fill,w_280,h_210,f_jpg?from=ke.com
20231129,海淀,紫竹桥,101119785322,车道沟三居 满五年唯一 小区有车位 随时看 随时签,580万,82504元/平,顶层 (共14层) | 1982年 | 3室1厅 | 70.3平米 | 西北,https://ke-image.ljcdn.com/110000-inspection/pc1_CqplxcB3O_2.jpg!m_fill,w_280,h_210,f_jpg?from=ke.com
20231129,海淀,紫竹桥,101119777678,中直机关两居室业主诚心出售交通便利,518万,101370元/平,底层 (共16层) | 1986年 | 2室1厅 | 51.1平米 | 西北,https://ke-image.ljcdn.com/110000-inspection/pc1_rMdDibC0N_1.jpg!m_fill,w_280,h_210,f_jpg?from=ke.com
20231129,海淀,紫竹桥,101119775694,紫竹桥 气象西苑朝南三居室  诚心出售 近地铁,1268万,109794元/平,低楼层 (共18层) | 2001年 | 3室2厅 | 115.49平米 | 西南,https://ke-image.ljcdn.com/110000-inspection/pc1_i3mtrUhK4_2.jpg!m_fill,w_280,h_210,f_jpg?from=ke.com
20231129,海淀,紫竹桥,101119774542,北京气象局宿舍 南北通透三居室 卫生间厨房都带窗,950万,114087元/平,底层 (共6层) | 1990年 | 3室1厅 | 83.27平米 | 南 北,https://ke-image.ljcdn.com/110000-inspection/pc1_W4xhm9Z0d.jpg!m_fill,w_280,h_210,f_jpg?from=ke.com
20231129,海淀,紫竹桥,101119764742,中海雅园 东南三居安静不临街 拎包入住,1980万,98793元/平,低楼层 (共18层) | 1999年 | 3室2厅 | 200.42平米 | 东南,https://ke-image.ljcdn.com/110000-inspection/pc1_bHbZFM0hR_2.jpg!m_fill,w_280,h_210,f_jpg?from=ke.com
20231129,海淀,紫竹桥,101119756459,三虎桥南路17号院不临街全明格局价格可谈房主自荐,650万,109281元/平,中楼层 (共6层) 2室1厅 | 59.48平米 | 南 北,https://ke-image.ljcdn.com/110000-inspection/pc1_Ht5rW1t1a.jpg!m_fill,w_280,h_210,f_jpg?from=ke.com
20231129,海淀,紫竹桥,101119754688,昌运宫 采光充足 配套齐全 交通便利 居家之选,955万,106348元/平,中楼层 (共12层) | 1986年 | 3室1厅 | 89.8平米 | 南 北,https://ke-image.ljcdn.com/110000-inspection/pc1_RX43DFsVZ_2.jpg!m_fill,w_280,h_210,f_jpg?from=ke.com
20231129,海淀,紫竹桥,101119722626,车道沟南里 3室1厅 西南 北,860万,98174元/平,中楼层 (共21层) | 2000年 | 3室1厅 | 87.6平米 | 西南 北,https://ke-image.ljcdn.com/110000-inspection/pc1_87vc52kgl.jpg!m_fill,w_280,h_210,f_jpg?from=ke.com
20231129,海淀,紫竹桥,101119716813,北洼西里满五年唯一商品房 安静 精装修 购房成本低,490万,91418元/平,中楼层 (共17层) 1室1厅 | 53.6平米 | 东南,https://ke-image.ljcdn.com/110000-inspection/pc1_RiIAAcFqT.jpg!m_fill,w_280,h_210,f_jpg?from=ke.com
20231129,海淀,紫竹桥,101119682873,车道沟南里 南北通透两居 满五年单位分房,585万,108394元/平,高楼层 (共6层) | 1992年 | 2室1厅 | 53.97平米 | 南 北,https://ke-image.ljcdn.com/110000-inspection/pc1_57WvKa6K7_2.jpg!m_fill,w_280,h_210,f_jpg?from=ke.com
20231129,海淀,紫竹桥,101119680733,财智会馆 2000年后楼龄 70年产权住宅 配套成熟,410万,85133元/平,高楼层 (共17层) | 2004年 | 1室1厅 | 48.16平米 | 西,https://ke-image.ljcdn.com/110000-inspection/pc1_fAUOJjUWI.jpg!m_fill,w_280,h_210,f_jpg?from=ke.com
20231129,海淀,紫竹桥,101119676615,车道沟10号院   一居室   小区环境好不临街房主自荐,460万,108748元/平,顶层 (共6层) | 1985年 | 1室1厅 | 42.3平米 | 南,https://ke-image.ljcdn.com/110000-inspection/pc1_3zecoDd7a_1.jpg!m_fill,w_280,h_210,f_jpg?from=ke.com
20231129,海淀,紫竹桥,101119650689,财智公馆 70年产权 紫竹桥 满五唯一 有电梯 楼龄新房主自荐,398万,81826元/平,低楼层 (共17层) | 2004年 | 1室1厅 | 48.64平米 | 东,https://ke-image.ljcdn.com/110000-inspection/pc1_UmxsrhVSe.jpg!m_fill,w_280,h_210,f_jpg?from=ke.com
20231129,海淀,紫竹桥,101119640836,花园桥北洼路中国银行宿舍板楼带电梯南北2居,708万,103813元/平,低楼层 (共9层) | 1994年 | 2室1厅 | 68.2平米 | 南 北,https://ke-image.ljcdn.com/110000-inspection/pc1_9czzpo03v.jpg!m_fill,w_280,h_210,f_jpg?from=ke.com
20231129,海淀,紫竹桥,101119603991,富丽小区 2000年单位分房 满五年唯一精装修 停车方便,1235万,119186元/平,低楼层 (共7层) 3室1厅 | 103.62平米 | 东 西 北,https://ke-image.ljcdn.com/110000-inspection/pc1_brZIOaO0N.jpg!m_fill,w_280,h_210,f_jpg?from=ke.com
20231129,海淀,紫竹桥,101119580634,北洼西里三居室 西南朝向 无遮挡,645万,99691元/平,低楼层 (共15层) | 1987年 | 3室3厅 | 64.7平米 | 西南,https://ke-image.ljcdn.com/110000-inspection/pc1_YT0eAXll0.jpg!m_fill,w_280,h_210,f_jpg?from=ke.com
20231129,海淀,紫竹桥,101119579650,西三环花园桥财政部宿舍坡顶全明两居室空置诚售！,568万,93900元/平,顶层 (共5层) 2室1厅 | 60.49平米 | 南 北,https://ke-image.ljcdn.com/110000-inspection/pc1_ZL9qtc9g8.jpg!m_fill,w_280,h_210,f_jpg?from=ke.com
20231129,海淀,紫竹桥,101119575677,北洼西里 正规两居 南北通透 随时签约 诚心售房主自荐,515万,95195元/平,高楼层 (共6层) 2室1厅 | 54.1平米 | 南 北,https://ke-image.ljcdn.com/110000-inspection/pc1_MiOnfrhrR.jpg!m_fill,w_280,h_210,f_jpg?from=ke.com
20231129,海淀,紫竹桥,101119504127,地铁6号院带电梯南向两居业主随时签约。,645万,105049元/平,中楼层 (共18层) 2室1厅 | 61.4平米 | 南,https://ke-image.ljcdn.com/110000-inspection/pc1_8DwzdpoIg_2.jpg!m_fill,w_280,h_210,f_jpg?from=ke.com
20231129,海淀,紫竹桥,101119497997,紫竹桥1997年央产房满五年唯一全南向大客厅房主自荐,859万,76951元/平,顶层 (共18层) | 1996年 | 2室2厅 | 111.63平米 | 南,https://ke-image.ljcdn.com/110000-inspection/pc1_dvsGdFWOX.jpg!m_fill,w_280,h_210,f_jpg?from=ke.com
20231129,海淀,紫竹桥,101119468936,车道沟南里大院 南北通透2居室 满五年唯一住房,630万,116732元/平,中楼层 (共6层) | 1992年 | 2室1厅 | 53.97平米 | 南 北,https://ke-image.ljcdn.com/110000-inspection/pc1_llArBY91y.jpg!m_fill,w_280,h_210,f_jpg?from=ke.com
20231129,海淀,紫竹桥,101119468624,北洼路32号院优质南向三居（中国银行宿舍楼）,970万,97488元/平,中楼层 (共15层) 3室2厅 | 99.5平米 | 西南,https://ke-image.ljcdn.com/110000-inspection/pc1_Hj3nJB3gd_2.jpg!m_fill,w_280,h_210,f_jpg?from=ke.com
20231129,海淀,紫竹桥,101119451555,兵器院里明厨明卫 看房方便诚心出售,598万,90061元/平,顶层 (共6层) 2室1厅 | 66.4平米 | 南 西 北,https://ke-image.ljcdn.com/110000-inspection/pc1_uUf9Ub8pL_1.jpg!m_fill,w_280,h_210,f_jpg?from=ke.com
20231129,海淀,紫竹桥,101119413174,紫竹桥车道沟 优质三居满五年户型好 电梯房临地铁诚售,600万,86831元/平,高楼层 (共14层) | 1982年 | 3室1厅 | 69.1平米 | 东北,https://ke-image.ljcdn.com/110000-inspection/pc1_O4IITpVZw_1.jpg!m_fill,w_280,h_210,f_jpg?from=ke.com
20231129,海淀,紫竹桥,101119412030,财智公馆 70年产权住宅 楼龄新 有电梯,415万,85321元/平,高楼层 (共17层) | 2004年 | 1室1厅 | 48.64平米 | 东,https://ke-image.ljcdn.com/110000-inspection/pc1_X0xIKw8WC.jpg!m_fill,w_280,h_210,f_jpg?from=ke.com
20231129,海淀,紫竹桥,101119410750,紫竹院路62号院 3室1厅 东 西,1299万,77070元/平,中楼层 (共16层) | 2001年 | 3室1厅 | 168.55平米 | 东 西,https://ke-image.ljcdn.com/110000-inspection/pc1_6UhEDgdiz_2.jpg!m_fill,w_280,h_210,f_jpg?from=ke.com
20231129,海淀,紫竹桥,101119393004,央产 板楼户型通风好 视野开阔 光照充足 小区停车方便,750万,99668元/平,顶层 (共6层) | 1988年 | 3室1厅 | 75.25平米 | 东 西,https://ke-image.ljcdn.com/110000-inspection/pc1_BZeikrroA_1.jpg!m_fill,w_280,h_210,f_jpg?from=ke.com
20231129,海淀,紫竹桥,101119392218,七贤村保险公司采光通风好业主诚售,580万,108819元/平,底层 (共6层) 2室1厅 | 53.3平米 | 南 北,https://ke-image.ljcdn.com/110000-inspection/pc1_MIxXvEnGc_2.jpg!m_fill,w_280,h_210,f_jpg?from=ke.com
20231129,海淀,紫竹桥,101119334134,七贤村近地铁环境好南北通透全明格局周边配套齐全,590万,94856元/平,顶层 (共6层) | 1985年 | 2室1厅 | 62.2平米 | 北 南,https://ke-image.ljcdn.com/110000-inspection/pc1_XFkpvmfOI_2.jpg!m_fill,w_280,h_210,f_jpg?from=ke.com
20231129,海淀,紫竹桥,101119332998,满五年业主诚心出售看房方便,510万,99222元/平,中楼层 (共5层) | 1983年 | 2室1厅 | 51.4平米 | 南,https://ke-image.ljcdn.com/110000-inspection/pc1_SKfYLRUSi.jpg!m_fill,w_280,h_210,f_jpg?from=ke.com
20231129,海淀,紫竹桥,101119324688,紫竹桥 1996年 中国银行分房  满五年唯一 全明格局,1150万,95674元/平,中楼层 (共16层) | 1994年 | 3室2厅 | 120.2平米 | 东北,https://ke-image.ljcdn.com/110000-inspection/pc1_EUhnrRn0o_2.jpg!m_fill,w_280,h_210,f_jpg?from=ke.com
20231129,海淀,紫竹桥,101119302912,车道沟10号院  新上高层电梯两居  全明格局  采光好,798万,109918元/平,高楼层 (共18层) | 1992年 | 2室1厅 | 72.6平米 | 南 西,https://ke-image.ljcdn.com/110000-inspection/pc1_EedviI3kH_1.jpg!m_fill,w_280,h_210,f_jpg?from=ke.com
20231129,海淀,紫竹桥,101119293514,车道沟南里大院小区里面安静安全随时可以签约,375万,97810元/平,顶层 (共6层) | 1992年 | 1室1厅 | 38.34平米 | 东 西,https://ke-image.ljcdn.com/110000-inspection/pc1_zJ8GXxKcL.jpg!m_fill,w_280,h_210,f_jpg?from=ke.com
20231129,海淀,紫竹桥,101119291643,三虎桥 三居带厅  南北通透带东窗 阳光好 诚心卖,713万,91411元/平,顶层 (共5层) | 1995年 | 3室1厅 | 78平米 | 东 南 北,https://ke-image.ljcdn.com/110000-inspection/pc1_xfpfd4Xcg.jpg!m_fill,w_280,h_210,f_jpg?from=ke.com
20231129,海淀,紫竹桥,101119283463,紫竹院精装修一居室满五年单位分房安静不临街,442万,101145元/平,顶层 (共4层) | 1965年 | 1室1厅 | 43.7平米 | 南,https://ke-image.ljcdn.com/110000-inspection/pc1_ZTvng6Dwx.jpg!m_fill,w_280,h_210,f_jpg?from=ke.com
20231129,海淀,紫竹桥,101119262321,观紫竹院公园全景南北全明格局地铁6号和线9号线,680万,102410元/平,高楼层 (共12层) 2室1厅 | 66.4平米 | 南 北,https://ke-image.ljcdn.com/110000-inspection/pc1_mwGK2nZNc.jpg!m_fill,w_280,h_210,f_jpg?from=ke.com
20231129,海淀,紫竹桥,101119247508,首体南路西区 近紫竹院公园 地铁6/9白石桥南 停车方便,590万,109809元/平,高楼层 (共6层) 2室1厅 | 53.73平米 | 东,https://ke-image.ljcdn.com/110000-inspection/pc1_woqevkArv_2.jpg!m_fill,w_280,h_210,f_jpg?from=ke.com
20231129,海淀,紫竹桥,101119224989,财智公馆 有电梯 楼龄新 采光好 70年产权普通住宅,570万,89105元/平,中楼层 (共17层) | 2004年 | 1室1厅 | 63.97平米 | 东 南,https://ke-image.ljcdn.com/110000-inspection/pc1_54mJAEyNk.jpg!m_fill,w_280,h_210,f_jpg?from=ke.com
20231129,海淀,紫竹桥,101119223366,气象西苑 精装大两居 满五年唯一,935万,103625元/平,中楼层 (共18层) 2室1厅 | 90.23平米 | 东,https://ke-image.ljcdn.com/110000-inspection/pc1_YAzADr0Fu_2.jpg!m_fill,w_280,h_210,f_jpg?from=ke.com
20231129,海淀,紫竹桥,101119176660,紫竹桥 气象西苑 四居室明厨明卫 装修好 诚心出售,1480万,105466元/平,中楼层 (共18层) 4室2厅 | 140.33平米 | 东 北,https://ke-image.ljcdn.com/110000-inspection/pc1_qhBklaiMV.jpg!m_fill,w_280,h_210,f_jpg?from=ke.com
20231129,海淀,紫竹桥,101119164605,世纪新景 2004年商品房 南北三居一梯两户,1850万,112531元/平,低楼层 (共11层) 3室2厅 | 164.4平米 | 南 北,https://ke-image.ljcdn.com/110000-inspection/pc1_bePhfqrO6.jpg!m_fill,w_280,h_210,f_jpg?from=ke.com
20231129,海淀,紫竹桥,101119159169,车道沟10号东院兵器家属院中国兵器家属院,635万,112191元/平,顶层 (共5层) | 1979年 | 2室1厅 | 56.6平米 | 南 北,https://ke-image.ljcdn.com/110000-inspection/pc1_2tIokzq71_1.jpg!m_fill,w_280,h_210,f_jpg?from=ke.com
20231129,海淀,紫竹桥,101119077991,东南三居格局方正高楼层采光好满五年唯一,1780万,99821元/平,高楼层 (共10层) | 1999年 | 3室2厅 | 178.32平米 | 东南,https://ke-image.ljcdn.com/110000-inspection/pc1_Kqq7Wy3OE_2.jpg!m_fill,w_280,h_210,f_jpg?from=ke.com
20231129,海淀,紫竹桥,101119069842,财智公馆 04年商品房 急售房源 无抵押 有电梯,405万,81147元/平,中楼层 (共17层) | 2004年 | 1室1厅 | 49.91平米 | 西,https://ke-image.ljcdn.com/110000-inspection/pc1_8dKJFWJ9O.jpg!m_fill,w_280,h_210,f_jpg?from=ke.com
20231129,海淀,紫竹桥,101119044907,紫竹院98号院 化工大学院里 婚房装修,540万,92151元/平,中楼层 (共6层) | 1983年 | 2室1厅 | 58.6平米 | 南 北,https://ke-image.ljcdn.com/110000-inspection/pc1_zQuvCh4FD.jpg!m_fill,w_280,h_210,f_jpg?from=ke.com
20231129,海淀,紫竹桥,101119017269,车道沟南里  三居室   配套成熟·,640万,108475元/平,高楼层 (共17层) | 1999年 | 1室1厅 | 59平米 | 南,https://ke-image.ljcdn.com/110000-inspection/pc1_PgsuMsrKc_2.jpg!m_fill,w_280,h_210,f_jpg?from=ke.com
20231129,海淀,紫竹桥,101119013636,西三环紫竹桥 财智公馆 楼龄新 有电梯,395万,81209元/平,高楼层 (共17层) | 2004年 | 1室1厅 | 48.64平米 | 东,https://ke-image.ljcdn.com/110000-inspection/pc1_DwTpoAUzX.jpg!m_fill,w_280,h_210,f_jpg?from=ke.com
20231129,海淀,紫竹桥,101119007962,公方 公方 中海雅园 高层大两居 钥匙房,1299万,121915元/平,中楼层 (共19层) | 2000年 | 2室2厅 | 106.55平米 | 西南,https://ke-image.ljcdn.com/110000-inspection/pc1_aENrBpzP7.jpg!m_fill,w_280,h_210,f_jpg?from=ke.com
20231129,海淀,紫竹桥,101118995016,财智公馆 紫竹桥04年电梯商品房 西三环周边,420万,86349元/平,中楼层 (共17层) | 2004年 | 1室1厅 | 48.64平米 | 东,https://ke-image.ljcdn.com/110000-inspection/pc1_0R922JxEX.jpg!m_fill,w_280,h_210,f_jpg?from=ke.com
20231129,海淀,紫竹桥,101118973716,中海雅园西向可观西山昆玉河停车方便,1280万,104653元/平,中楼层 (共18层) 2室1厅 | 122.31平米 | 南 西,https://ke-image.ljcdn.com/110000-inspection/c671ea33-7bb1-42a4-bf49-7c26e58c0237_1000.jpg!m_fill,w_280,h_210,f_jpg?from=ke.com
20231129,海淀,紫竹桥,101118951355,花园桥地铁南北通透田字格三居室有电梯诚心卖。房主自荐,1045万,115726元/平,中楼层 (共6层) 3室1厅 | 90.3平米 | 南 北,https://ke-image.ljcdn.com/110000-inspection/pc1_Zm4MoJgkC.jpg!m_fill,w_280,h_210,f_jpg?from=ke.com
20231129,海淀,紫竹桥,101118934555,北洼路28号院 3室2厅 西 北,1080万,95703元/平,高楼层 (共18层) | 1996年 | 3室2厅 | 112.85平米 | 西 北,https://ke-image.ljcdn.com/110000-inspection/pc1_bqYpAcR7e_2.jpg!m_fill,w_280,h_210,f_jpg?from=ke.com
20231129,海淀,紫竹桥,101118908081,精装修南北通透明厨明卫楼层低诚意出售,598万,95680元/平,底层 (共5层) 2室1厅 | 62.5平米 | 南 北,https://ke-image.ljcdn.com/110000-inspection/pc1_11OVzofZ2_2.jpg!m_fill,w_280,h_210,f_jpg?from=ke.com
20231129,海淀,紫竹桥,101118892488,车道沟南里东南两居户型方正光线很好,700万,103551元/平,中楼层 (共17层) | 1985年 | 2室1厅 | 67.6平米 | 东 南,https://ke-image.ljcdn.com/110000-inspection/pc1_ZuctT1oU3_2.jpg!m_fill,w_280,h_210,f_jpg?from=ke.com
20231129,海淀,紫竹桥,101118888044,车公庄西路45号院 2室1厅 南 北,599万,103813元/平,顶层 (共5层) | 1979年 | 2室1厅 | 57.7平米 | 南 北,https://ke-image.ljcdn.com/110000-inspection/pc1_nFQ6uxlEu.jpg!m_fill,w_280,h_210,f_jpg?from=ke.com
20231129,海淀,紫竹桥,101118884666,三虎桥南路9号 东西通透 楼层好 采光充足,540万,94571元/平,中楼层 (共5层) 2室1厅 | 57.1平米 | 东 西,https://ke-image.ljcdn.com/110000-inspection/pc1_eAMjmUbmq.jpg!m_fill,w_280,h_210,f_jpg?from=ke.com
20231129,海淀,紫竹桥,101118881444,紫竹院南路20号院 南北通透带厅 近紫竹院公园 两居室,586万,96382元/平,中楼层 (共6层) 2室1厅 | 60.8平米 | 南 北,https://ke-image.ljcdn.com/110000-inspection/pc1_TPNVrRvz4.jpg!m_fill,w_280,h_210,f_jpg?from=ke.com
20231129,海淀,紫竹桥,101118878472,中海雅园 西南四居 精装 满五年,1998万,99691元/平,低楼层 (共18层) 4室2厅 | 200.42平米 | 西南,https://ke-image.ljcdn.com/110000-inspection/pc1_z6wndkaOd_2.jpg!m_fill,w_280,h_210,f_jpg?from=ke.com
20231129,海淀,紫竹桥,101118871963,西三环 紫竹桥 市政集团东南三居带电梯,710万,88529元/平,低楼层 (共13层) 3室1厅 | 80.2平米 | 东南 北,https://ke-image.ljcdn.com/110000-inspection/pc1_JHAygBWhK.jpg!m_fill,w_280,h_210,f_jpg?from=ke.com
20231129,海淀,紫竹桥,101118871376,紫竹院公园西南角正南向大两居室婚房精装修,768万,101507元/平,中楼层 (共11层) | 1994年 | 2室1厅 | 75.66平米 | 南,https://ke-image.ljcdn.com/110000-inspection/pc1_8J4I34r9b.jpg!m_fill,w_280,h_210,f_jpg?from=ke.com
20231129,海淀,紫竹桥,101118848239,中海雅园 无遮挡东南三居室 采光充足 诚心出售,1599万,106402元/平,中楼层 (共19层) 3室2厅 | 150.28平米 | 南,https://ke-image.ljcdn.com/110000-inspection/pc1_83mHiNFLU.jpg!m_fill,w_280,h_210,f_jpg?from=ke.com
20231129,海淀,紫竹桥,101118804239,车公庄西路45号院 3室1厅 南 北,666万,96522元/平,顶层 (共6层) 3室1厅 | 69平米 | 南 北,https://ke-image.ljcdn.com/110000-inspection/pc1_OcjMBGYMP.jpg!m_fill,w_280,h_210,f_jpg?from=ke.com
20231129,海淀,紫竹桥,101118803716,公园里的家三居两卫有车位诚心出售,1558万,95379元/平,低楼层 (共26层) 3室2厅 | 163.35平米 | 南 西,https://ke-image.ljcdn.com/110000-inspection/pc1_BT6Sy4Yyn.jpg!m_fill,w_280,h_210,f_jpg?from=ke.com
20231129,海淀,紫竹桥,101118793541,紫竹院三虎桥 低楼层   两居室 诚心卖,420万,97903元/平,底层 (共6层) 2室1厅 | 42.9平米 | 西北,https://ke-image.ljcdn.com/110000-inspection/pc1_tsKaEVFEH.jpg!m_fill,w_280,h_210,f_jpg?from=ke.com
20231129,海淀,紫竹桥,101118770978,白石桥南满五唯一 高层采光好 双轨白石桥南电梯央产房房主自荐,680万,111112元/平,高楼层 (共10层) | 1992年 | 2室1厅 | 61.2平米 | 东 西,https://ke-image.ljcdn.com/110000-inspection/pc1_YZ73xawXU.jpg!m_fill,w_280,h_210,f_jpg?from=ke.com
20231129,海淀,紫竹桥,101118747554,北无宿舍 满五年一手业主 南北3居 出小区长河公园,689万,100997元/平,顶层 (共6层) 3室1厅 | 68.22平米 | 南 北,https://ke-image.ljcdn.com/110000-inspection/c1e13a30-a7e5-4b69-a064-5e2aff32bc7a_1000.jpg!m_fill,w_280,h_210,f_jpg?from=ke.com
20231129,海淀,紫竹桥,101118742924,半壁街南路1号院南北通透一居室板楼通风采光好,489万,114226元/平,高楼层 (共6层) 1室1厅 | 42.81平米 | 南 北,https://ke-image.ljcdn.com/110000-inspection/06b05f36-8c32-4bfe-9ac8-764f8d84074b_1000.jpg!m_fill,w_280,h_210,f_jpg?from=ke.com
20231129,海淀,紫竹桥,101118736634,财智公馆 楼龄新 有电梯 西三环紫竹桥 东南格局无遮挡房主自荐,569万,88948元/平,中楼层 (共17层) | 2004年 | 1室1厅 | 63.97平米 | 东 南,https://ke-image.ljcdn.com/110000-inspection/pc1_cQaqarW8z.jpg!m_fill,w_280,h_210,f_jpg?from=ke.com
20231129,海淀,紫竹桥,101118705315,财政部北洼西里新上一居室电梯直达小区封闭管理房主自荐,530万,115949元/平,中楼层 (共18层) 1室1厅 | 45.71平米 | 南,https://ke-image.ljcdn.com/110000-inspection/pc1_FbdhXtYam_2.jpg!m_fill,w_280,h_210,f_jpg?from=ke.com
20231129,海淀,紫竹桥,101118698422,车道沟10号院一层三居 明厨明卫 诚心出售 位置安静,699万,109049元/平,底层 (共5层) | 1979年 | 3室1厅 | 64.1平米 | 南 北,https://ke-image.ljcdn.com/110000-inspection/pc1_T7LOp6TNH_1.jpg!m_fill,w_280,h_210,f_jpg?from=ke.com
20231129,海淀,紫竹桥,101118692203,小两居满五唯一南北通透楼层好视野开阔采光充足,580万,106599元/平,高楼层 (共6层) 2室1厅 | 54.41平米 | 北 南,https://ke-image.ljcdn.com/110000-inspection/pc1_rBX5dVjwo.jpg!m_fill,w_280,h_210,f_jpg?from=ke.com
20231129,海淀,紫竹桥,101118683659,钓鱼台管理北洼东里西南向两居室房主自荐,900万,112613元/平,高楼层 (共18层) | 1999年 | 2室1厅 | 79.92平米 | 南 西,https://ke-image.ljcdn.com/110000-inspection/pc1_63WPWoBE7.jpg!m_fill,w_280,h_210,f_jpg?from=ke.com
20231129,海淀,紫竹桥,101118660566,财智公馆  04年商品房   西三环 配套成熟 产权清晰,380万,78125元/平,高楼层 (共17层) 1室1厅 | 48.64平米 | 东,https://ke-image.ljcdn.com/110000-inspection/pc1_pJa75Dv5v.jpg!m_fill,w_280,h_210,f_jpg?from=ke.com
20231129,海淀,紫竹桥,101118650939,临河公园地铁16号线万寿寺站理工附旁随时签约！,900万,103330元/平,中楼层 (共16层) | 1986年 | 3室1厅 | 87.1平米 | 南,https://ke-image.ljcdn.com/110000-inspection/e8bd1198-f023-4e25-97ab-4d5f8221fcf8_1000.jpg!m_fill,w_280,h_210,f_jpg?from=ke.com
20231129,海淀,紫竹桥,101118645792,环保局宿舍楼 南北向两居室 交通便利,635万,106903元/平,底层 (共6层) | 1980年 | 2室1厅 | 59.4平米 | 南 北,https://ke-image.ljcdn.com/110000-inspection/pc1_oV8d15BKA.jpg!m_fill,w_280,h_210,f_jpg?from=ke.com
20231129,海淀,紫竹桥,101118644435,半壁街南路1号院 纪委宿舍 新增房源房主自荐,658万,107816元/平,高楼层 (共6层) | 1988年 | 2室1厅 | 61.03平米 | 东 西,https://ke-image.ljcdn.com/110000-inspection/pc1_VoVpvHDSH_1.jpg!m_fill,w_280,h_210,f_jpg?from=ke.com
20231129,海淀,紫竹桥,101118639991,颐安嘉园满五年唯一改善四居南北通透低密板楼洋房,2290万,119371元/平,中楼层 (共7层) 4室2厅 | 191.84平米 | 南 北,https://ke-image.ljcdn.com/110000-inspection/56d05e72-44ca-4ca0-85f2-cc8d517662a0_1000.jpg!m_fill,w_280,h_210,f_jpg?from=ke.com
20231129,海淀,紫竹桥,101118597981,中海雅园：公方性质普通住宅高层无遮挡东南三居！,1570万,112328元/平,高楼层 (共19层) | 2000年 | 3室2厅 | 139.77平米 | 东南 西,https://ke-image.ljcdn.com/110000-inspection/pc1_MYLv1W0KH_2.jpg!m_fill,w_280,h_210,f_jpg?from=ke.com
20231129,海淀,紫竹桥,101118588252,北洼路28号院 1室1厅 东,575万,83649元/平,中楼层 (共18层) | 1996年 | 1室1厅 | 68.74平米 | 东,https://ke-image.ljcdn.com/110000-inspection/pc1_Nv0ZIYCA1.jpg!m_fill,w_280,h_210,f_jpg?from=ke.com
20231129,海淀,紫竹桥,101118534991,紫竹院小区全南向两居全天采光业主随时配和签约,595万,99333元/平,低楼层 (共16层) | 1983年 | 2室1厅 | 59.9平米 | 南,https://ke-image.ljcdn.com/110000-inspection/pc1_NMF1FRNrN.jpg!m_fill,w_280,h_210,f_jpg?from=ke.com
20231129,海淀,紫竹桥,101118520032,西三环北路50号院精装诚心出售,670万,99172元/平,中楼层 (共22层) | 2002年 | 1室1厅 | 67.56平米 | 东北,https://ke-image.ljcdn.com/110000-inspection/pc1_cj8UHEw8D.jpg!m_fill,w_280,h_210,f_jpg?from=ke.com
20231129,海淀,紫竹桥,101118517478,车道沟南里 3室1厅 南 北,310万,54868元/平,地下室 (共6层) | 1998年 | 3室1厅 | 56.5平米 | 南 北,https://ke-image.ljcdn.com/110000-inspection/pc1_vKOTUt0ky_2.jpg!m_fill,w_280,h_210,f_jpg?from=ke.com
20231129,海淀,紫竹桥,101118469735,紫竹桥三虎桥南路12号院 三环内 近花园桥地铁站,555万,98580元/平,顶层 (共5层) 3室1厅 | 56.3平米 | 东 南 北,https://ke-image.ljcdn.com/110000-inspection/pc1_FPeeYVo6v_2.jpg!m_fill,w_280,h_210,f_jpg?from=ke.com
20231129,海淀,紫竹桥,101118455723,车道沟南里西苑小区 全明格局两居室 诚心出售,620万,97485元/平,中楼层 (共17层) 2室1厅 | 63.6平米 | 东 北,https://ke-image.ljcdn.com/110000-inspection/pc1_X6UtKwC8S_2.jpg!m_fill,w_280,h_210,f_jpg?from=ke.com
20231129,海淀,紫竹桥,101118426066,北洼西里大三居方正格局业主诚心出售,880万,95861元/平,中楼层 (共17层) 3室1厅 | 91.8平米 | 东南 西,https://ke-image.ljcdn.com/110000-inspection/pc1_QLCsY5Apa.jpg!m_fill,w_280,h_210,f_jpg?from=ke.com
20231129,海淀,紫竹桥,101118372261,房本满五年看房方便商品房性质南北通透。,579万,90201元/平,顶层 (共6层) | 1995年 | 2室1厅 | 64.19平米 | 南 北,https://ke-image.ljcdn.com/110000-inspection/pc1_FU9yLvC9M.jpg!m_fill,w_280,h_210,f_jpg?from=ke.com
20231129,海淀,紫竹桥,101118370926,三虎桥南路12号院 2室1厅 东 西,560万,94916元/平,底层 (共5层) 2室1厅 | 59平米 | 东 西,https://ke-image.ljcdn.com/110000-inspection/pc1_EepC8Rb2P.jpg!m_fill,w_280,h_210,f_jpg?from=ke.com
20231129,海淀,紫竹桥,101118363813,兵器家属院 南北通透两居 光线充足无遮挡  随时签约,595万,112477元/平,顶层 (共5层) | 1979年 | 2室1厅 | 52.9平米 | 南 北,https://ke-image.ljcdn.com/110000-inspection/37c6f7fb-2d83-4ca4-90ca-788cf2d4fd15_1000.jpg!m_fill,w_280,h_210,f_jpg?from=ke.com
20231129,海淀,紫竹桥,101118361806,精装修西南带客厅两居 交通便利 采光充足 诚心出售,715万,117214元/平,低楼层 (共16层) | 1986年 | 2室1厅 | 61平米 | 西南,https://ke-image.ljcdn.com/110000-inspection/pc1_tChoMvl4t_2.jpg!m_fill,w_280,h_210,f_jpg?from=ke.com
20231129,海淀,紫竹桥,101118356521,车道沟南里 小一居 环境好 业主诚售,388万,105150元/平,低楼层 (共21层) | 1990年 | 1室0厅 | 36.9平米 | 东南,https://ke-image.ljcdn.com/110000-inspection/pc1_JqD5TOntV.jpg!m_fill,w_280,h_210,f_jpg?from=ke.com
20231129,海淀,紫竹桥,101118317268,昌运宫 2室1厅 东北,599万,97717元/平,中楼层 (共17层) | 1984年 | 2室1厅 | 61.3平米 | 东北,https://ke-image.ljcdn.com/110000-inspection/pc1_mSj847zOR.jpg!m_fill,w_280,h_210,f_jpg?from=ke.com
20231129,海淀,紫竹桥,101118315629,财智公馆 1室1厅 东,376万,77303元/平,中楼层 (共17层) | 2004年 | 1室1厅 | 48.64平米 | 东,https://ke-image.ljcdn.com/110000-inspection/pc1_ULNVeI609.jpg!m_fill,w_280,h_210,f_jpg?from=ke.com
20231129,海淀,紫竹桥,101118312966,财智公馆 1室1厅 东,425万,87377元/平,中楼层 (共17层) 1室1厅 | 48.64平米 | 东,https://ke-image.ljcdn.com/110000-inspection/pc1_4YKMNz6UR.jpg!m_fill,w_280,h_210,f_jpg?from=ke.com
20231129,海淀,紫竹桥,101118312138,10号名邸直观西山通透大三居 满五年唯一 房龄新,2080万,100474元/平,中楼层 (共19层) | 2005年 | 3室1厅 | 207.02平米 | 东 西,https://ke-image.ljcdn.com/110000-inspection/c1bae767-c230-4e38-8bf7-e38847d5610a_1000.jpg!m_fill,w_280,h_210,f_jpg?from=ke.com
20231129,海淀,紫竹桥,101118278164,西三环 花园桥 七贤村 南北通透两居室 低楼层 诚售,605万,104672元/平,低楼层 (共6层) | 1990年 | 2室1厅 | 57.8平米 | 南 北,https://ke-image.ljcdn.com/110000-inspection/pc1_tb4lVowBI.jpg!m_fill,w_280,h_210,f_jpg?from=ke.com
20231129,海淀,紫竹桥,101118269176,车道沟10号院南向一居室 户型方正 业主诚心出售,518万,122459元/平,顶层 (共6层) | 1985年 | 1室1厅 | 42.3平米 | 南,https://ke-image.ljcdn.com/110000-inspection/pc1_ryhrszOAu.jpg!m_fill,w_280,h_210,f_jpg?from=ke.com
20231129,海淀,紫竹桥,101118248082,兵器家属院精装修好楼层一居 明厨明卫 采光好 诚心卖,525万,125599元/平,中楼层 (共5层) 1室1厅 | 41.8平米 | 南,https://ke-image.ljcdn.com/110000-inspection/7acb8f33-4c67-4e0c-b6fb-53d9da23e267_1000.jpg!m_fill,w_280,h_210,f_jpg?from=ke.com
20231129,海淀,紫竹桥,101118245632,紫竹院百胜村 南北三室一厅 双卧朝南 98年满五年房主自荐,699万,93450元/平,顶层 (共7层) 2室1厅 | 74.8平米 | 南 北,https://ke-image.ljcdn.com/110000-inspection/pc1_DLaeX5thC.jpg!m_fill,w_280,h_210,f_jpg?from=ke.com
20231129,海淀,紫竹桥,101118220227,紫竹桥精装修一居室停车方便无遮挡,509万,94086元/平,中楼层 (共16层) | 1987年 | 1室1厅 | 54.1平米 | 东南,https://ke-image.ljcdn.com/110000-inspection/pc1_vIcfLxn5e.jpg!m_fill,w_280,h_210,f_jpg?from=ke.com
20231129,海淀,紫竹桥,101118203284,车道沟10号院 中高层南向2居 满五年唯一 精装修,630万,110721元/平,中楼层 (共18层) 2室1厅 | 56.9平米 | 南,https://ke-image.ljcdn.com/110000-inspection/pc1_pXVPcLCuI_1.jpg!m_fill,w_280,h_210,f_jpg?from=ke.com
20231129,海淀,紫竹桥,101118197486,西三环 紫竹桥旁高层大两居 楼下是公园 交通方便房主自荐,615万,109431元/平,高楼层 (共16层) | 1986年 | 2室1厅 | 56.2平米 | 西 北,https://ke-image.ljcdn.com/110000-inspection/pc1_XskLwONLg_1.jpg!m_fill,w_280,h_210,f_jpg?from=ke.com
20231129,海淀,紫竹桥,101118193015,中海雅园 一层 精装修 有车位,1950万,106517元/平,底层 (共10层) | 1999年 | 3室1厅 | 183.07平米 | 南 西,https://ke-image.ljcdn.com/110000-inspection/pc1_DObuyhE02.jpg!m_fill,w_280,h_210,f_jpg?from=ke.com
20231129,海淀,紫竹桥,101118145454,北无宿舍 新上房源 1995年楼龄 采光好 位置安静,640万,104919元/平,低楼层 (共6层) | 1995年 | 2室1厅 | 61平米 | 南 北,https://ke-image.ljcdn.com/110000-inspection/pc1_Ci4xoKmdp_1.jpg!m_fill,w_280,h_210,f_jpg?from=ke.com
20231129,海淀,紫竹桥,101118132761,三虎桥南路12号院 2室1厅 东,428万,93247元/平,顶层 (共5层) | 1985年 | 2室1厅 | 45.9平米 | 东,https://ke-image.ljcdn.com/110000-inspection/pc1_ziI2CRGaQ.jpg!m_fill,w_280,h_210,f_jpg?from=ke.com
20231129,海淀,紫竹桥,101118052845,紫竹桥 1998年公 房 东南向两居  客厅有窗户,645万,99079元/平,低楼层 (共18层) 2室1厅 | 65.1平米 | 东南,https://ke-image.ljcdn.com/110000-inspection/pc1_fAIJGFsEs.jpg!m_fill,w_280,h_210,f_jpg?from=ke.com
20231129,海淀,紫竹桥,101117994127,中海雅园东南两居带保姆间业主诚心出售,1330万,107501元/平,低楼层 (共10层) 3室1厅 | 123.72平米 | 东南,https://ke-image.ljcdn.com/110000-inspection/pc1_tVy9IHVda_2.jpg!m_fill,w_280,h_210,f_jpg?from=ke.com
20231129,海淀,紫竹桥,101117979819,车道沟南里  北洼路 近地铁 电梯房  昆玉河,770万,96856元/平,低楼层 (共21层) | 1991年 | 3室1厅 | 79.5平米 | 东北 西,https://ke-image.ljcdn.com/110000-inspection/pc1_zTA3tEPOv.jpg!m_fill,w_280,h_210,f_jpg?from=ke.com
20231129,海淀,紫竹桥,101117973938,车道沟东里安静两居室满五唯一有电梯有地铁,599万,106584元/平,低楼层 (共16层) | 1986年 | 2室1厅 | 56.2平米 | 西北,https://ke-image.ljcdn.com/110000-inspection/pc1_Oy7oMcSo4_1.jpg!m_fill,w_280,h_210,f_jpg?from=ke.com
20231129,海淀,紫竹桥,101117900238,北无宿舍 中间楼层三居室 位置安静 采光好,745万,109206元/平,中楼层 (共6层) 3室1厅 | 68.22平米 | 南 北,https://ke-image.ljcdn.com/110000-inspection/pc1_Rr65kZm3P_1.jpg!m_fill,w_280,h_210,f_jpg?from=ke.com
20231129,海淀,紫竹桥,101117862062,北洼西里正规2居室明厨明卫格局好,600万,93736元/平,底层 (共18层) 2室1厅 | 64.01平米 | 东北,https://ke-image.ljcdn.com/110000-inspection/pc1_ZpQGoMViy.jpg!m_fill,w_280,h_210,f_jpg?from=ke.com
20231129,海淀,紫竹桥,101117814360,昌运宫三环边楼龄新方正三居有钥匙,550万,86451元/平,底层 (共11层) | 1994年 | 3室1厅 | 63.62平米 | 东北,https://ke-image.ljcdn.com/110000-inspection/pc1_2fDivpjwe_2.jpg!m_fill,w_280,h_210,f_jpg?from=ke.com
20231129,海淀,紫竹桥,101117812830,1998年楼龄正规三居室两个厅 户型方正 装修好,1250万,107574元/平,中楼层 (共18层) | 1998年 | 3室2厅 | 116.2平米 | 西南,https://ke-image.ljcdn.com/110000-inspection/pc1_Ll3ZUiP8G.jpg!m_fill,w_280,h_210,f_jpg?from=ke.com
20231129,海淀,紫竹桥,101117784858,北无宿舍 精装2居 拎包入住 南北通透 出门南长河公园,608万,116031元/平,低楼层 (共6层) | 1980年 | 2室1厅 | 52.4平米 | 南 北,https://ke-image.ljcdn.com/110000-inspection/pc1_AIgK62gBN_1.jpg!m_fill,w_280,h_210,f_jpg?from=ke.com
20231129,海淀,紫竹桥,101117761260,半壁街南路1号院 高层观景小户型 采光好 临河临公园,530万,134758元/平,高楼层 (共24层) | 1992年 | 1室1厅 | 39.33平米 | 南 西 北,https://ke-image.ljcdn.com/110000-inspection/pc1_QxumwycF7_1.jpg!m_fill,w_280,h_210,f_jpg?from=ke.com
20231129,海淀,紫竹桥,101117637370,明厨明卫车道沟南里业主诚意出售无遮挡随时可以签约,620万,97485元/平,高楼层 (共17层) | 1988年 | 2室1厅 | 63.6平米 | 东北,https://ke-image.ljcdn.com/110000-inspection/b1e8f01a-0d4b-4232-9ddf-b37b97d64651_1000.jpg!m_fill,w_280,h_210,f_jpg?from=ke.com
20231129,海淀,紫竹桥,101117622739,车道沟南里 1室1厅 东南,388万,105150元/平,低楼层 (共21层) | 1993年 | 1室1厅 | 36.9平米 | 东南,https://ke-image.ljcdn.com/110000-inspection/pc1_cwuIEsqkT.jpg!m_fill,w_280,h_210,f_jpg?from=ke.com
20231129,海淀,紫竹桥,101117444891,精装修通透户型 观景五居室 带两个车位,2300万,83093元/平,低楼层 (共20层) 5室2厅 | 276.8平米 | 东 西,https://ke-image.ljcdn.com/110000-inspection/pc1_Ewve0W9UG.jpg!m_fill,w_280,h_210,f_jpg?from=ke.com
20231129,海淀,紫竹桥,101117422186,车道沟南里满五年唯一精装修正规三居室随时可以签约,810万,99631元/平,中楼层 (共17层) | 1985年 | 3室1厅 | 81.3平米 | 西南,https://ke-image.ljcdn.com/110000-inspection/pc1_3IA8ldN51.jpg!m_fill,w_280,h_210,f_jpg?from=ke.com
20231129,海淀,紫竹桥,101117331809,紫竹院三虎桥 南北通透三居室 中间层 业主诚心出售,1165万,92461元/平,低楼层 (共6层) 3室1厅 | 126平米 | 南 西 北,https://ke-image.ljcdn.com/110000-inspection/pc1_d0UAvXNae.jpg!m_fill,w_280,h_210,f_jpg?from=ke.com
20231129,海淀,紫竹桥,101117199204,三虎桥 中间层南北通透 精装修 不临街 采光通风好,610万,106831元/平,中楼层 (共5层) 2室1厅 | 57.1平米 | 南 北,https://ke-image.ljcdn.com/110000-inspection/pc1_KMqLBHYr7.jpg!m_fill,w_280,h_210,f_jpg?from=ke.com
20231129,海淀,紫竹桥,101117155538,美林花园精装修东向两居 位置安静采光好 诚心出售,1335万,113386元/平,低楼层 (共25层) 2室2厅 | 117.74平米 | 东,https://ke-image.ljcdn.com/110000-inspection/d7edba0e-79a8-4fc1-bf81-7acbaf13e957_1000.jpg!m_fill,w_280,h_210,f_jpg?from=ke.com
20231129,海淀,紫竹桥,101117138533,万科物业  三面采光三居 双卫设计 有车位  随时签约,1650万,85884元/平,低楼层 (共22层) | 1997年 | 3室2厅 | 192.12平米 | 西南 北,https://ke-image.ljcdn.com/110000-inspection/382e73e5-4e1e-43ef-8363-52cb345856ef_1000.jpg!m_fill,w_280,h_210,f_jpg?from=ke.com
20231129,海淀,紫竹桥,101116986548,中楼层 南北向三居 满五唯一商品房 公园边的社区,740万,110779元/平,中楼层 (共6层) | 1980年 | 3室1厅 | 66.8平米 | 南 北,https://ke-image.ljcdn.com/110000-inspection/pc1_G69ZWgkeG_1.jpg!m_fill,w_280,h_210,f_jpg?from=ke.com
20231129,海淀,紫竹桥,101116871873,紫竹桥昌运宫 东南向带客厅两居 中间层带电梯 满五年,670万,104655元/平,低楼层 (共11层) | 1994年 | 2室1厅 | 64.02平米 | 东南,https://ke-image.ljcdn.com/110000-inspection/916c5323-a5c0-4e41-8639-2a70f9a6f0be_1000.jpg!m_fill,w_280,h_210,f_jpg?from=ke.com
20231129,海淀,紫竹桥,101116810291,北无宿舍 精装双南两居 诚意出售 周边临近公园,555万,109901元/平,顶层 (共6层) | 1980年 | 2室1厅 | 50.5平米 | 南,https://ke-image.ljcdn.com/110000-inspection/d0988996-9500-4bec-bf77-e400458dcb4d_1000.jpg!m_fill,w_280,h_210,f_jpg?from=ke.com
20231129,海淀,紫竹桥,101116594197,车道沟南里 东南向一居室 小户型,420万,113822元/平,中楼层 (共21层) 1室1厅 | 36.9平米 | 东 南,https://ke-image.ljcdn.com/110000-inspection/pc1_81EupOYGs_2.jpg!m_fill,w_280,h_210,f_jpg?from=ke.com
20231129,海淀,紫竹桥,101116519181,紫竹院路新上四居室一手业主适合改善。带电梯,1220万,101498元/平,低楼层 (共16层) 4室2厅 | 120.2平米 | 南 西北,https://ke-image.ljcdn.com/110000-inspection/pc1_lNPxei3W3_1.jpg!m_fill,w_280,h_210,f_jpg?from=ke.com
20231129,海淀,紫竹桥,101116297558,北无家属院 南北三居室 满五年唯一央产房 精装有钥匙,930万,106274元/平,高楼层 (共6层) 3室1厅 | 87.51平米 | 南 北,https://ke-image.ljcdn.com/110000-inspection/pc1_J7QaxOQef_1.jpg!m_fill,w_280,h_210,f_jpg?from=ke.com
20231129,海淀,紫竹桥,101116284833,北洼西里 1室1厅 南,539万,117918元/平,中楼层 (共18层) | 1989年 | 1室1厅 | 45.71平米 | 南,https://ke-image.ljcdn.com/110000-inspection/pc1_BhGsgdE4p.jpg!m_fill,w_280,h_210,f_jpg?from=ke.com
20231129,海淀,紫竹桥,101115995570,车道沟10号院 3室1厅 东 南 西,1155万,133372元/平,底层 (共5层) 3室1厅 | 86.6平米 | 东 南 西,https://ke-image.ljcdn.com/110000-inspection/6b3d9ee8-ea8f-44e4-b89f-6c8e7bf7a20d_1000.jpg!m_fill,w_280,h_210,f_jpg?from=ke.com
20231129,海淀,紫竹桥,101115797713,中海雅园中区复式 高层视野好 采光充足 无遮挡 精装修,2580万,104407元/平,顶层 (共10层) | 1999年 | 4室3厅 | 247.11平米 | 东南 北,https://ke-image.ljcdn.com/110000-inspection/pc1_bxoTxyMkh.jpg!m_fill,w_280,h_210,f_jpg?from=ke.com
20231129,海淀,紫竹桥,101115775571,计委家属院 带电梯通透一居 产权清晰 靠谱出售房主自荐,510万,129673元/平,中楼层 (共24层) 1室1厅 | 39.33平米 | 南 西 北,https://ke-image.ljcdn.com/110000-inspection/pc1_ii2YzJVHy_1.jpg!m_fill,w_280,h_210,f_jpg?from=ke.com
20231129,海淀,紫竹桥,101114184687,车道沟东里 双南向三居室 满五年唯一 有电梯诚心卖,928万,106545元/平,中楼层 (共16层) 3室1厅 | 87.1平米 | 南,https://ke-image.ljcdn.com/110000-inspection/pc1_FRXSLRzne_1.jpg!m_fill,w_280,h_210,f_jpg?from=ke.com
20231129,海淀,紫竹桥,101111250076,西三环紫竹桥2000年商品房满五年唯一精装带客厅,830万,65701元/平,底层 (共19层) | 2000年 | 2室1厅 | 126.33平米 | 东,https://ke-image.ljcdn.com/110000-inspection/prod-021c6e88-ad04-498b-8ff6-41a9c76ba662.jpg!m_fill,w_280,h_210,f_jpg?from=ke.com
20231129,海淀,紫竹桥,101104971790,08年慈寿寺地铁和水系边南北通透三居室带地下车位房主自荐,1850万,113777元/平,高楼层 (共21层) | 2008年 | 3室2厅 | 162.6平米 | 南 北,https://ke-image.ljcdn.com/110000-inspection/prod-262392b3-5d37-409e-acf0-cecadf955b32.jpg!m_fill,w_280,h_210,f_jpg?from=ke.com
20231129,海淀,紫竹桥,101103707366,财智公馆  2004商品房 民水民电房主自荐,677万,84912元/平,中楼层 (共17层) | 2004年 | 2室1厅 | 79.73平米 | 西北,https://ke-image.ljcdn.com/110000-inspection/pc1_BwtESIOG9_2.jpg!m_fill,w_280,h_210,f_jpg?from=ke.com
20231129,海淀,紫竹桥,101122071619,华澳中心 东南三居室 客厅与双卧室朝南新上,1850万,85278元/平,低楼层 (共22层) | 1997年 | 3室1厅 | 216.94平米 | 东南,https://ke-image.ljcdn.com/110000-inspection/ac04442c-c92c-4b22-a0f1-fd6518fa16c1_1000.jpg!m_fill,w_280,h_210,f_jpg?from=ke.com
20231129,海淀,紫竹桥,101122069203,水岸名居 5室2厅 北 南新上,3660万,129986元/平,低楼层 (共10层) | 2006年 | 5室2厅 | 281.57平米 | 北 南,https://ke-image.ljcdn.com/110000-inspection/pc1_IbImJF3oa.jpg!m_fill,w_280,h_210,f_jpg?from=ke.com
20231129,海淀,紫竹桥,101122053383,紫竹院公园西门 园林局宿舍 1999年 南北2居室 装修好新上,728万,104749元/平,中楼层 (共7层) 2室2厅 | 69.5平米 | 南 北,https://ke-image.ljcdn.com/110000-inspection/pc1_CFsmBxly3.jpg!m_fill,w_280,h_210,f_jpg?from=ke.com
20231129,海淀,紫竹桥,101122050553,紫竹桥中海雅园 西南北3居 视野好 满五年唯一 诚心卖新上,1480万,95961元/平,中楼层 (共19层) | 2000年 | 3室2厅 | 154.23平米 | 西南 北,https://ke-image.ljcdn.com/110000-inspection/pc1_X3JYRb6KF.jpg!m_fill,w_280,h_210,f_jpg?from=ke.com
20231129,海淀,紫竹桥,101122045085,车道沟南里精装三居室 视野采光充足新上,790万,98259元/平,中楼层 (共21层) | 1989年 | 3室1厅 | 80.4平米 | 南 西 北,https://ke-image.ljcdn.com/110000-inspection/pc1_EbffMtPVE.jpg!m_fill,w_280,h_210,f_jpg?from=ke.com
20231129,海淀,紫竹桥,101122040078,紫竹桥 南北通透3+1格局 不临街 中间楼层 看房方便新上,1888万,102565元/平,中楼层 (共18层) | 2004年 | 3室2厅 | 184.08平米 | 南 北,https://ke-image.ljcdn.com/110000-inspection/pc1_OH3lvvwSV_2.jpg!m_fill,w_280,h_210,f_jpg?from=ke.com
20231129,海淀,紫竹桥,101122039718,北洼西里东西两居室  楼层好业主诚心出售新上,520万,94891元/平,低楼层 (共6层) | 1985年 | 2室1厅 | 54.8平米 | 东北,https://ke-image.ljcdn.com/110000-inspection/pc1_pQVvZP0sx.jpg!m_fill,w_280,h_210,f_jpg?from=ke.com
20231129,海淀,紫竹桥,101122037562,紫竹桥北洼西里财政部福利分房全南两居采光无遮挡性质新上,630万,105829元/平,中楼层 (共18层) 2室1厅 | 59.53平米 | 南,https://ke-image.ljcdn.com/110000-inspection/pc1_bOlUaIeCv.jpg!m_fill,w_280,h_210,f_jpg?from=ke.com
20231129,海淀,紫竹桥,101122034821,车公庄西路35号院 2室1厅 南 北新上,698万,115563元/平,底层 (共6层) 2室1厅 | 60.4平米 | 南 北,https://ke-image.ljcdn.com/110000-inspection/pc1_bsIhHlwQX.jpg!m_fill,w_280,h_210,f_jpg?from=ke.com
20231129,海淀,紫竹桥,101122027531,紫竹花园品质大平层 文化传承 一梯一户 改善shouxuan新上,1679万,78983元/平,低楼层 (共15层) | 2001年 | 3室2厅 | 212.58平米 | 南 北,https://ke-image.ljcdn.com/110000-inspection/pc1_dOIRtXTc5_2.jpg!m_fill,w_280,h_210,f_jpg?from=ke.com
20231129,海淀,紫竹桥,101122027164,车道沟南里 南向一居室 可当两居室 采光视野好 精装修新上,510万,87031元/平,高楼层 (共17层) | 1985年 | 1室1厅 | 58.6平米 | 南,https://ke-image.ljcdn.com/110000-inspection/pc1_P5i2HbdJb.jpg!m_fill,w_280,h_210,f_jpg?from=ke.com
20231129,海淀,紫竹桥,101122008020,美林花园高楼层观西山无遮挡大两居 位置安静诚心出售,1385万,117663元/平,高楼层 (共25层) | 2000年 | 2室2厅 | 117.71平米 | 西,https://ke-image.ljcdn.com/110000-inspection/pc1_pLCIUB1u4_1.jpg!m_fill,w_280,h_210,f_jpg?from=ke.com
20231129,海淀,紫竹桥,101122003230,紫竹院南北通透明厨明卫明厅中间层两居室随时看房,630万,109948元/平,中楼层 (共5层) 2室1厅 | 57.3平米 | 东 南 北,https://ke-image.ljcdn.com/110000-inspection/5904795d-17d5-4582-8521-e171245cfcd8_1000.jpg!m_fill,w_280,h_210,f_jpg?from=ke.com
20231129,海淀,紫竹桥,101121999597,紫竹院中间层南北通透两居室不临街满五年,606万,99672元/平,低楼层 (共6层) | 1994年 | 3室0厅 | 60.8平米 | 南 北,https://ke-image.ljcdn.com/110000-inspection/pc1_nOxCALrd2_2.jpg!m_fill,w_280,h_210,f_jpg?from=ke.com
20231129,海淀,紫竹桥,101121994888,紫竹院朝南一居北侧是公园安静不临街,408万,90266元/平,中楼层 (共5层) 1室1厅 | 45.2平米 | 南,https://ke-image.ljcdn.com/110000-inspection/pc1_zTjhuEyXU_2.jpg!m_fill,w_280,h_210,f_jpg?from=ke.com
20231129,海淀,紫竹桥,101121982012,紫竹院南北通透全明格局安静不临街,580万,96186元/平,顶层 (共5层) 2室1厅 | 60.3平米 | 南 北,https://ke-image.ljcdn.com/110000-inspection/pc1_8pjb0Islh.jpg!m_fill,w_280,h_210,f_jpg?from=ke.com
20231129,海淀,紫竹桥,101121981904,紫竹院东西通透明厨明卫中间楼层诚心卖看房方便,690万,102223元/平,中楼层 (共6层) | 1985年 | 2室1厅 | 67.5平米 | 东 西,https://ke-image.ljcdn.com/110000-inspection/pc1_0yFE3w4ku_2.jpg!m_fill,w_280,h_210,f_jpg?from=ke.com
20231129,海淀,紫竹桥,101121967196,车道沟社区 紫竹桥两居 双南向 交通便利,599万,102639元/平,中楼层 (共14层) | 1999年 | 2室1厅 | 58.36平米 | 南,https://ke-image.ljcdn.com/110000-inspection/pc1_eG5uZf7Om.jpg!m_fill,w_280,h_210,f_jpg?from=ke.com
20231129,海淀,紫竹桥,101121947993,花园桥 96年央产房业主在京随时签约。房主自荐,730万,97594元/平,顶层 (共7层) 3室2厅 | 74.8平米 | 南 北,https://ke-image.ljcdn.com/110000-inspection/pc1_woF7wfCws_2.jpg!m_fill,w_280,h_210,f_jpg?from=ke.com
20231129,海淀,紫竹桥,101121941863,满五唯一精装小两居房龄新中间层拎包入住,558万,92080元/平,低楼层 (共18层) 2室1厅 | 60.6平米 | 西,https://ke-image.ljcdn.com/110000-inspection/pc1_laPCmM7NK_2.jpg!m_fill,w_280,h_210,f_jpg?from=ke.com
20231129,海淀,紫竹桥,101121940291,紫竹院百胜村 南北通透  无遮挡 不临街,490万,82492元/平,顶层 (共7层) | 1997年 | 2室1厅 | 59.4平米 | 南 北,https://ke-image.ljcdn.com/110000-inspection/pc1_hlZDFwt6l.jpg!m_fill,w_280,h_210,f_jpg?from=ke.com
20231129,海淀,紫竹桥,101121855835,花园桥 七贤村 南北通透三居室 中国银行家属楼 诚售,945万,98438元/平,低楼层 (共9层) | 1995年 | 3室1厅 | 96平米 | 南 北,https://ke-image.ljcdn.com/110000-inspection/pc1_ECe5r6llC_2.jpg!m_fill,w_280,h_210,f_jpg?from=ke.com
20231129,海淀,紫竹桥,101121849201,紫竹院公园 南北通透 无遮挡 航天部家属院 带车位,499万,96147元/平,低楼层 (共12层) | 1980年 | 2室1厅 | 51.9平米 | 南 北,https://ke-image.ljcdn.com/110000-inspection/pc1_hbcScyTqT.jpg!m_fill,w_280,h_210,f_jpg?from=ke.com
20231129,海淀,紫竹桥,101121806605,紫竹桥 98年楼龄 满五 产权清晰,615万,93253元/平,低楼层 (共18层) 2室1厅 | 65.95平米 | 东南,https://ke-image.ljcdn.com/110000-inspection/pc1_cVlmsgs7I.jpg!m_fill,w_280,h_210,f_jpg?from=ke.com
20231129,海淀,紫竹桥,101121805499,甘家口定慧寺南北通透复式高楼层视野好观山观河,2680万,96103元/平,高楼层 (共18层) 5室3厅 | 278.87平米 | 南 北,https://ke-image.ljcdn.com/110000-inspection/pc1_5I1Hufuxi_2.jpg!m_fill,w_280,h_210,f_jpg?from=ke.com
20231129,海淀,紫竹桥,101121803974,水岸名居 4室1厅 南 北,2600万,129573元/平,低楼层 (共10层) 4室1厅 | 200.66平米 | 南 北,https://ke-image.ljcdn.com/110000-inspection/pc1_wPCwxDvSe_1.jpg!m_fill,w_280,h_210,f_jpg?from=ke.com
20231129,海淀,紫竹桥,101121801934,车道沟南里 3室1厅 南 西,750万,92251元/平,底层 (共17层) | 1985年 | 3室1厅 | 81.3平米 | 南 西,https://ke-image.ljcdn.com/110000-inspection/pc1_E2LEHF5xJ.jpg!m_fill,w_280,h_210,f_jpg?from=ke.com
20231129,海淀,紫竹桥,101121771832,三虎桥首体宿舍3居室前后阳台单位分房诚心出售,690万,89033元/平,中楼层 (共6层) | 1988年 | 3室1厅 | 77.5平米 | 东 西,https://ke-image.ljcdn.com/110000-inspection/pc1_RRANGy79S_2.jpg!m_fill,w_280,h_210,f_jpg?from=ke.com
20231129,海淀,紫竹桥,101121744599,此房满五年唯一 央产房 中间层 采光好 诚心出售,672万,99556元/平,中楼层 (共6层) | 1985年 | 2室1厅 | 67.5平米 | 东 西 南,https://ke-image.ljcdn.com/110000-inspection/ae6767ef-0ca7-4c8c-ad00-1056651b57e8_1000.jpg!m_fill,w_280,h_210,f_jpg?from=ke.com
20231129,海淀,紫竹桥,101121700864,世纪新景 南向复式 中间层 采光好,2180万,97413元/平,中楼层 (共21层) | 2004年 | 3室3厅 | 223.79平米 | 南,https://ke-image.ljcdn.com/110000-inspection/pc1_itNVkslyC.jpg!m_fill,w_280,h_210,f_jpg?from=ke.com
20231129,海淀,紫竹桥,101121691515,紫竹桥 精装南向 电梯房 楼上还有一层非顶层 临地铁,509万,110174元/平,顶层 (共16层) | 1986年 | 1室1厅 | 46.2平米 | 南,https://ke-image.ljcdn.com/110000-inspection/pc1_W1t6NLmLN_1.jpg!m_fill,w_280,h_210,f_jpg?from=ke.com
20231129,海淀,紫竹桥,101121685561,婚房装修 带车位 远眺西山 仅有契税,1380万,84014元/平,中楼层 (共25层) | 2001年 | 2室2厅 | 164.26平米 | 西南,https://ke-image.ljcdn.com/110000-inspection/pc1_C2uVilppE.jpg!m_fill,w_280,h_210,f_jpg?from=ke.com
20231129,海淀,紫竹桥,101121670165,满五年唯一的中国银行给单位分房电梯直达精装,620万,108014元/平,中楼层 (共13层) | 1994年 | 2室1厅 | 57.4平米 | 南,https://ke-image.ljcdn.com/110000-inspection/pc1_SgJ00TIT0.jpg!m_fill,w_280,h_210,f_jpg?from=ke.com
20231129,海淀,紫竹桥,101121667959,主语家园 精装大三居西南朝向 高楼层采光不遮挡,2680万,146441元/平,高楼层 (共18层) 3室2厅 | 183.01平米 | 西南,https://ke-image.ljcdn.com/110000-inspection/pc1_6xWOCVsR6_2.jpg!m_fill,w_280,h_210,f_jpg?from=ke.com
20231129,海淀,紫竹桥,101121664748,主语城南北三居室总高11层低密板楼2T2户房主自荐,3480万,152158元/平,低楼层 (共11层) 3室2厅 | 228.71平米 | 南 北,https://ke-image.ljcdn.com/110000-inspection/pc1_Erehhu2Am.jpg!m_fill,w_280,h_210,f_jpg?from=ke.com
20231129,海淀,紫竹桥,101121648659,此房满五年唯一精装修小区小户型,728万,90751元/平,低楼层 (共22层) | 2004年 | 1室1厅 | 80.22平米 | 东北,https://ke-image.ljcdn.com/110000-inspection/987022e7-85f0-46ec-b342-82a1423241f6_1000.jpg!m_fill,w_280,h_210,f_jpg?from=ke.com
20231129,海淀,紫竹桥,101121629066,车道沟10号院一层采光无遮挡看房方便诚心出售,460万,120105元/平,底层 (共5层) | 1986年 | 1室1厅 | 38.3平米 | 南,https://ke-image.ljcdn.com/110000-inspection/pc1_7VpBgAlbI_1.jpg!m_fill,w_280,h_210,f_jpg?from=ke.com
20231129,海淀,紫竹桥,101121600889,外文局央产房 满五年楼龄新 可公积金贷款随时看房,870万,90240元/平,顶层 (共6层) | 1999年 | 2室2厅 | 96.41平米 | 南 北,https://ke-image.ljcdn.com/110000-inspection/pc1_IjVJTbdL4.jpg!m_fill,w_280,h_210,f_jpg?from=ke.com
20231129,海淀,紫竹桥,101121562977,昌运宫钓鱼台单位 东南向两居室 满五年 唯一住房,399万,68346元/平,地下室 (共13层) | 1994年 | 2室1厅 | 58.38平米 | 东南,https://ke-image.ljcdn.com/110000-inspection/pc1_EbZfd9763_2.jpg!m_fill,w_280,h_210,f_jpg?from=ke.com
20231129,海淀,紫竹桥,101121548797,近地铁七贤村低楼层南北通透田字格三居,820万,110216元/平,底层 (共6层) 3室1厅 | 74.4平米 | 南 北,https://ke-image.ljcdn.com/110000-inspection/pc1_uMsZg7CEO.jpg!m_fill,w_280,h_210,f_jpg?from=ke.com
20231129,海淀,紫竹桥,101121546547,紫竹花园精装大客厅落地窗两居室,1020万,90853元/平,中楼层 (共23层) 2室2厅 | 112.27平米 | 北,https://ke-image.ljcdn.com/110000-inspection/pc1_hhw16vUFd_2.jpg!m_fill,w_280,h_210,f_jpg?from=ke.com
20231129,海淀,紫竹桥,101121539664,紫竹院南路20号院 3室1厅 南 北,649万,107629元/平,底层 (共5层) 3室1厅 | 60.3平米 | 南 北,https://ke-image.ljcdn.com/110000-inspection/pc1_hf4zybLNg.jpg!m_fill,w_280,h_210,f_jpg?from=ke.com
20231129,海淀,紫竹桥,101121522421,水岸名居 昆玉河畔 低密板楼洋房 南北通透大平层,2570万,124843元/平,高楼层 (共10层) 4室2厅 | 205.86平米 | 南 北,https://ke-image.ljcdn.com/110000-inspection/pc1_HoSxJE86J_1.jpg!m_fill,w_280,h_210,f_jpg?from=ke.com
20231129,海淀,紫竹桥,101121499100,08年慈寿寺地铁和水系边东南北精装三居室 有车位,2160万,122083元/平,低楼层 (共21层) | 2008年 | 3室2厅 | 176.93平米 | 东南 北,https://ke-image.ljcdn.com/110000-inspection/pc1_J9BQU39fD_2.jpg!m_fill,w_280,h_210,f_jpg?from=ke.com
20231129,海淀,紫竹桥,101121498917,中海雅园 复式 视野好 采光充足 无遮挡 精装修,2450万,99002元/平,高楼层 (共18层) 4室3厅 | 247.47平米 | 东 南,https://ke-image.ljcdn.com/110000-inspection/3e1fd76c-60e2-4c20-a0fc-f7769c4ed3f9_1000.jpg!m_fill,w_280,h_210,f_jpg?from=ke.com
20231129,海淀,紫竹桥,101121498181,富丽小区2000年社区楼龄新停车方便,1119万,124805元/平,底层 (共7层) | 1999年 | 2室2厅 | 89.66平米 | 东南,https://ke-image.ljcdn.com/110000-inspection/pc1_EGiioKJHG_2.jpg!m_fill,w_280,h_210,f_jpg?from=ke.com
20231129,海淀,紫竹桥,101121490170,七贤村 2室1厅 南 北,580万,100347元/平,中楼层 (共6层) | 1990年 | 2室1厅 | 57.8平米 | 南 北,https://ke-image.ljcdn.com/110000-inspection/pc1_kzcRvda7a.jpg!m_fill,w_280,h_210,f_jpg?from=ke.com
20231129,海淀,紫竹桥,101121483035,紫竹院公园 广源闸 东向两居 采光好 不临街,569万,102634元/平,中楼层 (共6层) | 1982年 | 2室1厅 | 55.44平米 | 东,https://ke-image.ljcdn.com/110000-inspection/12aa8d2d-4ca0-4ede-95f0-6cfc062143c4_1000.jpg!m_fill,w_280,h_210,f_jpg?from=ke.com
20231129,海淀,紫竹桥,101121482682,西三环高品质小区 不临街 前后观景 南北通透 中高楼层,2000万,112360元/平,高楼层 (共15层) | 2004年 | 3室2厅 | 178平米 | 南 北,https://ke-image.ljcdn.com/110000-inspection/pc1_Kuq9Z0GHf_2.jpg!m_fill,w_280,h_210,f_jpg?from=ke.com
20231129,海淀,紫竹桥,101121477330,北洼西里西北向小两居户型方正。,485万,96231元/平,低楼层 (共6层) | 1985年 | 2室1厅 | 50.4平米 | 西北,https://ke-image.ljcdn.com/110000-inspection/pc1_GB8DMW5Fn.jpg!m_fill,w_280,h_210,f_jpg?from=ke.com
20231129,海淀,紫竹桥,101121443691,华澳中心 高层东南向两居 满五年唯一 万科物业 环境好,1265万,89514元/平,中楼层 (共22层) | 1997年 | 2室1厅 | 141.32平米 | 东南,https://ke-image.ljcdn.com/110000-inspection/pc1_u9RBb9fnq_1.jpg!m_fill,w_280,h_210,f_jpg?from=ke.com
20231129,海淀,紫竹桥,101121436773,车道沟10号院精装修全南向两居室采光好！,606万,118129元/平,底层 (共5层) | 1979年 | 2室1厅 | 51.3平米 | 南,https://ke-image.ljcdn.com/110000-inspection/953a6477-b859-4bc9-b7ae-817983337122_1000.jpg!m_fill,w_280,h_210,f_jpg?from=ke.com
20231129,海淀,紫竹桥,101121423856,紫竹桥 中海雅园 高层两居 不临街 明卫 观景视野好,1250万,101190元/平,高楼层 (共19层) | 2000年 | 2室2厅 | 123.53平米 | 南 西,https://ke-image.ljcdn.com/110000-inspection/prod-3df6980d-b219-472b-918b-bd96f4a9ed8a.jpg!m_fill,w_280,h_210,f_jpg?from=ke.com
20231129,海淀,紫竹桥,101121418096,花园桥优质三居室  中间层 停车方便 3环内,650万,95448元/平,中楼层 (共6层) | 1993年 | 3室1厅 | 68.1平米 | 东 西,https://ke-image.ljcdn.com/110000-inspection/pc1_pXTIPfV1E.jpg!m_fill,w_280,h_210,f_jpg?from=ke.com
20231129,海淀,紫竹桥,101121390742,富丽小区2000年小区楼龄新停车方便,1260万,115375元/平,中楼层 (共18层) | 1999年 | 2室1厅 | 109.21平米 | 南,https://ke-image.ljcdn.com/110000-inspection/pc1_YBqIj0IoL_2.jpg!m_fill,w_280,h_210,f_jpg?from=ke.com
20231129,海淀,紫竹桥,101121373836,紫竹院满五年唯一公采光好临紫竹院公园,425万,87269元/平,低楼层 (共16层) | 1983年 | 1室1厅 | 48.7平米 | 南,https://ke-image.ljcdn.com/110000-inspection/pc1_HY4wrcrc1.jpg!m_fill,w_280,h_210,f_jpg?from=ke.com
20231129,海淀,紫竹桥,101121367325,七贤村南北向两居电梯直达中行宿舍管理好房主自荐,698万,105121元/平,顶层 (共11层) 2室1厅 | 66.4平米 | 南 北,https://ke-image.ljcdn.com/110000-inspection/pc1_W31IgcjWW_2.jpg!m_fill,w_280,h_210,f_jpg?from=ke.com
20231129,海淀,紫竹桥,101121364950,北京气象局宿舍 车道沟桥 满五唯一,745万,94640元/平,中楼层 (共6层) | 1995年 | 3室1厅 | 78.72平米 | 东南,https://ke-image.ljcdn.com/110000-inspection/pc1_szlwrrP2A.jpg!m_fill,w_280,h_210,f_jpg?from=ke.com
20231129,海淀,紫竹桥,101121345131,海淀北洼东里正规两居室。满五年唯一的随时可看。房主自荐,798万,97211元/平,低楼层 (共18层) | 1999年 | 2室1厅 | 82.09平米 | 东 北,https://ke-image.ljcdn.com/110000-inspection/pc1_fxY7Q2mT9.jpg!m_fill,w_280,h_210,f_jpg?from=ke.com
20231129,海淀,紫竹桥,101121332416,紫竹院公园 新楼龄 双卫 有电梯 正在改造 可贷款房主自荐,1135万,103210元/平,顶层 (共6层) | 1999年 | 3室1厅 | 109.97平米 | 南,https://ke-image.ljcdn.com/110000-inspection/b2126bf5-0315-4039-9c5b-1d35c15080d7_1000.jpg!m_fill,w_280,h_210,f_jpg?from=ke.com
20231129,海淀,紫竹桥,101121298465,满五唯一观河一梯两户改善住宅 低密度,1988万,94911元/平,低楼层 (共7层) 5室1厅 | 209.46平米 | 西 东,https://ke-image.ljcdn.com/110000-inspection/32edcec8-057b-4d4d-84cd-0c7f47146789_1000.jpg!m_fill,w_280,h_210,f_jpg?from=ke.com
20231129,海淀,紫竹桥,101121296288,车道沟南里正规大两居 看房方便 高楼层视野好 采光好,710万,105813元/平,中楼层 (共21层) 2室1厅 | 67.1平米 | 西南 北,https://ke-image.ljcdn.com/110000-inspection/pc1_WGWcjniqV.jpg!m_fill,w_280,h_210,f_jpg?from=ke.com
20231129,海淀,紫竹桥,101121293369,人济山庄二期 眼睛户型 装修好 紫竹院公园 户型好,1769万,114953元/平,中楼层 (共26层) | 2003年 | 3室2厅 | 153.89平米 | 西南,https://ke-image.ljcdn.com/110000-inspection/pc1_WpuCCXypc_1.jpg!m_fill,w_280,h_210,f_jpg?from=ke.com
20231129,海淀,紫竹桥,101121293278,人济山庄二期 4号楼 东南观湖大平层 观全景紫竹院公园,3049万,120476元/平,中楼层 (共26层) 4室2厅 | 253.08平米 | 东南,https://ke-image.ljcdn.com/110000-inspection/pc1_rnUWz8lrJ.jpg!m_fill,w_280,h_210,f_jpg?from=ke.com
20231129,海淀,紫竹桥,101121286003,华澳西南2居室 满五年唯一精装修 无户口,1265万,89514元/平,中楼层 (共22层) | 1997年 | 2室2厅 | 141.32平米 | 西南,https://ke-image.ljcdn.com/110000-inspection/4edf8c0d-623d-4120-b740-96c299e5ab44_1000.jpg!m_fill,w_280,h_210,f_jpg?from=ke.com
20231129,海淀,紫竹桥,101121282701,酱油厂宿舍楼 2室1厅 南 北 东,620万,101407元/平,中楼层 (共5层) | 1990年 | 2室1厅 | 61.14平米 | 南 北 东,https://ke-image.ljcdn.com/110000-inspection/a14a5b84-ffb4-4f7d-beec-386d5e8dd690_1000.jpg!m_fill,w_280,h_210,f_jpg?from=ke.com
20231129,海淀,紫竹桥,101121279576,满五年唯一只有契税花园桥优质一居室,399万,109616元/平,高楼层 (共6层) 1室1厅 | 36.4平米 | 南,https://ke-image.ljcdn.com/110000-inspection/pc1_PzvRCzjTv_2.jpg!m_fill,w_280,h_210,f_jpg?from=ke.com
20231129,海淀,紫竹桥,101121277537,10号名邸 平层五居室 近地铁,2388万,85399元/平,底层 (共20层) | 2005年 | 5室2厅 | 279.63平米 | 南 北,https://ke-image.ljcdn.com/110000-inspection/c2c4506f-1ac5-40fa-bb7f-5af1269e7047_1000.jpg!m_fill,w_280,h_210,f_jpg?from=ke.com
20231129,海淀,紫竹桥,101121265922,花园桥地铁方正南向一居室业主随时签约。,419万,106076元/平,高楼层 (共6层) 1室1厅 | 39.5平米 | 南,https://ke-image.ljcdn.com/110000-inspection/pc1_cUUIDa268.jpg!m_fill,w_280,h_210,f_jpg?from=ke.com
20231129,海淀,紫竹桥,101121218462,北无宿舍 精装修 可拎包入住 1995年建成 位置安静,670万,103396元/平,低楼层 (共6层) | 1995年 | 2室1厅 | 64.8平米 | 东 西,https://ke-image.ljcdn.com/110000-inspection/pc1_8CDx0G7T2_1.jpg!m_fill,w_280,h_210,f_jpg?from=ke.com
20231129,海淀,紫竹桥,101121200158,南北通透精装两居室诚心出售随时看房签约,680万,111476元/平,顶层 (共5层) | 1986年 | 2室1厅 | 61平米 | 南 北,https://ke-image.ljcdn.com/110000-inspection/72d2d052-4d9c-4aef-8260-17eae8a0884d_1000.jpg!m_fill,w_280,h_210,f_jpg?from=ke.com
20231129,海淀,紫竹桥,101121199326,北洼西里东西通透两居室满五年唯一,490万,89580元/平,顶层 (共6层) | 1985年 | 2室1厅 | 54.7平米 | 东 西,https://ke-image.ljcdn.com/110000-inspection/pc1_KoTcggOuQ.jpg!m_fill,w_280,h_210,f_jpg?from=ke.com
20231129,海淀,紫竹桥,101121196699,车道沟桥 北京气象局宿舍 大两居 不临街,690万,92246元/平,顶层 (共6层) 2室1厅 | 74.8平米 | 东,https://ke-image.ljcdn.com/110000-inspection/pc1_VSxDHykeJ.jpg!m_fill,w_280,h_210,f_jpg?from=ke.com
20231129,海淀,紫竹桥,101121138907,昌运宫社科院 有电梯有客厅两居室,578万,95538元/平,中楼层 (共17层) | 1984年 | 2室1厅 | 60.5平米 | 西北,https://ke-image.ljcdn.com/110000-inspection/pc1_NDn3uIx4i_2.jpg!m_fill,w_280,h_210,f_jpg?from=ke.com
20231129,海淀,紫竹桥,101121099880,满五年唯一 建材局家属院 大面宽 紫竹院公园 楼龄新,1450万,112091元/平,顶层 (共5层) 4室2厅 | 129.36平米 | 南 北,https://ke-image.ljcdn.com/110000-inspection/pc1_W25RBg2v4.jpg!m_fill,w_280,h_210,f_jpg?from=ke.com
20231129,海淀,紫竹桥,101121088031,车公庄西路35号院  外文机关大院 近地铁 满五年房主自荐,635万,105658元/平,顶层 (共6层) | 1985年 | 2室1厅 | 60.1平米 | 南 北,https://ke-image.ljcdn.com/110000-inspection/pc1_xyt2yMvA8.jpg!m_fill,w_280,h_210,f_jpg?from=ke.com
20231129,海淀,紫竹桥,101121085690,车道沟南里 1室1厅 南,515万,93129元/平,底层 (共17层) | 1993年 | 1室1厅 | 55.3平米 | 南,https://ke-image.ljcdn.com/110000-inspection/pc1_ecrT6nFwI.jpg!m_fill,w_280,h_210,f_jpg?from=ke.com
20231129,海淀,紫竹桥,101121085674,世纪新景园满五年04年商品房采光充足视野开阔人车分流,1990万,88923元/平,高楼层 (共15层) | 2004年 | 3室3厅 | 223.79平米 | 南,https://ke-image.ljcdn.com/110000-inspection/pc1_0uvSDNTxW_2.jpg!m_fill,w_280,h_210,f_jpg?from=ke.com
20231129,海淀,紫竹桥,101121081669,房子是满五年唯一物业管理好楼龄新业主诚心出售,1218万,98179元/平,中楼层 (共11层) 3室1厅 | 124.06平米 | 南 北,https://ke-image.ljcdn.com/110000-inspection/47c61ee3-58eb-447e-ad7b-c5c79081ca92_1000.jpg!m_fill,w_280,h_210,f_jpg?from=ke.com
20231129,海淀,紫竹桥,101121074367,三环内+紫竹院公园旁+全明户型三居室+采光好房主自荐,750万,96154元/平,高楼层 (共6层) | 1988年 | 3室1厅 | 78平米 | 东 南 北,https://ke-image.ljcdn.com/110000-inspection/pc1_sm2pEz8eO.jpg!m_fill,w_280,h_210,f_jpg?from=ke.com
20231129,海淀,紫竹桥,101121057724,三虎桥首体宿舍南北精装两居室 看房方便,550万,94828元/平,高楼层 (共6层) | 1988年 | 2室1厅 | 58平米 | 南 北,https://ke-image.ljcdn.com/110000-inspection/pc1_HY8XCdI3t.jpg!m_fill,w_280,h_210,f_jpg?from=ke.com
20231129,海淀,紫竹桥,101121055376,紫竹桥中海雅园 户型方正 高层采光好 朝南三室 明卫,1880万,111979元/平,高楼层 (共18层) 3室2厅 | 167.89平米 | 西南,https://ke-image.ljcdn.com/110000-inspection/8706b89e-bcd1-4260-a60d-41083580b306_1000.jpg!m_fill,w_280,h_210,f_jpg?from=ke.com
20231129,海淀,紫竹桥,101121053318,人济山庄二期 观湖 东北3居室 明厨明卫 全明格局,1998万,129969元/平,顶层 (共26层) | 2003年 | 3室2厅 | 153.73平米 | 东北,https://ke-image.ljcdn.com/110000-inspection/pc1_bsPFy7Fdo.jpg!m_fill,w_280,h_210,f_jpg?from=ke.com
20231129,海淀,紫竹桥,101121051483,三虎桥首体宿舍 南向一居室 业主诚心出售,375万,98685元/平,中楼层 (共6层) | 1988年 | 1室1厅 | 38平米 | 南,https://ke-image.ljcdn.com/110000-inspection/pc1_q1l2menGL.jpg!m_fill,w_280,h_210,f_jpg?from=ke.com
20231129,海淀,紫竹桥,101121049881,华澳中心  高层南向两居  采光好通风好  万科物业,1395万,98888元/平,高楼层 (共22层) | 1997年 | 2室1厅 | 141.07平米 | 南 西,https://ke-image.ljcdn.com/110000-inspection/pc1_0gbn4f3Tl_1.jpg!m_fill,w_280,h_210,f_jpg?from=ke.com
20231129,海淀,紫竹桥,101121009562,三虎桥南路 通透两居室 随时能看 随时配合签约,510万,89821元/平,中楼层 (共5层) 2室1厅 | 56.78平米 | 东 西,https://ke-image.ljcdn.com/110000-inspection/pc1_kxu33pX4c.jpg!m_fill,w_280,h_210,f_jpg?from=ke.com
20231129,海淀,紫竹桥,101121005719,车道沟南里 2室1厅 东北,585万,91982元/平,底层 (共17层) | 1993年 | 2室1厅 | 63.6平米 | 东北,https://ke-image.ljcdn.com/110000-inspection/pc1_skSsJL927.jpg!m_fill,w_280,h_210,f_jpg?from=ke.com
20231129,海淀,紫竹桥,101120999269,主语城新上西南两居室双卫设计。满五唯一权属清晰,1900万,152330元/平,中楼层 (共18层) 2室1厅 | 124.73平米 | 西南,https://ke-image.ljcdn.com/110000-inspection/pc1_cpF7l8N0S.jpg!m_fill,w_280,h_210,f_jpg?from=ke.com
20231129,海淀,紫竹桥,101120988726,紫竹桥 中海雅园 全明格局三居室 诚心出售,1499万,97193元/平,低楼层 (共19层) | 2000年 | 3室2厅 | 154.23平米 | 西南 北,https://ke-image.ljcdn.com/110000-inspection/pc1_sDsJxN6Ue.jpg!m_fill,w_280,h_210,f_jpg?from=ke.com
20231129,海淀,紫竹桥,101120983937,满五唯一商品房高楼层视野好采光好配套齐全,1900万,62461元/平,高楼层 (共19层) 4室2厅 | 304.19平米 | 南 西,https://ke-image.ljcdn.com/110000-inspection/pc1_lnIoL8cyZ_1.jpg!m_fill,w_280,h_210,f_jpg?from=ke.com
20231129,海淀,紫竹桥,101120976453,紫竹桥 万景公寓 户型好 格局好利用,899万,75674元/平,中楼层 (共19层) | 2000年 | 2室1厅 | 118.8平米 | 西北,https://ke-image.ljcdn.com/110000-inspection/pc1_OK8shEZRb.jpg!m_fill,w_280,h_210,f_jpg?from=ke.com
20231129,海淀,紫竹桥,101120964652,紫竹桥华澳中心二期南北复式满2年交易只有契税,1350万,50990元/平,中楼层 (共19层) | 2000年 | 3室3厅 | 264.76平米 | 南 北,https://ke-image.ljcdn.com/110000-inspection/301c7cd4-9bb3-43bb-a89c-904ec397ad59_1000.jpg!m_fill,w_280,h_210,f_jpg?from=ke.com
20231129,海淀,紫竹桥,101120951511,北洼东里 精装修两居室 业主诚心出售房主自荐,505万,95808元/平,高楼层 (共18层) 2室1厅 | 52.71平米 | 南,https://ke-image.ljcdn.com/110000-inspection/pc1_LdxPOX8Ou.jpg!m_fill,w_280,h_210,f_jpg?from=ke.com
20231129,海淀,紫竹桥,101120919445,紫竹桥 车道沟 南北两居满五年 临公交地铁 诚心出售,500万,92082元/平,顶层 (共5层) | 1981年 | 2室1厅 | 54.3平米 | 南 北,https://ke-image.ljcdn.com/110000-inspection/pc1_z8wXv7gpx.jpg!m_fill,w_280,h_210,f_jpg?from=ke.com
20231129,海淀,紫竹桥,101120919226,紫竹桥地铁10号线新上一居室带电梯购房成本低,499万,93098元/平,低楼层 (共15层) 1室1厅 | 53.6平米 | 东南,https://ke-image.ljcdn.com/110000-inspection/pc1_5imzXxerh_2.jpg!m_fill,w_280,h_210,f_jpg?from=ke.com
20231129,海淀,紫竹桥,101120909696,本房满五年唯一南向一居室电梯房业主诚售房主自荐,418万,96984元/平,低楼层 (共16层) 1室1厅 | 43.1平米 | 南,https://ke-image.ljcdn.com/110000-inspection/pc1_n7Y02i2U8.jpg!m_fill,w_280,h_210,f_jpg?from=ke.com
20231129,海淀,紫竹桥,101120908559,七贤村 2室1厅 南,630万,111703元/平,顶层 (共6层) | 1985年 | 2室1厅 | 56.4平米 | 南,https://ke-image.ljcdn.com/110000-inspection/pc1_Edc7lYF5K.jpg!m_fill,w_280,h_210,f_jpg?from=ke.com
20231129,海淀,紫竹桥,101120870380,嘉慧苑 3室2厅 东 西,1350万,49798元/平,低楼层 (共19层) | 2000年 | 3室2厅 | 271.1平米 | 东 西,https://ke-image.ljcdn.com/110000-inspection/f4eb85c7-5d56-4707-a526-21e610176ad6_1000.jpg!m_fill,w_280,h_210,f_jpg?from=ke.com
20231129,海淀,紫竹桥,101120868538,紫竹桥 北洼西里 精装东南三居室 诚心出售房主自荐,1268万,102507元/平,中楼层 (共18层) 3室2厅 | 123.7平米 | 东南,https://ke-image.ljcdn.com/110000-inspection/pc1_rRUTqxhH0.jpg!m_fill,w_280,h_210,f_jpg?from=ke.com
20231129,海淀,紫竹桥,101120857797,紫竹院小区全南三居满五唯一随时签约,749万,85895元/平,中楼层 (共16层) 3室1厅 | 87.2平米 | 南,https://ke-image.ljcdn.com/110000-inspection/pc1_3v4Ndns5l.jpg!m_fill,w_280,h_210,f_jpg?from=ke.com
20231129,海淀,紫竹桥,101120831450,西三环北路50号院满五唯一商品房,710万,84959元/平,低楼层 (共22层) | 2002年 | 2室1厅 | 83.57平米 | 西南,https://ke-image.ljcdn.com/110000-inspection/pc1_hJuth0WEn_2.jpg!m_fill,w_280,h_210,f_jpg?from=ke.com
20231129,海淀,紫竹桥,101120830990,满五年唯一南北明厨明卫高层采光好地铁双轨道,3350万,154606元/平,高楼层 (共17层) 3室1厅 | 216.68平米 | 南 北,https://ke-image.ljcdn.com/110000-inspection/pc1_fB9cNsGWl.jpg!m_fill,w_280,h_210,f_jpg?from=ke.com
20231129,海淀,紫竹桥,101120824419,西三环紫竹桥精装修2居室 全明格局 电梯房中间层,558万,87736元/平,中楼层 (共17层) | 1988年 | 2室1厅 | 63.6平米 | 东北,https://ke-image.ljcdn.com/110000-inspection/pc1_MY5Tieg1L_2.jpg!m_fill,w_280,h_210,f_jpg?from=ke.com
20231129,海淀,紫竹桥,101120793286,紫竹花园 开盘以来第一次出售 大景观阳台俯瞰北京城,2500万,86656元/平,高楼层 (共25层) 5室2厅 | 288.5平米 | 东 南,https://ke-image.ljcdn.com/110000-inspection/pc1_uwv5Wv1G0_1.jpg!m_fill,w_280,h_210,f_jpg?from=ke.com
20231129,海淀,紫竹桥,101120781912,财智公馆 3室1厅 东 西,870万,79293元/平,高楼层 (共17层) 3室1厅 | 109.72平米 | 东 西,https://ke-image.ljcdn.com/110000-inspection/pc1_Ww3C85NVH_2.jpg!m_fill,w_280,h_210,f_jpg?from=ke.com
20231129,海淀,紫竹桥,101120744554,华澳中心二期 满五年唯一住房 南北错层复式,1350万,50990元/平,低楼层 (共19层) | 2000年 | 3室2厅 | 264.76平米 | 南 北,https://ke-image.ljcdn.com/110000-inspection/pc1_VgPLLhDb7_1.jpg!m_fill,w_280,h_210,f_jpg?from=ke.com
20231129,海淀,紫竹桥,101120709339,华澳中心二期新上南北高层大三居 采光充足 通风好,1315万,48391元/平,高楼层 (共19层) | 2000年 | 4室2厅 | 271.75平米 | 南 北,https://ke-image.ljcdn.com/110000-inspection/pc1_BNJaDCwrb_1.jpg!m_fill,w_280,h_210,f_jpg?from=ke.com
20231129,海淀,紫竹桥,101120693559,三虎桥南路8号院  南向精装一居室中间层,420万,107417元/平,中楼层 (共5层) | 1985年 | 1室1厅 | 39.1平米 | 南,https://ke-image.ljcdn.com/110000-inspection/pc1_agh9mYu8e.jpg!m_fill,w_280,h_210,f_jpg?from=ke.com
20231129,海淀,紫竹桥,101120685035,北洼路28号院 双南向精装修大客厅2居,910万,81520元/平,中楼层 (共18层) | 1996年 | 2室2厅 | 111.63平米 | 东南,https://ke-image.ljcdn.com/110000-inspection/pc1_jVSHaToiy.jpg!m_fill,w_280,h_210,f_jpg?from=ke.com
20231129,海淀,紫竹桥,101120661892,紫竹桥 1998年楼龄精装修双卧朝南带客厅朝西,795万,98270元/平,低楼层 (共18层) | 1998年 | 2室1厅 | 80.9平米 | 西南,https://ke-image.ljcdn.com/110000-inspection/pc1_pFlaAke5r.jpg!m_fill,w_280,h_210,f_jpg?from=ke.com
20231129,海淀,紫竹桥,101120659243,人济山庄 A座 东南向观景复式,4850万,140247元/平,低楼层 (共26层) 5室3厅 | 345.82平米 | 东 南,https://ke-image.ljcdn.com/110000-inspection/pc1_NtMKlEBNm.jpg!m_fill,w_280,h_210,f_jpg?from=ke.com
20231129,海淀,紫竹桥,101120655379,汇景阁 精装修三居室 下楼就是南长河公园,1850万,100022元/平,中楼层 (共21层) | 1999年 | 3室1厅 | 184.96平米 | 东 西,https://ke-image.ljcdn.com/110000-inspection/pc1_cIXtmV9hv_1.jpg!m_fill,w_280,h_210,f_jpg?from=ke.com
20231129,海淀,紫竹桥,101120654099,美林花园 五居复式采光充足 户型方正,2050万,80029元/平,底层 (共25层) | 2000年 | 5室2厅 | 256.16平米 | 西,https://ke-image.ljcdn.com/110000-inspection/f492d44f-755c-4c30-8ba8-20e74d945c51_1000.jpg!m_fill,w_280,h_210,f_jpg?from=ke.com
20231129,海淀,紫竹桥,101120643545,紫竹桥中海雅园全明格局三室两厅两卫带保姆间,1500万,97258元/平,中楼层 (共19层) 3室2厅 | 154.23平米 | 东南 北,https://ke-image.ljcdn.com/110000-inspection/pc1_Hwk1kvpxc.jpg!m_fill,w_280,h_210,f_jpg?from=ke.com
20231129,海淀,紫竹桥,101120635042,气象西苑满五年唯一四室两卫明厨明卫看房方便房主自荐,1330万,94777元/平,底层 (共18层) 4室1厅 | 140.33平米 | 东北,https://ke-image.ljcdn.com/110000-inspection/pc1_s43Aq1OgY.jpg!m_fill,w_280,h_210,f_jpg?from=ke.com
20231129,海淀,紫竹桥,101120630560,世纪新景  南向复式 采光视野好 前后不临街 诚心出售,1900万,84902元/平,高楼层 (共21层) 4室3厅 | 223.79平米 | 南,https://ke-image.ljcdn.com/110000-inspection/pc1_Lhp8eaaoh.jpg!m_fill,w_280,h_210,f_jpg?from=ke.com
20231129,海淀,紫竹桥,101120571351,车道沟东路4号院 正规客厅两居室,636万,98149元/平,顶层 (共6层) | 1994年 | 2室1厅 | 64.8平米 | 东 西,https://ke-image.ljcdn.com/110000-inspection/pc1_bjXypx1mw_1.jpg!m_fill,w_280,h_210,f_jpg?from=ke.com
20231129,海淀,紫竹桥,101120550371,满五年唯一 仅有契税 人车分流 双卫 视野采光好,1620万,90291元/平,中楼层 (共25层) | 2001年 | 4室1厅 | 179.42平米 | 东 北,https://ke-image.ljcdn.com/110000-inspection/pc1_lCzCclfqJ_2.jpg!m_fill,w_280,h_210,f_jpg?from=ke.com
20231129,海淀,紫竹桥,101120521877,中海紫金苑 品质之选 安静三居,3100万,137011元/平,低楼层 (共13层) 4室1厅 | 226.26平米 | 南 北,https://ke-image.ljcdn.com/110000-inspection/pc1_gPZ45RuZl.jpg!m_fill,w_280,h_210,f_jpg?from=ke.com
20231129,海淀,紫竹桥,101120487772,三虎桥南路 国开行家属院 大客厅两居室,880万,88800元/平,低楼层 (共6层) | 1997年 | 2室1厅 | 99.1平米 | 东 西,https://ke-image.ljcdn.com/110000-inspection/pc1_USjb7J0Em.jpg!m_fill,w_280,h_210,f_jpg?from=ke.com
20231129,海淀,紫竹桥,101120483925,中海雅园 明厨明卫  17年装修,1328万,107340元/平,低楼层 (共10层) | 1999年 | 2室2厅 | 123.72平米 | 东南 南,https://ke-image.ljcdn.com/110000-inspection/pc1_pJNKYuY2l.jpg!m_fill,w_280,h_210,f_jpg?from=ke.com
20231129,海淀,紫竹桥,101120464857,三环边单价四万多 大平层万科物业 管理好 交通便利,1260万,51393元/平,中楼层 (共19层) | 2000年 | 3室1厅 | 245.17平米 | 东,https://ke-image.ljcdn.com/110000-inspection/pc1_kV4Ri0ewq_1.jpg!m_fill,w_280,h_210,f_jpg?from=ke.com
20231129,海淀,紫竹桥,101120457063,北洼路1998年小区精装修满五年唯一带客厅二居室,768万,101857元/平,中楼层 (共18层) | 1998年 | 2室1厅 | 75.4平米 | 东南,https://ke-image.ljcdn.com/110000-inspection/e4704341-6717-479c-a546-ad03cb674e30_1000.jpg!m_fill,w_280,h_210,f_jpg?from=ke.com
20231129,海淀,紫竹桥,101120431979,北洼路财政部宿舍户型方正高层满五年唯一二居室,628万,107812元/平,中楼层 (共18层) 2室1厅 | 58.25平米 | 西北,https://ke-image.ljcdn.com/110000-inspection/pc1_Nj3zX7Lxa_2.jpg!m_fill,w_280,h_210,f_jpg?from=ke.com
20231129,海淀,紫竹桥,101120430084,人济山庄 西向一居 价格可谈 紫竹院公园房主自荐,768万,109998元/平,低楼层 (共26层) | 2002年 | 2室1厅 | 69.82平米 | 西,https://ke-image.ljcdn.com/110000-inspection/pc1_IuTqrINb4.jpg!m_fill,w_280,h_210,f_jpg?from=ke.com
20231129,海淀,紫竹桥,101120398668,紫竹花园 南北通透三居室 采光好,1700万,80242元/平,低楼层 (共15层) | 2001年 | 3室1厅 | 211.86平米 | 南 北,https://ke-image.ljcdn.com/110000-inspection/pc1_9dVTaQyeD.jpg!m_fill,w_280,h_210,f_jpg?from=ke.com
20231129,海淀,紫竹桥,101120380638,紫竹花园 高层两居室 诚心出售 随时可签约,880万,75440元/平,高楼层 (共23层) 2室2厅 | 116.65平米 | 东北,https://ke-image.ljcdn.com/110000-inspection/pc1_Y4oEFamy6_2.jpg!m_fill,w_280,h_210,f_jpg?from=ke.com
20231129,海淀,紫竹桥,101120334275,北洼西里东西通透精装修两居室满五年唯一。,479万,86776元/平,顶层 (共6层) | 1985年 | 2室1厅 | 55.2平米 | 东 西,https://ke-image.ljcdn.com/110000-inspection/pc1_zyZDnxVeP.jpg!m_fill,w_280,h_210,f_jpg?from=ke.com
20231129,海淀,紫竹桥,101120291515,南北通透一居室楼层好价格可谈房主自荐,369万,97620元/平,低楼层 (共6层) | 1988年 | 1室1厅 | 37.8平米 | 南 北,https://ke-image.ljcdn.com/110000-inspection/pc1_v4PQ02jXN.jpg!m_fill,w_280,h_210,f_jpg?from=ke.com
20231129,海淀,紫竹桥,101120254502,西三环 紫竹院公园 东南四居室 大平层 全景紫竹院公园,2888万,114115元/平,中楼层 (共26层) | 2003年 | 4室2厅 | 253.08平米 | 东南,https://ke-image.ljcdn.com/110000-inspection/pc1_q3sm0lsco.jpg!m_fill,w_280,h_210,f_jpg?from=ke.com
20231129,海淀,紫竹桥,101120123563,车道沟东里精装两居高层南向视野好1号楼交通便利,635万,101276元/平,顶层 (共16层) | 1986年 | 2室1厅 | 62.7平米 | 南,https://ke-image.ljcdn.com/110000-inspection/3d656e1a-cea9-4cad-b3bb-34574c3fa8c0_1000.jpg!m_fill,w_280,h_210,f_jpg?from=ke.com
20231129,海淀,紫竹桥,101120070887,紫竹桥 中海雅园中区三居室  装修好 诚心出售房主自荐,1399万,121305元/平,中楼层 (共10层) | 1999年 | 3室2厅 | 115.33平米 | 西南 北,https://ke-image.ljcdn.com/110000-inspection/9ec517b0-6424-4d8c-bc71-15365b6bad05_1000.jpg!m_fill,w_280,h_210,f_jpg?from=ke.com
20231129,海淀,紫竹桥,101120067640,紫竹桥 中海雅园 精装修两居室 诚心出售 带固定车位,1170万,113814元/平,低楼层 (共19层) 2室1厅 | 102.8平米 | 西南,https://ke-image.ljcdn.com/110000-inspection/pc1_A7xK0wqHH_2.jpg!m_fill,w_280,h_210,f_jpg?from=ke.com
20231129,海淀,紫竹桥,101120038339,此房带电梯精装修拎包可以入住楼层高采光棒,468万,86507元/平,顶层 (共16层) | 1987年 | 1室1厅 | 54.1平米 | 东南,https://ke-image.ljcdn.com/110000-inspection/pc1_liGGpvLGw.jpg!m_fill,w_280,h_210,f_jpg?from=ke.com
20231129,海淀,紫竹桥,101120038225,美林花园南向大三居 位置安静 采光充足 视野开阔,2088万,103592元/平,中楼层 (共25层) | 2000年 | 3室2厅 | 201.56平米 | 西南,https://ke-image.ljcdn.com/110000-inspection/pc1_tyoRvMQME_1.jpg!m_fill,w_280,h_210,f_jpg?from=ke.com
20231129,海淀,紫竹桥,101119990767,华澳中心二期 把边全明户型 位置安静 使用面积大,1450万,52720元/平,低楼层 (共19层) | 2000年 | 3室2厅 | 275.04平米 | 东 西 北,https://ke-image.ljcdn.com/110000-inspection/pc1_dGEXtEr7P_1.jpg!m_fill,w_280,h_210,f_jpg?from=ke.com
20231129,海淀,紫竹桥,101119948631,华澳中心二期 东南向平层大四居 阳光充足,1650万,52125元/平,顶层 (共19层) | 2000年 | 4室2厅 | 316.55平米 | 南 北,https://ke-image.ljcdn.com/110000-inspection/pc1_O1bm78Vk2_1.jpg!m_fill,w_280,h_210,f_jpg?from=ke.com
20231129,海淀,紫竹桥,101119902185,紫竹花园 精装修两居室 人车分流 交通便捷,1220万,108667元/平,低楼层 (共23层) | 2000年 | 2室2厅 | 112.27平米 | 东北,https://ke-image.ljcdn.com/110000-inspection/pc1_XxJCAGLsr_2.jpg!m_fill,w_280,h_210,f_jpg?from=ke.com
20231129,海淀,紫竹桥,101119870285,三虎桥南路12号 南向一居室 小区中间 中间楼层,445万,110973元/平,中楼层 (共5层) 1室1厅 | 40.1平米 | 南,https://ke-image.ljcdn.com/110000-inspection/pc1_FtCKhnggs.jpg!m_fill,w_280,h_210,f_jpg?from=ke.com
20231129,海淀,紫竹桥,101119822401,三虎桥南路6号院 有钥匙两居 看房随时,880万,86581元/平,高楼层 (共6层) | 1997年 | 2室1厅 | 101.64平米 | 西北,https://ke-image.ljcdn.com/110000-inspection/pc1_FdPorToRq.jpg!m_fill,w_280,h_210,f_jpg?from=ke.com
20231129,海淀,紫竹桥,101119725206,西三环北路50号院  精装修  室内带电梯  看房随时,2600万,94036元/平,顶层 (共20层) 5室2厅 | 276.49平米 | 西南,https://ke-image.ljcdn.com/110000-inspection/pc1_aOFhwvPB1.jpg!m_fill,w_280,h_210,f_jpg?from=ke.com
20231129,海淀,紫竹桥,101119670806,世纪新景 南北通透边户型 位置安静！,1950万,109563元/平,高楼层 (共11层) | 2004年 | 4室2厅 | 177.98平米 | 南 北,https://ke-image.ljcdn.com/110000-inspection/a51908d1-6115-4c2a-9c34-010527f8272d_1000.jpg!m_fill,w_280,h_210,f_jpg?from=ke.com
20231129,海淀,紫竹桥,101119656893,中海雅园 户型方正 装修好 中区一层苑,1200万,103771元/平,底层 (共10层) | 2000年 | 2室1厅 | 115.64平米 | 西南 南,https://ke-image.ljcdn.com/110000-inspection/pc1_nVzwX40nQ_2.jpg!m_fill,w_280,h_210,f_jpg?from=ke.com
20231129,海淀,紫竹桥,101119643705,中间楼层 精装修 无遮挡观景三居 小区管理好,2198万,123943元/平,中楼层 (共21层) 3室2厅 | 177.34平米 | 东南 西,https://ke-image.ljcdn.com/110000-inspection/pc1_2Xs4lDglD.jpg!m_fill,w_280,h_210,f_jpg?from=ke.com
20231129,海淀,紫竹桥,101119597415,中海雅园方正三居室两个卫生间有通透效果,1750万,107126元/平,低楼层 (共16层) 3室2厅 | 163.36平米 | 西南 北,https://ke-image.ljcdn.com/110000-inspection/pc1_k6PYOUetx.jpg!m_fill,w_280,h_210,f_jpg?from=ke.com
20231129,海淀,紫竹桥,101119435421,北洼路环保局宿舍南北通透采光充足有车位,585万,92418元/平,顶层 (共6层) 2室1厅 | 63.3平米 | 南 北,https://ke-image.ljcdn.com/110000-inspection/pc1_61LtsTqPL.jpg!m_fill,w_280,h_210,f_jpg?from=ke.com
20231129,海淀,紫竹桥,101119400368,西三环北路50号院  高层南向  采光视野好,939万,98905元/平,高楼层 (共20层) 2室1厅 | 94.94平米 | 南,https://ke-image.ljcdn.com/110000-inspection/pc1_7PiLdGU5b.jpg!m_fill,w_280,h_210,f_jpg?from=ke.com
20231129,海淀,紫竹桥,101119381186,西三环里 紫竹桥 昌运宫 电梯房两居室,588万,92019元/平,低楼层 (共16层) | 1984年 | 2室1厅 | 63.9平米 | 东北,https://ke-image.ljcdn.com/110000-inspection/pc1_ycQ81HIi4.jpg!m_fill,w_280,h_210,f_jpg?from=ke.com
20231129,海淀,紫竹桥,101119302315,万科物业 全明格局 高层直观北侧南长河公园 西山美景,890万,83163元/平,中楼层 (共22层) | 1997年 | 2室1厅 | 107.02平米 | 西北,https://ke-image.ljcdn.com/110000-inspection/pc1_XmUc8kcTH_1.jpg!m_fill,w_280,h_210,f_jpg?from=ke.com
20231129,海淀,紫竹桥,101119294490,西三环紫竹桥美林花园精装观景高层大两居 楼下是公园,1450万,123373元/平,高楼层 (共25层) | 2000年 | 2室2厅 | 117.53平米 | 西,https://ke-image.ljcdn.com/110000-inspection/7f518bf8-725a-48b0-a56d-7d63a0f8b1e5_1000.jpg!m_fill,w_280,h_210,f_jpg?from=ke.com
20231129,海淀,紫竹桥,101119269418,紫竹院98号院 正规两居  满五年唯一  采光棒  户型好,520万,101168元/平,顶层 (共5层) | 1994年 | 2室1厅 | 51.4平米 | 南,https://ke-image.ljcdn.com/110000-inspection/pc1_1HickOqx5_2.jpg!m_fill,w_280,h_210,f_jpg?from=ke.com
20231129,海淀,紫竹桥,101119179377,紫竹桥 1998年楼龄 正规三居室带大客厅 户型方正,1060万,85692元/平,低楼层 (共18层) 3室2厅 | 123.7平米 | 东南,https://ke-image.ljcdn.com/110000-inspection/pc1_KE9TK6pEI.jpg!m_fill,w_280,h_210,f_jpg?from=ke.com
20231129,海淀,紫竹桥,101119142002,紫竹花园精装大三居 高层观景 随时看房,1450万,89089元/平,中楼层 (共23层) 3室2厅 | 162.76平米 | 西,https://ke-image.ljcdn.com/110000-inspection/pc1_qq4Z04K41.jpg!m_fill,w_280,h_210,f_jpg?from=ke.com
20231129,海淀,紫竹桥,101119128674,西南北向复式四居室业主诚心出售,2490万,100765元/平,顶层 (共10层) 4室3厅 | 247.11平米 | 南 西北,https://ke-image.ljcdn.com/110000-inspection/pc1_jk63j5jPR_2.jpg!m_fill,w_280,h_210,f_jpg?from=ke.com
20231129,海淀,紫竹桥,101119109248,白石桥 精装两居  全明户型 双阳台,670万,99260元/平,高楼层 (共6层) | 1985年 | 2室1厅 | 67.5平米 | 东 西,https://ke-image.ljcdn.com/110000-inspection/pc1_df5IExrBu_2.jpg!m_fill,w_280,h_210,f_jpg?from=ke.com
20231129,海淀,紫竹桥,101119092079,华澳中心婚房精装高层低价小户型 满五年唯一有车位,920万,85966元/平,中楼层 (共22层) | 1997年 | 2室1厅 | 107.02平米 | 东北,https://ke-image.ljcdn.com/110000-inspection/19a299a0-89da-425a-8e63-79e915d099f4_1000.jpg!m_fill,w_280,h_210,f_jpg?from=ke.com
20231129,海淀,紫竹桥,101118980881,北无宿舍 2室1厅 南 北,328万,59855元/平,地下室 (共6层) 2室1厅 | 54.8平米 | 南 北,https://ke-image.ljcdn.com/110000-inspection/pc1_s64JBU13b.jpg!m_fill,w_280,h_210,f_jpg?from=ke.com
20231129,海淀,紫竹桥,101118965509,三环内 主语城 联排别墅 70年产权 住宅 四居室,4000万,136408元/平,地下室 (共2层) 4室2厅 | 293.24平米 | 东 西,https://ke-image.ljcdn.com/110000-inspection/pc1_0PDk8Qs9J.jpg!m_fill,w_280,h_210,f_jpg?from=ke.com
20231129,海淀,紫竹桥,101118851401,三虎桥南路9号 一层两居室 全体无遮挡 靠谱卖,560万,107178元/平,底层 (共5层) 2室1厅 | 52.25平米 | 东 南 西,https://ke-image.ljcdn.com/110000-inspection/pc1_HGYWmydit.jpg!m_fill,w_280,h_210,f_jpg?from=ke.com
20231129,海淀,紫竹桥,101118820765,电车场紫竹院宿舍  南北通透中间层三居室 诚心卖,608万,96508元/平,中楼层 (共6层) | 1987年 | 3室1厅 | 63平米 | 东 南 北,https://ke-image.ljcdn.com/110000-inspection/pc1_ApOJRQmA4.jpg!m_fill,w_280,h_210,f_jpg?from=ke.com
20231129,海淀,紫竹桥,101118782098,紫竹花园 南北向复式 有车位 交通方便,2460万,84951元/平,顶层 (共15层) 4室2厅 | 289.58平米 | 南 北,https://ke-image.ljcdn.com/110000-inspection/pc1_T78jaYChe.jpg!m_fill,w_280,h_210,f_jpg?from=ke.com
20231129,海淀,紫竹桥,101118756568,紫竹桥 正规东南两居室高楼层无遮挡不临街采光充足,575万,96477元/平,高楼层 (共17层) | 1987年 | 2室1厅 | 59.6平米 | 东南,https://ke-image.ljcdn.com/110000-inspection/pc1_z5YWI2aQa_2.jpg!m_fill,w_280,h_210,f_jpg?from=ke.com
20231129,海淀,紫竹桥,101118723514,北洼路新上一居室停车方便看房方便,490万,90574元/平,低楼层 (共15层) | 1987年 | 1室1厅 | 54.1平米 | 东南,https://ke-image.ljcdn.com/110000-inspection/pc1_dTSgDq2vJ_2.jpg!m_fill,w_280,h_210,f_jpg?from=ke.com
20231129,海淀,紫竹桥,101118694844,花园村外文印刷厂宿舍中间楼层 把南边 通透无遮挡,685万,101482元/平,中楼层 (共6层) | 1985年 | 2室1厅 | 67.5平米 | 东 南 西,https://ke-image.ljcdn.com/110000-inspection/pc1_LUA5nrjy2.jpg!m_fill,w_280,h_210,f_jpg?from=ke.com
20231129,海淀,紫竹桥,101118693492,华澳中心 正规一居室 居家装修,950万,88769元/平,低楼层 (共22层) | 1997年 | 1室1厅 | 107.02平米 | 东 北,https://ke-image.ljcdn.com/110000-inspection/0a96c561-91fd-4179-a7a9-8315a63c4b36_1000.jpg!m_fill,w_280,h_210,f_jpg?from=ke.com
20231129,海淀,紫竹桥,101118679716,紫竹桥三虎桥南路12号院 南向一居室 随时看 随时签,395万,108816元/平,顶层 (共5层) | 1985年 | 1室1厅 | 36.3平米 | 南,https://ke-image.ljcdn.com/110000-inspection/pc1_BROQ7lYXK.jpg!m_fill,w_280,h_210,f_jpg?from=ke.com
20231129,海淀,紫竹桥,101118669822,汇景阁 3室2厅 南 北,1699万,109982元/平,高楼层 (共21层) | 1999年 | 3室2厅 | 154.48平米 | 南 北,https://ke-image.ljcdn.com/110000-inspection/pc1_INTmRvaUl_2.jpg!m_fill,w_280,h_210,f_jpg?from=ke.com
20231129,海淀,紫竹桥,101118589519,紫竹院路88号三居室高楼层采光好格局合理,1950万,97073元/平,高楼层 (共15层) | 2000年 | 3室1厅 | 200.88平米 | 东,https://ke-image.ljcdn.com/110000-inspection/pc1_T4g6PEi7o_2.jpg!m_fill,w_280,h_210,f_jpg?from=ke.com
20231129,海淀,紫竹桥,101118242945,嘉慧苑 平层两居室 面积大居住舒适 西向观景,1290万,52617元/平,中楼层 (共19层) | 2000年 | 2室2厅 | 245.17平米 | 西,https://ke-image.ljcdn.com/110000-inspection/pc1_Tc8Zz5izk_1.jpg!m_fill,w_280,h_210,f_jpg?from=ke.com
20231129,海淀,紫竹桥,101118071873,北洼西里精装修两居室商品房,525万,95803元/平,顶层 (共6层) | 1985年 | 2室1厅 | 54.8平米 | 东南,https://ke-image.ljcdn.com/110000-inspection/822c72de-adb6-4cfc-b2c1-dc6a13a84385_1000.jpg!m_fill,w_280,h_210,f_jpg?from=ke.com
20231129,海淀,紫竹桥,101117996360,车道沟 全南两居 高层无遮挡 有固定车库,600万,103360元/平,中楼层 (共14层) | 1992年 | 2室1厅 | 58.05平米 | 南,https://ke-image.ljcdn.com/110000-inspection/pc1_rqyDPWaYH.jpg!m_fill,w_280,h_210,f_jpg?from=ke.com
20231129,海淀,紫竹桥,101117918122,美林花园 5室1厅 西,2350万,99822元/平,底层 (共25层) | 2000年 | 5室1厅 | 235.42平米 | 西,https://ke-image.ljcdn.com/110000-inspection/pc1_nHhHD3QK7_1.jpg!m_fill,w_280,h_210,f_jpg?from=ke.com
20231129,海淀,紫竹桥,101117877700,适合三代人住低层客厅有窗正规三居 位置安静 采光充足,770万,112409元/平,低楼层 (共6层) 3室1厅 | 68.5平米 | 东 西 北,https://ke-image.ljcdn.com/110000-inspection/pc1_RiE14TZQv_1.jpg!m_fill,w_280,h_210,f_jpg?from=ke.com
20231129,海淀,紫竹桥,101117872229,北无宿舍 通透两居 满五年唯一 出小区是长河公园,660万,101852元/平,底层 (共6层) | 1995年 | 2室1厅 | 64.8平米 | 东 西,https://ke-image.ljcdn.com/110000-inspection/f650f905-650b-4357-9bf1-a9de3bd3fff8_1000.jpg!m_fill,w_280,h_210,f_jpg?from=ke.com
20231129,海淀,紫竹桥,101117861547,外文局宿舍南北通透带厅两居室卧室双南、央产性质,598万,98356元/平,顶层 (共6层) 2室1厅 | 60.8平米 | 南 北,https://ke-image.ljcdn.com/110000-inspection/pc1_ltGBOs4oS.jpg!m_fill,w_280,h_210,f_jpg?from=ke.com
20231129,海淀,紫竹桥,101117859949,中海雅园 高层东南三居室视野采光好诚心出售价格可谈,1550万,103141元/平,中楼层 (共19层) | 2000年 | 3室2厅 | 150.28平米 | 东南 北,https://ke-image.ljcdn.com/110000-inspection/pc1_K6DJfaGJ6.jpg!m_fill,w_280,h_210,f_jpg?from=ke.com
20231129,海淀,紫竹桥,101117836818,财智公馆复式结构业主诚心出售看房方便房主自荐,700万,81834元/平,高楼层 (共17层) 2室1厅 | 85.54平米 | 东,https://ke-image.ljcdn.com/110000-inspection/pc1_FRvhK8mZt_2.jpg!m_fill,w_280,h_210,f_jpg?from=ke.com
20231129,海淀,紫竹桥,101117829742,紫竹桥豪柏国际公寓 70年住宅精装可拎包入住 随时签约房主自荐,2300万,84724元/平,顶层 (共20层) | 2002年 | 5室4厅 | 271.47平米 | 东南 西北,https://ke-image.ljcdn.com/110000-inspection/pc1_bnUQzaz1V.jpg!m_fill,w_280,h_210,f_jpg?from=ke.com
20231129,海淀,紫竹桥,101117800565,三环 紫竹院公园景观房 南北通透 精装修有花园车位,2550万,140986元/平,底层 (共13层) 3室2厅 | 180.87平米 | 南 北,https://ke-image.ljcdn.com/110000-inspection/pc1_NuTkvs0io.jpg!m_fill,w_280,h_210,f_jpg?from=ke.com
20231129,海淀,紫竹桥,101117661425,低密度南北通透三居室使用面积大满五年唯一,1280万,122995元/平,底层 (共7层) | 1999年 | 3室2厅 | 104.07平米 | 南 北,https://ke-image.ljcdn.com/110000-inspection/pc1_32QBmsJSz_1.jpg!m_fill,w_280,h_210,f_jpg?from=ke.com
20231129,海淀,紫竹桥,101117615355,财智会馆复式结构业主诚心出售看房方便,634万,74405元/平,高楼层 (共17层) | 2004年 | 2室1厅 | 85.21平米 | 西,https://ke-image.ljcdn.com/110000-inspection/pc1_rwK5KZYT9.jpg!m_fill,w_280,h_210,f_jpg?from=ke.com
20231129,海淀,紫竹桥,101117614689,车道沟南里 3室1厅 东南,830万,103234元/平,低楼层 (共21层) | 1993年 | 3室1厅 | 80.4平米 | 东南,https://ke-image.ljcdn.com/110000-inspection/5da50e78-d2e8-46e2-bab5-8b8b2352211b_1000.jpg!m_fill,w_280,h_210,f_jpg?from=ke.com
20231129,海淀,紫竹桥,101117609456,财智公馆 2004年 南北通透 复式,858万,91982元/平,高楼层 (共17层) | 2004年 | 2室1厅 | 93.28平米 | 南 北,https://ke-image.ljcdn.com/110000-inspection/pc1_E1dRMc2No_2.jpg!m_fill,w_280,h_210,f_jpg?from=ke.com
20231129,海淀,紫竹桥,101117586134,双紫小区 有电梯 楼龄新 管理好 满五唯一 精装修,639万,97528元/平,低楼层 (共18层) | 1999年 | 2室1厅 | 65.52平米 | 西,https://ke-image.ljcdn.com/110000-inspection/pc1_r64nqZgnT_2.jpg!m_fill,w_280,h_210,f_jpg?from=ke.com
20231129,海淀,紫竹桥,101117506901,昌运宫 电梯高层两居室 业主诚心卖 价格可谈,588万,97191元/平,中楼层 (共17层) | 1984年 | 2室1厅 | 60.5平米 | 西北,https://ke-image.ljcdn.com/110000-inspection/pc1_lqq9jKjFI_2.jpg!m_fill,w_280,h_210,f_jpg?from=ke.com
20231129,海淀,紫竹桥,101117379019,北无宿舍板楼1层的2居室 一层三户 享受安静的生活,588万,128666元/平,底层 (共6层) 2室1厅 | 45.7平米 | 东北,https://ke-image.ljcdn.com/110000-inspection/pc1_Um4ulDuUW_1.jpg!m_fill,w_280,h_210,f_jpg?from=ke.com
20231129,海淀,紫竹桥,101116806988,紫竹桥万寿寺地铁南长河公园水之郡长昆名居东南四居,1680万,106323元/平,低楼层 (共22层) | 2006年 | 4室1厅 | 158.01平米 | 东南,https://ke-image.ljcdn.com/110000-inspection/ad6ec78e-7b07-4426-89b3-5c641983be32_1000.jpg!m_fill,w_280,h_210,f_jpg?from=ke.com
20231129,海淀,紫竹桥,101116088061,华澳新上高品质精装修小户型 万科物业管理 位置安静,920万,86159元/平,低楼层 (共22层) | 1997年 | 1室1厅 | 106.78平米 | 北,https://ke-image.ljcdn.com/110000-inspection/79a67c67-66be-4dd0-8dbd-71ed7f2f908d_1000.jpg!m_fill,w_280,h_210,f_jpg?from=ke.com
20231129,海淀,紫竹桥,101116074091,华澳中心二期嘉慧苑东南朝向大平层,1580万,50140元/平,中楼层 (共19层) | 2000年 | 4室1厅 | 315.12平米 | 东南,https://ke-image.ljcdn.com/110000-inspection/ada7b19f-f299-452b-b674-e452e28cc59d_1000.jpg!m_fill,w_280,h_210,f_jpg?from=ke.com
20231129,海淀,紫竹桥,101115111810,美林花园复式大五居安静舒适,2289万,97384元/平,底层 (共25层) | 2001年 | 5室2厅 | 235.05平米 | 西,https://ke-image.ljcdn.com/110000-inspection/pc1_p2wShQ4wa.jpg!m_fill,w_280,h_210,f_jpg?from=ke.com
20231129,海淀,紫竹桥,101118781500,七贤村 中楼层 南向精装一居 银行家属楼 物业管理好,473万,116503元/平,中楼层 (共6层) 1室1厅 | 40.6平米 | 南,https://ke-image.ljcdn.com/110000-inspection/pc1_L4VClGpvC.jpg!m_fill,w_280,h_210,f_jpg?from=ke.com
20231129,海淀,紫竹桥,101122049107,车公庄西路35号院 2室1厅 南新上,555万,111896元/平,中楼层 (共5层) 2室1厅 | 49.6平米 | 南,https://s1.ljcdn.com/pegasus/redskull/images/common/default_house_list.png?_v=202311081228217
20231129,海淀,紫竹桥,101122039557,精装修 低楼层两居室 位置安静新上,580万,114852元/平,低楼层 (共6层) | 1980年 | 2室1厅 | 50.5平米 | 南 北,https://s1.ljcdn.com/pegasus/redskull/images/common/default_house_list.png?_v=202311081228217
20231129,海淀,紫竹桥,101122039005,首体宿舍 1室1厅 南新上,375万,98685元/平,中楼层 (共6层) 1室1厅 | 38平米 | 南,https://s1.ljcdn.com/pegasus/redskull/images/common/default_house_list.png?_v=202311081228217
20231129,海淀,紫竹桥,101122034606,车道沟10号院 正规三居室 南北通透新上,899万,112095元/平,顶层 (共5层) 3室1厅 | 80.2平米 | 南 北,https://s1.ljcdn.com/pegasus/redskull/images/common/default_house_list.png?_v=202311081228217
20231129,海淀,紫竹桥,101121917038,财政部宿舍 朝南一居室 小区管理到位,460万,100635元/平,顶层 (共18层) 1室1厅 | 45.71平米 | 南,https://s1.ljcdn.com/pegasus/redskull/images/common/default_house_list.png?_v=202311081228217
20231129,海淀,紫竹桥,101121860053,车道沟有电梯南向两居室采光不受影响,598万,95375元/平,低楼层 (共16层) | 1986年 | 2室1厅 | 62.7平米 | 南,https://s1.ljcdn.com/pegasus/redskull/images/common/default_house_list.png?_v=202311081228217
20231129,海淀,紫竹桥,101121817443,主语城 把边户 不临街 无遮挡 采光好,3400万,147404元/平,低楼层 (共17层) | 2007年 | 3室2厅 | 230.66平米 | 东 南 北,https://s1.ljcdn.com/pegasus/redskull/images/common/default_house_list.png?_v=202311081228217
20231129,海淀,紫竹桥,101121780009,车公庄西路35号院 2室1厅 南,670万,117958元/平,顶层 (共6层) | 1998年 | 2室1厅 | 56.8平米 | 南,https://s1.ljcdn.com/pegasus/redskull/images/common/default_house_list.png?_v=202311081228217
20231129,海淀,紫竹桥,101121629040,花园桥  西三环北路56号院  南北精装两居室,580万,94617元/平,低楼层 (共6层) 2室1厅 | 61.3平米 | 南 北,https://s1.ljcdn.com/pegasus/redskull/images/common/default_house_list.png?_v=202311081228217
20231129,海淀,紫竹桥,101121606626,西三环北路101号院    花园桥 定慧寺 八里庄 甘家口,620万,105085元/平,低楼层 (共16层) 2室1厅 | 59平米 | 南,https://s1.ljcdn.com/pegasus/redskull/images/common/default_house_list.png?_v=202311081228217
20231129,海淀,紫竹桥,101121561036,紫竹院公园 广源闸小区 小区规范 有门卫,428万,99351元/平,中楼层 (共6层) | 1982年 | 1室1厅 | 43.08平米 | 南,https://s1.ljcdn.com/pegasus/redskull/images/common/default_house_list.png?_v=202311081228217
20231129,海淀,紫竹桥,101121513043,车道沟10号院南向一居室  小区中间位置   高层无遮挡,457万,100884元/平,顶层 (共6层) | 1992年 | 1室1厅 | 45.3平米 | 南,https://s1.ljcdn.com/pegasus/redskull/images/common/default_house_list.png?_v=202311081228217
20231129,海淀,紫竹桥,101121471001,豪柏大厦 1室0厅 西,399万,48629元/平,中楼层 (共20层) 1室0厅 | 82.05平米 | 西,https://s1.ljcdn.com/pegasus/redskull/images/common/default_house_list.png?_v=202311081228217
20231129,海淀,紫竹桥,101121419166,北京市人民检察院宿舍三虎桥北路房主自荐,386万,93237元/平,低楼层 (共6层) | 1988年 | 1室1厅 | 41.4平米 | 南,https://s1.ljcdn.com/pegasus/redskull/images/common/default_house_list.png?_v=202311081228217
20231129,海淀,紫竹桥,101121390550,北京气象局宿舍 车道沟桥 全明三居室,735万,95716元/平,底层 (共4层) | 1985年 | 3室1厅 | 76.79平米 | 南 北,https://s1.ljcdn.com/pegasus/redskull/images/common/default_house_list.png?_v=202311081228217
20231129,海淀,紫竹桥,101121151213,中国兵器家属院 精装南向一居 临地铁10号线 中间层,520万,112799元/平,中楼层 (共5层) 1室1厅 | 46.1平米 | 南,https://s1.ljcdn.com/pegasus/redskull/images/common/default_house_list.png?_v=202311081228217
20231129,海淀,紫竹桥,101121089903,04年世纪新景园高楼层做两居室随时看房主自荐,830万,103466元/平,高楼层 (共22层) | 2004年 | 2室1厅 | 80.22平米 | 东北,https://s1.ljcdn.com/pegasus/redskull/images/common/default_house_list.png?_v=202311081228217
20231129,海淀,紫竹桥,101120948358,北洼西里财政部宿舍西南朝向两居室单位分房不临街房主自荐,625万,104132元/平,中楼层 (共18层) 2室1厅 | 60.02平米 | 西南,https://s1.ljcdn.com/pegasus/redskull/images/common/default_house_list.png?_v=202311081228217
20231129,海淀,紫竹桥,101120832023,主语家园东南向三居室此格局三年未出很是难得,2780万,151797元/平,中楼层 (共18层) | 2007年 | 3室2厅 | 183.14平米 | 东南,https://s1.ljcdn.com/pegasus/redskull/images/common/default_house_list.png?_v=202311081228217
20231129,海淀,紫竹桥,101120795095,财政部宿舍：24小时门卫进门刷卡东南3居有电梯！,850万,108350元/平,低楼层 (共18层) | 1989年 | 3室1厅 | 78.45平米 | 西南,https://s1.ljcdn.com/pegasus/redskull/images/common/default_house_list.png?_v=202311081228217
20231129,海淀,紫竹桥,101118427083,紫竹院 2001年商品房社区  看房方便 诚心卖,990万,72284元/平,底层 (共16层) | 2001年 | 3室1厅 | 136.96平米 | 东 西,https://ke-image.ljcdn.com/110000-inspection/7bd1904e-695f-467a-a1c6-57b68053bb76.jpg!m_fill,w_280,h_210,f_jpg?from=ke.com
20231129,海淀,紫竹桥,101117414904,紫竹桥 华澳中心 高层大三居室 物业管理好,1630万,84843元/平,高楼层 (共22层) | 1997年 | 3室1厅 | 192.12平米 | 东南 北,https://ke-image.ljcdn.com/110000-inspection/b1cb178f-7f51-4dd7-934d-c05ac70b51f5.jpg!m_fill,w_280,h_210,f_jpg?from=ke.com
