20240812,密云,溪翁庄镇,101125570801,京溪小区南北通透视野宽阔采光充足必看好房,74万,7272元/平,高楼层 (共6层) 2室2厅 | 101.77平米 | 南 北,https://ke-image.ljcdn.com/110000-inspection/79aad9bc-589f-4e77-aa2b-4f7e7cbabfac_1000.jpg!m_fill,w_280,h_210,f_jpg?from=ke.com
20240812,密云,溪翁庄镇,101125466337,京溪小区  价格低看房方便诚心出售必看好房,78万,9423元/平,中楼层 (共5层) 2室1厅 | 82.78平米 | 南 北,https://ke-image.ljcdn.com/110000-inspection/pc1_DPSs7yVwi.jpg!m_fill,w_280,h_210,f_jpg?from=ke.com
20240812,密云,溪翁庄镇,101125417150,水库管理处家属院 南北通透 两居室必看好房,55万,10318元/平,顶层 (共6层) 2室1厅 | 53.31平米 | 南 北,https://ke-image.ljcdn.com/110000-inspection/8fc1b1ff-3257-4497-8c70-2c1f0fde7ebc_1000.jpg!m_fill,w_280,h_210,f_jpg?from=ke.com
20240812,密云,溪翁庄镇,101124757466,密云水库 京溪小区 一层 上下楼方便 随时看房必看好房,72万,9409元/平,底层 (共5层) | 1998年 | 2室1厅 | 76.53平米 | 南 北,https://ke-image.ljcdn.com/110000-inspection/908aae90-29d8-497b-b974-a943a243037e_1000.jpg!m_fill,w_280,h_210,f_jpg?from=ke.com
20240812,密云,溪翁庄镇,101123800241,弗农小镇  环境优美 天然氧吧 人车分流必看好房,115万,15505元/平,低楼层 (共9层) 2室2厅 | 74.17平米 | 南 北,https://ke-image.ljcdn.com/110000-inspection/04047997-4b67-4cd7-8ba5-878c450f2cad_1000.jpg!m_fill,w_280,h_210,f_jpg?from=ke.com
20240812,密云,溪翁庄镇,101125749465,京溪小区业主诚心出售看房提前约必看好房,75万,7914元/平,顶层 (共5层) 3室1厅 | 94.78平米 | 南 北,https://ke-image.ljcdn.com/110000-inspection/0cf9444b-32e4-4a7f-8594-82aedd0b7d13_1000.jpg!m_fill,w_280,h_210,f_jpg?from=ke.com
20240812,密云,溪翁庄镇,101124553568,溪水花园一区 2室1厅 南 北必看好房,66万,8611元/平,高楼层 (共7层) | 2013年 | 2室1厅 | 76.65平米 | 南 北,https://ke-image.ljcdn.com/110000-inspection/d0b03fa3-3468-4fa1-9454-7c97e63e41ed_1000.jpg!m_fill,w_280,h_210,f_jpg?from=ke.com
20240812,密云,溪翁庄镇,101124555510,南北通透中高楼层小区内有公园居住舒适必看好房,73万,7300元/平,高楼层 (共6层) | 1999年 | 3室2厅 | 100平米 | 南 北,https://ke-image.ljcdn.com/110000-inspection/e7f8a239-19fe-4ac5-95f3-8efa77154645_1000.jpg!m_fill,w_280,h_210,f_jpg?from=ke.com
20240812,密云,溪翁庄镇,101123573660,此房地理位置优越楼层适中无遮挡采光好,75万,12751元/平,中楼层 (共5层) | 2015年 | 2室1厅 | 58.82平米 | 南 北,https://ke-image.ljcdn.com/110000-inspection/78b188d1-d5f7-4e6f-9112-149cbf233663_1000.jpg!m_fill,w_280,h_210,f_jpg?from=ke.com
20240812,密云,溪翁庄镇,101123502491,北京机床研究所家属楼 业主诚意出售。看房便利必看好房,63万,11639元/平,底层 (共5层) | 1970年 | 2室1厅 | 54.13平米 | 南 北,https://ke-image.ljcdn.com/110000-inspection/pc1_46RK54Qal.jpg!m_fill,w_280,h_210,f_jpg?from=ke.com
20240812,密云,溪翁庄镇,101123296385,溪水花园三居 低楼层 精装修 看房随时必看好房,90万,7654元/平,中楼层 (共6层) 3室2厅 | 117.6平米 | 南 北,https://ke-image.ljcdn.com/110000-inspection/pc1_xcJ6PyBNi_1.jpg!m_fill,w_280,h_210,f_jpg?from=ke.com
20240812,密云,溪翁庄镇,101123071486,万科弗农小镇 精装带家具 看房随时南北通透采光好,131万,17684元/平,低楼层 (共9层) | 2020年 | 2室2厅 | 74.08平米 | 南 北,https://ke-image.ljcdn.com/110000-inspection/pc1_yjoSaceEf_1.jpg!m_fill,w_280,h_210,f_jpg?from=ke.com
20240812,密云,溪翁庄镇,101122199380,北京机床研究所家属楼精装修业主诚意出售必看好房,59万,10362元/平,顶层 (共5层) 2室1厅 | 56.94平米 | 南 北,https://ke-image.ljcdn.com/110000-inspection/89b28f21-01ea-4cf4-ab1e-7b3a808a4e32_1000.jpg!m_fill,w_280,h_210,f_jpg?from=ke.com
20240812,密云,溪翁庄镇,101121208308,北京机床研究所家属楼业主诚意出售看房方便必看好房,65万,10919元/平,低楼层 (共3层) 2室1厅 | 59.53平米 | 南 北,https://ke-image.ljcdn.com/110000-inspection/pc1_ArFBdrg45.jpg!m_fill,w_280,h_210,f_jpg?from=ke.com
20240812,密云,溪翁庄镇,101120755740,麓秀佳园 精装修 低楼层 小区中间位置,150万,13353元/平,底层 (共5层) 3室2厅 | 112.34平米 | 南 北,https://ke-image.ljcdn.com/110000-inspection/pc1_YsWk4tnBU.jpg!m_fill,w_280,h_210,f_jpg?from=ke.com
20240812,密云,溪翁庄镇,101120637085,京溪小区、低楼层、户型好、看房方便必看好房,81万,7670元/平,低楼层 (共6层) 3室2厅 | 105.61平米 | 南 北,https://ke-image.ljcdn.com/110000-inspection/pc1_8MaGkfkPV_1.jpg!m_fill,w_280,h_210,f_jpg?from=ke.com
20240812,密云,溪翁庄镇,101120340280,京溪小区 精装修三居室 中间楼层 2004年建成,110万,10429元/平,中楼层 (共6层) 3室2厅 | 105.48平米 | 南 北,https://ke-image.ljcdn.com/110000-inspection/pc1_DsklCUJQQ.jpg!m_fill,w_280,h_210,f_jpg?from=ke.com
20240812,密云,溪翁庄镇,101120228749,碧水花园  精装修  采光好 南北通透房主自荐,93.19万,10000元/平,低楼层 (共6层) 2室2厅 | 93.19平米 | 南 北,https://ke-image.ljcdn.com/110000-inspection/pc1_F5M7Bo26O.jpg!m_fill,w_280,h_210,f_jpg?from=ke.com
20240812,密云,溪翁庄镇,101119613008,京溪小区低楼层低价位南北通透,88万,8327元/平,低楼层 (共6层) 2室2厅 | 105.69平米 | 南 北,https://ke-image.ljcdn.com/110000-inspection/pc1_WwWllRXPT.jpg!m_fill,w_280,h_210,f_jpg?from=ke.com
20240812,密云,溪翁庄镇,101119422432,首创澜茵山二期 眼镜户型 电梯观景洋房 一梯两户,188万,19586元/平,中楼层 (共6层) 3室1厅 | 95.99平米 | 南 北,https://ke-image.ljcdn.com/110000-inspection/pc1_8lXRkaqdT_1.jpg!m_fill,w_280,h_210,f_jpg?from=ke.com
20240812,密云,溪翁庄镇,101119237613,京溪小区 南北通透 采光好 视野宽阔 楼前无建筑无遮挡,77万,9302元/平,顶层 (共5层) 2室1厅 | 82.78平米 | 南 北,https://ke-image.ljcdn.com/110000-inspection/pc1_o25zVRysQ.jpg!m_fill,w_280,h_210,f_jpg?from=ke.com
20240812,密云,溪翁庄镇,101119175884,京溪小区 南北通透 双卫 精装两居房主自荐,103万,9746元/平,高楼层 (共6层) 2室2厅 | 105.69平米 | 南 北,https://ke-image.ljcdn.com/110000-inspection/pc1_Ymjs3pGcN.jpg!m_fill,w_280,h_210,f_jpg?from=ke.com
20240812,密云,溪翁庄镇,101119076436,北京机床研究所家属楼南北通透精装两居房主自荐,80万,14050元/平,中楼层 (共5层) 2室1厅 | 56.94平米 | 南 北,https://ke-image.ljcdn.com/110000-inspection/pc1_ZApyzHEbT_1.jpg!m_fill,w_280,h_210,f_jpg?from=ke.com
20240812,密云,溪翁庄镇,101118749806,北京机床研究所家属楼满五唯一独立两室出售,75万,15025元/平,底层 (共5层) 2室1厅 | 49.92平米 | 南 北,https://ke-image.ljcdn.com/110000-inspection/pc1_eSJdGiXyK.jpg!m_fill,w_280,h_210,f_jpg?from=ke.com
20240812,密云,溪翁庄镇,101118132330,京溪小区 环境优美 户型方正 全明格局 产权清晰,80万,8441元/平,中楼层 (共5层) 3室2厅 | 94.78平米 | 南 北,https://ke-image.ljcdn.com/110000-inspection/pc1_MAuTFQjgq.jpg!m_fill,w_280,h_210,f_jpg?from=ke.com
20240812,密云,溪翁庄镇,101116637731,空气清透 环境优美 前无遮挡 采光好,80万,9967元/平,中楼层 (共6层) 2室1厅 | 80.27平米 | 南 北,https://ke-image.ljcdn.com/110000-inspection/pc1_aLN2CdkPx.jpg!m_fill,w_280,h_210,f_jpg?from=ke.com
20240812,密云,溪翁庄镇,101114070022,依山傍水 环境优美 空气质量好必看好房,66万,8092元/平,中楼层 (共6层) | 2006年 | 2室1厅 | 81.57平米 | 南 北,https://ke-image.ljcdn.com/110000-inspection/pc1_ZMFV6TYJq_1.jpg!m_fill,w_280,h_210,f_jpg?from=ke.com
20240812,密云,溪翁庄镇,101113713833,首创澜茵山三期 满两年商品房户型方正,210万,15883元/平,中楼层 (共5层) 4室2厅 | 132.22平米 | 北 南,https://ke-image.ljcdn.com/110000-inspection/pc1_mKYnC8NJn_1.jpg!m_fill,w_280,h_210,f_jpg?from=ke.com
20240812,密云,溪翁庄镇,101125843577,本房独栋别墅 全明格局 精装修 采光好视野开阔新上,1490万,22803元/平,底层 (共2层) 6室3厅 | 653.45平米 | 南 北,https://ke-image.ljcdn.com/110000-inspection/pc1_mtSkRrsMi.jpg!m_fill,w_280,h_210,f_jpg?from=ke.com
20240812,密云,溪翁庄镇,101125718166,弗农小镇必看好房,399万,21444元/平,底层 (共6层) | 2022年 | 4室1厅 | 186.07平米 | 南 北,https://ke-image.ljcdn.com/110000-inspection/2b9d375c-e2fb-4f6d-b97b-ace48fee008c_1000.jpg!m_fill,w_280,h_210,f_jpg?from=ke.com
20240812,密云,溪翁庄镇,101125712163,京溪小区 南北通透  楼层好  视野开阔 交通便利必看好房,75万,7710元/平,中楼层 (共5层) | 1995年 | 3室1厅 | 97.28平米 | 南 北,https://ke-image.ljcdn.com/110000-inspection/4960105c-9d99-438b-87f2-bdde9cf25e2c_1000.jpg!m_fill,w_280,h_210,f_jpg?from=ke.com
20240812,密云,溪翁庄镇,101125587385,首创澜茵山三期 满五唯一 带电梯 小区环境好必看好房,118万,12210元/平,低楼层 (共15层) 3室1厅 | 96.65平米 | 南 北,https://ke-image.ljcdn.com/110000-inspection/pc1_ZaCAobSgP.jpg!m_fill,w_280,h_210,f_jpg?from=ke.com
20240812,密云,溪翁庄镇,101125470888,首创澜茵山三期 满五唯一 电梯房三室 精装半山洋房必看好房,135万,13363元/平,低楼层 (共15层) | 2014年 | 3室1厅 | 101.03平米 | 南 北,https://ke-image.ljcdn.com/110000-inspection/pc1_SdFBtQy1I.jpg!m_fill,w_280,h_210,f_jpg?from=ke.com
20240812,密云,溪翁庄镇,101125468400,首创澜茵山三期、电梯洋房、南北通透、采光视野好,165万,14273元/平,高楼层 (共6层) 3室1厅 | 115.61平米 | 南 北,https://ke-image.ljcdn.com/110000-inspection/pc1_SE8rzClcP_1.jpg!m_fill,w_280,h_210,f_jpg?from=ke.com
20240812,密云,溪翁庄镇,101125462490,万科云溪 水源养人小镇 万家灯火处 美好共此时必看好房,138万,15205元/平,高楼层 (共10层) | 2017年 | 2室1厅 | 90.76平米 | 南 北,https://ke-image.ljcdn.com/110000-inspection/959beaf7-2c87-44b6-b957-0a6cdd22fa85_1000.jpg!m_fill,w_280,h_210,f_jpg?from=ke.com
20240812,密云,溪翁庄镇,101125197585,首创澜茵山三期 满五唯一 小区环境好 带电梯必看好房,150万,12125元/平,中楼层 (共15层) 4室2厅 | 123.72平米 | 南 北,https://ke-image.ljcdn.com/110000-inspection/pc1_fK0YK4Qig.jpg!m_fill,w_280,h_210,f_jpg?from=ke.com
20240812,密云,溪翁庄镇,101124997364,阳光城君山墅 好山好水在窗外 自然环境养身心,900万,21677元/平,底层 (共2层) | 2011年 | 5室2厅 | 415.19平米 | 南 北,https://ke-image.ljcdn.com/110000-inspection/pc1_Ubpl77anG.jpg!m_fill,w_280,h_210,f_jpg?from=ke.com
20240812,密云,溪翁庄镇,101124936068,万科云溪 小区环境好 带电梯 格局方正必看好房,368万,15613元/平,底层 (共5层) 3室2厅 | 235.71平米 | 南 北,https://ke-image.ljcdn.com/110000-inspection/pc1_umZXYDGUX_1.jpg!m_fill,w_280,h_210,f_jpg?from=ke.com
20240812,密云,溪翁庄镇,101124539084,弗农小镇配套成熟交通便利万科开发,399万,20283元/平,底层 (共3层) | 2020年 | 4室1厅 | 196.72平米 | 东 南,https://ke-image.ljcdn.com/110000-inspection/pc1_euCsBlgH7_1.jpg!m_fill,w_280,h_210,f_jpg?from=ke.com
20240812,密云,溪翁庄镇,101124349962,首创澜茵山三期 毛坯三居 视野采光好 诚心出售,130万,13393元/平,中楼层 (共15层) 3室1厅 | 97.07平米 | 南 北,https://ke-image.ljcdn.com/110000-inspection/86f40042-6df3-4961-abc9-f5b0531cd886_1000.jpg!m_fill,w_280,h_210,f_jpg?from=ke.com
20240812,密云,溪翁庄镇,101124292525,阳光城君山墅独栋别墅 视野宽阔 边户看房方便必看好房,720万,19752元/平,底层 (共2层) 6室1厅 | 364.53平米 | 南 北,https://ke-image.ljcdn.com/110000-inspection/pc1_hmr1NIPxo_1.jpg!m_fill,w_280,h_210,f_jpg?from=ke.com
20240812,密云,溪翁庄镇,101123846571,阳光城君山墅 自然环境养身心医疗配套养身体房主自荐,830万,26520元/平,底层 (共2层) | 2016年 | 4室2厅 | 312.98平米 | 南 北,https://ke-image.ljcdn.com/110000-inspection/pc1_amDJ84bGq_1.jpg!m_fill,w_280,h_210,f_jpg?from=ke.com
20240812,密云,溪翁庄镇,101123805881,独栋别墅 精装修 全明格局 采光好 看房方便必看好房,690万,22105元/平,底层 (共2层) | 2017年 | 3室2厅 | 312.16平米 | 南 北,https://ke-image.ljcdn.com/110000-inspection/2c620870-6162-49d9-97c5-7e8270885594_1000.jpg!m_fill,w_280,h_210,f_jpg?from=ke.com
20240812,密云,溪翁庄镇,101123744406,首创澜茵山二期精装修上叠视野好必看好房,273万,31051元/平,顶层 (共3层) 2室1厅 | 87.92平米 | 南 北,https://ke-image.ljcdn.com/110000-inspection/1de12cd9-455e-4844-8ae6-8b54d06a8809_1000.jpg!m_fill,w_280,h_210,f_jpg?from=ke.com
20240812,密云,溪翁庄镇,101123711261,弗农小镇2020年建成精装修中合院内置电梯拎包入住必看好房,420万,19761元/平,底层 (共3层) 5室1厅 | 212.55平米 | 南 北,https://ke-image.ljcdn.com/110000-inspection/pc1_HAYjXvgHn.jpg!m_fill,w_280,h_210,f_jpg?from=ke.com
20240812,密云,溪翁庄镇,101123492654,万科云溪 精装修 下叠别墅 拎包入住房主自荐,490万,17047元/平,底层 (共5层) 4室2厅 | 287.45平米 | 南 北,https://ke-image.ljcdn.com/110000-inspection/pc1_2N0f7nwCC.jpg!m_fill,w_280,h_210,f_jpg?from=ke.com
20240812,密云,溪翁庄镇,101123308685,绿中呼吸风中生动光中交流彼岸香醍,459万,23046元/平,底层 (共2层) 5室2厅 | 199.17平米 | 南 北,https://ke-image.ljcdn.com/110000-inspection/dffc7b44-3c8d-445b-aa9c-b2d1ea0ecafb_1000.jpg!m_fill,w_280,h_210,f_jpg?from=ke.com
20240812,密云,溪翁庄镇,101123254499,南北通透格局楼层好视野开阔前后无遮挡,78万,8391元/平,中楼层 (共6层) | 2019年 | 3室2厅 | 92.96平米 | 南 北,https://ke-image.ljcdn.com/110000-inspection/pc1_wfvxsit8e_1.jpg!m_fill,w_280,h_210,f_jpg?from=ke.com
20240812,密云,溪翁庄镇,101123243928,阳光城君山墅 精装修 纯独栋 全明格局 环境优美,798万,24436元/平,底层 (共2层) | 2016年 | 5室2厅 | 326.58平米 | 南 北,https://ke-image.ljcdn.com/110000-inspection/pc1_fzJiJkYzX_1.jpg!m_fill,w_280,h_210,f_jpg?from=ke.com
20240812,密云,溪翁庄镇,101123064885,万科弗农小镇 精装带家具 两居室,139万,18676元/平,低楼层 (共9层) 2室1厅 | 74.43平米 | 南 北,https://ke-image.ljcdn.com/110000-inspection/pc1_ufUE3k8IE.jpg!m_fill,w_280,h_210,f_jpg?from=ke.com
20240812,密云,溪翁庄镇,101122917009,阳光城溪山悦 三山环绕 两水环抱 环境优美,120万,14580元/平,中楼层 (共8层) | 2022年 | 2室1厅 | 82.31平米 | 南 北,https://ke-image.ljcdn.com/110000-inspection/dbd82b7b-78d3-4534-aa70-fda96db007ac_1000.jpg!m_fill,w_280,h_210,f_jpg?from=ke.com
20240812,密云,溪翁庄镇,101122571056,阳光城君山墅是你成公人生不需此生的标准,680万,17735元/平,底层 (共2层) | 2010年 | 4室2厅 | 383.44平米 | 南 北,https://ke-image.ljcdn.com/110000-inspection/pc1_hOlTA5U2m_1.jpg!m_fill,w_280,h_210,f_jpg?from=ke.com
20240812,密云,溪翁庄镇,101121664373,弗农小镇精装修三居室南北通透观景好房必看好房,180万,18288元/平,中楼层 (共9层) 3室2厅 | 98.43平米 | 南 北,https://ke-image.ljcdn.com/110000-inspection/pc1_eeO8lTks3_1.jpg!m_fill,w_280,h_210,f_jpg?from=ke.com
20240812,密云,溪翁庄镇,101121524050,本房独栋别墅  精装修 采光好视野开阔,880万,22393元/平,底层 (共2层) 4室2厅 | 392.98平米 | 南 北,https://ke-image.ljcdn.com/110000-inspection/pc1_XwyFtQy4n_1.jpg!m_fill,w_280,h_210,f_jpg?from=ke.com
20240812,密云,溪翁庄镇,101121345168,京溪小区南北通透两居采光充足视野宽阔,74万,7960元/平,高楼层 (共6层) | 1998年 | 2室2厅 | 92.97平米 | 南 北,https://ke-image.ljcdn.com/110000-inspection/pc1_21iHRFS2K_1.jpg!m_fill,w_280,h_210,f_jpg?from=ke.com
20240812,密云,溪翁庄镇,101121011886,首创澜茵山二期南北通透毛坯出售,235万,21118元/平,顶层 (共2层) | 2017年 | 2室1厅 | 111.28平米 | 南 北,https://ke-image.ljcdn.com/110000-inspection/pc1_THop48zw6_1.jpg!m_fill,w_280,h_210,f_jpg?from=ke.com
20240812,密云,溪翁庄镇,101120991135,楼层好视野宽阔采光充足绿化环境好户型好,380万,14761元/平,底层 (共5层) 3室2厅 | 257.45平米 | 南 北,https://ke-image.ljcdn.com/110000-inspection/pc1_FpNnuyy3R.jpg!m_fill,w_280,h_210,f_jpg?from=ke.com
20240812,密云,溪翁庄镇,101120148489,远大美域看房方便环境优美房本面积293.70平米,370万,12598元/平,底层 (共3层) 4室2厅 | 293.7平米 | 南 北,https://ke-image.ljcdn.com/110000-inspection/pc1_HULfWx3dc.jpg!m_fill,w_280,h_210,f_jpg?from=ke.com
20240812,密云,溪翁庄镇,101119444326,密云区  首创澜茵山三期  采光好必看好房,139万,13808元/平,中楼层 (共15层) | 2014年 | 3室1厅 | 100.67平米 | 南 北,https://ke-image.ljcdn.com/110000-inspection/pc1_ngmfIxQIk.jpg!m_fill,w_280,h_210,f_jpg?from=ke.com
20240812,密云,溪翁庄镇,101119102422,观唐云鼎 上叠别墅 上三层下二层 花园入户 车位入户,430万,30878元/平,中楼层 (共4层) 4室2厅 | 139.26平米 | 南 北,https://ke-image.ljcdn.com/110000-inspection/pc1_qFlZ5ph1s_1.jpg!m_fill,w_280,h_210,f_jpg?from=ke.com
20240812,密云,溪翁庄镇,101116539543,南北通透格局优质楼层好视野宽阔无遮挡采光足。,130万,8660元/平,顶层 (共6层) 3室2厅 | 150.13平米 | 南 北,https://ke-image.ljcdn.com/110000-inspection/pc1_lE7sdiW93_1.jpg!m_fill,w_280,h_210,f_jpg?from=ke.com
20240812,密云,溪翁庄镇,101114179921,阳光城君山墅 高尔夫球场 看房有钥匙房主自荐,699万,19149元/平,底层 (共2层) | 2013年 | 4室2厅 | 365.04平米 | 南 北,https://ke-image.ljcdn.com/110000-inspection/pc1_Su47GYPFL.jpg!m_fill,w_280,h_210,f_jpg?from=ke.com
20240812,密云,溪翁庄镇,101113962739,首创澜茵山三期 南北通透格局 视野好,298万,20873元/平,低楼层 (共6层) | 2014年 | 4室1厅 | 142.77平米 | 南 北,https://ke-image.ljcdn.com/110000-inspection/pc1_CQ960mLEA_1.jpg!m_fill,w_280,h_210,f_jpg?from=ke.com
20240812,密云,溪翁庄镇,101113717013,阳光城君山墅 精装修 看房方便 业主诚心出售,1970万,30443元/平,底层 (共2层) | 2013年 | 9室7厅 | 647.13平米 | 东 南 西 北,https://ke-image.ljcdn.com/110000-inspection/pc1_RUoLk5cch_1.jpg!m_fill,w_280,h_210,f_jpg?from=ke.com
20240812,密云,溪翁庄镇,101113645026,阳光城君山墅环境优美户型合理居住舒适。必看好房,660万,15804元/平,底层 (共2层) | 2009年 | 8室2厅 | 417.63平米 | 东 南 西 北,https://ke-image.ljcdn.com/110000-inspection/182e4eee-884f-44e4-bd4a-bf15673d2d0a_1000.jpg!m_fill,w_280,h_210,f_jpg?from=ke.com
20240812,密云,溪翁庄镇,101113561943,万科云溪南北通透别墅出售采光充足。,350万,14940元/平,底层 (共5层) 3室2厅 | 234.28平米 | 南 北,https://ke-image.ljcdn.com/110000-inspection/pc1_m1fEjwb4A.jpg!m_fill,w_280,h_210,f_jpg?from=ke.com
20240812,密云,溪翁庄镇,101125933714,京溪小区 2室2厅 南 北新上,90万,11192元/平,中楼层 (共6层) 2室2厅 | 80.42平米 | 南 北,https://ke-image.ljcdn.com/110000-inspection/696a21ed-e9d9-40bb-b72e-f8ca623ba1c2_1000.jpg!m_fill,w_280,h_210,f_jpg?from=ke.com
20240812,密云,溪翁庄镇,101125848143,溪水花园一区   精装修 可以拎包入住新上,85万,10968元/平,顶层 (共6层) 2室1厅 | 77.5平米 | 南 北,https://ke-image.ljcdn.com/110000-inspection/pc1_QVfvd6jvi_1.jpg!m_fill,w_280,h_210,f_jpg?from=ke.com
20240812,密云,溪翁庄镇,101125682162,首创澜茵山三期 3室1厅 南 北,140万,14676元/平,低楼层 (共8层) 3室1厅 | 95.4平米 | 南 北,https://ke-image.ljcdn.com/110000-inspection/12cacc33-a7e7-4950-b03b-fccf852632bd_1000.jpg!m_fill,w_280,h_210,f_jpg?from=ke.com
20240812,密云,溪翁庄镇,101125637853,溪水花园一区 业主诚心出售,85万,11107元/平,中楼层 (共7层) | 2013年 | 2室1厅 | 76.53平米 | 南 北,https://ke-image.ljcdn.com/110000-inspection/pc1_3Kezwhbo5.jpg!m_fill,w_280,h_210,f_jpg?from=ke.com
20240812,密云,溪翁庄镇,101125551034,麓秀佳园 标准大两居精装修 库上一层 南北通透,95万,10378元/平,底层 (共5层) 2室1厅 | 91.54平米 | 南 北,https://ke-image.ljcdn.com/110000-inspection/388b28b3-012e-4010-859e-6ae47f613e55_1000.jpg!m_fill,w_280,h_210,f_jpg?from=ke.com
20240812,密云,溪翁庄镇,101125518586,阳光城溪山悦 南北通透 精装采光好房主自荐,165万,19945元/平,中楼层 (共8层) | 2022年 | 3室1厅 | 82.73平米 | 南 北,https://ke-image.ljcdn.com/110000-inspection/pc1_OxVlpLYlj_1.jpg!m_fill,w_280,h_210,f_jpg?from=ke.com
20240812,密云,溪翁庄镇,101125451718,京溪小区天然氧吧环境优美 交通便利,108万,11395元/平,中楼层 (共5层) 3室2厅 | 94.78平米 | 南 北,https://ke-image.ljcdn.com/110000-inspection/pc1_EYPJq5cwd_1.jpg!m_fill,w_280,h_210,f_jpg?from=ke.com
20240812,密云,溪翁庄镇,101125442773,水库安装公司 精装一居 采光视野好  诚心出售,100万,15939元/平,中楼层 (共5层) 2室1厅 | 62.74平米 | 南 北,https://ke-image.ljcdn.com/110000-inspection/pc1_u2sASUgOq.jpg!m_fill,w_280,h_210,f_jpg?from=ke.com
20240812,密云,溪翁庄镇,101125408660,首创澜茵山二期环境优美房间采光充足视野好半山洋房,145万,30380元/平,顶层 (共6层) | 2017年 | 2室1厅 | 47.73平米 | 南 北,https://ke-image.ljcdn.com/110000-inspection/9f55287a-969a-4eda-bf4d-135222caf640_1000.jpg!m_fill,w_280,h_210,f_jpg?from=ke.com
20240812,密云,溪翁庄镇,101125183387,麓秀佳园 2室2厅 南 北,96万,10597元/平,低楼层 (共6层) | 2006年 | 2室2厅 | 90.6平米 | 南 北,https://ke-image.ljcdn.com/110000-inspection/pc1_WiS7FFCGp.jpg!m_fill,w_280,h_210,f_jpg?from=ke.com
20240812,密云,溪翁庄镇,101125110351,京溪小区,125万,9242元/平,顶层 (共6层) 3室2厅 | 135.26平米 | 南 北,https://ke-image.ljcdn.com/110000-inspection/pc1_MCL1cs6uO.jpg!m_fill,w_280,h_210,f_jpg?from=ke.com
20240812,密云,溪翁庄镇,101125094141,万科云溪 视野宽阔 采光充足 精装修三居室,230万,20187元/平,高楼层 (共10层) 3室2厅 | 113.94平米 | 南 北,https://ke-image.ljcdn.com/110000-inspection/3559aaf5-e113-47e4-a55e-6b2208c46980_1000.jpg!m_fill,w_280,h_210,f_jpg?from=ke.com
20240812,密云,溪翁庄镇,101125077778,弗农小镇 可观山景  南北通透 精装2居 新小区,228万,30774元/平,中楼层 (共9层) | 2020年 | 2室1厅 | 74.09平米 | 南 北,https://ke-image.ljcdn.com/110000-inspection/e7d9996e-fbc0-49f4-8786-6d3c6ff4fea3_1000.jpg!m_fill,w_280,h_210,f_jpg?from=ke.com
20240812,密云,溪翁庄镇,101124972644,阳光城溪山悦房子南北通透 采光好 带车位 看房方便房主自荐,160万,18994元/平,中楼层 (共8层) | 2022年 | 2室1厅 | 84.24平米 | 南 北,https://ke-image.ljcdn.com/110000-inspection/pc1_bE3Wbawoi.jpg!m_fill,w_280,h_210,f_jpg?from=ke.com
20240812,密云,溪翁庄镇,101124952364,麓秀佳园中楼层两居双卫 精装修 落地窗 南北通透房主自荐,118万,10602元/平,中楼层 (共6层) | 2006年 | 2室2厅 | 111.3平米 | 南 北,https://ke-image.ljcdn.com/110000-inspection/4029241a-3e9b-42df-ae36-a89521556c86_1000.jpg!m_fill,w_280,h_210,f_jpg?from=ke.com
20240812,密云,溪翁庄镇,101124949547,此房满五唯一南北通透格局楼层好视野宽阔,82万,10595元/平,中楼层 (共5层) | 1995年 | 2室1厅 | 77.4平米 | 南 北,https://ke-image.ljcdn.com/110000-inspection/77d47337-3bdb-49a6-8053-224044306b24_1000.jpg!m_fill,w_280,h_210,f_jpg?from=ke.com
20240812,密云,溪翁庄镇,101124908479,北京机床研究所家属楼 2室1厅 南 北,105万,16691元/平,底层 (共3层) 2室1厅 | 62.91平米 | 南 北,https://ke-image.ljcdn.com/110000-inspection/0646cabe-5919-4ccf-9101-7827b1e6e745_1000.jpg!m_fill,w_280,h_210,f_jpg?from=ke.com
20240812,密云,溪翁庄镇,101124843793,阳光城溪山悦 高楼层视野好 看房随时有密码 随时签,152万,18380元/平,顶层 (共8层) | 2022年 | 2室1厅 | 82.7平米 | 南 北,https://ke-image.ljcdn.com/110000-inspection/9952642b-01d2-4114-b21e-4b4e8f86462d_1000.jpg!m_fill,w_280,h_210,f_jpg?from=ke.com
20240812,密云,溪翁庄镇,101124841281,京溪小区 采光好 南北户型 精装修,90万,9496元/平,顶层 (共5层) | 2013年 | 2室1厅 | 94.78平米 | 南 北,https://ke-image.ljcdn.com/110000-inspection/96a9ff4f-7252-4f8e-9d81-4cd856e9bb67_1000.jpg!m_fill,w_280,h_210,f_jpg?from=ke.com
20240812,密云,溪翁庄镇,101124734062,密云区 后花园 水库 京溪小区房主自荐,77万,8284元/平,中楼层 (共6层) | 2016年 | 3室2厅 | 92.96平米 | 南 北,https://ke-image.ljcdn.com/110000-inspection/pc1_oy5Vw85cD_1.jpg!m_fill,w_280,h_210,f_jpg?from=ke.com
20240812,密云,溪翁庄镇,101124731968,弗农小镇 电梯房 领包入住 南北通透,156万,21059元/平,中楼层 (共9层) | 2020年 | 2室1厅 | 74.08平米 | 南 北,https://ke-image.ljcdn.com/110000-inspection/fe8482f4-a650-477d-96b8-7567d7ccbdca_1000.jpg!m_fill,w_280,h_210,f_jpg?from=ke.com
20240812,密云,溪翁庄镇,101124569498,溪水花园一区  精装修 业主诚心出售,95万,10522元/平,顶层 (共7层) | 2013年 | 2室1厅 | 90.29平米 | 南 北,https://ke-image.ljcdn.com/110000-inspection/pc1_VIIhraTTe_1.jpg!m_fill,w_280,h_210,f_jpg?from=ke.com
20240812,密云,溪翁庄镇,101124555806,南北通透低楼层小区内有公园居住舒适,86万,10694元/平,低楼层 (共6层) | 1999年 | 2室1厅 | 80.42平米 | 南 北,https://ke-image.ljcdn.com/110000-inspection/pc1_0yU1kYyYK.jpg!m_fill,w_280,h_210,f_jpg?from=ke.com
20240812,密云,溪翁庄镇,101124503956,阳光城溪山悦70年产权墅区洋房,145万,17527元/平,中楼层 (共8层) | 2022年 | 2室1厅 | 82.73平米 | 南 北,https://ke-image.ljcdn.com/110000-inspection/8daa1b4f-8d53-4f4d-bfe2-99126e2bbc68_1000.jpg!m_fill,w_280,h_210,f_jpg?from=ke.com
20240812,密云,溪翁庄镇,101124453896,京溪小区小区环境好绿化高。,100万,10779元/平,中楼层 (共6层) 3室1厅 | 92.78平米 | 南 北,https://ke-image.ljcdn.com/110000-inspection/b0016214-b7da-406d-ad6e-e4f55e96f03d_1000.jpg!m_fill,w_280,h_210,f_jpg?from=ke.com
20240812,密云,溪翁庄镇,101124437551,精装带家具 南北通透 采光好 视野好,130万,17547元/平,顶层 (共9层) 2室1厅 | 74.09平米 | 南 北,https://ke-image.ljcdn.com/110000-inspection/d379c03c-cc04-45ce-8ca7-70449d18abcc_1000.jpg!m_fill,w_280,h_210,f_jpg?from=ke.com
20240812,密云,溪翁庄镇,101124427614,北京市 密云区 京溪小区 四居室高楼层南北通透,140万,9326元/平,高楼层 (共6层) 4室2厅 | 150.13平米 | 南 北,https://ke-image.ljcdn.com/110000-inspection/73137fdf-16c2-4095-87fe-e15e0cc2729f_1000.jpg!m_fill,w_280,h_210,f_jpg?from=ke.com
20240812,密云,溪翁庄镇,101124214881,北京机床研究所家属楼 3室1厅 南 北,80万,9141元/平,顶层 (共5层) 3室1厅 | 87.52平米 | 南 北,https://ke-image.ljcdn.com/110000-inspection/95830ed8-5ba7-4c40-8626-c19a3f9997e7_1000.jpg!m_fill,w_280,h_210,f_jpg?from=ke.com
20240812,密云,溪翁庄镇,101124133949,麓秀佳园精装修格局好配套齐全,106万,11580元/平,顶层 (共5层) 2室1厅 | 91.54平米 | 南 北,https://ke-image.ljcdn.com/110000-inspection/pc1_BSoKhmR7b_1.jpg!m_fill,w_280,h_210,f_jpg?from=ke.com
20240812,密云,溪翁庄镇,101124111397,东智东路18号院  楼层好  视野开阔 采光充足 配套齐全,155万,14775元/平,顶层 (共6层) 3室2厅 | 104.91平米 | 南 北,https://ke-image.ljcdn.com/110000-inspection/07ff1109-0eca-4e6f-a016-fd13d50f338b_1000.jpg!m_fill,w_280,h_210,f_jpg?from=ke.com
20240812,密云,溪翁庄镇,101124101363,北京机床研究所家属楼 两居室高楼层 满五唯一南北通透,80万,14050元/平,顶层 (共5层) 2室1厅 | 56.94平米 | 南 北,https://ke-image.ljcdn.com/110000-inspection/pc1_zXVVtiJyO_1.jpg!m_fill,w_280,h_210,f_jpg?from=ke.com
20240812,密云,溪翁庄镇,101123909442,京溪小区 水库南线安静舒适空气离子高,139万,10291元/平,低楼层 (共6层) 3室1厅 | 135.07平米 | 南 北,https://ke-image.ljcdn.com/110000-inspection/b2d146bc-1a63-4b31-8c3b-93270a63193d_1000.jpg!m_fill,w_280,h_210,f_jpg?from=ke.com
20240812,密云,溪翁庄镇,101123890331,首创澜茵山三期 南北通透 采光好视野好 居住舒适,155万,16046元/平,中楼层 (共15层) | 2006年 | 3室1厅 | 96.6平米 | 南 北,https://ke-image.ljcdn.com/110000-inspection/pc1_CDQDSSHg1.jpg!m_fill,w_280,h_210,f_jpg?from=ke.com
20240812,密云,溪翁庄镇,101123869478,麓秀佳园  三居双卫 精装修 落地窗 南北通透 随时签约,110万,9183元/平,中楼层 (共5层) 3室2厅 | 119.79平米 | 南 北,https://ke-image.ljcdn.com/110000-inspection/pc1_I8i8TWEzz_1.jpg!m_fill,w_280,h_210,f_jpg?from=ke.com
20240812,密云,溪翁庄镇,101123813254,水库管理处家属院    南北通透   中间楼层  交通便利,67万,12609元/平,中楼层 (共5层) 1室1厅 | 53.14平米 | 南 北,https://ke-image.ljcdn.com/110000-inspection/0988454d-fd93-48dc-a9ce-33d3ec6c22da_1000.jpg!m_fill,w_280,h_210,f_jpg?from=ke.com
20240812,密云,溪翁庄镇,101123652843,溪水花园八区 普通住宅 精装修 无遮挡,138万,15207元/平,中楼层 (共6层) 2室2厅 | 90.75平米 | 南 北,https://ke-image.ljcdn.com/110000-inspection/pc1_TD8sgrVQk_1.jpg!m_fill,w_280,h_210,f_jpg?from=ke.com
20240812,密云,溪翁庄镇,101123638828,水库管理处家属院  看房方便  业主诚心出售,72万,12712元/平,顶层 (共6层) 2室1厅 | 56.64平米 | 南 北,https://ke-image.ljcdn.com/110000-inspection/pc1_X2eaPnout_1.jpg!m_fill,w_280,h_210,f_jpg?from=ke.com
20240812,密云,溪翁庄镇,101123584794,南北通透高楼层小区内有公园居住舒适,70万,8705元/平,顶层 (共6层) 2室1厅 | 80.42平米 | 南 北,https://ke-image.ljcdn.com/110000-inspection/pc1_GEExFHDPo_1.jpg!m_fill,w_280,h_210,f_jpg?from=ke.com
20240812,密云,溪翁庄镇,101123563568,弗农小镇 小区环境优美 空气好,225万,22969元/平,低楼层 (共9层) 3室1厅 | 97.96平米 | 南 北,https://ke-image.ljcdn.com/110000-inspection/pc1_csX6Pth0p_1.jpg!m_fill,w_280,h_210,f_jpg?from=ke.com
20240812,密云,溪翁庄镇,101123523262,北京机床研究所家属楼  采光视野广阔,75万,12751元/平,顶层 (共5层) 2室1厅 | 58.82平米 | 南 北,https://ke-image.ljcdn.com/110000-inspection/pc1_L3F6Gbzkl_1.jpg!m_fill,w_280,h_210,f_jpg?from=ke.com
20240812,密云,溪翁庄镇,101123512272,溪水花园八区 小区环境好 南北通透 采光好,148万,13048元/平,顶层 (共5层) 3室2厅 | 113.43平米 | 南 北,https://ke-image.ljcdn.com/110000-inspection/e8330c24-11d8-487d-b451-0a9b998486e8_1000.jpg!m_fill,w_280,h_210,f_jpg?from=ke.com
20240812,密云,溪翁庄镇,101123498550,万科云溪  五年唯一  视野开阔  采光一级棒,239万,19728元/平,高楼层 (共10层) 3室2厅 | 121.15平米 | 南 北,https://ke-image.ljcdn.com/110000-inspection/pc1_FlKynregK_1.jpg!m_fill,w_280,h_210,f_jpg?from=ke.com
20240812,密云,溪翁庄镇,101123481978,京溪小区 低楼层 低价位 南北通透采光好,93万,9300元/平,中楼层 (共6层) 3室2厅 | 100平米 | 南 北,https://ke-image.ljcdn.com/110000-inspection/pc1_TeCX2gAMg_1.jpg!m_fill,w_280,h_210,f_jpg?from=ke.com
20240812,密云,溪翁庄镇,101123458571,楼层好视野采光不遮挡  小区环境好,98万,9587元/平,低楼层 (共6层) 3室2厅 | 102.23平米 | 南 北,https://ke-image.ljcdn.com/110000-inspection/pc1_etT00HMVm_1.jpg!m_fill,w_280,h_210,f_jpg?from=ke.com
20240812,密云,溪翁庄镇,101123427318,水库管理处家属院  低楼层  采光充足  配套齐全,85万,15945元/平,底层 (共6层) 1室1厅 | 53.31平米 | 南 北,https://ke-image.ljcdn.com/110000-inspection/22cdc364-91a9-4375-b7a3-2e637ecda2e4_1000.jpg!m_fill,w_280,h_210,f_jpg?from=ke.com
20240812,密云,溪翁庄镇,101123270079,弗农小镇 环境优美 交通便利 天然氧吧,216万,22050元/平,中楼层 (共9层) 3室1厅 | 97.96平米 | 南 北,https://ke-image.ljcdn.com/110000-inspection/dbc10db1-32ca-4857-b38c-4392e78a793a_1000.jpg!m_fill,w_280,h_210,f_jpg?from=ke.com
20240812,密云,溪翁庄镇,101123259753,弗农小镇小区环境优美空气好楼层好,165万,22274元/平,顶层 (共9层) 2室1厅 | 74.08平米 | 南 北,https://ke-image.ljcdn.com/110000-inspection/ee2e741d-7022-4b3e-8507-ad8cacd6b6e4_1000.jpg!m_fill,w_280,h_210,f_jpg?from=ke.com
20240812,密云,溪翁庄镇,101123073184,阳光城溪山悦 2室2厅 南 北,138万,16766元/平,底层 (共8层) 2室2厅 | 82.31平米 | 南 北,https://ke-image.ljcdn.com/110000-inspection/pc1_FzPjP3eZJ_1.jpg!m_fill,w_280,h_210,f_jpg?from=ke.com
20240812,密云,溪翁庄镇,101123060238,京溪小区  精装修  正规两居  南北通透  中楼层,85万,10982元/平,中楼层 (共5层) | 1995年 | 2室1厅 | 77.4平米 | 南 北,https://ke-image.ljcdn.com/110000-inspection/8e94a52f-5e64-4346-ab69-bcc9f9465007_1000.jpg!m_fill,w_280,h_210,f_jpg?from=ke.com
20240812,密云,溪翁庄镇,101123053458,京溪小区环境优美 采光充足中间楼层视野宽阔,100万,12458元/平,中楼层 (共6层) 2室2厅 | 80.27平米 | 南 北,https://ke-image.ljcdn.com/110000-inspection/4374b2e0-366d-4bb0-b939-168314ad417e_1000.jpg!m_fill,w_280,h_210,f_jpg?from=ke.com
20240812,密云,溪翁庄镇,101123017720,麓秀佳园 环境优美 精装修 诚心出售看房方便 随时签约,79万,9446元/平,中楼层 (共5层) | 2006年 | 2室1厅 | 83.64平米 | 南 北,https://ke-image.ljcdn.com/110000-inspection/pc1_aVyBrlSCr_1.jpg!m_fill,w_280,h_210,f_jpg?from=ke.com
20240812,密云,溪翁庄镇,101123016155,麓秀佳园 标准独立两居 环境优美依山傍水随时签约,89万,9729元/平,中楼层 (共5层) | 2006年 | 2室2厅 | 91.48平米 | 南 北,https://ke-image.ljcdn.com/110000-inspection/pc1_tR5lIobGq_1.jpg!m_fill,w_280,h_210,f_jpg?from=ke.com
20240812,密云,溪翁庄镇,101122996142,麓秀佳园环境好 南北通透 看房方便 随时签约,79万,8638元/平,顶层 (共5层) | 2006年 | 2室2厅 | 91.46平米 | 南 北,https://ke-image.ljcdn.com/110000-inspection/pc1_cPddtckea_1.jpg!m_fill,w_280,h_210,f_jpg?from=ke.com
20240812,密云,溪翁庄镇,101122877887,弗农小镇  精装修 楼龄新 环境优美,240万,32246元/平,高楼层 (共9层) 2室1厅 | 74.43平米 | 南 北,https://ke-image.ljcdn.com/110000-inspection/cb2b4c22-6eba-495c-8c47-6b8888d65a44_1000.jpg!m_fill,w_280,h_210,f_jpg?from=ke.com
20240812,密云,溪翁庄镇,101122876746,京溪小区 南北通透两 业主诚心卖,145万,15893元/平,中楼层 (共6层) 2室2厅 | 91.24平米 | 北 南,https://ke-image.ljcdn.com/110000-inspection/pc1_y7Mgqnzmt_1.jpg!m_fill,w_280,h_210,f_jpg?from=ke.com
20240812,密云,溪翁庄镇,101122851903,京溪小区视野好可观景空气清新环境优雅 水库附近,107万,10467元/平,高楼层 (共6层) 3室2厅 | 102.23平米 | 南 北,https://ke-image.ljcdn.com/110000-inspection/c41259fc-4baa-4124-9a9e-10eb8d1f887b_1000.jpg!m_fill,w_280,h_210,f_jpg?from=ke.com
20240812,密云,溪翁庄镇,101122830680,溪水花园南北通透 中间楼层 标准两居,82万,10050元/平,中楼层 (共6层) 2室1厅 | 81.6平米 | 南 北,https://ke-image.ljcdn.com/110000-inspection/pc1_AKf6TLM8Y_1.jpg!m_fill,w_280,h_210,f_jpg?from=ke.com
20240812,密云,溪翁庄镇,101122790733,京溪小区空气清新 环境好 南北通透 好楼层采光充足,120万,12092元/平,底层 (共6层) 3室1厅 | 99.24平米 | 南 北,https://ke-image.ljcdn.com/110000-inspection/d04cc772-af67-4b1e-983e-4834e864578c_1000.jpg!m_fill,w_280,h_210,f_jpg?from=ke.com
20240812,密云,溪翁庄镇,101122754678,3层中间层 邻密云水库 京溪小区 南北通透 看房方便,85万,10269元/平,中楼层 (共5层) 2室1厅 | 82.78平米 | 南 北,https://ke-image.ljcdn.com/110000-inspection/pc1_WdB11Lwet_1.jpg!m_fill,w_280,h_210,f_jpg?from=ke.com
20240812,密云,溪翁庄镇,101122712006,京溪小区  3居  采购充足  视野宽阔  空气清新,90万,9701元/平,顶层 (共6层) 2室2厅 | 92.78平米 | 南 北,https://ke-image.ljcdn.com/110000-inspection/9d63f9e3-8f92-4cac-abbb-70a92996efa4_1000.jpg!m_fill,w_280,h_210,f_jpg?from=ke.com
20240812,密云,溪翁庄镇,101122664028,溪水花园八区 小区环境好 楼层适中,89万,10907元/平,中楼层 (共6层) 2室1厅 | 81.6平米 | 南 北,https://ke-image.ljcdn.com/110000-inspection/f08bf7b0-b63d-46de-8271-90a87dd810c8_1000.jpg!m_fill,w_280,h_210,f_jpg?from=ke.com
20240812,密云,溪翁庄镇,101122582354,溪水花园一区  低楼层  南北通透,80万,10461元/平,低楼层 (共6层) | 2013年 | 2室1厅 | 76.48平米 | 南 北,https://ke-image.ljcdn.com/110000-inspection/c00a5429-8300-453a-a607-152e08e4df55_1000.jpg!m_fill,w_280,h_210,f_jpg?from=ke.com
20240812,密云,溪翁庄镇,101122557106,弗农小镇二期 精装修 位置号 楼层视野好,156万,20960元/平,中楼层 (共9层) 2室1厅 | 74.43平米 | 南 北,https://ke-image.ljcdn.com/110000-inspection/3d26b237-4985-4630-bcbb-ee8cc61f0c2c_1000.jpg!m_fill,w_280,h_210,f_jpg?from=ke.com
20240812,密云,溪翁庄镇,101122463441,弗农小镇南北通透格局方正楼层位置采光效果好。,136万,18359元/平,中楼层 (共9层) 2室1厅 | 74.08平米 | 北 南,https://ke-image.ljcdn.com/110000-inspection/pc1_CNMMUnpeq_1.jpg!m_fill,w_280,h_210,f_jpg?from=ke.com
20240812,密云,溪翁庄镇,101122463435,麓秀佳园 环境优美 采买方便采光好房主自荐,110万,13522元/平,中楼层 (共6层) | 2006年 | 2室1厅 | 81.35平米 | 南 北,https://ke-image.ljcdn.com/110000-inspection/pc1_JG5pmKfeR_1.jpg!m_fill,w_280,h_210,f_jpg?from=ke.com
20240812,密云,溪翁庄镇,101122388495,阳光城溪山悦洋房带装修 随时看房,140万,16929元/平,中楼层 (共8层) | 2022年 | 2室2厅 | 82.7平米 | 南 北,https://ke-image.ljcdn.com/110000-inspection/pc1_1ToxpWNXH_1.jpg!m_fill,w_280,h_210,f_jpg?from=ke.com
20240812,密云,溪翁庄镇,101122364873,京溪小区 南北通透三居室 业主诚心卖,115万,8402元/平,中楼层 (共6层) 3室2厅 | 136.88平米 | 南 北,https://ke-image.ljcdn.com/110000-inspection/71b54afa-ff0f-438c-9fe9-136b7fc147be_1000.jpg!m_fill,w_280,h_210,f_jpg?from=ke.com
20240812,密云,溪翁庄镇,101122356065,万科云溪 精装大平层 可直接拎包入住 看房随时,300万,20013元/平,高楼层 (共10层) 3室2厅 | 149.91平米 | 南 西 北,https://ke-image.ljcdn.com/110000-inspection/pc1_6D0hASyzL.jpg!m_fill,w_280,h_210,f_jpg?from=ke.com
20240812,密云,溪翁庄镇,101122183548,京溪小区 中楼层 视野采光好 大三居,100万,9671元/平,中楼层 (共6层) 3室2厅 | 103.41平米 | 南 北,https://ke-image.ljcdn.com/110000-inspection/ffb176a3-3ad6-4d29-bf61-eb9fafe766b5_1000.jpg!m_fill,w_280,h_210,f_jpg?from=ke.com
20240812,密云,溪翁庄镇,101121977319,房子南北通透采光好环境优美看房方便,158万,19099元/平,顶层 (共8层) | 2022年 | 2室1厅 | 82.73平米 | 南 北,https://ke-image.ljcdn.com/110000-inspection/pc1_oXA9eyzhN_1.jpg!m_fill,w_280,h_210,f_jpg?from=ke.com
20240812,密云,溪翁庄镇,101121963175,水库安装公司   密云     采光好,68万,10896元/平,中楼层 (共5层) 2室1厅 | 62.41平米 | 南 北,https://ke-image.ljcdn.com/110000-inspection/pc1_BaIRHCw3V_1.jpg!m_fill,w_280,h_210,f_jpg?from=ke.com
20240812,密云,溪翁庄镇,101121928657,弗农小镇 3室1厅 南 北,255万,26026元/平,中楼层 (共9层) 3室1厅 | 97.98平米 | 南 北,https://ke-image.ljcdn.com/110000-inspection/pc1_4bU29QSiO.jpg!m_fill,w_280,h_210,f_jpg?from=ke.com
20240812,密云,溪翁庄镇,101121801176,麓秀佳园 环境好 交通便利 南北通透 看房方便,108万,9671元/平,底层 (共6层) | 2006年 | 3室2厅 | 111.68平米 | 南 北,https://ke-image.ljcdn.com/110000-inspection/pc1_JWxE0avwz.jpg!m_fill,w_280,h_210,f_jpg?from=ke.com
20240812,密云,溪翁庄镇,101121800163,空气清新 环境优美 适合养生。,120万,10343元/平,顶层 (共6层) | 2006年 | 3室2厅 | 116.03平米 | 南 北,https://ke-image.ljcdn.com/110000-inspection/pc1_soSZ6MSnn.jpg!m_fill,w_280,h_210,f_jpg?from=ke.com
20240812,密云,溪翁庄镇,101121783057,京溪小区 三室两厅 环境优美 交通便利 天然氧吧,120万,12934元/平,中楼层 (共6层) 3室2厅 | 92.78平米 | 南 北,https://ke-image.ljcdn.com/110000-inspection/pc1_qmBOeuD2o.jpg!m_fill,w_280,h_210,f_jpg?from=ke.com
20240812,密云,溪翁庄镇,101121690233,首创澜茵山三期 半山洋房 有电梯 小区环境好,180万,16062元/平,底层 (共15层) 3室2厅 | 112.07平米 | 南 北,https://ke-image.ljcdn.com/110000-inspection/pc1_38YCe5tAJ.jpg!m_fill,w_280,h_210,f_jpg?from=ke.com
20240812,密云,溪翁庄镇,101121680270,房子南北通透采光好环境优美同享社区,148万,17897元/平,低楼层 (共8层) | 2022年 | 2室2厅 | 82.7平米 | 北 南,https://ke-image.ljcdn.com/110000-inspection/pc1_Gw2pLNqCW.jpg!m_fill,w_280,h_210,f_jpg?from=ke.com
20240812,密云,溪翁庄镇,101121648135,高楼层 视野好 南北通透 精装修  有自家车位,248万,20539元/平,顶层 (共10层) 3室2厅 | 120.75平米 | 南 北,https://ke-image.ljcdn.com/110000-inspection/pc1_1L0IdYJuI.jpg!m_fill,w_280,h_210,f_jpg?from=ke.com
20240812,密云,溪翁庄镇,101121634932,精装修 南北通透 三居室 诚心出售,200万,20390元/平,中楼层 (共9层) 3室1厅 | 98.09平米 | 南 北,https://ke-image.ljcdn.com/110000-inspection/pc1_C7KgdaNJp.jpg!m_fill,w_280,h_210,f_jpg?from=ke.com
20240812,密云,溪翁庄镇,101121507853,京溪小区南北通透 2室2厅1卫 装修好,77万,9302元/平,顶层 (共5层) 2室1厅 | 82.78平米 | 南 北,https://ke-image.ljcdn.com/110000-inspection/pc1_in25o7IM6.jpg!m_fill,w_280,h_210,f_jpg?from=ke.com
20240812,密云,溪翁庄镇,101121459245,麓秀佳园次顶层楼层适中采光好,99万,8813元/平,顶层 (共5层) 3室2厅 | 112.34平米 | 南 北,https://ke-image.ljcdn.com/110000-inspection/pc1_KRzOO44TD.jpg!m_fill,w_280,h_210,f_jpg?from=ke.com
20240812,密云,溪翁庄镇,101121446008,阳光城溪山悦南北通透两居室精装修,148万,17890元/平,底层 (共8层) | 2022年 | 2室2厅 | 82.73平米 | 南 北,https://ke-image.ljcdn.com/110000-inspection/pc1_narHvZVPV.jpg!m_fill,w_280,h_210,f_jpg?from=ke.com
20240812,密云,溪翁庄镇,101121423366,水库管理处满五唯一南北通透配套齐全交通便利,68万,12120元/平,底层 (共6层) | 1989年 | 1室1厅 | 56.11平米 | 南 北,https://ke-image.ljcdn.com/110000-inspection/pc1_KAts9RH8s.jpg!m_fill,w_280,h_210,f_jpg?from=ke.com
20240812,密云,溪翁庄镇,101121361300,观唐云鼎北区 南北通透 采光充足,558万,32442元/平,中楼层 (共5层) 4室2厅 | 172平米 | 南 北,https://ke-image.ljcdn.com/110000-inspection/pc1_dkwZ33rw3.jpg!m_fill,w_280,h_210,f_jpg?from=ke.com
20240812,密云,溪翁庄镇,101121357543,万科云溪  南北通透  三居室  视野开阔  采光充足,198万,17558元/平,中楼层 (共10层) 3室2厅 | 112.77平米 | 南 北,https://ke-image.ljcdn.com/110000-inspection/pc1_ewl7gyfp3.jpg!m_fill,w_280,h_210,f_jpg?from=ke.com
20240812,密云,溪翁庄镇,101121357531,首创澜茵山三期 半山别墅 小区环境好 有电梯,160万,15894元/平,中楼层 (共16层) | 2014年 | 3室1厅 | 100.67平米 | 南 北,https://ke-image.ljcdn.com/110000-inspection/pc1_wisxvIoXo.jpg!m_fill,w_280,h_210,f_jpg?from=ke.com
20240812,密云,溪翁庄镇,101121328319,北京机床研究所家属楼精装修业主诚意出售,68万,11561元/平,中楼层 (共5层) 3室1厅 | 58.82平米 | 南 北,https://ke-image.ljcdn.com/110000-inspection/pc1_WV6X8VOm3.jpg!m_fill,w_280,h_210,f_jpg?from=ke.com
20240812,密云,溪翁庄镇,101121295781,弗农小镇 户型方正 业主诚心出售 价格可谈,280万,28424元/平,低楼层 (共9层) 3室2厅 | 98.51平米 | 南 北,https://ke-image.ljcdn.com/110000-inspection/93ea3f13-c8a2-42d5-a58f-8c7991f480fd_1000.jpg!m_fill,w_280,h_210,f_jpg?from=ke.com
20240812,密云,溪翁庄镇,101121244381,麓秀佳园 视野开阔 环境优美 交通便利 配套完善,180万,16121元/平,中楼层 (共5层) 3室2厅 | 111.66平米 | 南 北,https://ke-image.ljcdn.com/110000-inspection/pc1_MgVJqwaXR.jpg!m_fill,w_280,h_210,f_jpg?from=ke.com
20240812,密云,溪翁庄镇,101121063263,环境优美空气质量好适宜养生房主自荐,84.6万,7358元/平,顶层 (共6层) 3室2厅 | 114.98平米 | 南 北,https://ke-image.ljcdn.com/110000-inspection/2fe35d98-7be1-47c2-80ce-fc7c49b14435_1000.jpg!m_fill,w_280,h_210,f_jpg?from=ke.com
20240812,密云,溪翁庄镇,101121054243,观唐云鼎精装修视野宽阔楼层好南北通透格局,590万,34303元/平,中楼层 (共6层) 4室2厅 | 172平米 | 南 北,https://ke-image.ljcdn.com/110000-inspection/pc1_HcvnD6yK8.jpg!m_fill,w_280,h_210,f_jpg?from=ke.com
20240812,密云,溪翁庄镇,101121041744,阳光城溪山悦 一层带装修 随时看房 契税票150万房主自荐,128万,15125元/平,底层 (共8层) | 2022年 | 2室1厅 | 84.63平米 | 南 北,https://ke-image.ljcdn.com/110000-inspection/pc1_rsZ1hHNDo.jpg!m_fill,w_280,h_210,f_jpg?from=ke.com
20240812,密云,溪翁庄镇,101121027541,水库管理处家属院南北通透配套齐全交通便利,70万,11710元/平,顶层 (共5层) 1室1厅 | 59.78平米 | 南 北,https://ke-image.ljcdn.com/110000-inspection/pc1_x5IfvxHyX.jpg!m_fill,w_280,h_210,f_jpg?from=ke.com
20240812,密云,溪翁庄镇,101120882512,京溪小区三室两厅两卫一厨低楼层南北朝向采光好,145万,13842元/平,底层 (共6层) 3室2厅 | 104.76平米 | 南 北,https://ke-image.ljcdn.com/110000-inspection/pc1_864Sy1MYx.jpg!m_fill,w_280,h_210,f_jpg?from=ke.com
20240812,密云,溪翁庄镇,101120867887,首创澜茵山三期 半山别墅 有电梯,180万,17112元/平,顶层 (共6层) 3室2厅 | 105.19平米 | 南 北,https://ke-image.ljcdn.com/110000-inspection/pc1_F0bDcpOZK.jpg!m_fill,w_280,h_210,f_jpg?from=ke.com
20240812,密云,溪翁庄镇,101120696402,万科云溪花园洋房大三居南北通透,248万,17387元/平,高楼层 (共10层) 3室2厅 | 142.64平米 | 南 北,https://ke-image.ljcdn.com/110000-inspection/pc1_LcjjUxc4s_1.jpg!m_fill,w_280,h_210,f_jpg?from=ke.com
20240812,密云,溪翁庄镇,101120650960,京溪小区、三期楼龄新、阳台厨房落地窗、采光视野佳,103万,7823元/平,高楼层 (共7层) 3室2厅 | 131.67平米 | 南 北,https://ke-image.ljcdn.com/110000-inspection/pc1_s7TbyxHTT.jpg!m_fill,w_280,h_210,f_jpg?from=ke.com
20240812,密云,溪翁庄镇,101120540313,京溪小区 配套齐全 随时可看 诚心出售房主自荐,123万,8986元/平,中楼层 (共6层) 3室2厅 | 136.88平米 | 南 北,https://ke-image.ljcdn.com/110000-inspection/pc1_mOtvkJZHO_1.jpg!m_fill,w_280,h_210,f_jpg?from=ke.com
20240812,密云,溪翁庄镇,101120458811,水库管理处家属院  满二唯一  采光好,82万,13498元/平,中楼层 (共6层) 2室1厅 | 60.75平米 | 南 北,https://ke-image.ljcdn.com/110000-inspection/pc1_iWxIu1OdN_1.jpg!m_fill,w_280,h_210,f_jpg?from=ke.com
20240812,密云,溪翁庄镇,101120429537,弗农小镇 电梯洋房 视野开阔无遮挡 小区中间位置,245万,25006元/平,中楼层 (共9层) 3室1厅 | 97.98平米 | 东 南 北,https://ke-image.ljcdn.com/110000-inspection/pc1_WgmWTRwMp.jpg!m_fill,w_280,h_210,f_jpg?from=ke.com
20240812,密云,溪翁庄镇,101120344161,弗农小镇    三面环山   南北通透精装修三居室房主自荐,265万,27050元/平,中楼层 (共9层) | 2020年 | 3室1厅 | 97.97平米 | 南 西 北,https://ke-image.ljcdn.com/110000-inspection/pc1_pwgUtR3TD.jpg!m_fill,w_280,h_210,f_jpg?from=ke.com
20240812,密云,溪翁庄镇,101120313222,京溪小区 三居室 低楼层 户型方正 看房方便,99万,10624元/平,底层 (共5层) | 1995年 | 3室2厅 | 93.19平米 | 南 北,https://ke-image.ljcdn.com/110000-inspection/pc1_zJogS2DsD.jpg!m_fill,w_280,h_210,f_jpg?from=ke.com
20240812,密云,溪翁庄镇,101120251120,北京机床研究所家属楼低楼层采光不错,70万,11128元/平,低楼层 (共3层) 2室1厅 | 62.91平米 | 南,https://ke-image.ljcdn.com/110000-inspection/pc1_28BtgRvbx.jpg!m_fill,w_280,h_210,f_jpg?from=ke.com
20240812,密云,溪翁庄镇,101120233013,北京机床研究所家属楼和密云水库一山之隔,136万,15540元/平,中楼层 (共5层) 3室1厅 | 87.52平米 | 南 北,https://ke-image.ljcdn.com/110000-inspection/pc1_Hekndychb.jpg!m_fill,w_280,h_210,f_jpg?from=ke.com
20240812,密云,溪翁庄镇,101120185656,满五唯一 密云水库 楼层好 采光充足 电梯房,225万,17746元/平,中楼层 (共9层) | 2014年 | 3室1厅 | 126.79平米 | 南 北,https://ke-image.ljcdn.com/110000-inspection/pc1_USH1JLSMH_1.jpg!m_fill,w_280,h_210,f_jpg?from=ke.com
20240812,密云,溪翁庄镇,101120093359,京溪小区交通方便楼层好采光好,75万,9327元/平,底层 (共6层) | 2018年 | 2室1厅 | 80.42平米 | 南 北,https://ke-image.ljcdn.com/110000-inspection/pc1_rNejXlGHl.jpg!m_fill,w_280,h_210,f_jpg?from=ke.com
20240812,密云,溪翁庄镇,101120019273,首创澜茵山三期 半山别墅 带电梯 精装修,250万,18907元/平,中楼层 (共6层) 4室2厅 | 132.23平米 | 南 北,https://ke-image.ljcdn.com/110000-inspection/pc1_kHvGBkXaY.jpg!m_fill,w_280,h_210,f_jpg?from=ke.com
20240812,密云,溪翁庄镇,101119956733,首创澜茵山三期 精装修 彩光好 独立3居双卫,185万,18377元/平,高楼层 (共15层) | 2014年 | 3室2厅 | 100.67平米 | 南 北,https://ke-image.ljcdn.com/110000-inspection/pc1_lvD8zpM5t.jpg!m_fill,w_280,h_210,f_jpg?from=ke.com
20240812,密云,溪翁庄镇,101119932853,弗农小镇   密云       采光好      南北,165万,22169元/平,低楼层 (共9层) 2室1厅 | 74.43平米 | 南 北,https://ke-image.ljcdn.com/110000-inspection/pc1_czZG8MzBI_1.jpg!m_fill,w_280,h_210,f_jpg?from=ke.com
20240812,密云,溪翁庄镇,101119865453,首创澜茵山三期 半山别墅 小区环境好,168万,13649元/平,低楼层 (共15层) 4室2厅 | 123.09平米 | 南 北,https://ke-image.ljcdn.com/110000-inspection/pc1_zrX1by7WY.jpg!m_fill,w_280,h_210,f_jpg?from=ke.com
20240812,密云,溪翁庄镇,101119771613,溪水花园 三层 标准两居室 南北通透 毛坯房 随时看房,79万,8751元/平,中楼层 (共7层) 2室1厅 | 90.28平米 | 南 北,https://ke-image.ljcdn.com/110000-inspection/pc1_3mxB7sUyD.jpg!m_fill,w_280,h_210,f_jpg?from=ke.com
20240812,密云,溪翁庄镇,101119714814,京溪小区西区中间楼层精装修自住换房有个车库,125万,12850元/平,中楼层 (共5层) 3室1厅 | 97.28平米 | 南 北,https://ke-image.ljcdn.com/110000-inspection/pc1_3WejobkB7.jpg!m_fill,w_280,h_210,f_jpg?from=ke.com
20240812,密云,溪翁庄镇,101119684375,首创澜茵山三期六层洋房采光好。,189万,17966元/平,顶层 (共6层) 3室2厅 | 105.2平米 | 南 北,https://ke-image.ljcdn.com/110000-inspection/pc1_6DHrDxGIy.jpg!m_fill,w_280,h_210,f_jpg?from=ke.com
20240812,密云,溪翁庄镇,101119668700,首创澜茵山三期  三室两卫 中间楼层,172万,16955元/平,中楼层 (共17层) 3室2厅 | 101.45平米 | 南 北,https://ke-image.ljcdn.com/110000-inspection/pc1_xZFozCliJ_1.jpg!m_fill,w_280,h_210,f_jpg?from=ke.com
20240812,密云,溪翁庄镇,101119596889,本房南北通透精装修楼层好空气质量好适宜居住,128万,11464元/平,顶层 (共5层) | 2006年 | 3室1厅 | 111.66平米 | 南 北,https://ke-image.ljcdn.com/110000-inspection/pc1_KHmOk5UXZ.jpg!m_fill,w_280,h_210,f_jpg?from=ke.com
20240812,密云,溪翁庄镇,101119562423,溪水花园一区楼层好视野好采光充足,80万,8902元/平,高楼层 (共6层) | 2013年 | 2室1厅 | 89.87平米 | 南 北,https://ke-image.ljcdn.com/110000-inspection/pc1_uzfXaO4Sn.jpg!m_fill,w_280,h_210,f_jpg?from=ke.com
20240812,密云,溪翁庄镇,101119496635,水库管理处家属院 中高楼层精装修70年产权,79万,14819元/平,高楼层 (共6层) 1室1厅 | 53.31平米 | 南 北,https://ke-image.ljcdn.com/110000-inspection/pc1_LO80pdsci.jpg!m_fill,w_280,h_210,f_jpg?from=ke.com
20240812,密云,溪翁庄镇,101119484856,京溪小区密云水库南高楼层精装三居,120万,11657元/平,高楼层 (共6层) 3室2厅 | 102.95平米 | 南 北,https://ke-image.ljcdn.com/110000-inspection/pc1_s3zxxZhIi.jpg!m_fill,w_280,h_210,f_jpg?from=ke.com
20240812,密云,溪翁庄镇,101119469182,溪水花园八区  *溪水花园八区”,110万,13481元/平,中楼层 (共6层) 2室1厅 | 81.6平米 | 南 北,https://ke-image.ljcdn.com/110000-inspection/pc1_RABLKKW9X.jpg!m_fill,w_280,h_210,f_jpg?from=ke.com
20240812,密云,溪翁庄镇,101119338569,首创澜茵山二期  精装修  看房有钥匙,199万,17925元/平,低楼层 (共3层) 2室1厅 | 111.02平米 | 南 北,https://ke-image.ljcdn.com/110000-inspection/pc1_CJY8YyVEF_1.jpg!m_fill,w_280,h_210,f_jpg?from=ke.com
20240812,密云,溪翁庄镇,101119250971,水库管理处家属院 中高楼层精装修70年产权,65万,11697元/平,高楼层 (共6层) 2室1厅 | 55.57平米 | 南 北,https://ke-image.ljcdn.com/110000-inspection/pc1_djxIWQgZK.jpg!m_fill,w_280,h_210,f_jpg?from=ke.com
20240812,密云,溪翁庄镇,101119087773,万科弗农小镇 精装修 带电梯  标准格局,210万,28314元/平,高楼层 (共9层) 2室1厅 | 74.17平米 | 南 北,https://ke-image.ljcdn.com/110000-inspection/pc1_ACm89aEqd_1.jpg!m_fill,w_280,h_210,f_jpg?from=ke.com
20240812,密云,溪翁庄镇,101119073007,京溪小区高楼层视野开阔采光充足,108万,7194元/平,顶层 (共6层) 3室2厅 | 150.13平米 | 南 北,https://ke-image.ljcdn.com/110000-inspection/pc1_wrM2sRuHo.jpg!m_fill,w_280,h_210,f_jpg?from=ke.com
20240812,密云,溪翁庄镇,101118972005,首创澜茵山三期 南北通透四居室 满五年唯一 精装修,175万,14181元/平,中楼层 (共15层) 4室1厅 | 123.41平米 | 南 北,https://ke-image.ljcdn.com/110000-inspection/pc1_b9YizlCXH.jpg!m_fill,w_280,h_210,f_jpg?from=ke.com
20240812,密云,溪翁庄镇,101118907939,首创澜茵山三期 环境优美 人车分流房间采光充足视野好,200万,16449元/平,中楼层 (共5层) 4室2厅 | 121.59平米 | 南 北,https://ke-image.ljcdn.com/110000-inspection/pc1_RVc6GznHB.jpg!m_fill,w_280,h_210,f_jpg?from=ke.com
20240812,密云,溪翁庄镇,101118885132,麓秀佳园紧靠密云水库空气好环境优美,80万,10222元/平,中楼层 (共6层) 1室1厅 | 78.27平米 | 南 北,https://ke-image.ljcdn.com/110000-inspection/pc1_IAMfEIKVa.jpg!m_fill,w_280,h_210,f_jpg?from=ke.com
20240812,密云,溪翁庄镇,101118845512,南北通透格局采光好环境优美空气质量好,75万,9220元/平,底层 (共6层) | 2006年 | 1室1厅 | 81.35平米 | 南 北,https://ke-image.ljcdn.com/110000-inspection/pc1_f9voHxjYP.jpg!m_fill,w_280,h_210,f_jpg?from=ke.com
20240812,密云,溪翁庄镇,101118763123,麓秀佳园 户型方正 环境优美 南北通透 格局合理,97万,10432元/平,顶层 (共6层) | 2006年 | 2室1厅 | 92.99平米 | 南 北,https://ke-image.ljcdn.com/110000-inspection/pc1_FTjMs49Xj_1.jpg!m_fill,w_280,h_210,f_jpg?from=ke.com
20240812,密云,溪翁庄镇,101118733947,北京机床研究所家属楼 独立一居室,85万,17975元/平,顶层 (共5层) 1室1厅 | 47.29平米 | 南 北,https://ke-image.ljcdn.com/110000-inspection/pc1_uLmiy9GNA.jpg!m_fill,w_280,h_210,f_jpg?from=ke.com
20240812,密云,溪翁庄镇,101118717758,首创澜茵山三期 环境优美 居住安静舒适,280万,19636元/平,低楼层 (共6层) 4室1厅 | 142.6平米 | 南 北,https://ke-image.ljcdn.com/110000-inspection/pc1_CIkmxSytL.jpg!m_fill,w_280,h_210,f_jpg?from=ke.com
20240812,密云,溪翁庄镇,101118608828,水库管理处家属院南北通透格局好交通便利,67.9万,12219元/平,顶层 (共6层) 2室1厅 | 55.57平米 | 南 北,https://ke-image.ljcdn.com/110000-inspection/pc1_Em8Xchj0b.jpg!m_fill,w_280,h_210,f_jpg?from=ke.com
20240812,密云,溪翁庄镇,101118440315,弗农小镇 有电梯 小区环境好 精装修,210万,28192元/平,高楼层 (共9层) 2室1厅 | 74.49平米 | 南 北,https://ke-image.ljcdn.com/110000-inspection/pc1_Dp3ToB2c1_1.jpg!m_fill,w_280,h_210,f_jpg?from=ke.com
20240812,密云,溪翁庄镇,101118409752,万科云溪南北都带阳台配套完善交通出行方便,188万,21181元/平,顶层 (共10层) 2室1厅 | 88.76平米 | 南 北,https://ke-image.ljcdn.com/110000-inspection/pc1_5HyMpcDEb.jpg!m_fill,w_280,h_210,f_jpg?from=ke.com
20240812,密云,溪翁庄镇,101118347188,溪水花园八区 3层 通透 独立两室 五年唯一 业主诚售,110万,13481元/平,中楼层 (共6层) 2室1厅 | 81.6平米 | 南 北,https://ke-image.ljcdn.com/110000-inspection/pc1_HCH2I8n8U.jpg!m_fill,w_280,h_210,f_jpg?from=ke.com
20240812,密云,溪翁庄镇,101118297778,万科云溪小区绿树成荫环境好,240万,21402元/平,中楼层 (共10层) | 2017年 | 3室2厅 | 112.14平米 | 南 北,https://ke-image.ljcdn.com/110000-inspection/pc1_ZuO7nCbl9.jpg!m_fill,w_280,h_210,f_jpg?from=ke.com
20240812,密云,溪翁庄镇,101118062582,首创澜茵山二期  离市区近别墅区 看房方便,240万,21552元/平,低楼层 (共3层) 2室1厅 | 111.36平米 | 南 北,https://ke-image.ljcdn.com/110000-inspection/pc1_DrIX5M6UT.jpg!m_fill,w_280,h_210,f_jpg?from=ke.com
20240812,密云,溪翁庄镇,101118012631,首创澜茵山三期 半山别墅 小区环境好,270万,17998元/平,底层 (共6层) 4室1厅 | 150.02平米 | 南 北,https://ke-image.ljcdn.com/110000-inspection/pc1_tXQ5Kd6Dn_1.jpg!m_fill,w_280,h_210,f_jpg?from=ke.com
20240812,密云,溪翁庄镇,101117822306,碧水花园  满五唯一  诚心出售,95万,10218元/平,底层 (共5层) 2室1厅 | 92.98平米 | 南 北,https://ke-image.ljcdn.com/110000-inspection/pc1_Bea6wxAM1.jpg!m_fill,w_280,h_210,f_jpg?from=ke.com
20240812,密云,溪翁庄镇,101117688533,弗农小镇精装修南北通透三居室交通便利。,269万,27492元/平,顶层 (共9层) 3室1厅 | 97.85平米 | 南 北,https://ke-image.ljcdn.com/110000-inspection/pc1_TP21HSkFE_1.jpg!m_fill,w_280,h_210,f_jpg?from=ke.com
20240812,密云,溪翁庄镇,101117452712,楼层好南北通透视野开阔拎包入住,230万,31048元/平,高楼层 (共9层) 2室1厅 | 74.08平米 | 南 北,https://ke-image.ljcdn.com/110000-inspection/pc1_tTjRHwOx1.jpg!m_fill,w_280,h_210,f_jpg?from=ke.com
20240812,密云,溪翁庄镇,101117206278,此房南北通透格局好。精装修品质高。,350万,18780元/平,中楼层 (共5层) | 2017年 | 3室2厅 | 186.37平米 | 南 北,https://ke-image.ljcdn.com/110000-inspection/pc1_YGFG1ig0y_1.jpg!m_fill,w_280,h_210,f_jpg?from=ke.com
20240812,密云,溪翁庄镇,101117200340,北京机床研究所家属楼 70年住宅本 北京市入户没问题,65万,11051元/平,顶层 (共5层) 2室1厅 | 58.82平米 | 南 北,https://ke-image.ljcdn.com/110000-inspection/pc1_TPUD4HSEF_1.jpg!m_fill,w_280,h_210,f_jpg?from=ke.com
20240812,密云,溪翁庄镇,101116950607,首创澜茵山二期 环境好 带电梯 半山别墅,300万,34298元/平,顶层 (共3层) 3室2厅 | 87.47平米 | 南 北,https://ke-image.ljcdn.com/110000-inspection/pc1_SwKI8TyQ9.jpg!m_fill,w_280,h_210,f_jpg?from=ke.com
20240812,密云,溪翁庄镇,101116891330,机床所家属楼 精装修 中间2层 无遮挡,65万,10938元/平,低楼层 (共3层) 2室1厅 | 59.43平米 | 南 北 东北,https://ke-image.ljcdn.com/110000-inspection/pc1_PaYK3kbD9_1.jpg!m_fill,w_280,h_210,f_jpg?from=ke.com
20240812,密云,溪翁庄镇,101116741873,弗农小镇  3居边户 可观山景    精装修,268万,27423元/平,高楼层 (共9层) 3室2厅 | 97.73平米 | 南 西 北,https://ke-image.ljcdn.com/110000-inspection/pc1_aB2Kn0cFJ_1.jpg!m_fill,w_280,h_210,f_jpg?from=ke.com
20240812,密云,溪翁庄镇,101116730830,京溪小区   次顶层  103平3居2卫,105万,10154元/平,高楼层 (共6层) 3室2厅 | 103.41平米 | 南 北,https://ke-image.ljcdn.com/110000-inspection/pc1_jlpw1laQc.jpg!m_fill,w_280,h_210,f_jpg?from=ke.com
20240812,密云,溪翁庄镇,101116701001,北京机床研究所家属楼 楼栋位置好无遮挡,70万,12294元/平,顶层 (共5层) 2室1厅 | 56.94平米 | 南 北,https://ke-image.ljcdn.com/110000-inspection/pc1_9fkNfYRoB.jpg!m_fill,w_280,h_210,f_jpg?from=ke.com
20240812,密云,溪翁庄镇,101116516298,彼岸香醍 商品房  环境优美  精装修 适宜居住,475万,23849元/平,底层 (共2层) 5室2厅 | 199.17平米 | 东 南 北,https://ke-image.ljcdn.com/110000-inspection/pc1_YaVBZIovw_1.jpg!m_fill,w_280,h_210,f_jpg?from=ke.com
20240812,密云,溪翁庄镇,101116517671,万科云溪 南北通透 高楼层 三居室,218万,19332元/平,高楼层 (共10层) 3室2厅 | 112.77平米 | 南 北,https://ke-image.ljcdn.com/110000-inspection/pc1_GU4GFnneo.jpg!m_fill,w_280,h_210,f_jpg?from=ke.com
20240812,密云,溪翁庄镇,101116436830,京溪小区南北通透视野开阔。,98万,7475元/平,高楼层 (共6层) 3室1厅 | 131.11平米 | 南 北,https://ke-image.ljcdn.com/110000-inspection/pc1_w0MLEgIFJ.jpg!m_fill,w_280,h_210,f_jpg?from=ke.com
20240812,密云,溪翁庄镇,101116429352,京溪小区  94.78平  3居1卫  南北通透,107万,11290元/平,中楼层 (共5层) 3室2厅 | 94.78平米 | 南 北,https://ke-image.ljcdn.com/110000-inspection/pc1_9D088L5vp_1.jpg!m_fill,w_280,h_210,f_jpg?from=ke.com
20240812,密云,溪翁庄镇,101116428831,京溪小区  南北通透格局  视野开阔,110万,11834元/平,中楼层 (共6层) 3室1厅 | 92.96平米 | 南 北,https://ke-image.ljcdn.com/110000-inspection/pc1_F4Mjj9z6Z_1.jpg!m_fill,w_280,h_210,f_jpg?from=ke.com
20240812,密云,溪翁庄镇,101116423645,京溪小区环境优美北侧临山。,120万,12661元/平,顶层 (共5层) 3室2厅 | 94.78平米 | 南 北,https://ke-image.ljcdn.com/110000-inspection/pc1_38E8GYKdx.jpg!m_fill,w_280,h_210,f_jpg?from=ke.com
20240812,密云,溪翁庄镇,101116399919,水库管理处家属院满五唯一精装修,83.5万,14665元/平,顶层 (共5层) 1室1厅 | 56.94平米 | 南 北,https://ke-image.ljcdn.com/110000-inspection/pc1_q29oRlTGk.jpg!m_fill,w_280,h_210,f_jpg?from=ke.com
20240812,密云,溪翁庄镇,101116382730,观唐云鼎独立车位私家电梯精装修带家电拎包入住房主自荐,450万,26163元/平,中楼层 (共5层) 4室2厅 | 172平米 | 南 北,https://ke-image.ljcdn.com/110000-inspection/pc1_VqeR1Gp5g_1.jpg!m_fill,w_280,h_210,f_jpg?from=ke.com
20240812,密云,溪翁庄镇,101116351526,京溪小区环境优雅闹中取静精装复式结构,91万,6912元/平,顶层 (共7层) 3室2厅 | 131.67平米 | 南 北,https://ke-image.ljcdn.com/110000-inspection/pc1_otDn7P8MN.jpg!m_fill,w_280,h_210,f_jpg?from=ke.com
20240812,密云,溪翁庄镇,101116143472,阳光城君山墅全明格局 北入户 一层带南花园 环境优美房主自荐,739万,23107元/平,底层 (共2层) | 2016年 | 4室1厅 | 319.82平米 | 东南 西北,https://ke-image.ljcdn.com/110000-inspection/pc1_RTmIyRxzw_1.jpg!m_fill,w_280,h_210,f_jpg?from=ke.com
20240812,密云,溪翁庄镇,101116104881,万科云溪 环境优美  视野宽阔采光充足,238万,21105元/平,中楼层 (共10层) | 2017年 | 3室2厅 | 112.77平米 | 南 北,https://ke-image.ljcdn.com/110000-inspection/pc1_EhrRUtnFy.jpg!m_fill,w_280,h_210,f_jpg?from=ke.com
20240812,密云,溪翁庄镇,101116086010,密云水库 南北通透楼层好空气质量好适宜居住,130万,13802元/平,中楼层 (共6层) | 2013年 | 2室2厅 | 94.19平米 | 南 北,https://ke-image.ljcdn.com/110000-inspection/pc1_k6J5uXYzr_1.jpg!m_fill,w_280,h_210,f_jpg?from=ke.com
20240812,密云,溪翁庄镇,101115847624,密云水库三居南北通透楼层低无遮挡看房方便,128万,11133元/平,底层 (共5层) | 2016年 | 3室2厅 | 114.98平米 | 南 北,https://ke-image.ljcdn.com/110000-inspection/pc1_r4xndYBwe.jpg!m_fill,w_280,h_210,f_jpg?from=ke.com
20240812,密云,溪翁庄镇,101115846855,环境优美  空气清透 管家服务 私家车位,650万,19953元/平,底层 (共2层) | 2019年 | 4室2厅 | 325.78平米 | 南 北,https://ke-image.ljcdn.com/110000-inspection/pc1_J0Xv8xQi0_1.jpg!m_fill,w_280,h_210,f_jpg?from=ke.com
20240812,密云,溪翁庄镇,101115819593,万科云溪 环境优美 物业负责 看房方便房主自荐,156万,18894元/平,底层 (共10层) 2室1厅 | 82.57平米 | 南 北,https://ke-image.ljcdn.com/110000-inspection/pc1_OTDG415dL.jpg!m_fill,w_280,h_210,f_jpg?from=ke.com
20240812,密云,溪翁庄镇,101115709022,首创澜茵山三期南北通透三居室交通便利。,320万,21389元/平,底层 (共6层) 3室2厅 | 149.61平米 | 南 北,https://ke-image.ljcdn.com/110000-inspection/pc1_tWDRJ94mU.jpg!m_fill,w_280,h_210,f_jpg?from=ke.com
20240812,密云,溪翁庄镇,101115592169,京溪小区 采光好 前后无遮挡 户型方正,109万,11026元/平,底层 (共6层) 3室2厅 | 98.86平米 | 南 北,https://ke-image.ljcdn.com/110000-inspection/pc1_BuGvJkHtL_1.jpg!m_fill,w_280,h_210,f_jpg?from=ke.com
20240812,密云,溪翁庄镇,101115449413,溪水花园八区边户两居室采光好,76万,8375元/平,高楼层 (共6层) | 2011年 | 2室1厅 | 90.75平米 | 南 北,https://ke-image.ljcdn.com/110000-inspection/pc1_aru7t07Z2.jpg!m_fill,w_280,h_210,f_jpg?from=ke.com
20240812,密云,溪翁庄镇,101115467141,业主诚心出售首创澜茵山二期中楼层毛坯房主自荐,229万,26244元/平,中楼层 (共5层) | 2017年 | 3室1厅 | 87.26平米 | 南 北,https://ke-image.ljcdn.com/110000-inspection/pc1_TAn7uPOFl.jpg!m_fill,w_280,h_210,f_jpg?from=ke.com
20240812,密云,溪翁庄镇,101115427026,首创澜茵山三期 半山别墅 带电梯 精装修,228万,15933元/平,低楼层 (共6层) 4室1厅 | 143.1平米 | 南 北,https://ke-image.ljcdn.com/110000-inspection/pc1_oq9gLtr7H.jpg!m_fill,w_280,h_210,f_jpg?from=ke.com
20240812,密云,溪翁庄镇,101115381682,70年产权商品房 产权清晰  无户口无抵押房主自荐,67万,11255元/平,低楼层 (共3层) | 2000年 | 2室1厅 | 59.53平米 | 南 北,https://ke-image.ljcdn.com/110000-inspection/pc1_469S4VtrU.jpg!m_fill,w_280,h_210,f_jpg?from=ke.com
20240812,密云,溪翁庄镇,101115336363,弗农小镇  次边户  大合院 精装修 新房,800万,35076元/平,底层 (共3层) 4室3厅 | 228.08平米 | 南 北,https://ke-image.ljcdn.com/110000-inspection/pc1_s2W2rUVrs.jpg!m_fill,w_280,h_210,f_jpg?from=ke.com
20240812,密云,溪翁庄镇,101115322462,京溪小区 北欧风全新精装修 独立三居 南北通透,180万,13151元/平,高楼层 (共6层) 3室2厅 | 136.88平米 | 南 北,https://ke-image.ljcdn.com/110000-inspection/pc1_vmdGa80VF.jpg!m_fill,w_280,h_210,f_jpg?from=ke.com
20240812,密云,溪翁庄镇,101115243611,京溪小区南北通透格局视野开阔采光明亮。房主自荐,110万,11308元/平,中楼层 (共5层) | 2013年 | 3室2厅 | 97.28平米 | 南 北,https://ke-image.ljcdn.com/110000-inspection/pc1_WGynMJwtm.jpg!m_fill,w_280,h_210,f_jpg?from=ke.com
20240812,密云,溪翁庄镇,101114886903,首创澜茵山二期 中叠户型 小区环境好,270万,24364元/平,低楼层 (共3层) | 2017年 | 2室1厅 | 110.82平米 | 南 北,https://ke-image.ljcdn.com/110000-inspection/pc1_AjEaIB47C.jpg!m_fill,w_280,h_210,f_jpg?from=ke.com
20240812,密云,溪翁庄镇,101114875062,万科弗农小镇小区环境优美居住舒适。房主自荐,130万,17549元/平,低楼层 (共9层) | 2020年 | 2室1厅 | 74.08平米 | 南,https://ke-image.ljcdn.com/110000-inspection/pc1_xfWIqevE1.jpg!m_fill,w_280,h_210,f_jpg?from=ke.com
20240812,密云,溪翁庄镇,101114786746,京溪小区大三居视野宽阔采光充足随时看房,135万,10253元/平,顶层 (共7层) | 2017年 | 3室2厅 | 131.67平米 | 南 北,https://ke-image.ljcdn.com/110000-inspection/pc1_nbzYoeaZA.jpg!m_fill,w_280,h_210,f_jpg?from=ke.com
20240812,密云,溪翁庄镇,101114758674,万科云溪 3室2厅 南 北,300万,21032元/平,低楼层 (共10层) | 2017年 | 3室2厅 | 142.64平米 | 南 北,https://ke-image.ljcdn.com/110000-inspection/pc1_BNEnvg9ws.jpg!m_fill,w_280,h_210,f_jpg?from=ke.com
20240812,密云,溪翁庄镇,101114706649,万科云溪三居室南北通透好楼层采光视野好。,195万,17213元/平,高楼层 (共10层) 3室2厅 | 113.29平米 | 南 北,https://ke-image.ljcdn.com/110000-inspection/pc1_88UdRtWgu_1.jpg!m_fill,w_280,h_210,f_jpg?from=ke.com
20240812,密云,溪翁庄镇,101114687406,首创澜茵山三期 独立3居 南北通透 电梯洋房中间 层,155万,15968元/平,中楼层 (共15层) 3室1厅 | 97.07平米 | 南 北,https://ke-image.ljcdn.com/110000-inspection/pc1_0nNx4hFjG.jpg!m_fill,w_280,h_210,f_jpg?from=ke.com
20240812,密云,溪翁庄镇,101114563560,万科云溪 南北通透格局楼层好视野宽阔采光充足,245万,21503元/平,中楼层 (共10层) 3室2厅 | 113.94平米 | 南 北,https://ke-image.ljcdn.com/110000-inspection/pc1_5SHg3oV86_1.jpg!m_fill,w_280,h_210,f_jpg?from=ke.com
20240812,密云,溪翁庄镇,101114519838,弗农小镇 3室2厅 东南 北,280万,28546元/平,中楼层 (共9层) | 2020年 | 3室2厅 | 98.09平米 | 东南 北,https://ke-image.ljcdn.com/110000-inspection/pc1_vgqRwKW2y_1.jpg!m_fill,w_280,h_210,f_jpg?from=ke.com
20240812,密云,溪翁庄镇,101114517280,首创澜茵山三期 半山别墅 小区环境好,210万,18496元/平,高楼层 (共6层) | 2014年 | 4室1厅 | 113.54平米 | 南 北,https://ke-image.ljcdn.com/110000-inspection/pc1_JWqj1fm6j.jpg!m_fill,w_280,h_210,f_jpg?from=ke.com
20240812,密云,溪翁庄镇,101114414833,首创▪澜茵山 联排别墅 地上四层 室内电梯 随时看,410万,32824元/平,底层 (共3层) | 2018年 | 4室2厅 | 124.91平米 | 南 北,https://ke-image.ljcdn.com/110000-inspection/pc1_DgUDgO0PC_1.jpg!m_fill,w_280,h_210,f_jpg?from=ke.com
20240812,密云,溪翁庄镇,101114396581,密云  麓秀佳园   南北通透  采光好,95万,9978元/平,高楼层 (共6层) | 2006年 | 2室2厅 | 95.21平米 | 南 北,https://ke-image.ljcdn.com/110000-inspection/pc1_tvJaHMkhW_1.jpg!m_fill,w_280,h_210,f_jpg?from=ke.com
20240812,密云,溪翁庄镇,101114354942,万科云溪 精装修 独立三居室 南北通透,229万,20099元/平,中楼层 (共10层) | 2017年 | 3室2厅 | 113.94平米 | 南 北,https://ke-image.ljcdn.com/110000-inspection/pc1_VwCTEzZGg_1.jpg!m_fill,w_280,h_210,f_jpg?from=ke.com
20240812,密云,溪翁庄镇,101114092785,万科弗农小镇 带电梯 小洋房 环境优美,270万,36448元/平,高楼层 (共9层) | 2020年 | 2室1厅 | 74.08平米 | 南 北,https://ke-image.ljcdn.com/110000-inspection/453d0fc6-1347-413d-a8e8-ba478df71394_1000.jpg!m_fill,w_280,h_210,f_jpg?from=ke.com
20240812,密云,溪翁庄镇,101114084455,万科云溪 环境优美  绿化好  南北通透精装修,530万,22022元/平,顶层 (共10层) | 2017年 | 5室2厅 | 240.67平米 | 南 北,https://ke-image.ljcdn.com/110000-inspection/pc1_Q5XlXY9BJ_1.jpg!m_fill,w_280,h_210,f_jpg?from=ke.com
20240812,密云,溪翁庄镇,101114042417,京溪小区  南北通透 楼层好 视野好 采光充足 交通便利,83万,8364元/平,中楼层 (共6层) 3室2厅 | 99.24平米 | 南 北,https://ke-image.ljcdn.com/110000-inspection/pc1_yaNDbdQc1.jpg!m_fill,w_280,h_210,f_jpg?from=ke.com
20240812,密云,溪翁庄镇,101113896243,麓秀佳园 精装修 低楼层 格局好,75万,9617元/平,低楼层 (共6层) | 2011年 | 1室2厅 | 77.99平米 | 南 北,https://ke-image.ljcdn.com/110000-inspection/pc1_5oxmxfIgN_1.jpg!m_fill,w_280,h_210,f_jpg?from=ke.com
20240812,密云,溪翁庄镇,101113890557,彼岸香醍 纯独栋 毛坯房 满五年,560万,17762元/平,底层 (共2层) 3室2厅 | 315.29平米 | 东 南 西 北,https://ke-image.ljcdn.com/110000-inspection/pc1_H1Su2sBi2_1.jpg!m_fill,w_280,h_210,f_jpg?from=ke.com
20240812,密云,溪翁庄镇,101113790289,彼岸香醍  看房我有钥匙  价格美丽,409万,17280元/平,底层 (共2层) | 2013年 | 4室3厅 | 236.7平米 | 南 北,https://ke-image.ljcdn.com/110000-inspection/pc1_SSn5tb3lz.jpg!m_fill,w_280,h_210,f_jpg?from=ke.com
20240812,密云,溪翁庄镇,101113756213,万科云溪 南北通透 独栋别墅 风景优美,760万,25336元/平,底层 (共2层) | 2017年 | 3室2厅 | 299.97平米 | 东 南 西 北,https://ke-image.ljcdn.com/110000-inspection/pc1_43R1zC2SZ_1.jpg!m_fill,w_280,h_210,f_jpg?from=ke.com
20240812,密云,溪翁庄镇,101113687135,京溪小区 南北通透 采光充足 视野宽阔,88万,8327元/平,高楼层 (共6层) 2室2厅 | 105.69平米 | 南 西 北,https://ke-image.ljcdn.com/110000-inspection/pc1_n7mTtNM9x_1.jpg!m_fill,w_280,h_210,f_jpg?from=ke.com
20240812,密云,溪翁庄镇,101113684597,阳光城君山墅 业主诚意出售 看房方便,1050万,26370元/平,底层 (共2层) | 2010年 | 5室2厅 | 398.19平米 | 南 北,https://ke-image.ljcdn.com/110000-inspection/pc1_kwlOolda8_1.jpg!m_fill,w_280,h_210,f_jpg?from=ke.com
20240812,密云,溪翁庄镇,101113678074,环境优美 南北通透   格局合理 没有浪费面积房主自荐,129万,12676元/平,高楼层 (共6层) 2室2厅 | 101.77平米 | 南 北,https://ke-image.ljcdn.com/110000-inspection/pc1_JyRBhdtsx_1.jpg!m_fill,w_280,h_210,f_jpg?from=ke.com
20240812,密云,溪翁庄镇,101113662786,首创澜茵山三期看房有意者价格方面方便,177万,18261元/平,中楼层 (共16层) | 2014年 | 3室2厅 | 96.93平米 | 南 北,https://ke-image.ljcdn.com/110000-inspection/pc1_pD7YoX63l_1.jpg!m_fill,w_280,h_210,f_jpg?from=ke.com
20240812,密云,溪翁庄镇,101113640675,万科云溪小区环境优美户型合理居住舒适。,229万,20099元/平,中楼层 (共10层) | 2017年 | 3室2厅 | 113.94平米 | 南 北,https://ke-image.ljcdn.com/110000-inspection/pc1_lnAlItXBD_1.jpg!m_fill,w_280,h_210,f_jpg?from=ke.com
20240812,密云,溪翁庄镇,101113455980,南北通透格局采光好绿色树多空气质量好,129万,10769元/平,顶层 (共5层) 3室2厅 | 119.79平米 | 南 北,https://ke-image.ljcdn.com/110000-inspection/pc1_De6XtIuFY_1.jpg!m_fill,w_280,h_210,f_jpg?from=ke.com
20240812,密云,溪翁庄镇,101113303982,京溪小区三期 2卫3居观景房 层高比楼下高10多公分,150万,9992元/平,顶层 (共6层) 3室2厅 | 150.13平米 | 南 北,https://ke-image.ljcdn.com/110000-inspection/pc1_6LgXwn327_1.jpg!m_fill,w_280,h_210,f_jpg?from=ke.com
20240812,密云,溪翁庄镇,101113240075,密云区 首创澜茵山三期 精装四居室房主自荐,168万,13649元/平,顶层 (共15层) | 2016年 | 4室2厅 | 123.09平米 | 南 北,https://ke-image.ljcdn.com/110000-inspection/pc1_eXYkx3xs3_1.jpg!m_fill,w_280,h_210,f_jpg?from=ke.com
20240812,密云,溪翁庄镇,101113202598,京溪小区三期 2卫3居观景房 层高比楼下高10多公分,150万,9992元/平,低楼层 (共6层) | 2008年 | 3室2厅 | 150.13平米 | 南 北,https://ke-image.ljcdn.com/110000-inspection/pc1_a4ywFRyDi_1.jpg!m_fill,w_280,h_210,f_jpg?from=ke.com
20240812,密云,溪翁庄镇,101113094332,南北通透户型好采光好电梯房。,185万,16774元/平,低楼层 (共3层) | 2017年 | 2室1厅 | 110.29平米 | 南 北,https://ke-image.ljcdn.com/110000-inspection/pc1_X9yuXFRGQ_1.jpg!m_fill,w_280,h_210,f_jpg?from=ke.com
20240812,密云,溪翁庄镇,101113059104,水库安装公司 楼层好无遮挡全朝南 采光充足,75万,13024元/平,中楼层 (共5层) | 1983年 | 2室1厅 | 57.59平米 | 南 北,https://ke-image.ljcdn.com/110000-inspection/pc1_ZeIKwXUNY_1.jpg!m_fill,w_280,h_210,f_jpg?from=ke.com
20240812,密云,溪翁庄镇,101113045010,万科弗农小镇南北通透三居室出售。,240万,24558元/平,顶层 (共9层) | 2020年 | 3室1厅 | 97.73平米 | 南 北,https://ke-image.ljcdn.com/110000-inspection/pc1_iK10AkxD9_1.jpg!m_fill,w_280,h_210,f_jpg?from=ke.com
20240812,密云,溪翁庄镇,101113020238,首创澜茵山三期电梯洋房三居两卫精装修,200万,19034元/平,顶层 (共6层) | 2014年 | 3室1厅 | 105.08平米 | 南 北,https://ke-image.ljcdn.com/110000-inspection/pc1_glt1tBexS_1.jpg!m_fill,w_280,h_210,f_jpg?from=ke.com
20240812,密云,溪翁庄镇,101112862721,京溪小区采光充足楼层好视野宽阔交通便利,148万,10942元/平,中楼层 (共6层) 3室2厅 | 135.26平米 | 南 北,https://ke-image.ljcdn.com/110000-inspection/pc1_gJepMFmBE.jpg!m_fill,w_280,h_210,f_jpg?from=ke.com
20240812,密云,溪翁庄镇,101112833846,远大美域 4室2厅 南 北,530万,21653元/平,底层 (共4层) | 2018年 | 4室2厅 | 244.77平米 | 南 北,https://ke-image.ljcdn.com/110000-inspection/pc1_j7R7AqiJY_1.jpg!m_fill,w_280,h_210,f_jpg?from=ke.com
20240812,密云,溪翁庄镇,101112720282,此房正规三居南北通透格局好楼层好前后无遮挡,81万,7262元/平,高楼层 (共6层) | 2006年 | 3室2厅 | 111.55平米 | 北 南,https://ke-image.ljcdn.com/110000-inspection/pc1_txjMLLktg_1.jpg!m_fill,w_280,h_210,f_jpg?from=ke.com
20240812,密云,溪翁庄镇,101112684691,碧水花园满五唯一南北通透三居室,120万,14741元/平,底层 (共1层) | 2001年 | 2室1厅 | 81.41平米 | 南 北,https://ke-image.ljcdn.com/110000-inspection/pc1_2uo8dA3HT_1.jpg!m_fill,w_280,h_210,f_jpg?from=ke.com
20240812,密云,溪翁庄镇,101112645480,密云区麓秀有电梯楼层好视野宽阔采光充足,210万,16563元/平,低楼层 (共9层) | 2014年 | 3室2厅 | 126.79平米 | 南 北,https://ke-image.ljcdn.com/110000-inspection/pc1_WmBuNsLBo_1.jpg!m_fill,w_280,h_210,f_jpg?from=ke.com
20240812,密云,溪翁庄镇,101112471032,京溪小区大平米户型方正南北通透三居室,135万,10297元/平,中楼层 (共6层) 3室2厅 | 131.11平米 | 南 北,https://ke-image.ljcdn.com/110000-inspection/pc1_ilbRLW5rS_1.jpg!m_fill,w_280,h_210,f_jpg?from=ke.com
20240812,密云,溪翁庄镇,101112381267,此房标准三居户型方正南北通透业主诚心出售,220万,21686元/平,中楼层 (共17层) | 2014年 | 3室1厅 | 101.45平米 | 南 北,https://ke-image.ljcdn.com/110000-inspection/pc1_csx9Qa6yZ_1.jpg!m_fill,w_280,h_210,f_jpg?from=ke.com
20240812,密云,溪翁庄镇,101112380404,水库管理处家属院楼层好视野宽阔采光充足,74万,13882元/平,高楼层 (共6层) 1室1厅 | 53.31平米 | 南 北,https://ke-image.ljcdn.com/110000-inspection/pc1_Mi7oBHhPF_1.jpg!m_fill,w_280,h_210,f_jpg?from=ke.com
20240812,密云,溪翁庄镇,101112294764,万科云溪    南北通透  3居室  电梯房,235万,19462元/平,低楼层 (共10层) | 2017年 | 3室2厅 | 120.75平米 | 南 北,https://ke-image.ljcdn.com/110000-inspection/pc1_YhCSfUEmP_1.jpg!m_fill,w_280,h_210,f_jpg?from=ke.com
20240812,密云,溪翁庄镇,101112258445,万科云溪三室一厅一厨两卫花园社区,260万,21524元/平,顶层 (共10层) | 2017年 | 3室1厅 | 120.8平米 | 南 北,https://ke-image.ljcdn.com/110000-inspection/pc1_YopAds6Co_1.jpg!m_fill,w_280,h_210,f_jpg?from=ke.com
20240812,密云,溪翁庄镇,101112051129,京溪小区 三居室商品房 看房方便,105万,9520元/平,高楼层 (共6层) 3室2厅 | 110.3平米 | 南 北,https://ke-image.ljcdn.com/110000-inspection/pc1_injQpHhK9_1.jpg!m_fill,w_280,h_210,f_jpg?from=ke.com
20240812,密云,溪翁庄镇,101111911930,万科云溪南北通透格局视野宽阔采光充足,299万,20003元/平,底层 (共10层) | 2017年 | 3室2厅 | 149.48平米 | 南 北,https://ke-image.ljcdn.com/110000-inspection/pc1_gvN8Nc2sV_1.jpg!m_fill,w_280,h_210,f_jpg?from=ke.com
20240812,密云,溪翁庄镇,101111558448,万科弗农小镇精装修高楼层环境 好视野好。,222万,29803元/平,中楼层 (共9层) | 2020年 | 2室1厅 | 74.49平米 | 南 北,https://ke-image.ljcdn.com/110000-inspection/pc1_1Uc1QdpKU_1.jpg!m_fill,w_280,h_210,f_jpg?from=ke.com
20240812,密云,溪翁庄镇,101111507355,北京机床研究所家属楼 满五唯一 全明格局房主自荐,83万,13967元/平,低楼层 (共3层) 2室1厅 | 59.43平米 | 南 北,https://ke-image.ljcdn.com/110000-inspection/pc1_v3XNi0frL_1.jpg!m_fill,w_280,h_210,f_jpg?from=ke.com
20240812,密云,溪翁庄镇,101108777175,阳光城君山墅 独栋三层别墅 有装修自住 花园,780万,25033元/平,底层 (共2层) | 2013年 | 4室3厅 | 311.6平米 | 南 北,https://ke-image.ljcdn.com/110000-inspection/pc1_kTokVdqqq_1.jpg!m_fill,w_280,h_210,f_jpg?from=ke.com
20240812,密云,溪翁庄镇,101125980920,京溪小区 3室2厅 南 北,116万,8810元/平,中楼层 (共7层) 3室2厅 | 131.67平米 | 南 北,https://ke-image.ljcdn.com/110000-inspection/pc1_J4GDgUS9J.jpg!m_fill,w_280,h_210,f_jpg?from=ke.com
20240812,密云,溪翁庄镇,101125973002,远大美域 4室2厅 南 北新上,411万,16792元/平,底层 (共3层) 4室2厅 | 244.77平米 | 南 北,https://ke-image.ljcdn.com/110000-inspection/pc1_ZNBBmHWIB.jpg!m_fill,w_280,h_210,f_jpg?from=ke.com
20240812,密云,溪翁庄镇,101125969905,首创澜茵山二期 南北通透 叠拼别墅 精装修拎包入住新上,195万,17641元/平,顶层 (共2层) 3室1厅 | 110.54平米 | 南 北,https://ke-image.ljcdn.com/110000-inspection/pc1_TRfHNVwsq_1.jpg!m_fill,w_280,h_210,f_jpg?from=ke.com
20240812,密云,溪翁庄镇,101125965289,阳光城溪山悦 2室1厅 南 北新上,120万,14513元/平,中楼层 (共8层) | 2022年 | 2室1厅 | 82.69平米 | 南 北,https://ke-image.ljcdn.com/110000-inspection/5f784d47-9276-4ae2-a372-668f797e4b94_1000.jpg!m_fill,w_280,h_210,f_jpg?from=ke.com
20240812,密云,溪翁庄镇,101125947306,彼岸香醍独栋别墅满五唯一采光位置好新上,600万,20648元/平,底层 (共2层) 5室3厅 | 290.59平米 | 南 北 东 西,https://ke-image.ljcdn.com/110000-inspection/pc1_vgq2ZPwOw_1.jpg!m_fill,w_280,h_210,f_jpg?from=ke.com
20240812,密云,溪翁庄镇,101125946686,首创澜茵山三期    有装修   急售新上,159万,17864元/平,底层 (共7层) 2室1厅 | 89.01平米 | 南 北,https://ke-image.ljcdn.com/110000-inspection/pc1_njF5ytdzf.jpg!m_fill,w_280,h_210,f_jpg?from=ke.com
20240812,密云,溪翁庄镇,101125806026,万科云溪 五年唯一  叠拼别墅  采光充足,435万,15421元/平,底层 (共10层) 4室2厅 | 282.1平米 | 南 北,https://ke-image.ljcdn.com/110000-inspection/pc1_WHC57zKNL.jpg!m_fill,w_280,h_210,f_jpg?from=ke.com
20240812,密云,溪翁庄镇,101125803642,北京机床研究所家属楼 2室1厅 南 北,67.5万,13031元/平,顶层 (共5层) 2室1厅 | 51.8平米 | 南 北,https://ke-image.ljcdn.com/110000-inspection/e3de9319-f91f-4c4a-a0c4-1ad5a201c5ab_1000.jpg!m_fill,w_280,h_210,f_jpg?from=ke.com
20240812,密云,溪翁庄镇,101125763787,京溪小区 三居室 南北通透 五年唯一,95万,9766元/平,中楼层 (共5层) | 2018年 | 3室2厅 | 97.28平米 | 南 北,https://ke-image.ljcdn.com/110000-inspection/pc1_qYYH43qHO.jpg!m_fill,w_280,h_210,f_jpg?from=ke.com
20240812,密云,溪翁庄镇,101125732151,观唐云鼎 精装修 南北通透 小区环境好,1500万,36890元/平,底层 (共2层) | 2011年 | 5室2厅 | 406.62平米 | 南 北,https://ke-image.ljcdn.com/110000-inspection/cd0b3f65-933b-4202-9f03-593ec827c6fd_1000.jpg!m_fill,w_280,h_210,f_jpg?from=ke.com
20240812,密云,溪翁庄镇,101125720638,万科云溪,345万,18676元/平,中楼层 (共5层) | 2017年 | 2室1厅 | 184.73平米 | 南 北,https://ke-image.ljcdn.com/110000-inspection/d7a786fd-a295-41c5-9267-fde4ca04a54e_1000.jpg!m_fill,w_280,h_210,f_jpg?from=ke.com
20240812,密云,溪翁庄镇,101125688251,麓秀佳园南北通透居住适宜。,105万,9402元/平,中楼层 (共6层) | 2006年 | 3室2厅 | 111.68平米 | 南 北,https://ke-image.ljcdn.com/110000-inspection/pc1_tkn52i9Bi.jpg!m_fill,w_280,h_210,f_jpg?from=ke.com
20240812,密云,溪翁庄镇,101125681360,阳光城溪山悦,238万,23134元/平,中楼层 (共8层) | 2022年 | 2室2厅 | 102.88平米 | 南 北,https://ke-image.ljcdn.com/110000-inspection/pc1_f5ItAfXF6.jpg!m_fill,w_280,h_210,f_jpg?from=ke.com
20240812,密云,溪翁庄镇,101125632793,万科云溪 小区环境好 户型方正 诚心卖,409万,20708元/平,底层 (共4层) 4室2厅 | 197.51平米 | 南 北,https://ke-image.ljcdn.com/110000-inspection/306565b4-68bd-4292-aa82-9bb53edc1b0b_1000.jpg!m_fill,w_280,h_210,f_jpg?from=ke.com
20240812,密云,溪翁庄镇,101125617699,万科云溪采光好小区管理好环境好,338万,19003元/平,中楼层 (共4层) | 2018年 | 2室1厅 | 177.87平米 | 南 北,https://ke-image.ljcdn.com/110000-inspection/pc1_tBJn64MdF_1.jpg!m_fill,w_280,h_210,f_jpg?from=ke.com
20240812,密云,溪翁庄镇,101125590642,万科云溪 3室1厅 南 北,208万,14435元/平,中楼层 (共10层) | 2017年 | 3室1厅 | 144.1平米 | 南 北,https://ke-image.ljcdn.com/110000-inspection/pc1_0jg6HqgTI.jpg!m_fill,w_280,h_210,f_jpg?from=ke.com
20240812,密云,溪翁庄镇,101125568587,首创澜茵山二期 叠拼产品 南北通透 采光好,210万,18950元/平,低楼层 (共3层) 4室2厅 | 110.82平米 | 南 北,https://ke-image.ljcdn.com/110000-inspection/748bb054-e5de-43b2-933f-f0fbb1841dbb_1000.jpg!m_fill,w_280,h_210,f_jpg?from=ke.com
20240812,密云,溪翁庄镇,101125562842,弗农小镇 房本满二 南北通透,900万,36011元/平,底层 (共3层) | 2020年 | 5室1厅 | 249.93平米 | 南 北,https://ke-image.ljcdn.com/110000-inspection/63300b2f-e28d-48fb-8d9b-a4e365187ee2_1000.jpg!m_fill,w_280,h_210,f_jpg?from=ke.com
20240812,密云,溪翁庄镇,101125560377,首创澜茵山二期 交通便利 环境优美,360万,35423元/平,底层 (共3层) 3室2厅 | 101.63平米 | 南 北,https://ke-image.ljcdn.com/110000-inspection/pc1_H6sjZc2oE.jpg!m_fill,w_280,h_210,f_jpg?from=ke.com
20240812,密云,溪翁庄镇,101125558990,京溪小区 交通便利 天然氧吧 环境优美,118万,6958元/平,高楼层 (共6层) 4室2厅 | 169.59平米 | 南 北,https://ke-image.ljcdn.com/110000-inspection/pc1_hXZpeIEVG.jpg!m_fill,w_280,h_210,f_jpg?from=ke.com
20240812,密云,溪翁庄镇,101125557671,万科云溪 有私家电梯 精装修 小区环境好,428万,14947元/平,底层 (共5层) 3室3厅 | 286.35平米 | 南 北,https://ke-image.ljcdn.com/110000-inspection/pc1_C0E2jwZej.jpg!m_fill,w_280,h_210,f_jpg?from=ke.com
20240812,密云,溪翁庄镇,101125553084,溪水花园一区 2室1厅 南 北房主自荐,81万,8972元/平,顶层 (共7层) | 2013年 | 2室1厅 | 90.29平米 | 南 北,https://ke-image.ljcdn.com/110000-inspection/pc1_0eejEjwrS.jpg!m_fill,w_280,h_210,f_jpg?from=ke.com
20240812,密云,溪翁庄镇,101125538752,万科云溪好山好水好生态,550万,20593元/平,底层 (共5层) 2室2厅 | 267.09平米 | 南 北,https://ke-image.ljcdn.com/110000-inspection/cf983169-84bb-4c0c-996c-71da89cb0856_1000.jpg!m_fill,w_280,h_210,f_jpg?from=ke.com
20240812,密云,溪翁庄镇,101125519489,万科云溪 带电梯 小区环境好 户型好,305万,16565元/平,中楼层 (共4层) 3室2厅 | 184.13平米 | 南 北,https://ke-image.ljcdn.com/110000-inspection/7bc3ac2a-e294-4ef0-b109-c551ba88f516_1000.jpg!m_fill,w_280,h_210,f_jpg?from=ke.com
20240812,密云,溪翁庄镇,101125465499,远大美域  纯墅区 双拼户型 毛坯房自由装,365万,14890元/平,底层 (共3层) 3室3厅 | 245.14平米 | 南 北,https://ke-image.ljcdn.com/110000-inspection/pc1_gL5HaHKfg_1.jpg!m_fill,w_280,h_210,f_jpg?from=ke.com
20240812,密云,溪翁庄镇,101125409530,万科云溪精装独栋花园别墅   五房三厅 南北房主自荐,1200万,41287元/平,底层 (共2层) 5室3厅 | 290.65平米 | 南 北,https://ke-image.ljcdn.com/110000-inspection/08fff80e-22b0-4d36-8f3f-32ae1f4b3e69_1000.jpg!m_fill,w_280,h_210,f_jpg?from=ke.com
20240812,密云,溪翁庄镇,101125378060,弗农小镇,450万,21014元/平,底层 (共3层) 5室1厅 | 214.15平米 | 东南,https://ke-image.ljcdn.com/110000-inspection/pc1_ooO3lrCRB_1.jpg!m_fill,w_280,h_210,f_jpg?from=ke.com
20240812,密云,溪翁庄镇,101125369242,观唐云鼎精装修视野宽阔楼层好南北通透格局,435万,25291元/平,顶层 (共5层) 4室1厅 | 172平米 | 南 北,https://ke-image.ljcdn.com/110000-inspection/pc1_CexWuP0eu.jpg!m_fill,w_280,h_210,f_jpg?from=ke.com
20240812,密云,溪翁庄镇,101125341144,"阳光城溪山悦"南北通透 精装改造采光视野好,165万,19952元/平,中楼层 (共8层) | 2022年 | 2室1厅 | 82.7平米 | 南 北,https://ke-image.ljcdn.com/110000-inspection/pc1_xQpzZOqsG.jpg!m_fill,w_280,h_210,f_jpg?from=ke.com
20240812,密云,溪翁庄镇,101125278212,首创澜茵山三期高层产品依山傍水,148万,14702元/平,低楼层 (共16层) | 2014年 | 3室2厅 | 100.67平米 | 南 北,https://ke-image.ljcdn.com/110000-inspection/fbaef90e-0c82-4539-9984-214d9a665211_1000.jpg!m_fill,w_280,h_210,f_jpg?from=ke.com
20240812,密云,溪翁庄镇,101125239654,彼岸香醍 环境优美  看房方便,475万,15437元/平,底层 (共2层) 2室2厅 | 307.72平米 | 南 北 东 西,https://ke-image.ljcdn.com/110000-inspection/pc1_UpuIXRoFP.jpg!m_fill,w_280,h_210,f_jpg?from=ke.com
20240812,密云,溪翁庄镇,101125160509,首创澜茵山二期 带电梯 精装修 小区环境好,460万,56910元/平,底层 (共1层) | 2017年 | 5室2厅 | 80.83平米 | 南 北,https://ke-image.ljcdn.com/110000-inspection/7c2c71da-adfc-4b4c-9926-0ed4014c1e5c_1000.jpg!m_fill,w_280,h_210,f_jpg?from=ke.com
20240812,密云,溪翁庄镇,101125064711,首创澜茵山三期 3室2厅 南 北,155万,15330元/平,中楼层 (共15层) | 2014年 | 3室2厅 | 101.11平米 | 南 北,https://ke-image.ljcdn.com/110000-inspection/pc1_Q9WC3W35k_1.jpg!m_fill,w_280,h_210,f_jpg?from=ke.com
20240812,密云,溪翁庄镇,101125063967,溪水花园十区 业主真是出售 看房方便有钥匙,499万,21310元/平,底层 (共3层) | 2018年 | 3室2厅 | 234.17平米 | 东 南 西 北,https://ke-image.ljcdn.com/110000-inspection/pc1_3bVCtGe5X_1.jpg!m_fill,w_280,h_210,f_jpg?from=ke.com
20240812,密云,溪翁庄镇,101125049334,麓秀佳园两居室  精装修 落地窗 南北通透 随时签,118万,10602元/平,高楼层 (共6层) | 2006年 | 2室2厅 | 111.3平米 | 南 北,https://ke-image.ljcdn.com/110000-inspection/pc1_uhzYXwhYd.jpg!m_fill,w_280,h_210,f_jpg?from=ke.com
20240812,密云,溪翁庄镇,101125046537,麓秀 电梯房 楼龄新 小区环境好,130万,12941元/平,低楼层 (共9层) | 2014年 | 2室1厅 | 100.46平米 | 南 北,https://ke-image.ljcdn.com/110000-inspection/pc1_WPunRDrS2_1.jpg!m_fill,w_280,h_210,f_jpg?from=ke.com
20240812,密云,溪翁庄镇,101125037103,弗农小镇边户合院视野宽阔。,850万,34010元/平,底层 (共3层) 4室2厅 | 249.93平米 | 南,https://ke-image.ljcdn.com/110000-inspection/pc1_Mi5thJwXS.jpg!m_fill,w_280,h_210,f_jpg?from=ke.com
20240812,密云,溪翁庄镇,101124983411,首创澜茵山、联排别墅边户、毛坯房,498万,39524元/平,底层 (共4层) | 2018年 | 5室1厅 | 126平米 | 南 北,https://ke-image.ljcdn.com/110000-inspection/pc1_WXuLV6uWx.jpg!m_fill,w_280,h_210,f_jpg?from=ke.com
20240812,密云,溪翁庄镇,101124970819,阳光城君山墅东区南进门花园大临河纯毛坯,1080万,24913元/平,底层 (共2层) | 2007年 | 4室3厅 | 433.52平米 | 南 北,https://ke-image.ljcdn.com/110000-inspection/pc1_F877SQ6bE.jpg!m_fill,w_280,h_210,f_jpg?from=ke.com
20240812,密云,溪翁庄镇,101124931233,万科云溪 小区环境优美 带电梯 精装修,300万,16280元/平,中楼层 (共4层) | 2018年 | 3室2厅 | 184.28平米 | 南 北,https://ke-image.ljcdn.com/110000-inspection/pc1_AVfst5ZaJ.jpg!m_fill,w_280,h_210,f_jpg?from=ke.com
20240812,密云,溪翁庄镇,101124912909,北京万科弗农小镇大合院边户私家电梯精装修,850万,32837元/平,底层 (共3层) | 2020年 | 4室1厅 | 258.86平米 | 南 北,https://ke-image.ljcdn.com/110000-inspection/pc1_98pLhCm64_1.jpg!m_fill,w_280,h_210,f_jpg?from=ke.com
20240812,密云,溪翁庄镇,101124873712,首创澜茵山二期 电梯 叠拼别墅 依山傍水 南北通透,200万,18135元/平,低楼层 (共3层) 3室2厅 | 110.29平米 | 南 北,https://ke-image.ljcdn.com/110000-inspection/8c829b50-bb0f-45b4-926f-b76740a5cbe6_1000.jpg!m_fill,w_280,h_210,f_jpg?from=ke.com
20240812,密云,溪翁庄镇,101124873066,万科云溪 独栋别墅 小区环境好 房子格局好房主自荐,1600万,55771元/平,底层 (共2层) 4室1厅 | 286.89平米 | 南 北,https://ke-image.ljcdn.com/110000-inspection/6bba98ff-de9d-48ea-ad2c-821e033e431c_1000.jpg!m_fill,w_280,h_210,f_jpg?from=ke.com
20240812,密云,溪翁庄镇,101124862067,阳光城溪山悦  精装电梯 洋房,168万,20411元/平,低楼层 (共8层) | 2022年 | 2室2厅 | 82.31平米 | 南,https://ke-image.ljcdn.com/110000-inspection/bfd170d5-78cc-4006-af53-b53fa03ff18f_1000.jpg!m_fill,w_280,h_210,f_jpg?from=ke.com
20240812,密云,溪翁庄镇,101124857033,首创澜茵山二期 带电梯 精装修 小区环境好,398万,39270元/平,底层 (共3层) | 2017年 | 4室2厅 | 101.35平米 | 南 北,https://ke-image.ljcdn.com/110000-inspection/pc1_oRA7cD4KG_1.jpg!m_fill,w_280,h_210,f_jpg?from=ke.com
20240812,密云,溪翁庄镇,101124841821,京溪小区 楼层好 小区环境好 空气好 周边配套齐全房主自荐,108万,13047元/平,中楼层 (共5层) 2室1厅 | 82.78平米 | 南 北,https://ke-image.ljcdn.com/110000-inspection/pc1_NLL3KKOUL.jpg!m_fill,w_280,h_210,f_jpg?from=ke.com
20240812,密云,溪翁庄镇,101124837204,首创澜茵山二期 业主真是出售 看房方便,339万,33449元/平,底层 (共3层) | 2017年 | 4室2厅 | 101.35平米 | 南 北,https://ke-image.ljcdn.com/110000-inspection/pc1_pQaqaBGBw.jpg!m_fill,w_280,h_210,f_jpg?from=ke.com
20240812,密云,溪翁庄镇,101124826838,万科云溪  精装修 环境优美  户型方正,440万,18161元/平,底层 (共4层) 3室1厅 | 242.29平米 | 南 北,https://ke-image.ljcdn.com/110000-inspection/pc1_ha12EtmOU.jpg!m_fill,w_280,h_210,f_jpg?from=ke.com
20240812,密云,溪翁庄镇,101124794593,北京卧龙国际山庄独栋别墅看房方便有钥匙,598万,19247元/平,底层 (共2层) | 2017年 | 3室2厅 | 310.71平米 | 东 南 西 北,https://ke-image.ljcdn.com/110000-inspection/pc1_t8q1u0tVz.jpg!m_fill,w_280,h_210,f_jpg?from=ke.com
20240812,密云,溪翁庄镇,101124758541,首创澜茵山一期 独栋 上下三层 精装修 楼龄新,700万,19253元/平,底层 (共3层) 4室2厅 | 363.58平米 | 南 北,https://ke-image.ljcdn.com/110000-inspection/pc1_NjF8iRpUm_1.jpg!m_fill,w_280,h_210,f_jpg?from=ke.com
20240812,密云,溪翁庄镇,101124700008,观唐云鼎  独栋别墅  环境优美   有钥匙,1300万,23753元/平,底层 (共2层) | 2011年 | 4室2厅 | 547.3平米 | 南 北,https://ke-image.ljcdn.com/110000-inspection/pc1_5onDhdnbP_1.jpg!m_fill,w_280,h_210,f_jpg?from=ke.com
20240812,密云,溪翁庄镇,101124684702,万科云溪叠拼南北通透精装修下叠,580万,19711元/平,底层 (共5层) 4室3厅 | 294.26平米 | 南 北,https://ke-image.ljcdn.com/110000-inspection/6514b3f0-b3ff-4265-876a-5d8475398f7f_1000.jpg!m_fill,w_280,h_210,f_jpg?from=ke.com
20240812,密云,溪翁庄镇,101124681097,阳光城君山墅 小区环境优美 物业管理好,770万,23461元/平,底层 (共2层) | 2017年 | 4室2厅 | 328.21平米 | 南 北,https://ke-image.ljcdn.com/110000-inspection/4be58cd6-7319-4b77-ad1c-1f1863e2dbf0_1000.jpg!m_fill,w_280,h_210,f_jpg?from=ke.com
20240812,密云,溪翁庄镇,101124605679,彼岸香醍别墅 精装修 拎包入住 随时看房诚心卖,455万,22845元/平,底层 (共2层) 5室1厅 | 199.17平米 | 南 北,https://ke-image.ljcdn.com/110000-inspection/2549de78-7373-4301-a445-be6a91f4c7af_1000.jpg!m_fill,w_280,h_210,f_jpg?from=ke.com
20240812,密云,溪翁庄镇,101124525707,首创三居室 环境优美 人车分流 房间采光充足,165万,16999元/平,中楼层 (共17层) | 2016年 | 3室1厅 | 97.07平米 | 南 北,https://ke-image.ljcdn.com/110000-inspection/b9404468-3723-49f1-9918-d13dafa17743_1000.jpg!m_fill,w_280,h_210,f_jpg?from=ke.com
20240812,密云,溪翁庄镇,101124516747,彼岸香醍  环境优美  购物方便  业主诚心出售,456万,22896元/平,底层 (共2层) | 2013年 | 4室2厅 | 199.17平米 | 南 北,https://ke-image.ljcdn.com/110000-inspection/pc1_aSiBKBx4g_1.jpg!m_fill,w_280,h_210,f_jpg?from=ke.com
20240812,密云,溪翁庄镇,101124493915,弗农小镇 一层带地下室 小区环境好 交通方便,310万,41847元/平,底层 (共9层) 2室1厅 | 74.08平米 | 南 北,https://ke-image.ljcdn.com/110000-inspection/acd48f5c-b784-4bd1-ad7b-7725ed4fb377_1000.jpg!m_fill,w_280,h_210,f_jpg?from=ke.com
20240812,密云,溪翁庄镇,101124459030,阳光城君山墅南北通透格局 独栋别墅 签约随时。,565万,17301元/平,底层 (共2层) | 2017年 | 4室2厅 | 326.58平米 | 南 北,https://ke-image.ljcdn.com/110000-inspection/pc1_SIuHoAJeU_1.jpg!m_fill,w_280,h_210,f_jpg?from=ke.com
20240812,密云,溪翁庄镇,101124445693,观唐云鼎 业主诚心出售 看房方便 有钥匙,348万,20233元/平,顶层 (共5层) | 2020年 | 4室1厅 | 172平米 | 南 北,https://ke-image.ljcdn.com/110000-inspection/pc1_8J4WlJCmN_1.jpg!m_fill,w_280,h_210,f_jpg?from=ke.com
20240812,密云,溪翁庄镇,101124443523,万科云溪 3室1厅 南 北,480万,24340元/平,中楼层 (共5层) 3室1厅 | 197.21平米 | 南 北,https://ke-image.ljcdn.com/110000-inspection/pc1_YxdaPzF31.jpg!m_fill,w_280,h_210,f_jpg?from=ke.com
20240812,密云,溪翁庄镇,101124441765,弗农小镇三期  中间叠拼   南北通透  采光充足,267万,17514元/平,低楼层 (共6层) | 2022年 | 3室1厅 | 152.45平米 | 南 北,https://ke-image.ljcdn.com/110000-inspection/pc1_1xfSsbUfz.jpg!m_fill,w_280,h_210,f_jpg?from=ke.com
20240812,密云,溪翁庄镇,101124410371,远大美域 3室3厅 南 北,380万,15539元/平,底层 (共3层) 3室3厅 | 244.56平米 | 南 北,https://ke-image.ljcdn.com/110000-inspection/pc1_DVErMa0N8_1.jpg!m_fill,w_280,h_210,f_jpg?from=ke.com
20240812,密云,溪翁庄镇,101124399569,万科云溪 莫奈花园 入则宁静 养生之地,499万,19026元/平,底层 (共5层) 4室1厅 | 262.28平米 | 南 北,https://ke-image.ljcdn.com/110000-inspection/pc1_BU9QNTusI.jpg!m_fill,w_280,h_210,f_jpg?from=ke.com
20240812,密云,溪翁庄镇,101124349252,万科云溪  精装中叠  钥匙房房主自荐,330万,18127元/平,中楼层 (共5层) 4室1厅 | 182.05平米 | 南 北,https://ke-image.ljcdn.com/110000-inspection/pc1_RgJZjRKx3_1.jpg!m_fill,w_280,h_210,f_jpg?from=ke.com
20240812,密云,溪翁庄镇,101124323223,首创澜茵山三期 精装四居 视野采光好 诚心出售,170万,13816元/平,顶层 (共15层) 4室2厅 | 123.05平米 | 南 北,https://ke-image.ljcdn.com/110000-inspection/e67682c7-b1a1-4ef8-b6bd-1bb6596d095f_1000.jpg!m_fill,w_280,h_210,f_jpg?from=ke.com
20240812,密云,溪翁庄镇,101124314423,彼岸香醍 业主真实出售 小区环境好,580万,29121元/平,底层 (共2层) 6室2厅 | 199.17平米 | 南 北,https://ke-image.ljcdn.com/110000-inspection/pc1_ZYPMHTRUc_1.jpg!m_fill,w_280,h_210,f_jpg?from=ke.com
20240812,密云,溪翁庄镇,101124301944,密溪路90号院 环境优美视野开阔 配套设施齐全交通便利,418万,41106元/平,底层 (共4层) 4室2厅 | 101.69平米 | 南 北,https://ke-image.ljcdn.com/110000-inspection/5ca77c24-24eb-49c8-ae54-ed3e4fbcbaa5_1000.jpg!m_fill,w_280,h_210,f_jpg?from=ke.com
20240812,密云,溪翁庄镇,101124273189,远大美域  联排别墅  精装带电梯  价格可谈,490万,20019元/平,底层 (共3层) 3室3厅 | 244.77平米 | 南 北,https://ke-image.ljcdn.com/110000-inspection/a9a0c4f0-742b-4806-aae9-d8b25b612a1f_1000.jpg!m_fill,w_280,h_210,f_jpg?from=ke.com
20240812,密云,溪翁庄镇,101124227556,彼岸香醍边户独栋 毛坯 诚心出售 随时看房 有钥匙,550万,23237元/平,底层 (共2层) 6室3厅 | 236.7平米 | 南 北,https://ke-image.ljcdn.com/110000-inspection/pc1_s7xeuUnFd_1.jpg!m_fill,w_280,h_210,f_jpg?from=ke.com
20240812,密云,溪翁庄镇,101124227106,二进院 大平台 彼岸香醍中间独栋精装修拎包入住,650万,31946元/平,底层 (共2层) | 2016年 | 5室2厅 | 203.47平米 | 南 北,https://ke-image.ljcdn.com/110000-inspection/229665d6-f2a1-487f-91d9-5db150f00438_1000.jpg!m_fill,w_280,h_210,f_jpg?from=ke.com
20240812,密云,溪翁庄镇,101124225569,彼岸香醍 独栋联排 精装修 看房有钥匙 周边配套齐全,530万,26611元/平,底层 (共2层) 5室2厅 | 199.17平米 | 南 北,https://ke-image.ljcdn.com/110000-inspection/c95e9830-29c2-4a46-aa6b-dc13c49d1ad9_1000.jpg!m_fill,w_280,h_210,f_jpg?from=ke.com
20240812,密云,溪翁庄镇,101124221459,彼岸香醍 精装别墅 空气好 随时看房 诚心出售,449万,22055元/平,底层 (共2层) 5室2厅 | 203.59平米 | 南 北,https://ke-image.ljcdn.com/110000-inspection/pc1_F2rA0gaz2_1.jpg!m_fill,w_280,h_210,f_jpg?from=ke.com
20240812,密云,溪翁庄镇,101124228593,阳光城君山墅   独栋别墅的璀璨,2800万,64588元/平,底层 (共2层) | 2007年 | 5室4厅 | 433.52平米 | 南 北,https://ke-image.ljcdn.com/110000-inspection/pc1_06QDf12q9_1.jpg!m_fill,w_280,h_210,f_jpg?from=ke.com
20240812,密云,溪翁庄镇,101124188034,观唐云鼎小区中式别墅小区环境好。,923万,22865元/平,地下室 (共2层) | 2012年 | 5室4厅 | 403.69平米 | 南 北,https://ke-image.ljcdn.com/110000-inspection/pc1_kQrC99b4z_1.jpg!m_fill,w_280,h_210,f_jpg?from=ke.com
20240812,密云,溪翁庄镇,101124187109,万科云溪 小区环境好 带电梯 诚心出售,261万,21696元/平,中楼层 (共10层) | 2017年 | 3室2厅 | 120.3平米 | 南 北,https://ke-image.ljcdn.com/110000-inspection/pc1_szvU8MKNY_1.jpg!m_fill,w_280,h_210,f_jpg?from=ke.com
20240812,密云,溪翁庄镇,101124168537,彼岸香醍 5室3厅 南 北,785万,25210元/平,底层 (共3层) 5室3厅 | 311.39平米 | 南 北,https://ke-image.ljcdn.com/110000-inspection/4928e3f7-2627-4fd1-894c-ef35199ef921_1000.jpg!m_fill,w_280,h_210,f_jpg?from=ke.com
20240812,密云,溪翁庄镇,101124141488,观唐云鼎 业主诚心出售 看房方便,539万,28465元/平,底层 (共4层) | 2020年 | 3室1厅 | 189.36平米 | 南 北,https://ke-image.ljcdn.com/110000-inspection/pc1_VnSp3DSi3_1.jpg!m_fill,w_280,h_210,f_jpg?from=ke.com
20240812,密云,溪翁庄镇,101124138134,首创澜茵山 洋房两居 户型方正 诚心出售,172万,36037元/平,顶层 (共6层) 2室2厅 | 47.73平米 | 南 北,https://ke-image.ljcdn.com/110000-inspection/3f8147d6-6ef5-47bf-a9ae-eea187975648_1000.jpg!m_fill,w_280,h_210,f_jpg?from=ke.com
20240812,密云,溪翁庄镇,101124130999,三期精装修 看房提前预约 交通便利 楼层好,150万,14901元/平,中楼层 (共15层) | 2014年 | 3室1厅 | 100.67平米 | 南 北,https://ke-image.ljcdn.com/110000-inspection/pc1_Tu5ug5TK5_1.jpg!m_fill,w_280,h_210,f_jpg?from=ke.com
20240812,密云,溪翁庄镇,101124111783,万科云溪   满五唯一  精装修  动静分离,490万,25347元/平,中楼层 (共5层) 3室2厅 | 193.32平米 | 南 北,https://ke-image.ljcdn.com/110000-inspection/f04d2804-fcd6-4ec0-b68a-b4a492fb30c4_1000.jpg!m_fill,w_280,h_210,f_jpg?from=ke.com
20240812,密云,溪翁庄镇,101124109696,阳光城溪山悦 2室2厅 南 北,125万,15117元/平,低楼层 (共8层) | 2022年 | 2室2厅 | 82.69平米 | 南 北,https://ke-image.ljcdn.com/110000-inspection/11ef13bf-514e-44eb-9895-722907bafda8_1000.jpg!m_fill,w_280,h_210,f_jpg?from=ke.com
20240812,密云,溪翁庄镇,101124102468,万科云溪  南北通透下叠   前排无遮挡房主自荐,419万,16631元/平,底层 (共5层) 4室2厅 | 251.94平米 | 南 北,https://ke-image.ljcdn.com/110000-inspection/pc1_OuLSSXS18.jpg!m_fill,w_280,h_210,f_jpg?from=ke.com
20240812,密云,溪翁庄镇,101124044327,远大美域 双拼别墅 精装修 业主诚心出售,465万,18969元/平,底层 (共3层) 4室3厅 | 245.14平米 | 南 北,https://ke-image.ljcdn.com/110000-inspection/f898ac39-f34e-4650-a7f3-41b9281d5498_1000.jpg!m_fill,w_280,h_210,f_jpg?from=ke.com
20240812,密云,溪翁庄镇,101124044250,联排别墅位置好业主精装修一直自住,720万,23123元/平,底层 (共3层) | 2013年 | 5室2厅 | 311.39平米 | 南 北,https://ke-image.ljcdn.com/110000-inspection/1eb166ce-91b5-4f26-9682-a1bad56601c1_1000.jpg!m_fill,w_280,h_210,f_jpg?from=ke.com
20240812,密云,溪翁庄镇,101124035200,首创澜茵山三期 电梯板楼环境好停车方便交通便利房主自荐,270万,11720元/平,底层 (共17层) 3室2厅 | 230.39平米 | 南 北,https://ke-image.ljcdn.com/110000-inspection/f20544d5-0ea4-4daf-9291-96df6fd8e327_1000.jpg!m_fill,w_280,h_210,f_jpg?from=ke.com
20240812,密云,溪翁庄镇,101124016077,溪水花园一区    视野开阔     采光充足    交通便利,80万,8827元/平,高楼层 (共7层) | 2013年 | 2室1厅 | 90.64平米 | 南,https://ke-image.ljcdn.com/110000-inspection/pc1_vdC9aDvmo.jpg!m_fill,w_280,h_210,f_jpg?from=ke.com
20240812,密云,溪翁庄镇,101123944086,首创澜茵山二期 3室2厅 南 北,245万,28145元/平,中楼层 (共4层) 3室2厅 | 87.05平米 | 南 北,https://ke-image.ljcdn.com/110000-inspection/0e63f507-ee50-4e69-bcb2-bde7776ace03_1000.jpg!m_fill,w_280,h_210,f_jpg?from=ke.com
20240812,密云,溪翁庄镇,101123925373,北京机床研究所家属楼独立两居好楼层。南北通透,88万,13579元/平,顶层 (共5层) | 2013年 | 2室1厅 | 64.81平米 | 南 北,https://ke-image.ljcdn.com/110000-inspection/pc1_eeLyenJK9_1.jpg!m_fill,w_280,h_210,f_jpg?from=ke.com
20240812,密云,溪翁庄镇,101123922349,弗农小镇 中叠户型 精装拎包入住 环境优美,260万,17055元/平,低楼层 (共6层) | 2022年 | 3室2厅 | 152.45平米 | 南 北,https://ke-image.ljcdn.com/110000-inspection/9d0fc298-6810-4ddf-a912-6c20d25ef48c_1000.jpg!m_fill,w_280,h_210,f_jpg?from=ke.com
20240812,密云,溪翁庄镇,101123918072,叠拼别墅 上叠 精装修 有电梯 小区环境好,420万,21408元/平,中楼层 (共5层) 3室2厅 | 196.19平米 | 南 北,https://ke-image.ljcdn.com/110000-inspection/pc1_AzuHHd9R4_1.jpg!m_fill,w_280,h_210,f_jpg?from=ke.com
20240812,密云,溪翁庄镇,101123911505,弗农小镇精装修合院次新房2020年房,458万,29268元/平,底层 (共3层) 3室2厅 | 156.49平米 | 南,https://ke-image.ljcdn.com/110000-inspection/pc1_zgEmVkJJL_1.jpg!m_fill,w_280,h_210,f_jpg?from=ke.com
20240812,密云,溪翁庄镇,101123845034,观唐云鼎 小区环境好 有电梯 叠拼别墅,660万,34851元/平,底层 (共4层) 3室1厅 | 189.38平米 | 南 北,https://ke-image.ljcdn.com/110000-inspection/pc1_BKjLFbtLu_1.jpg!m_fill,w_280,h_210,f_jpg?from=ke.com
20240812,密云,溪翁庄镇,101123837539,彼岸香醍 精装联排别墅 边户位置小区环境好房主自荐,690万,29151元/平,底层 (共2层) 6室4厅 | 236.7平米 | 南 北,https://ke-image.ljcdn.com/110000-inspection/ca3af2e8-df75-4572-b98b-bcabdbad1b8d_1000.jpg!m_fill,w_280,h_210,f_jpg?from=ke.com
20240812,密云,溪翁庄镇,101123824261,弗农小镇 3室2厅 南 北,343万,21798元/平,低楼层 (共6层) | 2022年 | 3室2厅 | 157.36平米 | 南 北,https://ke-image.ljcdn.com/110000-inspection/c921c9fe-427e-4e3b-ad27-138e748fcaf6_1000.jpg!m_fill,w_280,h_210,f_jpg?from=ke.com
20240812,密云,溪翁庄镇,101123789716,北京机床研究所家属楼 正规两居 南北通透 视野开阔,108万,15266元/平,中楼层 (共5层) 2室1厅 | 70.75平米 | 南 北,https://ke-image.ljcdn.com/110000-inspection/pc1_ivi1sRkSd_1.jpg!m_fill,w_280,h_210,f_jpg?from=ke.com
20240812,密云,溪翁庄镇,101123785108,万科云溪  前排无遮挡  餐客一体大面宽,269万,14682元/平,中楼层 (共5层) 2室1厅 | 183.23平米 | 南 北,https://ke-image.ljcdn.com/110000-inspection/pc1_pmgGN8miB_1.jpg!m_fill,w_280,h_210,f_jpg?from=ke.com
20240812,密云,溪翁庄镇,101123779958,阳光城君山墅。回归大自然的气息休闲养生归属地,680万,21262元/平,底层 (共2层) | 2016年 | 4室2厅 | 319.82平米 | 南 北,https://ke-image.ljcdn.com/110000-inspection/51d1ebde-337a-4446-9428-a244fd29b9b6_1000.jpg!m_fill,w_280,h_210,f_jpg?from=ke.com
20240812,密云,溪翁庄镇,101123763767,首创澜茵山二期纯山体社区别墅,520万,40161元/平,底层 (共3层) | 2017年 | 4室2厅 | 129.48平米 | 南 北,https://ke-image.ljcdn.com/110000-inspection/c36f4b33-65e2-4af7-9397-08a0057e58f2_1000.jpg!m_fill,w_280,h_210,f_jpg?from=ke.com
20240812,密云,溪翁庄镇,101123752191,首创澜茵山二期   离密云城区较近的别墅区  视野开阔,496万,48776元/平,底层 (共4层) | 2017年 | 4室2厅 | 101.69平米 | 南 北,https://ke-image.ljcdn.com/110000-inspection/e69ab76b-e8d1-4427-a78a-3b28fe6daf69_1000.jpg!m_fill,w_280,h_210,f_jpg?from=ke.com
20240812,密云,溪翁庄镇,101123750518,溪水花园一区 风景好 位置佳 中楼层带平台房主自荐,110万,9305元/平,中楼层 (共6层) 3室1厅 | 118.22平米 | 南 北,https://ke-image.ljcdn.com/110000-inspection/pc1_5fOnHV19g.jpg!m_fill,w_280,h_210,f_jpg?from=ke.com
20240812,密云,溪翁庄镇,101123733819,弗农小镇 3室2厅 南 北,460万,29305元/平,中楼层 (共5层) | 2022年 | 3室2厅 | 156.97平米 | 南 北,https://ke-image.ljcdn.com/110000-inspection/pc1_9BCWAbANH.jpg!m_fill,w_280,h_210,f_jpg?from=ke.com
20240812,密云,溪翁庄镇,101123728440,万科云溪  精装 观景 边户 独栋,880万,31953元/平,底层 (共2层) | 2017年 | 7室1厅 | 275.41平米 | 东 南 西 北,https://ke-image.ljcdn.com/110000-inspection/pc1_ERp5BVeML_1.jpg!m_fill,w_280,h_210,f_jpg?from=ke.com
20240812,密云,溪翁庄镇,101123725375,首创澜茵山三期 带电梯 大四居 小区环境优美房主自荐,165万,13405元/平,中楼层 (共15层) | 2014年 | 4室1厅 | 123.09平米 | 南 北,https://ke-image.ljcdn.com/110000-inspection/pc1_PGXDgG7CQ_1.jpg!m_fill,w_280,h_210,f_jpg?from=ke.com
20240812,密云,溪翁庄镇,101123648052,万科云溪 独栋别墅 小区环境优美,545万,18752元/平,底层 (共2层) | 2017年 | 3室2厅 | 290.65平米 | 南 北,https://ke-image.ljcdn.com/110000-inspection/pc1_cuEEpesRZ.jpg!m_fill,w_280,h_210,f_jpg?from=ke.com
20240812,密云,溪翁庄镇,101123633562,阳光城君山墅 精装修 位置好 看房方便,980万,22163元/平,底层 (共2层) | 2007年 | 4室3厅 | 442.19平米 | 南,https://ke-image.ljcdn.com/110000-inspection/pc1_zDMZPoxm8_1.jpg!m_fill,w_280,h_210,f_jpg?from=ke.com
20240812,密云,溪翁庄镇,101123607537,万科云溪 精装下叠 位置好 无遮挡,420万,14692元/平,底层 (共5层) 3室2厅 | 285.88平米 | 南 北,https://ke-image.ljcdn.com/110000-inspection/29028f0b-3356-4ecf-9a78-6a69aa64f4e6_1000.jpg!m_fill,w_280,h_210,f_jpg?from=ke.com
20240812,密云,溪翁庄镇,101123555769,此房独栋别墅精装修 看房提前联系 采光好,1045万,24853元/平,底层 (共3层) | 2010年 | 4室2厅 | 420.48平米 | 南 北,https://ke-image.ljcdn.com/110000-inspection/pc1_IKvMfivcn.jpg!m_fill,w_280,h_210,f_jpg?from=ke.com
20240812,密云,溪翁庄镇,101123555124,首创澜茵山二期 叠拼 格局好 采光好房主自荐,210万,19036元/平,低楼层 (共3层) 3室1厅 | 110.32平米 | 南 北,https://ke-image.ljcdn.com/110000-inspection/pc1_rbocjc3fA_1.jpg!m_fill,w_280,h_210,f_jpg?from=ke.com
20240812,密云,溪翁庄镇,101123527590,阳光城溪山悦精装南北通透大两居,219万,21298元/平,中楼层 (共8层) | 2022年 | 2室1厅 | 102.83平米 | 南 北,https://ke-image.ljcdn.com/110000-inspection/pc1_8BDefBUmf_1.jpg!m_fill,w_280,h_210,f_jpg?from=ke.com
20240812,密云,溪翁庄镇,101123518290,首创澜茵山二期 视野开阔楼龄新,680万,49322元/平,底层 (共3层) 4室1厅 | 137.87平米 | 南 北,https://ke-image.ljcdn.com/110000-inspection/pc1_kbAlQcDrz_1.jpg!m_fill,w_280,h_210,f_jpg?from=ke.com
20240812,密云,溪翁庄镇,101123517756,阳光城君山墅 密溪路33号元十六区,960万,19754元/平,底层 (共1层) 5室3厅 | 485.99平米 | 南 北,https://ke-image.ljcdn.com/110000-inspection/pc1_5pyTaZkXw_1.jpg!m_fill,w_280,h_210,f_jpg?from=ke.com
20240812,密云,溪翁庄镇,101123489322,阳光城君山墅一处院落一生诗意回归自然天地,1200万,23730元/平,底层 (共2层) 5室2厅 | 505.7平米 | 南 北,https://ke-image.ljcdn.com/110000-inspection/pc1_m16wd7j79_1.jpg!m_fill,w_280,h_210,f_jpg?from=ke.com
20240812,密云,溪翁庄镇,101123437934,彼岸香醍美式独栋下沉层双通透位置优越,495万,24854元/平,底层 (共2层) | 2013年 | 5室3厅 | 199.17平米 | 南 北,https://ke-image.ljcdn.com/110000-inspection/pc1_pvnrr6mri_1.jpg!m_fill,w_280,h_210,f_jpg?from=ke.com
20240812,密云,溪翁庄镇,101123429681,彼岸香醍联排独栋集中供暖精装修拎包入住,560万,27507元/平,底层 (共2层) 5室3厅 | 203.59平米 | 南 北,https://ke-image.ljcdn.com/110000-inspection/pc1_G8vHQuU4Y_1.jpg!m_fill,w_280,h_210,f_jpg?from=ke.com
20240812,密云,溪翁庄镇,101123383748,君山高尔夫别墅 水边户视野开阔   管家服务,1150万,31504元/平,底层 (共2层) | 2013年 | 6室3厅 | 365.04平米 | 东 西 北,https://ke-image.ljcdn.com/110000-inspection/pc1_IBDE1Bz24_1.jpg!m_fill,w_280,h_210,f_jpg?from=ke.com
20240812,密云,溪翁庄镇,101123359153,万科云溪独栋别墅精装修拎包入住,680万,24686元/平,底层 (共2层) | 2017年 | 5室1厅 | 275.47平米 | 南 北,https://ke-image.ljcdn.com/110000-inspection/pc1_0SZpBpGL6_1.jpg!m_fill,w_280,h_210,f_jpg?from=ke.com
20240812,密云,溪翁庄镇,101123337546,首创澜茵山二期带电梯纯毛坯。,395万,48868元/平,底层 (共3层) 3室1厅 | 80.83平米 | 南 北,https://ke-image.ljcdn.com/110000-inspection/a313ca92-7221-48cb-a20a-cb9fa327011c_1000.jpg!m_fill,w_280,h_210,f_jpg?from=ke.com
20240812,密云,溪翁庄镇,101123313752,三山环抱优雅水畔原始森林原生环境,850万,22021元/平,底层 (共2层) 5室2厅 | 386.01平米 | 南 北,https://ke-image.ljcdn.com/110000-inspection/pc1_5jyr1za48_1.jpg!m_fill,w_280,h_210,f_jpg?from=ke.com
20240812,密云,溪翁庄镇,101123290212,依山傍水健康生态私有天地归园山居房主自荐,710万,22744元/平,底层 (共2层) | 2011年 | 4室2厅 | 312.18平米 | 南 北,https://ke-image.ljcdn.com/110000-inspection/pc1_cwrtl2rKs_1.jpg!m_fill,w_280,h_210,f_jpg?from=ke.com
20240812,密云,溪翁庄镇,101123254709,南北通透高楼层全明格局 居住舒适,76万,7659元/平,顶层 (共6层) 3室2厅 | 99.24平米 | 南 北,https://ke-image.ljcdn.com/110000-inspection/pc1_8IiYNqJ9A.jpg!m_fill,w_280,h_210,f_jpg?from=ke.com
20240812,密云,溪翁庄镇,101123222576,阳光城高尔夫别墅1200亩私人公园白河穿过小区,1000万,27393元/平,底层 (共2层) | 2013年 | 3室2厅 | 365.06平米 | 南 北,https://ke-image.ljcdn.com/110000-inspection/pc1_bd6fxoX1V_1.jpg!m_fill,w_280,h_210,f_jpg?from=ke.com
20240812,密云,溪翁庄镇,101123170318,首创澜茵山三期 半山优质洋房 环境优美,175万,17308元/平,高楼层 (共15层) 3室2厅 | 101.11平米 | 南 北,https://ke-image.ljcdn.com/110000-inspection/fd4f3bbf-d1d1-4103-941f-8c7fb3209445_1000.jpg!m_fill,w_280,h_210,f_jpg?from=ke.com
20240812,密云,溪翁庄镇,101123154801,阳光城溪山悦南北通透精装修 小区环境优美物业管理好,155万,15074元/平,中楼层 (共8层) | 2022年 | 2室2厅 | 102.83平米 | 南 北,https://ke-image.ljcdn.com/110000-inspection/af9f1938-8736-4cbf-ba4a-3fb761f3ac8a_1000.jpg!m_fill,w_280,h_210,f_jpg?from=ke.com
20240812,密云,溪翁庄镇,101123095816,观唐云鼎  独栋别墅  小区环境优美,980万,28159元/平,底层 (共2层) | 2019年 | 3室2厅 | 348.03平米 | 南 北,https://ke-image.ljcdn.com/110000-inspection/737b70af-3a82-4f3b-8cc9-6d3c8fdb5a87_1000.jpg!m_fill,w_280,h_210,f_jpg?from=ke.com
20240812,密云,溪翁庄镇,101123060230,密云高尔夫别墅 山高悦水任平生 高品质,1150万,26007元/平,底层 (共2层) 4室2厅 | 442.19平米 | 南 北,https://ke-image.ljcdn.com/110000-inspection/pc1_42fET5eMb_1.jpg!m_fill,w_280,h_210,f_jpg?from=ke.com
20240812,密云,溪翁庄镇,101123042689,彼岸香醍联排边户别墅位置好毛坯房有钥匙,530万,22392元/平,底层 (共2层) 5室3厅 | 236.7平米 | 南 北,https://ke-image.ljcdn.com/110000-inspection/pc1_ZTWryZImW_1.jpg!m_fill,w_280,h_210,f_jpg?from=ke.com
20240812,密云,溪翁庄镇,101123043477,彼岸香醍 独栋别墅 毛坯房业主诚意出售 看房方便,650万,17451元/平,底层 (共2层) | 2010年 | 4室3厅 | 372.48平米 | 南 北,https://ke-image.ljcdn.com/110000-inspection/d0e9b015-b5eb-4399-98aa-3b2e9a584cab_1000.jpg!m_fill,w_280,h_210,f_jpg?from=ke.com
20240812,密云,溪翁庄镇,101123006190,弗农小镇环境优美 天然氧吧  小区绿化好 适宜居住,406万,25888元/平,底层 (共3层) 4室3厅 | 156.83平米 | 南 北,https://ke-image.ljcdn.com/110000-inspection/pc1_zAleV3lg7.jpg!m_fill,w_280,h_210,f_jpg?from=ke.com
20240812,密云,溪翁庄镇,101122999075,万科云溪  独栋别墅  环境优美,760万,26149元/平,底层 (共2层) 3室2厅 | 290.65平米 | 东 南 西 北,https://ke-image.ljcdn.com/110000-inspection/pc1_MkysskeYC_1.jpg!m_fill,w_280,h_210,f_jpg?from=ke.com
20240812,密云,溪翁庄镇,101122983892,溪翁庄镇机床所家属楼小区 空气好 交通便利,55万,12283元/平,顶层 (共5层) 1室1厅 | 44.78平米 | 南,https://ke-image.ljcdn.com/110000-inspection/838685c4-abaf-4dc8-a584-b3af51041a80_1000.jpg!m_fill,w_280,h_210,f_jpg?from=ke.com
20240812,密云,溪翁庄镇,101122977265,临泳池独栋位置独特。双首层户型南北院双入户。,650万,19769元/平,底层 (共2层) | 2013年 | 4室3厅 | 328.8平米 | 南 北,https://ke-image.ljcdn.com/110000-inspection/d48d273f-6fbb-482b-8e9a-15caeb12272b_1000.jpg!m_fill,w_280,h_210,f_jpg?from=ke.com
20240812,密云,溪翁庄镇,101122963976,此房南北通透三居精装修 双阳卧室 客厅朝南,120万,9536元/平,高楼层 (共6层) | 2013年 | 3室2厅 | 125.84平米 | 南 北,https://ke-image.ljcdn.com/110000-inspection/pc1_H0kCJNvy1.jpg!m_fill,w_280,h_210,f_jpg?from=ke.com
20240812,密云,溪翁庄镇,101122904912,万科云溪带电梯小区环境好。,249万,14115元/平,中楼层 (共5层) 3室1厅 | 176.42平米 | 南 北,https://ke-image.ljcdn.com/110000-inspection/pc1_bdEyESMPr.jpg!m_fill,w_280,h_210,f_jpg?from=ke.com
20240812,密云,溪翁庄镇,101122877145,京溪小区 南北通透两居室 业主诚心卖,130万,11787元/平,低楼层 (共6层) | 2019年 | 2室2厅 | 110.3平米 | 南 北,https://ke-image.ljcdn.com/110000-inspection/pc1_62MKPJGaV_1.jpg!m_fill,w_280,h_210,f_jpg?from=ke.com
20240812,密云,溪翁庄镇,101122876597,京溪小区环境优美  采光充足 视野宽阔,110万,7327元/平,高楼层 (共6层) 3室2厅 | 150.13平米 | 北 南,https://ke-image.ljcdn.com/110000-inspection/pc1_lJTUhvsQi_1.jpg!m_fill,w_280,h_210,f_jpg?from=ke.com
20240812,密云,溪翁庄镇,101122869889,首创澜茵山三期采光好视野好看房方便,286万,14033元/平,底层 (共17层) 4室2厅 | 203.81平米 | 南 北,https://ke-image.ljcdn.com/110000-inspection/pc1_FzfeDoLNw_1.jpg!m_fill,w_280,h_210,f_jpg?from=ke.com
20240812,密云,溪翁庄镇,101122846506,京 溪 小 区 4 单 元 4 0 1,103万,10588元/平,中楼层 (共5层) | 2016年 | 3室2厅 | 97.28平米 | 南 北,https://ke-image.ljcdn.com/110000-inspection/pc1_aCk7ycFZp_1.jpg!m_fill,w_280,h_210,f_jpg?from=ke.com
20240812,密云,溪翁庄镇,101122841802,万科云溪 精装独栋别墅  采光充足 视野开阔  环境优美,1000万,35594元/平,底层 (共2层) 5室3厅 | 280.95平米 | 南 北,https://ke-image.ljcdn.com/110000-inspection/pc1_hRhJSAvSE_1.jpg!m_fill,w_280,h_210,f_jpg?from=ke.com
20240812,密云,溪翁庄镇,101122829369,京溪小区环境优美采光充足 南北通透,100万,12081元/平,中楼层 (共5层) 2室2厅 | 82.78平米 | 南 北,https://ke-image.ljcdn.com/110000-inspection/pc1_DWuA3DDZU_1.jpg!m_fill,w_280,h_210,f_jpg?from=ke.com
20240812,密云,溪翁庄镇,101122816093,远大美域庄园-密溪路36号院三区大宅,420万,17134元/平,底层 (共3层) | 2018年 | 5室1厅 | 245.14平米 | 南 北,https://ke-image.ljcdn.com/110000-inspection/pc1_BIwVxI3yD_1.jpg!m_fill,w_280,h_210,f_jpg?from=ke.com
20240812,密云,溪翁庄镇,101122803554,此房独栋别墅毛坯 看房方便 采光好,1100万,33135元/平,底层 (共2层) | 2016年 | 4室2厅 | 331.98平米 | 南 北,https://ke-image.ljcdn.com/110000-inspection/f7bf795b-2844-4470-8403-63f51a8023a2_1000.jpg!m_fill,w_280,h_210,f_jpg?from=ke.com
20240812,密云,溪翁庄镇,101122791562,彼岸香醍 华亚· 湖庄园  别墅区,500万,25105元/平,底层 (共2层) | 2013年 | 5室3厅 | 199.17平米 | 南 北,https://ke-image.ljcdn.com/110000-inspection/0ca0f66c-3a04-41e8-ba5e-4061ea99e821_1000.jpg!m_fill,w_280,h_210,f_jpg?from=ke.com
20240812,密云,溪翁庄镇,101122737308,精装修 独栋别墅 北花园 小区中间位置,876万,26824元/平,底层 (共2层) | 2016年 | 9室2厅 | 326.58平米 | 北 南,https://ke-image.ljcdn.com/110000-inspection/pc1_rwkgoWpr2_1.jpg!m_fill,w_280,h_210,f_jpg?from=ke.com
20240812,密云,溪翁庄镇,101122729988,远大美域双拼好装修带南北向院,439万,17952元/平,底层 (共3层) 4室3厅 | 244.55平米 | 南 北,https://ke-image.ljcdn.com/110000-inspection/pc1_6EeYcJkmB_1.jpg!m_fill,w_280,h_210,f_jpg?from=ke.com
20240812,密云,溪翁庄镇,101122683825,阳光城君山墅 精装修 看房有钥匙 采光好,880万,28189元/平,底层 (共2层) 5室3厅 | 312.18平米 | 南 北,https://ke-image.ljcdn.com/110000-inspection/2d9b178c-e496-4f27-b6f2-64f9b6d6e14a_1000.jpg!m_fill,w_280,h_210,f_jpg?from=ke.com
20240812,密云,溪翁庄镇,101122659486,密溪路39号院北区采光好格局好视野好,650万,34327元/平,底层 (共4层) 3室3厅 | 189.36平米 | 南 北,https://ke-image.ljcdn.com/110000-inspection/70759352-4e32-4c11-9209-e5183a35333b_1000.jpg!m_fill,w_280,h_210,f_jpg?from=ke.com
20240812,密云,溪翁庄镇,101122639685,阳光城君山墅私人花园式独栋别墅,650万,20324元/平,底层 (共2层) | 2016年 | 4室2厅 | 319.82平米 | 南 北,https://ke-image.ljcdn.com/110000-inspection/pc1_a5Dv3bCiT_1.jpg!m_fill,w_280,h_210,f_jpg?from=ke.com
20240812,密云,溪翁庄镇,101122637216,阳光城君山墅河东精装独栋户型,1780万,43241元/平,底层 (共2层) | 2007年 | 5室3厅 | 411.65平米 | 南 北,https://ke-image.ljcdn.com/110000-inspection/db4d3f7f-644e-4b65-a5a0-f52bfd9de24a_1000.jpg!m_fill,w_280,h_210,f_jpg?from=ke.com
20240812,密云,溪翁庄镇,101122620708,观唐云鼎 精装修 中式风格 小区环境好,1350万,37687元/平,底层 (共3层) 5室2厅 | 358.22平米 | 南 北,https://ke-image.ljcdn.com/110000-inspection/pc1_9bnbh2VeR_1.jpg!m_fill,w_280,h_210,f_jpg?from=ke.com
20240812,密云,溪翁庄镇,101122600940,观唐云鼎新中式毛坯房纯独栋房主自荐,795万,23417元/平,地下室 (共2层) | 2012年 | 4室1厅 | 339.51平米 | 南 北,https://ke-image.ljcdn.com/110000-inspection/pc1_BU3CcvJ7v_1.jpg!m_fill,w_280,h_210,f_jpg?from=ke.com
20240812,密云,溪翁庄镇,101122589779,首创澜茵山三期 风景事业好 电梯房,200万,19021元/平,顶层 (共6层) 3室1厅 | 105.15平米 | 南 北,https://ke-image.ljcdn.com/110000-inspection/pc1_O9PzXy7RP.jpg!m_fill,w_280,h_210,f_jpg?from=ke.com
20240812,密云,溪翁庄镇,101122587289,阳光城君山墅东区北进门花园大临河纯毛坯,1500万,27285元/平,底层 (共2层) | 2012年 | 4室3厅 | 549.77平米 | 北 南,https://ke-image.ljcdn.com/110000-inspection/279142d5-7e2b-46ba-91bb-ad948bfcd50e_1000.jpg!m_fill,w_280,h_210,f_jpg?from=ke.com
20240812,密云,溪翁庄镇,101122563920,户型方正南北朝向 业主诚心出售看房很方便,69万,12119元/平,中楼层 (共5层) 2室1厅 | 56.94平米 | 南 北,https://ke-image.ljcdn.com/110000-inspection/pc1_45SPhaToI.jpg!m_fill,w_280,h_210,f_jpg?from=ke.com
20240812,密云,溪翁庄镇,101122550967,别墅东区 卧龙国际山庄 高尔夫别墅 精装拎包入住,999万,25368元/平,底层 (共2层) | 2009年 | 6室3厅 | 393.81平米 | 南 北,https://ke-image.ljcdn.com/110000-inspection/39a2bb95-8722-4b49-bf0b-cfff7715eba6_1000.jpg!m_fill,w_280,h_210,f_jpg?from=ke.com
20240812,密云,溪翁庄镇,101122522757,首创澜茵山二期  视野开阔 采光充足,680万,83364元/平,底层 (共3层) 4室2厅 | 81.57平米 | 南 北,https://ke-image.ljcdn.com/110000-inspection/pc1_V8jCz2z57_1.jpg!m_fill,w_280,h_210,f_jpg?from=ke.com
20240812,密云,溪翁庄镇,101122519452,弗农小镇、南北通透、看房方便。,200万,20415元/平,低楼层 (共9层) 3室1厅 | 97.97平米 | 南 北,https://ke-image.ljcdn.com/110000-inspection/pc1_tmCBCFAhi_1.jpg!m_fill,w_280,h_210,f_jpg?from=ke.com
20240812,密云,溪翁庄镇,101122518431,精装独栋别墅业主自装电梯改建后空间很大！,890万,32749元/平,底层 (共2层) 4室3厅 | 271.77平米 | 南 北,https://ke-image.ljcdn.com/110000-inspection/pc1_xW7F8ASTr_1.jpg!m_fill,w_280,h_210,f_jpg?from=ke.com
20240812,密云,溪翁庄镇,101122509644,观唐云鼎小区-2024年业主独立精装房源,580万,32066元/平,底层 (共4层) 4室2厅 | 180.88平米 | 南 北,https://ke-image.ljcdn.com/110000-inspection/pc1_MPb4QRTfo_1.jpg!m_fill,w_280,h_210,f_jpg?from=ke.com
20240812,密云,溪翁庄镇,101122479467,弗农小镇 精装修 带室内电梯 小区环境优美,600万,28673元/平,底层 (共3层) | 2023年 | 4室2厅 | 209.26平米 | 南 北,https://ke-image.ljcdn.com/110000-inspection/pc1_e7pFknWLi_1.jpg!m_fill,w_280,h_210,f_jpg?from=ke.com
20240812,密云,溪翁庄镇,101122478807,满五唯一各个朝向都有采光和通透性很好独栋别墅,530万,26033元/平,底层 (共2层) | 2013年 | 4室2厅 | 203.59平米 | 南 北,https://ke-image.ljcdn.com/110000-inspection/pc1_XmcepoOWw_1.jpg!m_fill,w_280,h_210,f_jpg?from=ke.com
20240812,密云,溪翁庄镇,101122470015,弗农小镇 精装 双拼 5室 环境优美,1200万,46333元/平,底层 (共3层) 4室3厅 | 259平米 | 南 北,https://ke-image.ljcdn.com/110000-inspection/a68766a4-8631-4c95-9a08-f7f0f50bfa1d_1000.jpg!m_fill,w_280,h_210,f_jpg?from=ke.com
20240812,密云,溪翁庄镇,101122468477,首创澜茵山三期  精装修 原始购房价高 总费用低,190万,15758元/平,中楼层 (共11层) 4室2厅 | 120.58平米 | 南 北,https://ke-image.ljcdn.com/110000-inspection/pc1_SaTkZQJ8k_1.jpg!m_fill,w_280,h_210,f_jpg?from=ke.com
20240812,密云,溪翁庄镇,101122457216,弗农小镇 精装修 合院别墅 看房方便,480万,30515元/平,底层 (共3层) 4室2厅 | 157.3平米 | 南 北,https://ke-image.ljcdn.com/110000-inspection/pc1_IoD2IizF4_1.jpg!m_fill,w_280,h_210,f_jpg?from=ke.com
20240812,密云,溪翁庄镇,101122430992,观唐云鼎中式纯独栋居住舒适度高精装修拎包入住,1500万,43100元/平,底层 (共2层) 5室2厅 | 348.03平米 | 南 北,https://ke-image.ljcdn.com/110000-inspection/pc1_2e4HZ00qw_1.jpg!m_fill,w_280,h_210,f_jpg?from=ke.com
20240812,密云,溪翁庄镇,101122415368,首创澜茵山一期洋房 电梯 两户,210万,21878元/平,中楼层 (共6层) 3室2厅 | 95.99平米 | 南 北,https://ke-image.ljcdn.com/110000-inspection/pc1_AtsvMR9P6_1.jpg!m_fill,w_280,h_210,f_jpg?from=ke.com
20240812,密云,溪翁庄镇,101122370830,首创澜茵山二期、精装修别墅、看房方便,294万,33774元/平,顶层 (共3层) | 2017年 | 3室1厅 | 87.05平米 | 南 北,https://ke-image.ljcdn.com/110000-inspection/pc1_nkh8FLZxp.jpg!m_fill,w_280,h_210,f_jpg?from=ke.com
20240812,密云,溪翁庄镇,101122357246,此房满南北全明两居房间内通透明亮带外置大阳台,155万,17463元/平,低楼层 (共10层) | 2017年 | 2室2厅 | 88.76平米 | 南 北,https://ke-image.ljcdn.com/110000-inspection/pc1_Lc4Q83lhG.jpg!m_fill,w_280,h_210,f_jpg?from=ke.com
20240812,密云,溪翁庄镇,101122357136,万科云溪  小区环境优美  南北通透  设施齐全车位充足,422万,14971元/平,底层 (共5层) 3室2厅 | 281.88平米 | 南 北,https://ke-image.ljcdn.com/110000-inspection/pc1_F59CGSLwv_1.jpg!m_fill,w_280,h_210,f_jpg?from=ke.com
20240812,密云,溪翁庄镇,101122354971,万科云溪自然资源或人文资源为依托,400万,17408元/平,底层 (共5层) 3室1厅 | 229.78平米 | 南 北,https://ke-image.ljcdn.com/110000-inspection/73135a17-57c1-4135-9a50-7bee52c48a55_1000.jpg!m_fill,w_280,h_210,f_jpg?from=ke.com
20240812,密云,溪翁庄镇,101122353447,新中式独栋别墅 独门独院 精装修 拎包入住,590万,30863元/平,底层 (共4层) 3室1厅 | 191.17平米 | 南 北,https://ke-image.ljcdn.com/110000-inspection/pc1_Jy1HdvmAG.jpg!m_fill,w_280,h_210,f_jpg?from=ke.com
20240812,密云,溪翁庄镇,101122347753,阳光城君山墅3500亩大盘规划一站式生活配套,2500万,44930元/平,底层 (共2层) 6室2厅 | 556.43平米 | 南 北,https://ke-image.ljcdn.com/110000-inspection/pc1_V7Im3LQe8_1.jpg!m_fill,w_280,h_210,f_jpg?from=ke.com
20240812,密云,溪翁庄镇,101122347111,京城臻美后花园 修复城市与内心万科云溪,466万,17783元/平,底层 (共5层) 4室2厅 | 262.06平米 | 南 北,https://ke-image.ljcdn.com/110000-inspection/970739e3-39b2-45c1-ab7c-b380a7a7d39b_1000.jpg!m_fill,w_280,h_210,f_jpg?from=ke.com
20240812,密云,溪翁庄镇,101122294798,首创澜茵山      采光好   视野好,175万,18371元/平,中楼层 (共6层) 3室2厅 | 95.26平米 | 南 北,https://ke-image.ljcdn.com/110000-inspection/pc1_Eb98sGmUQ_1.jpg!m_fill,w_280,h_210,f_jpg?from=ke.com
20240812,密云,溪翁庄镇,101122264453,此别墅南入户楼间距大视野开阔采光好,850万,21660元/平,底层 (共3层) 4室3厅 | 392.43平米 | 南 北,https://ke-image.ljcdn.com/110000-inspection/pc1_1UiloPq5x_1.jpg!m_fill,w_280,h_210,f_jpg?from=ke.com
20240812,密云,溪翁庄镇,101122235551,阳光城·山墅理想人居环境明星社区,970万,26610元/平,底层 (共2层) | 2011年 | 5室2厅 | 364.53平米 | 南 北,https://ke-image.ljcdn.com/110000-inspection/pc1_y5oNayIH9_1.jpg!m_fill,w_280,h_210,f_jpg?from=ke.com
20240812,密云,溪翁庄镇,101122209101,别墅 .300平米到600平米独栋总有一款适合您,820万,22204元/平,底层 (共2层) | 2017年 | 5室1厅 | 369.31平米 | 南 北,https://ke-image.ljcdn.com/110000-inspection/dafa60d7-15fb-45ff-8920-d51e8ef482c3_1000.jpg!m_fill,w_280,h_210,f_jpg?from=ke.com
20240812,密云,溪翁庄镇,101122207190,阳光城·山墅三千亩树林环绕湿地公园,655万,20080元/平,底层 (共2层) | 2017年 | 5室1厅 | 326.2平米 | 南 北,https://ke-image.ljcdn.com/110000-inspection/c71c9e8e-0527-4bbc-bcd2-0bf49bcb80a9_1000.jpg!m_fill,w_280,h_210,f_jpg?from=ke.com
20240812,密云,溪翁庄镇,101122186925,首创澜茵山 独栋别墅 环境好 精装 大金中央空调 地暖,790万,16207元/平,底层 (共3层) 6室4厅 | 487.46平米 | 南 北,https://ke-image.ljcdn.com/110000-inspection/pc1_BESzLL7P8_1.jpg!m_fill,w_280,h_210,f_jpg?from=ke.com
20240812,密云,溪翁庄镇,101122189706,弗农小镇环境优美观山观景配套设施齐全,599万,28140元/平,底层 (共3层) 5室3厅 | 212.87平米 | 南 北,https://ke-image.ljcdn.com/110000-inspection/072eb767-0ef7-4f3c-a503-009831d851d4_1000.jpg!m_fill,w_280,h_210,f_jpg?from=ke.com
20240812,密云,溪翁庄镇,101122184374,阳光城君山墅 3室2厅 南 北,920万,29395元/平,底层 (共2层) | 2016年 | 3室2厅 | 312.98平米 | 南 北,https://ke-image.ljcdn.com/110000-inspection/60049fc4-82b9-43a0-83f8-80658ee18601_1000.jpg!m_fill,w_280,h_210,f_jpg?from=ke.com
20240812,密云,溪翁庄镇,101122178624,首创澜茵山二期 密溪路90号院（五区）,125万,25902元/平,顶层 (共6层) 2室1厅 | 48.26平米 | 南 北,https://ke-image.ljcdn.com/110000-inspection/pc1_jLGfUcT17_1.jpg!m_fill,w_280,h_210,f_jpg?from=ke.com
20240812,密云,溪翁庄镇,101122129314,观唐云鼎精装修视野宽阔楼层好南北通透格局,480万,25892元/平,底层 (共2层) 3室1厅 | 185.39平米 | 南 北,https://ke-image.ljcdn.com/110000-inspection/pc1_HoZXEcu45.jpg!m_fill,w_280,h_210,f_jpg?from=ke.com
20240812,密云,溪翁庄镇,101122118535,首创澜茵山三期依山傍水环境优美,200万,16207元/平,中楼层 (共15层) 4室2厅 | 123.41平米 | 南 北,https://ke-image.ljcdn.com/110000-inspection/pc1_iBr9ulPBH.jpg!m_fill,w_280,h_210,f_jpg?from=ke.com
20240812,密云,溪翁庄镇,101122118471,首创澜茵山三期台式洋房精装修,340万,22613元/平,底层 (共6层) 4室1厅 | 150.36平米 | 南 北,https://ke-image.ljcdn.com/110000-inspection/pc1_H1pndA23r.jpg!m_fill,w_280,h_210,f_jpg?from=ke.com
20240812,密云,溪翁庄镇,101122106293,首创澜茵山三期 南北通透 居住舒适 无遮挡,155万,12560元/平,中楼层 (共15层) 4室1厅 | 123.41平米 | 南 北,https://ke-image.ljcdn.com/110000-inspection/pc1_Hvr7SjEMM.jpg!m_fill,w_280,h_210,f_jpg?from=ke.com
20240812,密云,溪翁庄镇,101122106286,弗农小镇 自然艺术浪漫的花园小镇。房主自荐,270万,36276元/平,底层 (共9层) 2室2厅 | 74.43平米 | 南 北,https://ke-image.ljcdn.com/110000-inspection/pc1_AkZ90qJZ2_1.jpg!m_fill,w_280,h_210,f_jpg?from=ke.com
20240812,密云,溪翁庄镇,101122104249,首创澜茵山纯山水独栋 北美风格现房独栋,720万,20014元/平,底层 (共3层) 5室3厅 | 359.75平米 | 南 北,https://ke-image.ljcdn.com/110000-inspection/pc1_ubIZdMwoc_1.jpg!m_fill,w_280,h_210,f_jpg?from=ke.com
20240812,密云,溪翁庄镇,101122092274,阳光城君山墅 5室2厅 南 北,1300万,27603元/平,底层 (共2层) | 2010年 | 5室2厅 | 470.97平米 | 南 北,https://ke-image.ljcdn.com/110000-inspection/a13ff1f3-83c3-457c-a41b-5cff0c65ef33_1000.jpg!m_fill,w_280,h_210,f_jpg?from=ke.com
20240812,密云,溪翁庄镇,101122091554,阳光城·别墅3500亩大盘规划一站式生活配套,830万,21405元/平,底层 (共2层) 5室3厅 | 387.76平米 | 南 北,https://ke-image.ljcdn.com/110000-inspection/pc1_oszkOmIqs.jpg!m_fill,w_280,h_210,f_jpg?from=ke.com
20240812,密云,溪翁庄镇,101122083126,首创澜茵山纯法式建筑风格依山傍水,438万,34959元/平,底层 (共4层) 4室2厅 | 125.29平米 | 南 北,https://ke-image.ljcdn.com/110000-inspection/pc1_2zNOe004N_1.jpg!m_fill,w_280,h_210,f_jpg?from=ke.com
20240812,密云,溪翁庄镇,101122083014,首创澜茵山二期 带电梯 小区环境好,206万,18463元/平,中楼层 (共4层) | 2017年 | 2室1厅 | 111.58平米 | 南 北,https://ke-image.ljcdn.com/110000-inspection/pc1_FAmV9x27Y_1.jpg!m_fill,w_280,h_210,f_jpg?from=ke.com
20240812,密云,溪翁庄镇,101122082087,弗农小镇中合院精装修可直接拎包入住看房提前约,620万,31594元/平,底层 (共3层) 4室2厅 | 196.24平米 | 南,https://ke-image.ljcdn.com/110000-inspection/pc1_JPGT4YWJ1_1.jpg!m_fill,w_280,h_210,f_jpg?from=ke.com
20240812,密云,溪翁庄镇,101122078910,首创澜茵山 依山傍水 天然氧吧 交通便利,460万,36765元/平,底层 (共4层) 5室2厅 | 125.12平米 | 南 北,https://ke-image.ljcdn.com/110000-inspection/f97566ab-e55b-440a-b5dc-33c5b2609ccd_1000.jpg!m_fill,w_280,h_210,f_jpg?from=ke.com
20240812,密云,溪翁庄镇,101121994003,首创澜茵山三期 电梯房 采光无遮挡,145万,15003元/平,低楼层 (共15层) 3室1厅 | 96.65平米 | 南 北,https://ke-image.ljcdn.com/110000-inspection/pc1_8vc4bslOZ.jpg!m_fill,w_280,h_210,f_jpg?from=ke.com
20240812,密云,溪翁庄镇,101121988355,彼岸香醍溪水花园十区采光好通透性好,509万,25557元/平,底层 (共2层) | 2013年 | 4室3厅 | 199.17平米 | 南 北,https://ke-image.ljcdn.com/110000-inspection/pc1_xcdGdlf2c.jpg!m_fill,w_280,h_210,f_jpg?from=ke.com
20240812,密云,溪翁庄镇,101121981857,此房南北通透格局上叠采光充足电梯直到家门口,493万,35379元/平,中楼层 (共5层) 3室1厅 | 139.35平米 | 南 北,https://ke-image.ljcdn.com/110000-inspection/pc1_lAUCosj32_1.jpg!m_fill,w_280,h_210,f_jpg?from=ke.com
20240812,密云,溪翁庄镇,101121948911,京溪小区 南北通透 4室2厅2卫 采光好视野好,108万,7194元/平,高楼层 (共6层) | 2020年 | 4室2厅 | 150.13平米 | 南 北,https://ke-image.ljcdn.com/110000-inspection/971788e2-246e-48c6-9b24-ddc0b95c8410_1000.jpg!m_fill,w_280,h_210,f_jpg?from=ke.com
20240812,密云,溪翁庄镇,101121892983,弗农小镇  精装修 南北通透  宽敞舒适房主自荐,585万,29759元/平,底层 (共3层) 4室1厅 | 196.58平米 | 南 北,https://ke-image.ljcdn.com/110000-inspection/pc1_HVAKpEmAz.jpg!m_fill,w_280,h_210,f_jpg?from=ke.com
20240812,密云,溪翁庄镇,101121861865,首创澜茵山 带电梯 小区环境好 交通方便,590万,46681元/平,底层 (共4层) | 2018年 | 4室2厅 | 126.39平米 | 南 西 北,https://ke-image.ljcdn.com/110000-inspection/pc1_eeZsuwqUG.jpg!m_fill,w_280,h_210,f_jpg?from=ke.com
20240812,密云,溪翁庄镇,101121853177,房子在山上视野开阔；楼龄新南北通透毛坯未入住,370万,36558元/平,底层 (共3层) | 2017年 | 4室2厅 | 101.21平米 | 南 北,https://ke-image.ljcdn.com/110000-inspection/pc1_DNQOwrtTc_1.jpg!m_fill,w_280,h_210,f_jpg?from=ke.com
20240812,密云,溪翁庄镇,101121822550,客户诚心出售提前预约随时可看,192万,20156元/平,高楼层 (共6层) | 2017年 | 3室1厅 | 95.26平米 | 南 北,https://ke-image.ljcdn.com/110000-inspection/pc1_CFwLivJzd_1.jpg!m_fill,w_280,h_210,f_jpg?from=ke.com
20240812,密云,溪翁庄镇,101121810747,客户诚心出售随时可看房时间提前联系,190万,19946元/平,中楼层 (共6层) | 2017年 | 3室1厅 | 95.26平米 | 南 北,https://ke-image.ljcdn.com/110000-inspection/pc1_uDpNy4noN.jpg!m_fill,w_280,h_210,f_jpg?from=ke.com
20240812,密云,溪翁庄镇,101121804351,这里能让您感受到真正的田园生活   之所以拥有房主自荐,200万,16344元/平,底层 (共6层) | 2010年 | 2室1厅 | 122.37平米 | 南 北,https://ke-image.ljcdn.com/110000-inspection/pc1_5YhOpON2o.jpg!m_fill,w_280,h_210,f_jpg?from=ke.com
20240812,密云,溪翁庄镇,101121782305,首创澜茵山三期 户型方正 南北通透 采光好,135万,13908元/平,低楼层 (共17层) 3室2厅 | 97.07平米 | 南 北,https://ke-image.ljcdn.com/110000-inspection/pc1_hxWarLTHr.jpg!m_fill,w_280,h_210,f_jpg?from=ke.com
20240812,密云,溪翁庄镇,101121778657,京溪小区南北通透通透好布局合理三室两厅一卫,105万,10202元/平,中楼层 (共6层) | 2000年 | 3室1厅 | 102.93平米 | 南 北,https://ke-image.ljcdn.com/110000-inspection/pc1_DXrssEIHe_1.jpg!m_fill,w_280,h_210,f_jpg?from=ke.com
20240812,密云,溪翁庄镇,101121764488,首创澜茵山三期 半山洋房 带电梯 小区环境好,218万,15231元/平,低楼层 (共6层) | 2016年 | 4室1厅 | 143.13平米 | 南 北,https://ke-image.ljcdn.com/110000-inspection/pc1_uQ44uVh4Q.jpg!m_fill,w_280,h_210,f_jpg?from=ke.com
20240812,密云,溪翁庄镇,101121754462,弗农小镇南北通透格局好采光效果好。,160万,21599元/平,低楼层 (共9层) | 2020年 | 2室1厅 | 74.08平米 | 南 北,https://ke-image.ljcdn.com/110000-inspection/pc1_3ufvDnwtD_1.jpg!m_fill,w_280,h_210,f_jpg?from=ke.com
20240812,密云,溪翁庄镇,101121754306,首创澜茵山三期 满五唯一 有电梯 小区环境好,150万,15520元/平,中楼层 (共15层) 3室2厅 | 96.65平米 | 南 北,https://ke-image.ljcdn.com/110000-inspection/pc1_XJBUZROIL.jpg!m_fill,w_280,h_210,f_jpg?from=ke.com
20240812,密云,溪翁庄镇,101121680716,彼岸香醍类独栋别墅集中供暖房主自荐,580万,24769元/平,底层 (共2层) | 2013年 | 6室2厅 | 234.17平米 | 东 南 西 北,https://ke-image.ljcdn.com/110000-inspection/pc1_OvGFIbQe1.jpg!m_fill,w_280,h_210,f_jpg?from=ke.com
20240812,密云,溪翁庄镇,101121577087,首创澜茵山三期 有电梯 小三居 小区环境好,155万,16038元/平,高楼层 (共15层) | 2014年 | 3室1厅 | 96.65平米 | 南 北,https://ke-image.ljcdn.com/110000-inspection/pc1_NIb16Jq0l.jpg!m_fill,w_280,h_210,f_jpg?from=ke.com
20240812,密云,溪翁庄镇,101121554607,君山高尔夫别墅 全明格局 带装修,690万,20986元/平,底层 (共2层) | 2013年 | 4室2厅 | 328.8平米 | 南 北,https://ke-image.ljcdn.com/110000-inspection/pc1_jZGcU2NJy_1.jpg!m_fill,w_280,h_210,f_jpg?from=ke.com
20240812,密云,溪翁庄镇,101121549141,首创澜茵山联排边户    业主诚意出售,445万,35256元/平,底层 (共4层) 4室3厅 | 126.22平米 | 南 西 北,https://ke-image.ljcdn.com/110000-inspection/pc1_0lv8xz7cv_1.jpg!m_fill,w_280,h_210,f_jpg?from=ke.com
20240812,密云,溪翁庄镇,101121477216,阳光城君山墅 独栋别墅 精装修 小区环境好,780万,18684元/平,底层 (共2层) | 2009年 | 5室2厅 | 417.47平米 | 南 北,https://ke-image.ljcdn.com/110000-inspection/pc1_3RARyBRjm_1.jpg!m_fill,w_280,h_210,f_jpg?from=ke.com
20240812,密云,溪翁庄镇,101121476484,首创澜茵山三期 大四居 有电梯 小区环境好,210万,17067元/平,中楼层 (共15层) 4室2厅 | 123.05平米 | 南 北,https://ke-image.ljcdn.com/110000-inspection/pc1_tc9unE2S5.jpg!m_fill,w_280,h_210,f_jpg?from=ke.com
20240812,密云,溪翁庄镇,101121402500,万科云溪 3室1厅 南 北,400万,19859元/平,中楼层 (共5层) | 2017年 | 3室1厅 | 201.43平米 | 南 北,https://ke-image.ljcdn.com/110000-inspection/pc1_A1TxF5Uit.jpg!m_fill,w_280,h_210,f_jpg?from=ke.com
20240812,密云,溪翁庄镇,101121353418,此房南北通透格局好楼层位置不错采光效果好。,160万,21599元/平,低楼层 (共9层) 2室1厅 | 74.08平米 | 南 北,https://ke-image.ljcdn.com/110000-inspection/pc1_d1mczQBNw_1.jpg!m_fill,w_280,h_210,f_jpg?from=ke.com
20240812,密云,溪翁庄镇,101121343751,彼岸香醍 独栋别墅 小区环境好 配套齐全,860万,23108元/平,底层 (共2层) 4室2厅 | 372.18平米 | 南 北,https://ke-image.ljcdn.com/110000-inspection/pc1_2lC2AbCjf.jpg!m_fill,w_280,h_210,f_jpg?from=ke.com
20240812,密云,溪翁庄镇,101121329463,观唐云鼎独栋别墅有500平米花园,1300万,23753元/平,地下室 (共2层) | 2011年 | 7室4厅 | 547.3平米 | 东 南 西 北,https://ke-image.ljcdn.com/110000-inspection/pc1_TZmucq1Fv_1.jpg!m_fill,w_280,h_210,f_jpg?from=ke.com
20240812,密云,溪翁庄镇,101121256306,独栋别墅 视野开阔采光充足 看房方便,850万,23318元/平,底层 (共2层) | 2014年 | 4室2厅 | 364.53平米 | 南 北,https://ke-image.ljcdn.com/110000-inspection/pc1_p4yaOgAcA.jpg!m_fill,w_280,h_210,f_jpg?from=ke.com
20240812,密云,溪翁庄镇,101121240379,弗农小镇合院别墅精装修西南边户小。,650万,32995元/平,底层 (共3层) 3室2厅 | 197平米 | 南 北,https://ke-image.ljcdn.com/110000-inspection/pc1_syF0VXbCx.jpg!m_fill,w_280,h_210,f_jpg?from=ke.com
20240812,密云,溪翁庄镇,101121219915,万科云溪   花园洋房 精装修大平层,275万,18419元/平,低楼层 (共10层) 3室1厅 | 149.31平米 | 南 西 北,https://ke-image.ljcdn.com/110000-inspection/pc1_XGM5PO1gf.jpg!m_fill,w_280,h_210,f_jpg?from=ke.com
20240812,密云,溪翁庄镇,101121206485,房子南北通透采光好环境优美白河旁边,165万,19497元/平,中楼层 (共8层) | 2022年 | 2室2厅 | 84.63平米 | 南 北,https://ke-image.ljcdn.com/110000-inspection/pc1_H2SDZQuyC.jpg!m_fill,w_280,h_210,f_jpg?from=ke.com
20240812,密云,溪翁庄镇,101121202882,北京机床研究所家属楼精装修业主诚意出售看房方便,110万,17472元/平,底层 (共5层) 2室1厅 | 62.96平米 | 南 北,https://ke-image.ljcdn.com/110000-inspection/pc1_cyIXT941R.jpg!m_fill,w_280,h_210,f_jpg?from=ke.com
20240812,密云,溪翁庄镇,101121129751,弗农小镇 精装 南北通透 合院出售,620万,30196元/平,底层 (共3层) 4室3厅 | 205.33平米 | 南 北,https://ke-image.ljcdn.com/110000-inspection/pc1_YWR5Yt0nT_1.jpg!m_fill,w_280,h_210,f_jpg?from=ke.com
20240812,密云,溪翁庄镇,101121104988,弗农小镇  边户 小合院  无遮挡,460万,29382元/平,底层 (共3层) 4室3厅 | 156.56平米 | 南 北,https://ke-image.ljcdn.com/110000-inspection/pc1_P7EvVLIP4.jpg!m_fill,w_280,h_210,f_jpg?from=ke.com
20240812,密云,溪翁庄镇,101120929252,万科云溪 独栋别墅 精装修 万科开发,2600万,56897元/平,底层 (共2层) 4室3厅 | 456.97平米 | 南 北,https://ke-image.ljcdn.com/110000-inspection/pc1_ot8JskxF4_1.jpg!m_fill,w_280,h_210,f_jpg?from=ke.com
20240812,密云,溪翁庄镇,101120840959,南北通透  低楼层  采光视野好  前无遮挡,108万,10944元/平,底层 (共5层) 3室1厅 | 98.69平米 | 南 北,https://ke-image.ljcdn.com/110000-inspection/pc1_8CPCCOqBw.jpg!m_fill,w_280,h_210,f_jpg?from=ke.com
20240812,密云,溪翁庄镇,101120831938,3.1米层高南北通透全明户型高档装修视野景观好房主自荐,238万,19913元/平,顶层 (共10层) 3室2厅 | 119.52平米 | 南 北,https://ke-image.ljcdn.com/110000-inspection/pc1_Yrlaz7Sdn_1.jpg!m_fill,w_280,h_210,f_jpg?from=ke.com
20240812,密云,溪翁庄镇,101120823884,弗农小镇 大合院 采光视野好 环境好,890万,35588元/平,底层 (共3层) 4室2厅 | 250.09平米 | 南 北,https://ke-image.ljcdn.com/110000-inspection/pc1_yHlrqdSuT_1.jpg!m_fill,w_280,h_210,f_jpg?from=ke.com
20240812,密云,溪翁庄镇,101120682927,万科云溪独栋别墅精装修环境优美,830万,28272元/平,底层 (共2层) | 2017年 | 7室1厅 | 293.58平米 | 南 北,https://ke-image.ljcdn.com/110000-inspection/pc1_Q6e4hjaYB_1.jpg!m_fill,w_280,h_210,f_jpg?from=ke.com
20240812,密云,溪翁庄镇,101120679608,产权清晰 看房方便 有钥匙 随时签约,95万,10024元/平,中楼层 (共5层) 3室2厅 | 94.78平米 | 南 北,https://ke-image.ljcdn.com/110000-inspection/pc1_TMcgLE19k_1.jpg!m_fill,w_280,h_210,f_jpg?from=ke.com
20240812,密云,溪翁庄镇,101120671498,远大美域 5室3厅 南 北,598万,24395元/平,底层 (共3层) 5室3厅 | 245.14平米 | 南 北,https://ke-image.ljcdn.com/110000-inspection/pc1_51O0cHuGX.jpg!m_fill,w_280,h_210,f_jpg?from=ke.com
20240812,密云,溪翁庄镇,101120590547,彼岸香醍类独栋 精装可拎包入住 满五唯一 价格可谈房主自荐,549万,26767元/平,底层 (共2层) | 2012年 | 6室3厅 | 205.11平米 | 南 北,https://ke-image.ljcdn.com/110000-inspection/pc1_BNBE4MOzc_1.jpg!m_fill,w_280,h_210,f_jpg?from=ke.com
20240812,密云,溪翁庄镇,101120512613,墅精装修   看房方便  独栋别墅   环境优美,699万,21298元/平,底层 (共2层) | 2017年 | 3室2厅 | 328.21平米 | 南 北,https://ke-image.ljcdn.com/110000-inspection/pc1_SCBWLqPTZ_1.jpg!m_fill,w_280,h_210,f_jpg?from=ke.com
20240812,密云,溪翁庄镇,101120508039,弗农小镇边户合院精装修带私家电梯,480万,24347元/平,底层 (共3层) 4室1厅 | 197.15平米 | 南 北,https://ke-image.ljcdn.com/110000-inspection/pc1_3NmlAI5uZ_1.jpg!m_fill,w_280,h_210,f_jpg?from=ke.com
20240812,密云,溪翁庄镇,101120498947,弗农小镇 万科物业 有私家电梯 精装修,550万,27970元/平,底层 (共3层) | 2017年 | 4室2厅 | 196.64平米 | 南 北,https://ke-image.ljcdn.com/110000-inspection/pc1_ecSzXYDuX.jpg!m_fill,w_280,h_210,f_jpg?from=ke.com
20240812,密云,溪翁庄镇,101120479839,此房南北通透无遮挡采光好通风好,95万,10522元/平,顶层 (共6层) | 2013年 | 3室1厅 | 90.29平米 | 南 北,https://ke-image.ljcdn.com/110000-inspection/pc1_FrEpeDZdm_1.jpg!m_fill,w_280,h_210,f_jpg?from=ke.com
20240812,密云,溪翁庄镇,101120407434,万科云溪   采光好      密云,630万,21353元/平,底层 (共2层) 4室2厅 | 295.05平米 | 南 北,https://ke-image.ljcdn.com/110000-inspection/pc1_sbQrdcywc.jpg!m_fill,w_280,h_210,f_jpg?from=ke.com
20240812,密云,溪翁庄镇,101120357199,此房位置好视野佳可观山景高楼层南北通透。,235万,24046元/平,顶层 (共9层) 3室1厅 | 97.73平米 | 南 北,https://ke-image.ljcdn.com/110000-inspection/pc1_wgwjoadm1.jpg!m_fill,w_280,h_210,f_jpg?from=ke.com
20240812,密云,溪翁庄镇,101120353693,万科云溪 3室1厅 南 北,435万,21200元/平,中楼层 (共5层) | 2018年 | 3室1厅 | 205.19平米 | 南 北,https://ke-image.ljcdn.com/110000-inspection/pc1_gnznNwXkH_1.jpg!m_fill,w_280,h_210,f_jpg?from=ke.com
20240812,密云,溪翁庄镇,101120341328,东智东路18号院首创澜茵山三期,265万,20038元/平,中楼层 (共6层) | 2014年 | 4室1厅 | 132.25平米 | 南 北,https://ke-image.ljcdn.com/110000-inspection/pc1_0GETQLquM_1.jpg!m_fill,w_280,h_210,f_jpg?from=ke.com
20240812,密云,溪翁庄镇,101120309908,首创澜茵山三期  精装修  采光好 南北通透 电梯高层,190万,15436元/平,高楼层 (共15层) 4室2厅 | 123.09平米 | 南 北,https://ke-image.ljcdn.com/110000-inspection/pc1_RPJ4coNJv.jpg!m_fill,w_280,h_210,f_jpg?from=ke.com
20240812,密云,溪翁庄镇,101120309726,阳光城君山墅  独栋户型 精装修 地上3层,900万,28830元/平,底层 (共2层) | 2011年 | 5室3厅 | 312.18平米 | 东 西,https://ke-image.ljcdn.com/110000-inspection/pc1_tkcH5bBRM.jpg!m_fill,w_280,h_210,f_jpg?from=ke.com
20240812,密云,溪翁庄镇,101120288876,首创澜茵山二期 电梯洋房 精装修 视野好采光佳房主自荐,198万,20628元/平,高楼层 (共6层) 3室1厅 | 95.99平米 | 南 北,https://ke-image.ljcdn.com/110000-inspection/pc1_6cEXRRnh3.jpg!m_fill,w_280,h_210,f_jpg?from=ke.com
20240812,密云,溪翁庄镇,101120250621,此房马上满五唯一装修以后基本没有住过带电梯,150万,15201元/平,底层 (共9层) | 2014年 | 3室2厅 | 98.68平米 | 西 北,https://ke-image.ljcdn.com/110000-inspection/pc1_M8IoUgroK.jpg!m_fill,w_280,h_210,f_jpg?from=ke.com
20240812,密云,溪翁庄镇,101120250232,万科云溪   精装修3居室  南北通透,185万,16498元/平,低楼层 (共10层) | 2017年 | 3室1厅 | 112.14平米 | 南 北,https://ke-image.ljcdn.com/110000-inspection/pc1_p4IJkleG9.jpg!m_fill,w_280,h_210,f_jpg?from=ke.com
20240812,密云,溪翁庄镇,101120246684,观唐云鼎中式独栋户型设计方正 视野开阔 居住舒适,1680万,31033元/平,底层 (共3层) 5室3厅 | 541.37平米 | 南 北,https://ke-image.ljcdn.com/110000-inspection/pc1_GR8j6ZAz7_1.jpg!m_fill,w_280,h_210,f_jpg?from=ke.com
20240812,密云,溪翁庄镇,101120222194,阳光城君山墅精装修采光好环境棒环水系,1700万,30940元/平,底层 (共2层) 6室3厅 | 549.46平米 | 南 北,https://ke-image.ljcdn.com/110000-inspection/pc1_xlxQtOvI2.jpg!m_fill,w_280,h_210,f_jpg?from=ke.com
20240812,密云,溪翁庄镇,101120132595,弗农小镇精装修可拎包入住小区环境好,256万,26192元/平,顶层 (共9层) | 2020年 | 3室1厅 | 97.74平米 | 南,https://ke-image.ljcdn.com/110000-inspection/pc1_O2U6seeaN_1.jpg!m_fill,w_280,h_210,f_jpg?from=ke.com
20240812,密云,溪翁庄镇,101119987729,万科云溪 环境优美 精装修 户型好房主自荐,540万,26936元/平,中楼层 (共5层) | 2017年 | 3室2厅 | 200.48平米 | 南 北,https://ke-image.ljcdn.com/110000-inspection/pc1_fbbleeGkQ_1.jpg!m_fill,w_280,h_210,f_jpg?from=ke.com
20240812,密云,溪翁庄镇,101119925168,彼岸香醍独栋别墅区共三层。后面有空地可种菜,620万,17213元/平,底层 (共2层) 4室2厅 | 360.21平米 | 南 北,https://ke-image.ljcdn.com/110000-inspection/pc1_540WmGs1Q_1.jpg!m_fill,w_280,h_210,f_jpg?from=ke.com
20240812,密云,溪翁庄镇,101119857499,万科云溪独栋别墅精装修环境优美,750万,25805元/平,底层 (共2层) 3室1厅 | 290.65平米 | 南 北,https://ke-image.ljcdn.com/110000-inspection/pc1_3j1RGfIjA_1.jpg!m_fill,w_280,h_210,f_jpg?from=ke.com
20240812,密云,溪翁庄镇,101119853872,阳光城君山墅西区独栋环境优美,650万,19805元/平,底层 (共2层) 5室2厅 | 328.21平米 | 南 北,https://ke-image.ljcdn.com/110000-inspection/pc1_dwFf3sHeb_1.jpg!m_fill,w_280,h_210,f_jpg?from=ke.com
20240812,密云,溪翁庄镇,101119844635,万科云溪中叠别墅采光充足电梯入户房主自荐,410万,22843元/平,中楼层 (共5层) 3室2厅 | 179.49平米 | 南 北,https://ke-image.ljcdn.com/110000-inspection/pc1_MMbyW2WUb.jpg!m_fill,w_280,h_210,f_jpg?from=ke.com
20240812,密云,溪翁庄镇,101119713119,万科云溪    3居室上叠      毛坯,350万,18063元/平,中楼层 (共5层) | 2017年 | 3室2厅 | 193.77平米 | 南 北,https://ke-image.ljcdn.com/110000-inspection/pc1_C7kFeUr6A.jpg!m_fill,w_280,h_210,f_jpg?from=ke.com
20240812,密云,溪翁庄镇,101119676758,彼岸香醍市政集中供暖类独栋地上两层地下一层,478万,23479元/平,底层 (共2层) 4室2厅 | 203.59平米 | 南 北,https://ke-image.ljcdn.com/110000-inspection/pc1_8PjuLicww_1.jpg!m_fill,w_280,h_210,f_jpg?from=ke.com
20240812,密云,溪翁庄镇,101119674261,万科云溪   中叠优质户型   毛坯视野好采光足,318万,17096元/平,中楼层 (共5层) 2室2厅 | 186.01平米 | 南 北,https://ke-image.ljcdn.com/110000-inspection/pc1_oSqdy3boF_1.jpg!m_fill,w_280,h_210,f_jpg?from=ke.com
20240812,密云,溪翁庄镇,101119624122,万科云溪、下叠户型、南花园、户型佳,360万,12306元/平,底层 (共4层) 4室2厅 | 292.55平米 | 南 北,https://ke-image.ljcdn.com/110000-inspection/pc1_CWWxZqNtD.jpg!m_fill,w_280,h_210,f_jpg?from=ke.com
20240812,密云,溪翁庄镇,101119592462,弗农小镇产权清晰小区环境优美,210万,28348元/平,低楼层 (共9层) 2室1厅 | 74.08平米 | 南 北,https://ke-image.ljcdn.com/110000-inspection/pc1_HUoPbdLU6.jpg!m_fill,w_280,h_210,f_jpg?from=ke.com
20240812,密云,溪翁庄镇,101119442931,首创澜茵山二期 联排别墅 带私家电梯,325万,31960元/平,底层 (共4层) 4室2厅 | 101.69平米 | 南 北,https://ke-image.ljcdn.com/110000-inspection/pc1_hHEArjuN1_1.jpg!m_fill,w_280,h_210,f_jpg?from=ke.com
20240812,密云,溪翁庄镇,101119429415,首创澜茵山三期南北通透全明格局交通便利,145万,14614元/平,中楼层 (共7层) | 2014年 | 3室1厅 | 99.22平米 | 南 北,https://ke-image.ljcdn.com/110000-inspection/pc1_iejzr2bg0.jpg!m_fill,w_280,h_210,f_jpg?from=ke.com
20240812,密云,溪翁庄镇,101119426001,阳光城东区 独栋 南花园地上北入户房主自荐,890万,22441元/平,底层 (共2层) 5室2厅 | 396.6平米 | 南 北,https://ke-image.ljcdn.com/110000-inspection/pc1_FmzzuB202.jpg!m_fill,w_280,h_210,f_jpg?from=ke.com
20240812,密云,溪翁庄镇,101119342512,弗农小镇   精装修 南北通透 视野宽阔,320万,43191元/平,底层 (共9层) 3室2厅 | 74.09平米 | 南 北,https://ke-image.ljcdn.com/110000-inspection/pc1_83PA5f0bZ.jpg!m_fill,w_280,h_210,f_jpg?from=ke.com
20240812,密云,溪翁庄镇,101119326660,阳光城君山墅精装修带电梯业主诚意出售,1550万,46690元/平,底层 (共2层) 4室3厅 | 331.98平米 | 南 北,https://ke-image.ljcdn.com/110000-inspection/pc1_s4ErkeuwA_1.jpg!m_fill,w_280,h_210,f_jpg?from=ke.com
20240812,密云,溪翁庄镇,101119324144,阳光城独栋 南花园地上北入户 看房方便,750万,17974元/平,底层 (共2层) 4室2厅 | 417.28平米 | 南 北,https://ke-image.ljcdn.com/110000-inspection/pc1_ktNdhbBBL_1.jpg!m_fill,w_280,h_210,f_jpg?from=ke.com
20240812,密云,溪翁庄镇,101119251630,阳光城君山墅东区边户大户型好环境优美,1980万,30960元/平,底层 (共2层) | 2011年 | 7室3厅 | 639.54平米 | 南 西 北 东,https://ke-image.ljcdn.com/110000-inspection/pc1_OgwthYo8z_1.jpg!m_fill,w_280,h_210,f_jpg?from=ke.com
20240812,密云,溪翁庄镇,101119239750,麓秀 密云水库采光好视野好,160万,12640元/平,顶层 (共9层) | 2014年 | 3室2厅 | 126.59平米 | 南 北,https://ke-image.ljcdn.com/110000-inspection/pc1_Zf6BEOiEo.jpg!m_fill,w_280,h_210,f_jpg?from=ke.com
20240812,密云,溪翁庄镇,101119172415,万科云溪小区环境优美居住舒适房子户型合理。,626万,21598元/平,底层 (共5层) 3室2厅 | 289.85平米 | 南 北,https://ke-image.ljcdn.com/110000-inspection/pc1_l13igHn0A.jpg!m_fill,w_280,h_210,f_jpg?from=ke.com
20240812,密云,溪翁庄镇,101119166934,白河边 环境宁静 万科云溪 精装修上叠房主自荐,439万,21873元/平,中楼层 (共5层) 4室2厅 | 200.71平米 | 南 北,https://ke-image.ljcdn.com/110000-inspection/pc1_pKQSAooDP_1.jpg!m_fill,w_280,h_210,f_jpg?from=ke.com
20240812,密云,溪翁庄镇,101119160896,碧水花园  精装修 诚心出售 随时看房,95万,7049元/平,顶层 (共6层) 3室2厅 | 134.78平米 | 南 北,https://ke-image.ljcdn.com/110000-inspection/pc1_szFDNnKs0.jpg!m_fill,w_280,h_210,f_jpg?from=ke.com
20240812,密云,溪翁庄镇,101119110571,万科云溪 南北通透 独立三居室 精装修,499万,17212元/平,底层 (共4层) 4室2厅 | 289.92平米 | 南 北,https://ke-image.ljcdn.com/110000-inspection/pc1_o17Jt91Ko_1.jpg!m_fill,w_280,h_210,f_jpg?from=ke.com
20240812,密云,溪翁庄镇,101119110087,阳光城君山墅 东区 环境优美 居住舒适,1150万,24428元/平,底层 (共2层) 4室2厅 | 470.79平米 | 南 北,https://ke-image.ljcdn.com/110000-inspection/pc1_a93kmHMS8_1.jpg!m_fill,w_280,h_210,f_jpg?from=ke.com
20240812,密云,溪翁庄镇,101119071680,阳光城 高档社区 高品质  独栋性质好的,599万,19174元/平,底层 (共2层) | 2011年 | 4室2厅 | 312.41平米 | 南 北,https://ke-image.ljcdn.com/110000-inspection/pc1_auL9wcAt3.jpg!m_fill,w_280,h_210,f_jpg?from=ke.com
20240812,密云,溪翁庄镇,101119045049,密云 君山高尔夫别墅 全明格局,745万,20333元/平,底层 (共2层) | 2013年 | 5室3厅 | 366.4平米 | 南 北,https://ke-image.ljcdn.com/110000-inspection/pc1_ldF2Zp5w4_1.jpg!m_fill,w_280,h_210,f_jpg?from=ke.com
20240812,密云,溪翁庄镇,101119004234,本房密云独栋别墅 边户 全明格局 带装修三层房主自荐,1250万,34242元/平,底层 (共2层) 5室2厅 | 365.05平米 | 南 北,https://ke-image.ljcdn.com/110000-inspection/pc1_fk0ZxDICu_1.jpg!m_fill,w_280,h_210,f_jpg?from=ke.com
20240812,密云,溪翁庄镇,101118956834,首创澜茵山二期联排别墅位置好视野宽阔,410万,40319元/平,底层 (共4层) | 2017年 | 4室2厅 | 101.69平米 | 南 北,https://ke-image.ljcdn.com/110000-inspection/pc1_bx50oa3El_1.jpg!m_fill,w_280,h_210,f_jpg?from=ke.com
20240812,密云,溪翁庄镇,101118866644,云溪花园小区    密云区 采光好,445万,22634元/平,底层 (共3层) 4室3厅 | 196.61平米 | 南 北,https://ke-image.ljcdn.com/110000-inspection/pc1_BC6KYArGz.jpg!m_fill,w_280,h_210,f_jpg?from=ke.com
20240812,密云,溪翁庄镇,101118822346,彼岸香醍    密云区  采光好 带小花园,500万,24572元/平,底层 (共2层) | 2016年 | 4室2厅 | 203.49平米 | 南 北,https://ke-image.ljcdn.com/110000-inspection/pc1_sMi9LlEqR.jpg!m_fill,w_280,h_210,f_jpg?from=ke.com
20240812,密云,溪翁庄镇,101118770151,首创澜茵山三期 环境优美 人车分流 房间采光充足,189万,19946元/平,中楼层 (共11层) | 2014年 | 3室1厅 | 94.76平米 | 南 北,https://ke-image.ljcdn.com/110000-inspection/pc1_78dWfNWnj_1.jpg!m_fill,w_280,h_210,f_jpg?from=ke.com
20240812,密云,溪翁庄镇,101118709336,彼岸香醍 类独栋 边户 集中供暖,785万,25210元/平,底层 (共3层) 8室2厅 | 311.39平米 | 东 南 西 北,https://ke-image.ljcdn.com/110000-inspection/pc1_qdvoF2MyB_1.jpg!m_fill,w_280,h_210,f_jpg?from=ke.com
20240812,密云,溪翁庄镇,101118697131,弗农小镇、别墅区的洋房、业主重新装修了、视野棒,390万,39906元/平,高楼层 (共9层) | 2020年 | 3室1厅 | 97.73平米 | 南 北,https://ke-image.ljcdn.com/110000-inspection/pc1_qdBGzqWl0_1.jpg!m_fill,w_280,h_210,f_jpg?from=ke.com
20240812,密云,溪翁庄镇,101118681402,首创澜茵山二期南北通透前后无遮挡视野开阔。,380万,43236元/平,中楼层 (共5层) 3室2厅 | 87.89平米 | 南 北,https://ke-image.ljcdn.com/110000-inspection/pc1_44GBfLt9P_1.jpg!m_fill,w_280,h_210,f_jpg?from=ke.com
20240812,密云,溪翁庄镇,101118657745,南北通透叠拼别墅  满五唯一  客厅大面宽,550万,17499元/平,底层 (共4层) | 2017年 | 5室2厅 | 314.32平米 | 南 北,https://ke-image.ljcdn.com/110000-inspection/pc1_EhSDcaDmo_1.jpg!m_fill,w_280,h_210,f_jpg?from=ke.com
20240812,密云,溪翁庄镇,101118655358,万科云溪    下叠   精装修      独立入户,418万,14123元/平,底层 (共5层) 4室2厅 | 295.98平米 | 南 北,https://ke-image.ljcdn.com/110000-inspection/pc1_i9iLFJ2Rd.jpg!m_fill,w_280,h_210,f_jpg?from=ke.com
20240812,密云,溪翁庄镇,101118619486,观唐云鼎 四室两厅三卫 小区中间位置 南北通透,490万,28692元/平,底层 (共5层) 4室2厅 | 170.78平米 | 南 北,https://ke-image.ljcdn.com/110000-inspection/pc1_kRM6rhCcW.jpg!m_fill,w_280,h_210,f_jpg?from=ke.com
20240812,密云,溪翁庄镇,101118598433,本房独栋别墅 东五区 全明格局 带装修三层,900万,22582元/平,底层 (共2层) 5室3厅 | 398.56平米 | 南 北,https://ke-image.ljcdn.com/110000-inspection/pc1_K7Pn7nqvD_1.jpg!m_fill,w_280,h_210,f_jpg?from=ke.com
20240812,密云,溪翁庄镇,101118595772,京溪小区 新楼精装修采光充足楼层好视野宽阔,150万,9992元/平,顶层 (共6层) 4室2厅 | 150.13平米 | 南 北,https://ke-image.ljcdn.com/110000-inspection/pc1_NRoklXKWP_1.jpg!m_fill,w_280,h_210,f_jpg?from=ke.com
20240812,密云,溪翁庄镇,101118579828,观唐云鼎精装修视野宽阔楼层好南北通透格局,503万,27355元/平,底层 (共2层) 4室3厅 | 183.88平米 | 南 北,https://ke-image.ljcdn.com/110000-inspection/pc1_KSJPOfBAD_1.jpg!m_fill,w_280,h_210,f_jpg?from=ke.com
20240812,密云,溪翁庄镇,101118545791,本房独栋别墅 西区边户 全明格局 带装修三层房主自荐,1050万,28433元/平,底层 (共2层) | 2017年 | 5室4厅 | 369.29平米 | 南 北,https://ke-image.ljcdn.com/110000-inspection/pc1_lDMLP1Y3n.jpg!m_fill,w_280,h_210,f_jpg?from=ke.com
20240812,密云,溪翁庄镇,101118531641,此房南北通透格局好。精装修品质高。,480万,25994元/平,中楼层 (共5层) 3室2厅 | 184.66平米 | 南 北,https://ke-image.ljcdn.com/110000-inspection/pc1_XyD628kPb_1.jpg!m_fill,w_280,h_210,f_jpg?from=ke.com
20240812,密云,溪翁庄镇,101118511431,观唐云鼎小区    精装修   叠拼,550万,29808元/平,底层 (共5层) | 2020年 | 3室1厅 | 184.52平米 | 南 北,https://ke-image.ljcdn.com/110000-inspection/pc1_ZZPwEzqWi_1.jpg!m_fill,w_280,h_210,f_jpg?from=ke.com
20240812,密云,溪翁庄镇,101118507097,万科云溪 3室1厅 南 北,300万,14913元/平,中楼层 (共5层) 3室1厅 | 201.18平米 | 南 北,https://ke-image.ljcdn.com/110000-inspection/pc1_hkTaN3jhV_1.jpg!m_fill,w_280,h_210,f_jpg?from=ke.com
20240812,密云,溪翁庄镇,101118498296,密云麓秀 独立三室 双卫 精装修 70年产权 电梯房,180万,14197元/平,低楼层 (共9层) | 2014年 | 3室1厅 | 126.79平米 | 南 北,https://ke-image.ljcdn.com/110000-inspection/pc1_dj2307DLB_1.jpg!m_fill,w_280,h_210,f_jpg?from=ke.com
20240812,密云,溪翁庄镇,101118470135,万科云溪   上叠别墅     视野好  采光足 诚意出售,366万,18446元/平,中楼层 (共5层) 3室2厅 | 198.42平米 | 南 北,https://ke-image.ljcdn.com/110000-inspection/pc1_2nLT7K8QZ_1.jpg!m_fill,w_280,h_210,f_jpg?from=ke.com
20240812,密云,溪翁庄镇,101118462555,阳光城君山墅 独栋别墅 看房方便南入户房主自荐,850万,25851元/平,底层 (共2层) | 2016年 | 4室2厅 | 328.81平米 | 南 北,https://ke-image.ljcdn.com/110000-inspection/pc1_8eXBnYXMz_1.jpg!m_fill,w_280,h_210,f_jpg?from=ke.com
20240812,密云,溪翁庄镇,101118459067,万科云溪 3室2厅 南 北,390万,13617元/平,底层 (共5层) 3室2厅 | 286.42平米 | 南 北,https://ke-image.ljcdn.com/110000-inspection/pc1_JBkWeFWAG.jpg!m_fill,w_280,h_210,f_jpg?from=ke.com
20240812,密云,溪翁庄镇,101118446973,阳光城君山墅 独栋别墅 全明格局 毛坯房,980万,23856元/平,底层 (共2层) 5室3厅 | 410.81平米 | 北 南,https://ke-image.ljcdn.com/110000-inspection/pc1_AYmHIWY2C_1.jpg!m_fill,w_280,h_210,f_jpg?from=ke.com
20240812,密云,溪翁庄镇,101118364641,弗农小镇精装修一次没住过中合院带内置电梯可拎包入住,768万,39071元/平,底层 (共3层) 4室2厅 | 196.57平米 | 南 北,https://ke-image.ljcdn.com/110000-inspection/pc1_8fxYmFTCc.jpg!m_fill,w_280,h_210,f_jpg?from=ke.com
20240812,密云,溪翁庄镇,101118277603,万科弗农小镇、法式建筑风格不一样的居住体验,195万,26352元/平,中楼层 (共9层) | 2020年 | 2室1厅 | 74平米 | 南 北,https://ke-image.ljcdn.com/110000-inspection/pc1_e5QTVhq3d.jpg!m_fill,w_280,h_210,f_jpg?from=ke.com
20240812,密云,溪翁庄镇,101118235291,阳光城君山墅 独栋别墅 小区环境优美,910万,25323元/平,底层 (共2层) 5室3厅 | 359.37平米 | 南 北,https://ke-image.ljcdn.com/110000-inspection/pc1_LfiWg7u4L_1.jpg!m_fill,w_280,h_210,f_jpg?from=ke.com
20240812,密云,溪翁庄镇,101118171798,京溪小区 中间楼层 南北通透 满五唯一,108万,10219元/平,中楼层 (共6层) 2室2厅 | 105.69平米 | 南 北,https://ke-image.ljcdn.com/110000-inspection/pc1_A5GlYM82x.jpg!m_fill,w_280,h_210,f_jpg?from=ke.com
20240812,密云,溪翁庄镇,101118147015,麓秀佳园 一层清新两居 天然氧吧老少皆宜,136万,14694元/平,底层 (共6层) | 2006年 | 2室2厅 | 92.56平米 | 南 北,https://ke-image.ljcdn.com/110000-inspection/pc1_X9xwW8KoT.jpg!m_fill,w_280,h_210,f_jpg?from=ke.com
20240812,密云,溪翁庄镇,101118091163,首创澜茵山二期 下叠户型 有电梯 小区环境好,480万,59384元/平,底层 (共4层) 5室2厅 | 80.83平米 | 南 北,https://ke-image.ljcdn.com/110000-inspection/pc1_mj1xoVScn_1.jpg!m_fill,w_280,h_210,f_jpg?from=ke.com
20240812,密云,溪翁庄镇,101118063877,阳光城君山墅 仅地上2层 精装修 间距大不遮挡,1200万,29151元/平,底层 (共2层) | 2007年 | 7室2厅 | 411.65平米 | 东 南 西 北,https://ke-image.ljcdn.com/110000-inspection/pc1_QrnqlTLDc.jpg!m_fill,w_280,h_210,f_jpg?from=ke.com
20240812,密云,溪翁庄镇,101117941868,别墅独栋  环境优美 三山环绕 两水环抱,800万,21663元/平,底层 (共2层) 3室2厅 | 369.3平米 | 南 北,https://ke-image.ljcdn.com/110000-inspection/pc1_IM97TDlWh_1.jpg!m_fill,w_280,h_210,f_jpg?from=ke.com
20240812,密云,溪翁庄镇,101117917146,万科云溪 4室3厅 南 北,820万,28585元/平,底层 (共2层) 4室3厅 | 286.87平米 | 南 北,https://ke-image.ljcdn.com/110000-inspection/pc1_wUpKKytbg.jpg!m_fill,w_280,h_210,f_jpg?from=ke.com
20240812,密云,溪翁庄镇,101117911786,万科云溪 平层  独立3居 南北通透 精装修,193万,16939元/平,低楼层 (共10层) 3室2厅 | 113.94平米 | 南 北,https://ke-image.ljcdn.com/110000-inspection/pc1_4gEDTuHZR.jpg!m_fill,w_280,h_210,f_jpg?from=ke.com
20240812,密云,溪翁庄镇,101117906543,独栋别墅全明格局精装修拎包入住大花园,1150万,28939元/平,底层 (共2层) 4室3厅 | 397.39平米 | 南 北,https://ke-image.ljcdn.com/110000-inspection/pc1_6x3Key8Aq_1.jpg!m_fill,w_280,h_210,f_jpg?from=ke.com
20240812,密云,溪翁庄镇,101117887815,密云区水库方向万科云溪环境优美,330万,19317元/平,中楼层 (共4层) 3室2厅 | 170.84平米 | 南 北,https://ke-image.ljcdn.com/110000-inspection/pc1_mdPSJ2G5H_1.jpg!m_fill,w_280,h_210,f_jpg?from=ke.com
20240812,密云,溪翁庄镇,101117876790,北京机床研究所家属楼视野宽阔依山而建,70万,11779元/平,顶层 (共3层) 2室1厅 | 59.43平米 | 南 北,https://ke-image.ljcdn.com/110000-inspection/pc1_GSmTwpYl6.jpg!m_fill,w_280,h_210,f_jpg?from=ke.com
20240812,密云,溪翁庄镇,101117860307,京溪小区 商品房南北通透格局视野开阔采光充足.,89万,8645元/平,低楼层 (共6层) | 2017年 | 3室2厅 | 102.95平米 | 南 北,https://ke-image.ljcdn.com/110000-inspection/pc1_h6nVh85Mx_1.jpg!m_fill,w_280,h_210,f_jpg?from=ke.com
20240812,密云,溪翁庄镇,101117788705,观唐云鼎小区 中式独栋 精装修房主自荐,920万,27098元/平,地下室 (共2层) | 2012年 | 6室3厅 | 339.51平米 | 南 北,https://ke-image.ljcdn.com/110000-inspection/c288f9de-a0c3-4fb2-9d50-a47f2389da3b_1000.jpg!m_fill,w_280,h_210,f_jpg?from=ke.com
20240812,密云,溪翁庄镇,101117769103,溪水花园一区楼层好视野宽阔,110万,12185元/平,顶层 (共7层) | 2013年 | 2室1厅 | 90.28平米 | 南 北,https://ke-image.ljcdn.com/110000-inspection/pc1_6za4ZEow6_1.jpg!m_fill,w_280,h_210,f_jpg?from=ke.com
20240812,密云,溪翁庄镇,101117555735,阳光城君山墅水边户独栋别墅水边花园200平,880万,24107元/平,底层 (共2层) 4室2厅 | 365.05平米 | 东 南 西 北,https://ke-image.ljcdn.com/110000-inspection/pc1_ERwNGXbPZ.jpg!m_fill,w_280,h_210,f_jpg?from=ke.com
20240812,密云,溪翁庄镇,101117529806,首创澜茵山三期南北通透三居室视野好,189万,19115元/平,高楼层 (共7层) | 2014年 | 3室1厅 | 98.88平米 | 南 北,https://ke-image.ljcdn.com/110000-inspection/pc1_71OgDHQNp_1.jpg!m_fill,w_280,h_210,f_jpg?from=ke.com
20240812,密云,溪翁庄镇,101117528958,阳光城君山墅近白河环境好精装修满五唯一,1300万,27614元/平,底层 (共2层) 4室2厅 | 470.79平米 | 南 北,https://ke-image.ljcdn.com/110000-inspection/pc1_3Z31gTd7T.jpg!m_fill,w_280,h_210,f_jpg?from=ke.com
20240812,密云,溪翁庄镇,101117280116,远大美域、精装修、加装电梯、临近山脚,518万,21131元/平,底层 (共3层) 3室3厅 | 245.14平米 | 南 北,https://ke-image.ljcdn.com/110000-inspection/pc1_uUdxB2p8t_1.jpg!m_fill,w_280,h_210,f_jpg?from=ke.com
20240812,密云,溪翁庄镇,101117059750,阳光城君山墅 独栋别墅 精装修 全明格局 房本满五年,950万,28965元/平,底层 (共2层) | 2011年 | 5室2厅 | 327.99平米 | 南 北,https://ke-image.ljcdn.com/110000-inspection/pc1_RXzVRKGkV_1.jpg!m_fill,w_280,h_210,f_jpg?from=ke.com
20240812,密云,溪翁庄镇,101117027685,京溪小区  舒适宜居  配套齐全,103.6万,7566元/平,高楼层 (共6层) | 2008年 | 3室2厅 | 136.94平米 | 南 北,https://ke-image.ljcdn.com/110000-inspection/pc1_vxWk0rIMw_1.jpg!m_fill,w_280,h_210,f_jpg?from=ke.com
20240812,密云,溪翁庄镇,101116944515,阳光城君山墅 北入户南地上 我了解此房看房方便,570万,18213元/平,底层 (共2层) | 2016年 | 3室2厅 | 312.98平米 | 南 北,https://ke-image.ljcdn.com/110000-inspection/pc1_glK4jo7zH.jpg!m_fill,w_280,h_210,f_jpg?from=ke.com
20240812,密云,溪翁庄镇,101116911150,彼岸香醍集中供暖别墅区地上两层地下一层,520万,26109元/平,底层 (共2层) | 2013年 | 5室2厅 | 199.17平米 | 南 北,https://ke-image.ljcdn.com/110000-inspection/pc1_VjT1NgkoT_1.jpg!m_fill,w_280,h_210,f_jpg?from=ke.com
20240812,密云,溪翁庄镇,101116904244,万科云溪   南北通透  精装修 边户中叠,350万,18233元/平,中楼层 (共5层) 3室2厅 | 191.97平米 | 南 北,https://ke-image.ljcdn.com/110000-inspection/pc1_UOjQIxeEs_1.jpg!m_fill,w_280,h_210,f_jpg?from=ke.com
20240812,密云,溪翁庄镇,101116891203,弗农小镇合院小别墅四面环山,600万,30552元/平,底层 (共3层) 5室3厅 | 196.39平米 | 南 北,https://ke-image.ljcdn.com/110000-inspection/pc1_GEJ3f8ZdX.jpg!m_fill,w_280,h_210,f_jpg?from=ke.com
20240812,密云,溪翁庄镇,101116803827,溪水花园八区南北通透精装修格局方正房主自荐,89万,9808元/平,顶层 (共6层) 2室1厅 | 90.75平米 | 南 北,https://ke-image.ljcdn.com/110000-inspection/pc1_UnmIW7vMn_1.jpg!m_fill,w_280,h_210,f_jpg?from=ke.com
20240812,密云,溪翁庄镇,101116803202,观唐云鼎精装修视野宽阔楼层好南北通透格局,597万,34736元/平,底层 (共4层) 3室1厅 | 171.87平米 | 南 北,https://ke-image.ljcdn.com/110000-inspection/pc1_0o7cfzzdz.jpg!m_fill,w_280,h_210,f_jpg?from=ke.com
20240812,密云,溪翁庄镇,101116751196,万科弗农小镇 边户大合院 设计新颖  诚心出售,858万,33197元/平,底层 (共3层) 5室4厅 | 258.46平米 | 南 北,https://ke-image.ljcdn.com/110000-inspection/pc1_7rgQhj6Nc_1.jpg!m_fill,w_280,h_210,f_jpg?from=ke.com
20240812,密云,溪翁庄镇,101116701428,首创澜茵山三期 半山别墅 小区环境好,165万,16391元/平,中楼层 (共15层) | 2014年 | 3室1厅 | 100.67平米 | 南 北,https://ke-image.ljcdn.com/110000-inspection/pc1_yaYsbqUZG.jpg!m_fill,w_280,h_210,f_jpg?from=ke.com
20240812,密云,溪翁庄镇,101116581342,阳光城君山墅 精装 环境优美 独栋别墅,1300万,26470元/平,底层 (共2层) 5室3厅 | 491.14平米 | 南 北,https://ke-image.ljcdn.com/110000-inspection/pc1_F6i0JpcCp_1.jpg!m_fill,w_280,h_210,f_jpg?from=ke.com
20240812,密云,溪翁庄镇,101116576608,万科云溪      好位置   观山景 上叠,468万,24895元/平,中楼层 (共4层) 3室2厅 | 187.99平米 | 南 北,https://ke-image.ljcdn.com/110000-inspection/pc1_Rmi2n04fn_1.jpg!m_fill,w_280,h_210,f_jpg?from=ke.com
20240812,密云,溪翁庄镇,101116557621,小区环境优美 绿化好 户型布局合理  有改造空间,365万,13580元/平,底层 (共5层) 3室2厅 | 268.78平米 | 南 西,https://ke-image.ljcdn.com/110000-inspection/pc1_o8WZbVDaZ.jpg!m_fill,w_280,h_210,f_jpg?from=ke.com
20240812,密云,溪翁庄镇,101116488485,远大美域 双拼别墅 环境好主要以休闲,430万,17541元/平,底层 (共3层) 4室3厅 | 245.14平米 | 南 北,https://ke-image.ljcdn.com/110000-inspection/pc1_3wQKlxW0w.jpg!m_fill,w_280,h_210,f_jpg?from=ke.com
20240812,密云,溪翁庄镇,101116421639,首创澜茵山二期 联排中间户 精装修,430万,42428元/平,底层 (共3层) 4室3厅 | 101.35平米 | 南 北,https://ke-image.ljcdn.com/110000-inspection/pc1_JRc2s6lkI.jpg!m_fill,w_280,h_210,f_jpg?from=ke.com
20240812,密云,溪翁庄镇,101116219617,独栋别墅   精装修   全明格局,780万,24986元/平,底层 (共2层) | 2011年 | 5室2厅 | 312.18平米 | 南 北,https://ke-image.ljcdn.com/110000-inspection/pc1_0Cbz6QzVK_1.jpg!m_fill,w_280,h_210,f_jpg?from=ke.com
20240812,密云,溪翁庄镇,101116156701,独栋别墅 精装修 全明格局 边户型 诚意出售 看房方便,750万,23258元/平,底层 (共1层) | 2013年 | 5室2厅 | 322.47平米 | 南 北,https://ke-image.ljcdn.com/110000-inspection/pc1_6cOiMDOkK_1.jpg!m_fill,w_280,h_210,f_jpg?from=ke.com
20240812,密云,溪翁庄镇,101115698505,阳光城君山墅 装修时主人精心设计  独栋别墅  南入户,940万,29244元/平,底层 (共2层) | 2014年 | 8室3厅 | 321.44平米 | 南 北,https://ke-image.ljcdn.com/110000-inspection/pc1_1PINqCHak_1.jpg!m_fill,w_280,h_210,f_jpg?from=ke.com
20240812,密云,溪翁庄镇,101115037444,阳光城君山墅 大独栋占地面积大 精装修。,1900万,28433元/平,底层 (共2层) | 2010年 | 8室3厅 | 668.26平米 | 北 南,https://ke-image.ljcdn.com/110000-inspection/pc1_ZjQjnWUIB.jpg!m_fill,w_280,h_210,f_jpg?from=ke.com
20240812,密云,溪翁庄镇,101115018081,首创澜茵山三期三居室采光好。,155万,12855元/平,低楼层 (共11层) | 2014年 | 4室1厅 | 120.58平米 | 南 北,https://ke-image.ljcdn.com/110000-inspection/pc1_4bAVQQGxB_1.jpg!m_fill,w_280,h_210,f_jpg?from=ke.com
20240812,密云,溪翁庄镇,101114590376,阳光城君山墅 精装修 拎包入住花园面积约220平密,1040万,26534元/平,底层 (共2层) | 2010年 | 4室1厅 | 391.96平米 | 南 北,https://ke-image.ljcdn.com/110000-inspection/pc1_ISQ4co9P4.jpg!m_fill,w_280,h_210,f_jpg?from=ke.com
20240812,密云,溪翁庄镇,101114405935,观唐南区 独栋别墅 南向花园 精装修 有车库,925万,27312元/平,底层 (共1层) | 2011年 | 4室2厅 | 338.69平米 | 南 北,https://ke-image.ljcdn.com/110000-inspection/pc1_L8HvAZ4zW.jpg!m_fill,w_280,h_210,f_jpg?from=ke.com
20240812,密云,溪翁庄镇,101114342655,万科云溪 电梯叠拼别墅 毛坯 独立3居 采光好,280万,15050元/平,中楼层 (共4层) | 2018年 | 3室2厅 | 186.05平米 | 南 北,https://ke-image.ljcdn.com/110000-inspection/pc1_jMUFpOBNy.jpg!m_fill,w_280,h_210,f_jpg?from=ke.com
20240812,密云,溪翁庄镇,101114322581,万科云溪  环境好  采光好    视野好,415万,22803元/平,中楼层 (共5层) | 2017年 | 3室2厅 | 182平米 | 南 北,https://ke-image.ljcdn.com/110000-inspection/pc1_16dsUxZxA_1.jpg!m_fill,w_280,h_210,f_jpg?from=ke.com
20240812,密云,溪翁庄镇,101114137040,首创澜茵山三期格局南北通透格局好交通便利,238万,18013元/平,中楼层 (共6层) | 2016年 | 3室2厅 | 132.13平米 | 南 北,https://ke-image.ljcdn.com/110000-inspection/pc1_9Xzkrd2iT.jpg!m_fill,w_280,h_210,f_jpg?from=ke.com
20240812,密云,溪翁庄镇,101114092460,观唐云鼎小区 独栋别墅 看房方便,839万,24209元/平,地下室 (共2层) | 2011年 | 4室1厅 | 346.57平米 | 南 北,https://ke-image.ljcdn.com/110000-inspection/pc1_DO5EzfpsH_1.jpg!m_fill,w_280,h_210,f_jpg?from=ke.com
20240812,密云,溪翁庄镇,101114030665,京溪小区  户型方正 南北通透,91万,8856元/平,中楼层 (共5层) | 2016年 | 3室1厅 | 102.76平米 | 南 北,https://ke-image.ljcdn.com/110000-inspection/pc1_hDuEzJw97_1.jpg!m_fill,w_280,h_210,f_jpg?from=ke.com
20240812,密云,溪翁庄镇,101113998343,万科弗农小镇 环境优美人车分流,240万,24555元/平,顶层 (共9层) 3室1厅 | 97.74平米 | 南 北,https://ke-image.ljcdn.com/110000-inspection/pc1_rFhX4jmai_1.jpg!m_fill,w_280,h_210,f_jpg?from=ke.com
20240812,密云,溪翁庄镇,101113945813,远大美域双拼别墅户型南北通透居住适宜房主自荐,360万,14708元/平,底层 (共3层) | 2018年 | 4室2厅 | 244.77平米 | 南 北,https://ke-image.ljcdn.com/110000-inspection/pc1_MJ8cx9vr8_1.jpg!m_fill,w_280,h_210,f_jpg?from=ke.com
20240812,密云,溪翁庄镇,101113942309,远大美域 双拼别墅 价格可以商量,585万,23900元/平,底层 (共3层) | 2018年 | 4室1厅 | 244.77平米 | 南 北,https://ke-image.ljcdn.com/110000-inspection/pc1_Bd7aJsXs5_1.jpg!m_fill,w_280,h_210,f_jpg?from=ke.com
20240812,密云,溪翁庄镇,101113939716,首创澜茵山二期楼层好位置好视野宽阔采光充足,438万,43217元/平,底层 (共3层) | 2017年 | 4室3厅 | 101.35平米 | 南 北,https://ke-image.ljcdn.com/110000-inspection/pc1_VnRs3zjT1_1.jpg!m_fill,w_280,h_210,f_jpg?from=ke.com
20240812,密云,溪翁庄镇,101113930702,万科别墅 把边户型 精装修 居住舒适环境优美 拎包住,680万,33029元/平,底层 (共3层) 4室2厅 | 205.88平米 | 南 北,https://ke-image.ljcdn.com/110000-inspection/pc1_iSGchyIOv_1.jpg!m_fill,w_280,h_210,f_jpg?from=ke.com
20240812,密云,溪翁庄镇,101113930652,南北通透一梯一户采光好 有钥匙诚心出售房主自荐,430万,30878元/平,中楼层 (共4层) 4室2厅 | 139.26平米 | 南 北,https://ke-image.ljcdn.com/110000-inspection/pc1_O6HvclaSp_1.jpg!m_fill,w_280,h_210,f_jpg?from=ke.com
20240812,密云,溪翁庄镇,101113917393,纯别墅区 双拼户型 环境优美。,355万,14516元/平,底层 (共3层) | 2018年 | 3室3厅 | 244.56平米 | 南 北,https://ke-image.ljcdn.com/110000-inspection/pc1_kN3PCVywj_1.jpg!m_fill,w_280,h_210,f_jpg?from=ke.com
20240812,密云,溪翁庄镇,101113901787,京溪小区精品复式五居室20平米地下室。,289万,12095元/平,底层 (共6层) 5室2厅 | 238.95平米 | 南 北,https://ke-image.ljcdn.com/110000-inspection/pc1_K3Sb4Y0BW_1.jpg!m_fill,w_280,h_210,f_jpg?from=ke.com
20240812,密云,溪翁庄镇,101113827273,观唐云鼎 带电梯叠拼别墅南侧花园,660万,34855元/平,底层 (共4层) | 2020年 | 3室3厅 | 189.36平米 | 南 北,https://ke-image.ljcdn.com/110000-inspection/pc1_OCBj0Ib2s_1.jpg!m_fill,w_280,h_210,f_jpg?from=ke.com
20240812,密云,溪翁庄镇,101113755507,万科云溪    精装修  独栋别墅,830万,27670元/平,底层 (共2层) | 2017年 | 3室2厅 | 299.97平米 | 南 北,https://ke-image.ljcdn.com/110000-inspection/pc1_qcuQdGZsl_1.jpg!m_fill,w_280,h_210,f_jpg?from=ke.com
20240812,密云,溪翁庄镇,101113751095,远大美域 双拼别墅 精装修 居住舒适,580万,23717元/平,底层 (共3层) | 2019年 | 4室1厅 | 244.56平米 | 南 北,https://ke-image.ljcdn.com/110000-inspection/pc1_wyx6jnxVf_1.jpg!m_fill,w_280,h_210,f_jpg?from=ke.com
20240812,密云,溪翁庄镇,101113688737,观唐云鼎 小区环境好 纯独栋前后院,1800万,32889元/平,底层 (共2层) | 2011年 | 7室4厅 | 547.3平米 | 南 北,https://ke-image.ljcdn.com/110000-inspection/pc1_LeUL7diFv_1.jpg!m_fill,w_280,h_210,f_jpg?from=ke.com
20240812,密云,溪翁庄镇,101113590235,密云区东智东路18号院首创澜茵山三期房主自荐,240万,21479元/平,底层 (共15层) 3室1厅 | 111.74平米 | 南 北,https://ke-image.ljcdn.com/110000-inspection/pc1_5pi3SGbrA.jpg!m_fill,w_280,h_210,f_jpg?from=ke.com
20240812,密云,溪翁庄镇,101113569722,远大美域 双拼别墅 精装修 拎包入住,590万,24068元/平,底层 (共3层) 3室2厅 | 245.14平米 | 南 北,https://ke-image.ljcdn.com/110000-inspection/pc1_RxNFjNVPB_1.jpg!m_fill,w_280,h_210,f_jpg?from=ke.com
20240812,密云,溪翁庄镇,101113475828,阳光城君山墅   高尔夫球场边上,1180万,21960元/平,底层 (共2层) | 2012年 | 5室3厅 | 537.36平米 | 南 北,https://ke-image.ljcdn.com/110000-inspection/pc1_6kimSGo06_1.jpg!m_fill,w_280,h_210,f_jpg?from=ke.com
20240812,密云,溪翁庄镇,101113395660,远大美域庄园、精装修200万、家具家电不拿走,550万,22490元/平,底层 (共3层) 4室4厅 | 244.56平米 | 南 北,https://ke-image.ljcdn.com/110000-inspection/pc1_0uUoCAPie_1.jpg!m_fill,w_280,h_210,f_jpg?from=ke.com
20240812,密云,溪翁庄镇,101113274481,首创澜茵山  本房满五  南北通透    诚心出售,900万,18787元/平,底层 (共2层) | 2013年 | 5室3厅 | 479.06平米 | 南 北,https://ke-image.ljcdn.com/110000-inspection/pc1_grKb0qLfc_1.jpg!m_fill,w_280,h_210,f_jpg?from=ke.com
20240812,密云,溪翁庄镇,101113241260,阳光城君山墅 业主精装修 天然环境 下沉式房主自荐,800万,25627元/平,底层 (共2层) | 2011年 | 4室2厅 | 312.18平米 | 南 北,https://ke-image.ljcdn.com/110000-inspection/pc1_DguT5krR5_1.jpg!m_fill,w_280,h_210,f_jpg?from=ke.com
20240812,密云,溪翁庄镇,101113015969,万科云溪下叠出售落地窗格局好。,427万,16567元/平,底层 (共5层) | 2017年 | 3室3厅 | 257.75平米 | 南 北,https://ke-image.ljcdn.com/110000-inspection/pc1_n3zveTOEq_1.jpg!m_fill,w_280,h_210,f_jpg?from=ke.com
20240812,密云,溪翁庄镇,101112830710,观唐云鼎中式庭院尽显中式风格彰显您的气质,850万,21056元/平,底层 (共2层) | 2012年 | 5室3厅 | 403.69平米 | 南 北,https://ke-image.ljcdn.com/110000-inspection/pc1_DhQsLB3Iv_1.jpg!m_fill,w_280,h_210,f_jpg?from=ke.com
20240812,密云,溪翁庄镇,101112738539,观唐云鼎小区中式独栋双下沉庭院户型方正落地门窗,800万,19778元/平,底层 (共2层) | 2012年 | 5室3厅 | 404.51平米 | 东 南 西 北,https://ke-image.ljcdn.com/110000-inspection/pc1_yxfYuoxyz_1.jpg!m_fill,w_280,h_210,f_jpg?from=ke.com
20240812,密云,溪翁庄镇,101112539969,观唐云鼎 2019年建成 低密小区 居住舒适房主自荐,536万,29739元/平,底层 (共4层) 3室3厅 | 180.24平米 | 南 北,https://ke-image.ljcdn.com/110000-inspection/pc1_VVc1jzimo_1.jpg!m_fill,w_280,h_210,f_jpg?from=ke.com
20240812,密云,溪翁庄镇,101112504790,观唐云鼎精装下叠南北通透交通方便可种花草房主自荐,650万,34323元/平,底层 (共4层) | 2020年 | 3室2厅 | 189.38平米 | 南 北,https://ke-image.ljcdn.com/110000-inspection/pc1_iA8aXBery_1.jpg!m_fill,w_280,h_210,f_jpg?from=ke.com
20240812,密云,溪翁庄镇,101112498686,远大美域 纯别墅区 双拼户型 毛坯房随,360万,14708元/平,底层 (共3层) | 2018年 | 4室2厅 | 244.77平米 | 南 北,https://ke-image.ljcdn.com/110000-inspection/pc1_rlqEm224Y_1.jpg!m_fill,w_280,h_210,f_jpg?from=ke.com
20240812,密云,溪翁庄镇,101112470377,首创澜茵山三期 楼层好 采光充足 配套设施齐全,350万,23275元/平,底层 (共6层) | 2014年 | 4室2厅 | 150.38平米 | 南 北,https://ke-image.ljcdn.com/110000-inspection/pc1_mzf0Ai2hf_1.jpg!m_fill,w_280,h_210,f_jpg?from=ke.com
20240812,密云,溪翁庄镇,101112409866,阳光城君山墅 精装修房源 产权清晰 业主售房诚意度高,980万,30043元/平,底层 (共2层) | 2016年 | 4室2厅 | 326.2平米 | 南 北,https://ke-image.ljcdn.com/110000-inspection/pc1_EHqQLN6Qq.jpg!m_fill,w_280,h_210,f_jpg?from=ke.com
20240812,密云,溪翁庄镇,101112355957,此房满二年东南西北朝向视野开阔业主随时签约房主自荐,1080万,25908元/平,底层 (共2层) | 2009年 | 5室2厅 | 416.87平米 | 东 南 西 北,https://ke-image.ljcdn.com/110000-inspection/pc1_XGfcd3FoP_1.jpg!m_fill,w_280,h_210,f_jpg?from=ke.com
20240812,密云,溪翁庄镇,101112223518,阳光城君山墅 独栋别墅 精装修 全明格局,990万,24800元/平,底层 (共2层) | 2010年 | 5室3厅 | 399.2平米 | 南 北,https://ke-image.ljcdn.com/110000-inspection/pc1_maSG93Fs6_1.jpg!m_fill,w_280,h_210,f_jpg?from=ke.com
20240812,密云,溪翁庄镇,101111806123,独栋别墅满5年毛坯房边户南花园北入户,850万,25843元/平,底层 (共3层) | 2013年 | 4室2厅 | 328.91平米 | 南 北,https://ke-image.ljcdn.com/110000-inspection/pc1_veof5DLH6_1.jpg!m_fill,w_280,h_210,f_jpg?from=ke.com
20240812,密云,溪翁庄镇,101111670179,君山高尔夫别墅 南北独栋 业主诚心出售,800万,25561元/平,底层 (共1层) | 2013年 | 5室3厅 | 312.98平米 | 南 北,https://ke-image.ljcdn.com/110000-inspection/pc1_Cm349yj4J_1.jpg!m_fill,w_280,h_210,f_jpg?from=ke.com
20240812,密云,溪翁庄镇,101111088945,阳光城君山墅东区此房毛坯房随时看房随时签约。房主自荐,810万,16622元/平,底层 (共2层) | 2012年 | 4室3厅 | 487.33平米 | 东 南 西 北,https://ke-image.ljcdn.com/110000-inspection/pc1_dbu2kRe1J_1.jpg!m_fill,w_280,h_210,f_jpg?from=ke.com
20240812,密云,溪翁庄镇,101110394054,阳光城君山墅 建在公园里的独栋别墅 总高3层 毛坯,650万,20507元/平,底层 (共2层) | 2013年 | 4室3厅 | 316.97平米 | 南 北,https://ke-image.ljcdn.com/110000-inspection/pc1_11Eis4BiD_1.jpg!m_fill,w_280,h_210,f_jpg?from=ke.com
20240812,密云,溪翁庄镇,101125961470,麓秀佳园 3室1厅 南 北新上,83万,7441元/平,顶层 (共6层) | 2006年 | 3室1厅 | 111.55平米 | 南 北,https://s1.ljcdn.com/pegasus/redskull/images/common/default_house_list.png?_v=20240807182020
20240812,密云,溪翁庄镇,101125450908,麓秀水库南线水库南线路185号楼,160万,16203元/平,低楼层 (共9层) 3室1厅 | 98.75平米 | 南 北,https://s1.ljcdn.com/pegasus/redskull/images/common/default_house_list.png?_v=20240807182020
20240812,密云,溪翁庄镇,101125356321,首创澜茵山三期新装修电梯房看房方便,190万,15640元/平,高楼层 (共8层) 2室2厅 | 121.49平米 | 南 北,https://s1.ljcdn.com/pegasus/redskull/images/common/default_house_list.png?_v=20240807182020
20240812,密云,溪翁庄镇,101122069734,京溪小区  看房方便  业主诚心出售,105万,9830元/平,低楼层 (共6层) 3室2厅 | 106.82平米 | 南 北,https://ke-image.ljcdn.com/110000-inspection/b54ecbce-5f64-47e8-b90a-be405fa82503.jpg!m_fill,w_280,h_210,f_jpg?from=ke.com
