20240329,怀柔,怀柔,101123520308,滨湖小区 2室1厅 南必看好房,153万,26190元/平,中楼层 (共5层) 2室1厅 | 58.42平米 | 南,https://ke-image.ljcdn.com/110000-inspection/758cc08a-0c71-4384-9155-267b798db00e_1000.jpg!m_fill,w_280,h_210,f_jpg?from=ke.com
20240329,怀柔,怀柔,101123512487,成熟社区  中间楼层  拎包入住的精装两居室  随时签约必看好房,158万,29840元/平,中楼层 (共5层) 2室1厅 | 52.95平米 | 南 北,https://ke-image.ljcdn.com/110000-inspection/be522046-d30d-44da-8712-8cfd67f08867_1000.jpg!m_fill,w_280,h_210,f_jpg?from=ke.com
20240329,怀柔,怀柔,101123415584,柏泉庄园雁鸣园B区 1室1厅 南 北必看好房,125万,21631元/平,高楼层 (共15层) 1室1厅 | 57.79平米 | 南 北,https://ke-image.ljcdn.com/110000-inspection/0b715d7b-bdad-4872-b8c7-8d42ed346d25_1000.jpg!m_fill,w_280,h_210,f_jpg?from=ke.com
20240329,怀柔,怀柔,101123325165,南华园四区 2室2厅 南 北必看好房,215万,22922元/平,中楼层 (共6层) 2室2厅 | 93.8平米 | 南 北,https://ke-image.ljcdn.com/110000-inspection/pc1_USrGKjbKM_1.jpg!m_fill,w_280,h_210,f_jpg?from=ke.com
20240329,怀柔,怀柔,101123310591,小中富乐二区 3室1厅 南 北必看好房,248万,26431元/平,中楼层 (共6层) 3室1厅 | 93.83平米 | 南 北,https://ke-image.ljcdn.com/110000-inspection/9e5172cb-fc2d-4e2e-9341-3464ec5236a0_1000.jpg!m_fill,w_280,h_210,f_jpg?from=ke.com
20240329,怀柔,怀柔,101123540311,世嘉光织谷东区纯南朝向两居室好楼层必看好房,218万,23658元/平,中楼层 (共6层) 2室2厅 | 92.15平米 | 南,https://ke-image.ljcdn.com/110000-inspection/2122b296-0802-402d-aeca-6ba813065af0_1000.jpg!m_fill,w_280,h_210,f_jpg?from=ke.com
20240329,怀柔,怀柔,101123500492,府前东街九院 3室1厅 南 北必看好房,215万,30129元/平,中楼层 (共6层) 3室1厅 | 71.36平米 | 南 北,https://ke-image.ljcdn.com/110000-inspection/pc1_b67JvpNvR.jpg!m_fill,w_280,h_210,f_jpg?from=ke.com
20240329,怀柔,怀柔,101123400790,于家园三区 2室1厅 南 北,130万,25126元/平,中楼层 (共5层) 2室1厅 | 51.74平米 | 南 北,https://ke-image.ljcdn.com/110000-inspection/5fd7e970-f85d-4a86-9993-0e537cc95f64_1000.jpg!m_fill,w_280,h_210,f_jpg?from=ke.com
20240329,怀柔,怀柔,101123334776,北大街1号院 低层 正规三居 南北通透 采光好 看房方便必看好房,205万,24118元/平,中楼层 (共6层) 3室1厅 | 85平米 | 南 北,https://ke-image.ljcdn.com/110000-inspection/02ae1a6b-8dec-4f96-bacb-fb4a000aa8eb_1000.jpg!m_fill,w_280,h_210,f_jpg?from=ke.com
20240329,怀柔,怀柔,101123329193,乐红园小区全明格局南北通透中间楼层,225万,27125元/平,中楼层 (共6层) 2室1厅 | 82.95平米 | 南 北,https://ke-image.ljcdn.com/110000-inspection/2992c2cc-d79b-4656-90c8-4fb5a906b64f_1000.jpg!m_fill,w_280,h_210,f_jpg?from=ke.com
20240329,怀柔,怀柔,101123268880,于家园二区南院 2室1厅 南 北,185万,27182元/平,低楼层 (共6层) 2室1厅 | 68.06平米 | 南 北,https://ke-image.ljcdn.com/110000-inspection/0c37dade-61e8-448c-9f9b-89f005a9a9e6_1000.jpg!m_fill,w_280,h_210,f_jpg?from=ke.com
20240329,怀柔,怀柔,101123267200,府前东街小区 2室1厅 南 北必看好房,215万,25030元/平,低楼层 (共6层) 2室1厅 | 85.9平米 | 南 北,https://ke-image.ljcdn.com/110000-inspection/76348c23-3aff-4a6f-850d-4655e647d6ad_1000.jpg!m_fill,w_280,h_210,f_jpg?from=ke.com
20240329,怀柔,怀柔,101123206221,楼层好视野宽阔没有遮挡采光通透电梯房精装修必看好房,305万,34664元/平,中楼层 (共16层) 2室1厅 | 87.99平米 | 南,https://ke-image.ljcdn.com/110000-inspection/141e6874-0719-4b91-9847-8693507a225c_1000.jpg!m_fill,w_280,h_210,f_jpg?from=ke.com
20240329,怀柔,怀柔,101123185957,东关二区小区  满五唯一  精装修必看好房,195万,25531元/平,高楼层 (共6层) 3室1厅 | 76.38平米 | 南 北,https://ke-image.ljcdn.com/110000-inspection/d57fde6a-18cc-46bd-8daa-49962579fc8a_1000.jpg!m_fill,w_280,h_210,f_jpg?from=ke.com
20240329,怀柔,怀柔,101123169736,顶秀美泉小镇A区 2室1厅 东 南 北,279万,31118元/平,中楼层 (共4层) 2室1厅 | 89.66平米 | 东 南 北,https://ke-image.ljcdn.com/110000-inspection/pc1_1V8J2bfOD_1.jpg!m_fill,w_280,h_210,f_jpg?from=ke.com
20240329,怀柔,怀柔,101123168862,西园 2室1厅 南 北必看好房,195万,27216元/平,中楼层 (共5层) 2室1厅 | 71.65平米 | 南 北,https://ke-image.ljcdn.com/110000-inspection/86af940a-ed90-42a9-9d68-c5b82d130e5e_1000.jpg!m_fill,w_280,h_210,f_jpg?from=ke.com
20240329,怀柔,怀柔,101123166799,于家园二区南院满五唯一精装修采光充足必看好房,220万,24661元/平,低楼层 (共6层) 3室1厅 | 89.21平米 | 北 南,https://ke-image.ljcdn.com/110000-inspection/fcf2073a-6839-436d-92dc-59df94d6a649_1000.jpg!m_fill,w_280,h_210,f_jpg?from=ke.com
20240329,怀柔,怀柔,101123159962,于家园二区南院三层南北通透必看好房,175万,27187元/平,中楼层 (共6层) 2室1厅 | 64.37平米 | 南 北,https://ke-image.ljcdn.com/110000-inspection/pc1_G0gMV6HTR.jpg!m_fill,w_280,h_210,f_jpg?from=ke.com
20240329,怀柔,怀柔,101123089738,东关一区东院 南北通透 主卧带大阳台必看好房,225万,24127元/平,低楼层 (共7层) 2室1厅 | 93.26平米 | 北 南,https://ke-image.ljcdn.com/110000-inspection/pc1_gq4I8Eo8j_1.jpg!m_fill,w_280,h_210,f_jpg?from=ke.com
20240329,怀柔,怀柔,101123068768,世嘉光织谷西区 1室1厅 南必看好房,135万,25065元/平,低楼层 (共6层) 1室1厅 | 53.86平米 | 南,https://ke-image.ljcdn.com/110000-inspection/305190ee-3312-4791-ac03-0a0dc5800d13_1000.jpg!m_fill,w_280,h_210,f_jpg?from=ke.com
20240329,怀柔,怀柔,101123032961,电梯房 小两居 2013年楼龄 满五唯一必看好房,145万,20915元/平,低楼层 (共13层) 2室1厅 | 69.33平米 | 南,https://ke-image.ljcdn.com/110000-inspection/pc1_RRlp7jyD5.jpg!m_fill,w_280,h_210,f_jpg?from=ke.com
20240329,怀柔,怀柔,101122996953,世嘉光织谷东区 电梯直达 精装修拎包入住 花园洋房,230万,24979元/平,中楼层 (共6层) | 2013年 | 2室2厅 | 92.08平米 | 南 北,https://ke-image.ljcdn.com/110000-inspection/d1c7b832-d290-4d99-aa96-f13b4495992c_1000.jpg!m_fill,w_280,h_210,f_jpg?from=ke.com
20240329,怀柔,怀柔,101122995510,兴怀大街小区 精装修带车Peng三居室必看好房,226万,27312元/平,低楼层 (共6层) | 1990年 | 3室1厅 | 82.75平米 | 南 北,https://ke-image.ljcdn.com/110000-inspection/23394bc5-ec75-42c3-921b-56c63dcc9009_1000.jpg!m_fill,w_280,h_210,f_jpg?from=ke.com
20240329,怀柔,怀柔,101122890843,融城园北区 南北通透 不临街 诚意出售必看好房,180万,22523元/平,中楼层 (共6层) 2室1厅 | 79.92平米 | 南 北,https://ke-image.ljcdn.com/110000-inspection/pc1_rgOfvlE9t_1.jpg!m_fill,w_280,h_210,f_jpg?from=ke.com
20240329,怀柔,怀柔,101122884583,怀柔新新家园 2室1厅 南必看好房,272万,30066元/平,低楼层 (共16层) 2室1厅 | 90.47平米 | 南,https://ke-image.ljcdn.com/110000-inspection/pc1_xmSQ0rX0P_1.jpg!m_fill,w_280,h_210,f_jpg?from=ke.com
20240329,怀柔,怀柔,101122861255,育龙馨居 二居室 客厅朝南格局  诚意出售,170万,20544元/平,中楼层 (共11层) | 2013年 | 2室1厅 | 82.75平米 | 南 北,https://ke-image.ljcdn.com/110000-inspection/983b7058-8349-42cc-861c-a4532ddbf391_1000.jpg!m_fill,w_280,h_210,f_jpg?from=ke.com
20240329,怀柔,怀柔,101122796928,潘家园小区  满五唯一   低楼层  无遮挡,160万,24811元/平,中楼层 (共4层) 2室1厅 | 64.49平米 | 东 西,https://ke-image.ljcdn.com/110000-inspection/e3e6365d-ea74-42a7-a5fc-9a89c61b39e9_1000.jpg!m_fill,w_280,h_210,f_jpg?from=ke.com
20240329,怀柔,怀柔,101122723689,南华园一区 3室1厅 南 北必看好房,235万,23252元/平,中楼层 (共6层) 3室1厅 | 101.07平米 | 南 北,https://ke-image.ljcdn.com/110000-inspection/2c4b4b15-2914-4e44-b039-c4f841da52cd_1000.jpg!m_fill,w_280,h_210,f_jpg?from=ke.com
20240329,怀柔,怀柔,101122696704,裕华园一区楼层好采光好停车位充足必看好房,125万,18960元/平,中楼层 (共15层) | 2014年 | 2室1厅 | 65.93平米 | 南,https://ke-image.ljcdn.com/110000-inspection/pc1_oRVa2zJ5L.jpg!m_fill,w_280,h_210,f_jpg?from=ke.com
20240329,怀柔,怀柔,101122597711,精装修 中层 客厅通阳台 满五必看好房,360万,30628元/平,中楼层 (共5层) 3室1厅 | 117.54平米 | 南 北,https://ke-image.ljcdn.com/110000-inspection/c8697a40-6220-4874-ac23-9fb677bc5f30_1000.jpg!m_fill,w_280,h_210,f_jpg?from=ke.com
20240329,怀柔,怀柔,101122559965,金善名居  出行方便 户型方正 小区停车位充足,165万,21714元/平,底层 (共6层) 2室1厅 | 75.99平米 | 南 北,https://ke-image.ljcdn.com/110000-inspection/b5503a41-fc33-4551-8017-e74ea75bfcce_1000.jpg!m_fill,w_280,h_210,f_jpg?from=ke.com
20240329,怀柔,怀柔,101122559560,小中富乐二区  南北透明 业主 诚意出售,199万,21468元/平,高楼层 (共6层) 2室2厅 | 92.7平米 | 南 北,https://ke-image.ljcdn.com/110000-inspection/81a723bf-4014-4504-948d-b0a6bc6091d7_1000.jpg!m_fill,w_280,h_210,f_jpg?from=ke.com
20240329,怀柔,怀柔,101122539936,东关二区低层正规三居南北通透采光好,219万,26588元/平,中楼层 (共6层) 3室1厅 | 82.37平米 | 南 北,https://ke-image.ljcdn.com/110000-inspection/pc1_th3MiMUg7_1.jpg!m_fill,w_280,h_210,f_jpg?from=ke.com
20240329,怀柔,怀柔,101122538978,潘家园小区 满五唯一 南北通透 二层必看好房,195万,26760元/平,低楼层 (共6层) 3室1厅 | 72.87平米 | 南 北,https://ke-image.ljcdn.com/110000-inspection/99d2ba20-f644-4b66-9ee6-d62f97741810_1000.jpg!m_fill,w_280,h_210,f_jpg?from=ke.com
20240329,怀柔,怀柔,101122508399,青春路六院电梯房满五唯一纯南朝向必看好房,175万,27430元/平,低楼层 (共9层) | 2015年 | 2室1厅 | 63.8平米 | 南 西,https://ke-image.ljcdn.com/110000-inspection/73d74057-ad48-40bd-8e60-73059b126ce0_1000.jpg!m_fill,w_280,h_210,f_jpg?from=ke.com
20240329,怀柔,怀柔,101122451732,金台园   三居室   精装修  看房子方便,215万,27109元/平,低楼层 (共6层) | 2006年 | 3室1厅 | 79.31平米 | 南 北,https://ke-image.ljcdn.com/110000-inspection/pc1_xH0prxB0o_1.jpg!m_fill,w_280,h_210,f_jpg?from=ke.com
20240329,怀柔,怀柔,101122397469,富乐小区北里南北通透三居室采光充足视野好必看好房,199万,21640元/平,高楼层 (共6层) 3室1厅 | 91.96平米 | 南 北,https://ke-image.ljcdn.com/110000-inspection/15ba1f2d-d77a-4591-97a7-e299edb68f10_1000.jpg!m_fill,w_280,h_210,f_jpg?from=ke.com
20240329,怀柔,怀柔,101122394891,富乐社区一号院 2室1厅 南 北必看好房,175万,25195元/平,底层 (共6层) 2室1厅 | 69.46平米 | 南 北,https://ke-image.ljcdn.com/110000-inspection/cf780598-a42f-4659-b885-8bc6c10db5a6_1000.jpg!m_fill,w_280,h_210,f_jpg?from=ke.com
20240329,怀柔,怀柔,101122304313,南华大街  装修保持良好  看房方便房主自荐,189万,22064元/平,顶层 (共6层) 3室1厅 | 85.66平米 | 南 北,https://ke-image.ljcdn.com/110000-inspection/pc1_5MsqF9Ssi_1.jpg!m_fill,w_280,h_210,f_jpg?from=ke.com
20240329,怀柔,怀柔,101122289595,融城园南区满五唯一精装修业主诚心出售看房方便必看好房,160万,17027元/平,顶层 (共6层) 3室1厅 | 93.97平米 | 南 北,https://ke-image.ljcdn.com/110000-inspection/1d50c3bf-3c66-4ae3-adcb-8ea3366cb4b0_1000.jpg!m_fill,w_280,h_210,f_jpg?from=ke.com
20240329,怀柔,怀柔,101122272273,富乐社区一号院精装修南北通透采光好居住舒适,165万,26199元/平,高楼层 (共6层) 2室1厅 | 62.98平米 | 南 北,https://ke-image.ljcdn.com/110000-inspection/pc1_r7ZhDfYIz.jpg!m_fill,w_280,h_210,f_jpg?from=ke.com
20240329,怀柔,怀柔,101122250879,益田影人四季花园 正规三居 把边户型 南北通透 双卫,276万,20927元/平,中楼层 (共7层) | 2012年 | 3室2厅 | 131.89平米 | 南 北,https://ke-image.ljcdn.com/110000-inspection/d03652a5-1da0-46da-8c72-324d57a44913_1000.jpg!m_fill,w_280,h_210,f_jpg?from=ke.com
20240329,怀柔,怀柔,101122211656,凤瑞二园南北通透采光好边户全明必看好房,169万,19251元/平,顶层 (共5层) 3室2厅 | 87.79平米 | 南 北,https://ke-image.ljcdn.com/110000-inspection/pc1_WnBUiXIAB_1.jpg!m_fill,w_280,h_210,f_jpg?from=ke.com
20240329,怀柔,怀柔,101122170194,府前官邸  电梯房  业主诚意换房 诚意出售价格可谈必看好房,410万,35306元/平,高楼层 (共9层) 3室1厅 | 116.13平米 | 南 西,https://ke-image.ljcdn.com/110000-inspection/60bb1b1e-a915-4717-bd73-352963ba0029_1000.jpg!m_fill,w_280,h_210,f_jpg?from=ke.com
20240329,怀柔,怀柔,101122145692,和泰家园地理位置优势小区环境好,210万,20561元/平,顶层 (共6层) 3室2厅 | 102.14平米 | 东 西,https://ke-image.ljcdn.com/110000-inspection/pc1_WN4EiCcPg_1.jpg!m_fill,w_280,h_210,f_jpg?from=ke.com
20240329,怀柔,怀柔,101122119912,东园南区南北通透采光充足。必看好房,205万,27869元/平,中楼层 (共6层) 3室1厅 | 73.56平米 | 南 西 北,https://ke-image.ljcdn.com/110000-inspection/pc1_mwOxenAHf_1.jpg!m_fill,w_280,h_210,f_jpg?from=ke.com
20240329,怀柔,怀柔,101122107313,育龙铭居 满五唯一 中间楼层 南北通透 采光好,146万,22142元/平,中楼层 (共9层) 2室1厅 | 65.94平米 | 南 北,https://ke-image.ljcdn.com/110000-inspection/79edb2b9-2cb3-4665-8d70-04eccd3dae1f_1000.jpg!m_fill,w_280,h_210,f_jpg?from=ke.com
20240329,怀柔,怀柔,101122092179,楼龄新带电梯电梯直达业主诚心出售满五唯一必看好房,85万,16432元/平,顶层 (共15层) 1室1厅 | 51.73平米 | 南 北,https://ke-image.ljcdn.com/110000-inspection/65f44955-a5b3-4856-82ed-4cbf9ba37180_1000.jpg!m_fill,w_280,h_210,f_jpg?from=ke.com
20240329,怀柔,怀柔,101122020317,此房业主诚心出售南北通透格局没有浪费面积必看好房,175万,28117元/平,高楼层 (共6层) 2室1厅 | 62.24平米 | 南 北,https://ke-image.ljcdn.com/110000-inspection/pc1_eZTAhwZzh_1.jpg!m_fill,w_280,h_210,f_jpg?from=ke.com
20240329,怀柔,怀柔,101121949470,安乐馨居  电梯房 南北通透  无遮挡必看好房,157万,18605元/平,中楼层 (共15层) | 2019年 | 2室1厅 | 84.39平米 | 南 北,https://ke-image.ljcdn.com/110000-inspection/200ba476-a73f-4aeb-b577-9d00d0f9f2be_1000.jpg!m_fill,w_280,h_210,f_jpg?from=ke.com
20240329,怀柔,怀柔,101121834482,于家园三区 低楼层三居室 适宜居住,212万,27117元/平,中楼层 (共5层) 3室1厅 | 78.18平米 | 南 北,https://ke-image.ljcdn.com/110000-inspection/pc1_VbkZ1VuWo_1.jpg!m_fill,w_280,h_210,f_jpg?from=ke.com
20240329,怀柔,怀柔,101121606873,青春路六院3-1-1-1 72.68m² 185 万必看好房,185万,25455元/平,高楼层 (共6层) 3室1厅 | 72.68平米 | 南 北,https://ke-image.ljcdn.com/110000-inspection/pc1_jRMntHkud_1.jpg!m_fill,w_280,h_210,f_jpg?from=ke.com
20240329,怀柔,怀柔,101121595580,湖光小区 南北通通 客厅通阳台 采光好 精装修能贷款必看好房,159万,26356元/平,中楼层 (共5层) 2室1厅 | 60.33平米 | 南 北,https://ke-image.ljcdn.com/110000-inspection/pc1_8wyYDLgz5.jpg!m_fill,w_280,h_210,f_jpg?from=ke.com
20240329,怀柔,怀柔,101121590375,富乐家园 商品房小区 低层 满五 采光充足必看好房,210万,22192元/平,中楼层 (共5层) 3室1厅 | 94.63平米 | 东 西,https://ke-image.ljcdn.com/110000-inspection/61b6d237-6866-4bfe-8a76-d520c941a754_1000.jpg!m_fill,w_280,h_210,f_jpg?from=ke.com
20240329,怀柔,怀柔,101121552622,青春苑西区 南北通透 低层舒适居住,275万,29475元/平,低楼层 (共6层) | 2000年 | 3室1厅 | 93.3平米 | 南 北,https://ke-image.ljcdn.com/110000-inspection/pc1_Ziuv2ug5v.jpg!m_fill,w_280,h_210,f_jpg?from=ke.com
20240329,怀柔,怀柔,101121457078,70年产权本房有电梯 房本满五年 拎包入住,269万,30355元/平,中楼层 (共5层) | 2015年 | 2室1厅 | 88.62平米 | 南 北,https://ke-image.ljcdn.com/110000-inspection/85c28eb8-4047-42cc-89a7-4bb557113698_1000.jpg!m_fill,w_280,h_210,f_jpg?from=ke.com
20240329,怀柔,怀柔,101121444568,滨湖小区  温馨三居室  配套齐全    诚意出售必看好房,170万,22589元/平,中楼层 (共5层) 2室1厅 | 75.26平米 | 东 南 西,https://ke-image.ljcdn.com/110000-inspection/pc1_5lbccg8J5.jpg!m_fill,w_280,h_210,f_jpg?from=ke.com
20240329,怀柔,怀柔,101121204742,裕华园一区 电梯房能贷款 南北通透 拎包入住必看好房,88万,18254元/平,中楼层 (共15层) 1室1厅 | 48.21平米 | 南 北,https://ke-image.ljcdn.com/110000-inspection/8c64517c-858f-49a8-bedb-0d5acc9c46d0_1000.jpg!m_fill,w_280,h_210,f_jpg?from=ke.com
20240329,怀柔,怀柔,101121204527,南华园四区 小户型 客厅通阳台 南北通透,130万,22472元/平,高楼层 (共6层) 1室1厅 | 57.85平米 | 南 北,https://ke-image.ljcdn.com/110000-inspection/pc1_9fO2PDdUO_1.jpg!m_fill,w_280,h_210,f_jpg?from=ke.com
20240329,怀柔,怀柔,101121142108,南北通透刚需小两居拎包入住随时签约！,135万,21952元/平,高楼层 (共6层) 2室1厅 | 61.5平米 | 南 北,https://ke-image.ljcdn.com/110000-inspection/pc1_YH3uSDXFE.jpg!m_fill,w_280,h_210,f_jpg?from=ke.com
20240329,怀柔,怀柔,101121040017,世嘉光织谷西区  中间楼层 精装修两居室必看好房,235万,24531元/平,低楼层 (共7层) | 2012年 | 2室1厅 | 95.8平米 | 东 西,https://ke-image.ljcdn.com/110000-inspection/pc1_rwwcZAyrK.jpg!m_fill,w_280,h_210,f_jpg?from=ke.com
20240329,怀柔,怀柔,101121002416,南向一居室楼龄新带电梯精装修楼层好必看好房,190万,32872元/平,中楼层 (共11层) 1室1厅 | 57.8平米 | 南,https://ke-image.ljcdn.com/110000-inspection/pc1_aPZ4mUyID.jpg!m_fill,w_280,h_210,f_jpg?from=ke.com
20240329,怀柔,怀柔,101120847166,青春路小区南北通透两居室低楼层配套齐全交通便利,153万,27123元/平,中楼层 (共4层) 2室1厅 | 56.41平米 | 南 北,https://ke-image.ljcdn.com/110000-inspection/pc1_ihHMsjZno_1.jpg!m_fill,w_280,h_210,f_jpg?from=ke.com
20240329,怀柔,怀柔,101120742907,世嘉光织谷东区精装修小区中间位置前后无遮挡。必看好房,240万,25003元/平,顶层 (共5层) | 2013年 | 2室1厅 | 95.99平米 | 南,https://ke-image.ljcdn.com/110000-inspection/pc1_TBTyjkSRe_1.jpg!m_fill,w_280,h_210,f_jpg?from=ke.com
20240329,怀柔,怀柔,101120325168,湖光小区 中间楼层 客厅通阳台 采光好 无遮挡出行方便,180万,25179元/平,中楼层 (共5层) 2室1厅 | 71.49平米 | 南 北,https://ke-image.ljcdn.com/110000-inspection/pc1_srhaEQIw2_1.jpg!m_fill,w_280,h_210,f_jpg?from=ke.com
20240329,怀柔,怀柔,101120312562,怡安园小区 通透三居室 格局好 视野好,139万,19210元/平,顶层 (共6层) 3室1厅 | 72.36平米 | 南 北,https://ke-image.ljcdn.com/110000-inspection/pc1_s4S21gF4H.jpg!m_fill,w_280,h_210,f_jpg?from=ke.com
20240329,怀柔,怀柔,101120307498,东关一区西侧916公交总站南北通透2居必看好房,125万,18846元/平,顶层 (共6层) 2室1厅 | 66.33平米 | 南 北,https://ke-image.ljcdn.com/110000-inspection/pc1_wvu8kZomv.jpg!m_fill,w_280,h_210,f_jpg?from=ke.com
20240329,怀柔,怀柔,101119750785,电梯房 南北通透 精装修 诚意出售必看好房,259万,29157元/平,中楼层 (共5层) | 2015年 | 2室1厅 | 88.83平米 | 南 北,https://ke-image.ljcdn.com/110000-inspection/pc1_AZSVuV3In.jpg!m_fill,w_280,h_210,f_jpg?from=ke.com
20240329,怀柔,怀柔,101119586402,怡安园小区南北通透三居室舒适二层出行及交通便利,155万,20525元/平,低楼层 (共6层) 3室1厅 | 75.52平米 | 南 北,https://ke-image.ljcdn.com/110000-inspection/pc1_6xPFobbGe_1.jpg!m_fill,w_280,h_210,f_jpg?from=ke.com
20240329,怀柔,怀柔,101119568472,潘家园小区  中间楼层  地势高 独立小区 好停车,278万,28437元/平,中楼层 (共6层) 3室1厅 | 97.76平米 | 南 北,https://ke-image.ljcdn.com/110000-inspection/pc1_vREnHaq21_1.jpg!m_fill,w_280,h_210,f_jpg?from=ke.com
20240329,怀柔,怀柔,101119520648,于家园三区 钥匙房  低层 双卫 邻滨湖公园 诚售,260万,29868元/平,底层 (共6层) | 1999年 | 2室2厅 | 87.05平米 | 南 北,https://ke-image.ljcdn.com/110000-inspection/pc1_hVAjdVZX7_1.jpg!m_fill,w_280,h_210,f_jpg?from=ke.com
20240329,怀柔,怀柔,101119328768,此房满五南北通透格局楼层好采光充足配套齐全,267万,30335元/平,中楼层 (共4层) 2室1厅 | 88.02平米 | 南 北,https://ke-image.ljcdn.com/110000-inspection/pc1_JCFZcT5xh_1.jpg!m_fill,w_280,h_210,f_jpg?from=ke.com
20240329,怀柔,怀柔,101119110289,顶秀美泉小镇C区南北通透楼层好业主诚心出售,330万,28165元/平,中楼层 (共5层) 3室1厅 | 117.17平米 | 南 北,https://ke-image.ljcdn.com/110000-inspection/ae638248-9943-412f-835e-1bc131d2a38f_1000.jpg!m_fill,w_280,h_210,f_jpg?from=ke.com
20240329,怀柔,怀柔,101119023229,东关二区小区 健身楼层 满五唯一 视野开阔 采光好房主自荐,180万,22671元/平,高楼层 (共6层) 3室1厅 | 79.4平米 | 南 北,https://ke-image.ljcdn.com/110000-inspection/e07c5021-c363-414c-a215-9dcb08dc5b01_1000.jpg!m_fill,w_280,h_210,f_jpg?from=ke.com
20240329,怀柔,怀柔,101118970908,青春苑四院 精装修 把边 视野开阔 带地下室 看房方便,248万,30014元/平,中楼层 (共6层) | 1997年 | 3室1厅 | 82.63平米 | 东 西北,https://ke-image.ljcdn.com/110000-inspection/pc1_7GaIY7s4p_1.jpg!m_fill,w_280,h_210,f_jpg?from=ke.com
20240329,怀柔,怀柔,101118846876,湖光小区  南北通透  采光好必看好房,168万,26362元/平,中楼层 (共6层) 2室1厅 | 63.73平米 | 南 北,https://ke-image.ljcdn.com/110000-inspection/pc1_FEyNOdpR7.jpg!m_fill,w_280,h_210,f_jpg?from=ke.com
20240329,怀柔,怀柔,101118786921,顶秀美泉小镇B区此房满五唯一南北通透电梯入户,259万,29180元/平,底层 (共5层) 2室1厅 | 88.76平米 | 南 北,https://ke-image.ljcdn.com/110000-inspection/pc1_SR5QzuZiE.jpg!m_fill,w_280,h_210,f_jpg?from=ke.com
20240329,怀柔,怀柔,101118622977,怀柔水库东侧出行方便配套齐全必看好房,129万,23240元/平,中楼层 (共5层) 2室1厅 | 55.51平米 | 南 北,https://ke-image.ljcdn.com/110000-inspection/pc1_kSxAUZtdD_1.jpg!m_fill,w_280,h_210,f_jpg?from=ke.com
20240329,怀柔,怀柔,101118209226,裕华园一区 1室1厅 南必看好房,88万,17775元/平,低楼层 (共15层) | 2014年 | 1室1厅 | 49.51平米 | 南,https://ke-image.ljcdn.com/110000-inspection/pc1_G9jiq4mXw_1.jpg!m_fill,w_280,h_210,f_jpg?from=ke.com
20240329,怀柔,怀柔,101118032777,于家园二区南院 开放路西侧 顶层 视野无遮挡 安静房主自荐,173万,25434元/平,顶层 (共6层) 2室2厅 | 68.02平米 | 南 北,https://ke-image.ljcdn.com/110000-inspection/pc1_pjdaCMiE4.jpg!m_fill,w_280,h_210,f_jpg?from=ke.com
20240329,怀柔,怀柔,101117890079,此房满五唯一 全明格局 采光好三居室 车位充足必看好房,255万,16218元/平,高楼层 (共6层) | 2008年 | 3室1厅 | 157.24平米 | 东 南 北,https://ke-image.ljcdn.com/110000-inspection/pc1_99Ip4vsQf_1.jpg!m_fill,w_280,h_210,f_jpg?from=ke.com
20240329,怀柔,怀柔,101117229791,育龙铭居满五唯一精装修南北通透必看好房,145万,21960元/平,中楼层 (共9层) 2室1厅 | 66.03平米 | 南 北,https://ke-image.ljcdn.com/110000-inspection/c6ff75f3-2641-4ea8-930e-b12de6134052_1000.jpg!m_fill,w_280,h_210,f_jpg?from=ke.com
20240329,怀柔,怀柔,101117084090,梦想家园东区梦想家园东区梦想家园东区必看好房,215万,19899元/平,顶层 (共15层) 3室2厅 | 108.05平米 | 南 北,https://ke-image.ljcdn.com/110000-inspection/df83790f-4b58-4018-845f-85f15bd4edeb_1000.jpg!m_fill,w_280,h_210,f_jpg?from=ke.com
20240329,怀柔,怀柔,101115624249,栖美园正规户型满五原112万优质房子多多推荐,220万,22728元/平,中楼层 (共6层) | 2006年 | 2室2厅 | 96.8平米 | 南 北,https://ke-image.ljcdn.com/110000-inspection/35e391ae-c27a-44e3-8abb-4abbde6d9fda_1000.jpg!m_fill,w_280,h_210,f_jpg?from=ke.com
20240329,怀柔,怀柔,101115579088,八龙桥雅苑 京承宽沟4KM 环境好 低楼层房主自荐,208万,23099元/平,中楼层 (共5层) | 2008年 | 3室1厅 | 90.05平米 | 南 北,https://ke-image.ljcdn.com/110000-inspection/eaa8ef0a-cb08-4fbc-965c-9b2f9a881f34_1000.jpg!m_fill,w_280,h_210,f_jpg?from=ke.com
20240329,怀柔,怀柔,101115435226,富乐小区北里中间楼层业主诚心出售。必看好房,135万,21712元/平,中楼层 (共6层) | 1994年 | 2室1厅 | 62.18平米 | 东 西,https://ke-image.ljcdn.com/110000-inspection/pc1_7SqOh47EG_1.jpg!m_fill,w_280,h_210,f_jpg?from=ke.com
20240329,怀柔,怀柔,101115048320,北京怀柔后花园 科学城  顶秀美泉小镇C区 花园洋房,398万,29934元/平,中楼层 (共5层) | 2012年 | 3室2厅 | 132.96平米 | 南 北,https://ke-image.ljcdn.com/110000-inspection/67221b1f-e492-4115-ad9f-d27390fea425_1000.jpg!m_fill,w_280,h_210,f_jpg?from=ke.com
20240329,怀柔,怀柔,101114920058,泊岸 5室2厅 环境优美 精装修 南北通透,720万,30745元/平,底层 (共6层) | 2012年 | 5室2厅 | 234.19平米 | 南 北,https://ke-image.ljcdn.com/110000-inspection/afcfe10c-4110-4a6a-941a-fa92b4a0640b_1000.jpg!m_fill,w_280,h_210,f_jpg?from=ke.com
20240329,怀柔,怀柔,101114902686,怀柔科学城 柏泉庄园雁鸣园B区 电梯房 一居室 精装修必看好房,120万,22668元/平,高楼层 (共13层) | 2013年 | 1室1厅 | 52.94平米 | 南 北,https://ke-image.ljcdn.com/110000-inspection/e5ec906d-1e99-4381-8b80-eca9f8daa693_1000.jpg!m_fill,w_280,h_210,f_jpg?from=ke.com
20240329,怀柔,怀柔,101113998855,益田影人四季花园带10平米阳台  精装修诚心出售房主自荐,430万,23485元/平,中楼层 (共8层) | 2012年 | 3室2厅 | 183.1平米 | 南 北,https://ke-image.ljcdn.com/110000-inspection/da2aef76-0618-4d8a-9d09-959d4f5dc568_1000.jpg!m_fill,w_280,h_210,f_jpg?from=ke.com
20240329,怀柔,怀柔,101113509927,南北通透三居室 客厅有窗户 采光充足 视野开阔,265万,26910元/平,顶层 (共6层) | 1997年 | 3室1厅 | 98.48平米 | 南 北,https://ke-image.ljcdn.com/110000-inspection/92874247-bc6a-48b9-ad45-0815e9348ae4_1000.jpg!m_fill,w_280,h_210,f_jpg?from=ke.com
20240329,怀柔,怀柔,101113492254,益田·影人四季花园 满五唯一,249万,24010元/平,低楼层 (共7层) | 2012年 | 2室2厅 | 103.71平米 | 南 北,https://ke-image.ljcdn.com/110000-inspection/b185d9ce-2091-4419-a0bc-f96150e081a5_1000.jpg!m_fill,w_280,h_210,f_jpg?from=ke.com
20240329,怀柔,怀柔,101112991531,精装联排 采光充足 满五唯一 业主诚意出售 随时签约,760万,24999元/平,底层 (共2层) 4室2厅 | 304.02平米 | 东 南 北,https://ke-image.ljcdn.com/110000-inspection/82a92777-01c6-46fb-9b93-2b363ef62f2f_1000.jpg!m_fill,w_280,h_210,f_jpg?from=ke.com
20240329,怀柔,怀柔,101112932067,怀柔 南华大街29号楼 一层两居朝南向  诚意出售,213万,32002元/平,底层 (共6层) | 1998年 | 2室1厅 | 66.56平米 | 北 南,https://ke-image.ljcdn.com/110000-inspection/9c7c4597-b1e9-4ea4-8a5e-e49d8dcb94b2_1000.jpg!m_fill,w_280,h_210,f_jpg?from=ke.com
20240329,怀柔,怀柔,101112704478,南华街118㎡精装3居诚心出售随时看！,290万,24397元/平,顶层 (共5层) | 1995年 | 3室1厅 | 118.87平米 | 东 南 北,https://ke-image.ljcdn.com/110000-inspection/1b0900a0-3625-4cd4-a379-fcff09430f26_1000.jpg!m_fill,w_280,h_210,f_jpg?from=ke.com
20240329,怀柔,怀柔,101112598345,南华园一区的房子着急出售且配套设施完备必看好房,215万,24352元/平,高楼层 (共6层) | 1994年 | 3室1厅 | 88.29平米 | 南 北,https://ke-image.ljcdn.com/110000-inspection/e2a3ab6d-8c9c-4186-9e75-46d21150861e_1000.jpg!m_fill,w_280,h_210,f_jpg?from=ke.com
20240329,怀柔,怀柔,101112165240,青春路近万达商圈温馨东西朝向两居必看好房,130万,22227元/平,中楼层 (共6层) | 1999年 | 2室1厅 | 58.49平米 | 东 西,https://ke-image.ljcdn.com/110000-inspection/3383a25e-bdab-4f64-b468-46c55cffe5e4_1000.jpg!m_fill,w_280,h_210,f_jpg?from=ke.com
20240329,怀柔,怀柔,101111334105,青春路66号楼满五唯一格局好彩光通透。,268万,27822元/平,底层 (共6层) 2室1厅 | 96.33平米 | 南 北,https://ke-image.ljcdn.com/110000-inspection/2872621c-76f3-4ff3-aaac-51b3fda937e7_1000.jpg!m_fill,w_280,h_210,f_jpg?from=ke.com
20240329,怀柔,怀柔,101123541279,于家园二区南院满五年唯一不临街采光好必看好房,195万,21859元/平,顶层 (共6层) | 1998年 | 3室1厅 | 89.21平米 | 南 北,https://ke-image.ljcdn.com/110000-inspection/d5256237-7016-49d8-b074-84bdc056d531_1000.jpg!m_fill,w_280,h_210,f_jpg?from=ke.com
20240329,怀柔,怀柔,101123519798,世嘉光织谷东区 满五唯一 精装修 采光好必看好房,230万,23024元/平,中楼层 (共7层) | 2013年 | 2室1厅 | 99.9平米 | 南 西,https://ke-image.ljcdn.com/110000-inspection/92e39bef-8f5e-4c42-bd37-e62571598e84_1000.jpg!m_fill,w_280,h_210,f_jpg?from=ke.com
20240329,怀柔,怀柔,101123468286,湖光小区 3室2厅 南 北必看好房,220万,25326元/平,中楼层 (共5层) 3室2厅 | 86.87平米 | 南 北,https://ke-image.ljcdn.com/110000-inspection/pc1_qaJAetPxC.jpg!m_fill,w_280,h_210,f_jpg?from=ke.com
20240329,怀柔,怀柔,101123302803,世嘉光织谷东区 大平层复式 精装修 诚心出售必看好房,410万,25375元/平,高楼层 (共7层) 4室2厅 | 161.58平米 | 南 北,https://ke-image.ljcdn.com/110000-inspection/31693192-3b7e-4fd1-982e-49f5d39f66f0_1000.jpg!m_fill,w_280,h_210,f_jpg?from=ke.com
20240329,怀柔,怀柔,101123291453,湖光山舍  急售  精装修  价可谈 中意者优先必看好房,780万,26412元/平,底层 (共3层) 4室2厅 | 295.33平米 | 南 北,https://ke-image.ljcdn.com/110000-inspection/01e70a3e-1b76-427d-a98d-63fc742755a1_1000.jpg!m_fill,w_280,h_210,f_jpg?from=ke.com
20240329,怀柔,怀柔,101123267311,万通龙山新新小镇联排东边户 大面宽户型,650万,23602元/平,底层 (共3层) 4室2厅 | 275.41平米 | 南 北,https://ke-image.ljcdn.com/110000-inspection/pc1_PVtTCQLso_1.jpg!m_fill,w_280,h_210,f_jpg?from=ke.com
20240329,怀柔,怀柔,101123186807,青春路六院 电梯两居 全明格局必看好房,176万,27665元/平,低楼层 (共9层) 2室1厅 | 63.62平米 | 西 北,https://ke-image.ljcdn.com/110000-inspection/pc1_WlB5DbZho_1.jpg!m_fill,w_280,h_210,f_jpg?from=ke.com
20240329,怀柔,怀柔,101123167272,八龙桥雅苑 房子干净 简单收拾拎包入住必看好房,99万,15752元/平,顶层 (共6层) | 2006年 | 1室1厅 | 62.85平米 | 南 北,https://ke-image.ljcdn.com/110000-inspection/pc1_ESw8JUk5b_1.jpg!m_fill,w_280,h_210,f_jpg?from=ke.com
20240329,怀柔,怀柔,101123104705,龙湖花园 南北通透三居室 双卧朝南客厅有窗必看好房,225万,25866元/平,高楼层 (共6层) 3室1厅 | 86.99平米 | 南 北,https://ke-image.ljcdn.com/110000-inspection/pc1_M7Vg1Gocz_1.jpg!m_fill,w_280,h_210,f_jpg?from=ke.com
20240329,怀柔,怀柔,101123019644,育龙铭居小区东西向诚意出售  价格可议必看好房,127万,18229元/平,高楼层 (共6层) | 2011年 | 2室1厅 | 69.67平米 | 东 西,https://ke-image.ljcdn.com/110000-inspection/pc1_xzK0MTVNh_1.jpg!m_fill,w_280,h_210,f_jpg?from=ke.com
20240329,怀柔,怀柔,101122985468,07年楼龙祥小区楼层高视野开阔满五唯一空间大必看好房,180万,25580元/平,顶层 (共7层) 3室2厅 | 70.37平米 | 南 北,https://ke-image.ljcdn.com/110000-inspection/pc1_EXwCap5Nu_1.jpg!m_fill,w_280,h_210,f_jpg?from=ke.com
20240329,怀柔,怀柔,101122614346,汇都家园 中间楼层 全明格局 满五唯一 房龄新房主自荐,326万,30459元/平,中楼层 (共6层) 3室1厅 | 107.03平米 | 南 北,https://ke-image.ljcdn.com/110000-inspection/pc1_85dItxp3Y_1.jpg!m_fill,w_280,h_210,f_jpg?from=ke.com
20240329,怀柔,怀柔,101122595548,世嘉光织谷西区采光充足精装修。必看好房,175万,21174元/平,顶层 (共7层) 2室2厅 | 82.65平米 | 南 北,https://ke-image.ljcdn.com/110000-inspection/72deb87a-9f48-473c-a580-9551130ec679_1000.jpg!m_fill,w_280,h_210,f_jpg?from=ke.com
20240329,怀柔,怀柔,101122580104,开放路 三居室业主诚意出售 随时签约必看好房,198万,19906元/平,中楼层 (共7层) 3室2厅 | 99.47平米 | 南 北,https://ke-image.ljcdn.com/110000-inspection/9afc18e4-a0fa-4f2b-9a75-98be3614da7b_1000.jpg!m_fill,w_280,h_210,f_jpg?from=ke.com
20240329,怀柔,怀柔,101122538223,于家园三区 三阳开泰户型  低楼层 南北通透,305万,22369元/平,底层 (共6层) 3室2厅 | 136.35平米 | 南 北,https://ke-image.ljcdn.com/110000-inspection/0ca443c2-03e0-4d2e-83cd-3580ed43abd3_1000.jpg!m_fill,w_280,h_210,f_jpg?from=ke.com
20240329,怀柔,怀柔,101122513696,于家园一区中层三居南北通透采光好价格可议,245万,27305元/平,中楼层 (共6层) 3室1厅 | 89.73平米 | 南 北,https://ke-image.ljcdn.com/110000-inspection/pc1_cKe61P4er_1.jpg!m_fill,w_280,h_210,f_jpg?from=ke.com
20240329,怀柔,怀柔,101122268645,育龙铭居 南北通透 采光好  有电梯,153万,23214元/平,高楼层 (共8层) | 2011年 | 2室1厅 | 65.91平米 | 南 北,https://ke-image.ljcdn.com/110000-inspection/5f71d9a2-a6aa-4b5f-a3ff-5c545507f4bf_1000.jpg!m_fill,w_280,h_210,f_jpg?from=ke.com
20240329,怀柔,怀柔,101122255506,南华园四区楼层好采光充足。必看好房,249万,22543元/平,中楼层 (共6层) 3室2厅 | 110.46平米 | 南 北,https://ke-image.ljcdn.com/110000-inspection/e43d0be3-53c5-4164-887c-73e2de510650_1000.jpg!m_fill,w_280,h_210,f_jpg?from=ke.com
20240329,怀柔,怀柔,101121948232,欧郡香水城  南北通透四居室精装修房子在3层,268万,33703元/平,顶层 (共3层) 4室2厅 | 79.52平米 | 南 北,https://ke-image.ljcdn.com/110000-inspection/pc1_bp76dmi9A_1.jpg!m_fill,w_280,h_210,f_jpg?from=ke.com
20240329,怀柔,怀柔,101121822473,汇都家园  全明格局  户型好楼龄新必看好房,278万,25895元/平,顶层 (共6层) 3室2厅 | 107.36平米 | 南 北,https://ke-image.ljcdn.com/110000-inspection/ba0741b8-307c-45ae-b8a6-62b3120001f3_1000.jpg!m_fill,w_280,h_210,f_jpg?from=ke.com
20240329,怀柔,怀柔,101121063782,万通龙山新新小镇 诚心出售 看房方便必看好房,580万,21203元/平,底层 (共2层) | 2002年 | 5室4厅 | 273.55平米 | 南 北,https://ke-image.ljcdn.com/110000-inspection/90b3ead9-617f-4b02-9c21-9c492a1a664f_1000.jpg!m_fill,w_280,h_210,f_jpg?from=ke.com
20240329,怀柔,怀柔,101120924877,新兴居 低楼层 边户全明格局 满五唯一必看好房,198万,21908元/平,底层 (共6层) 2室2厅 | 90.38平米 | 南 北,https://ke-image.ljcdn.com/110000-inspection/349a571e-3fd5-425b-bb0d-061e00d88606_1000.jpg!m_fill,w_280,h_210,f_jpg?from=ke.com
20240329,怀柔,怀柔,101120795272,南华园二区 低楼层 看房方便 可贷款 南北三居必看好房,238万,26048元/平,底层 (共6层) | 1997年 | 3室2厅 | 91.37平米 | 南 北,https://ke-image.ljcdn.com/110000-inspection/e850f056-f8a8-496f-94e5-ef0af8fcc4e4_1000.jpg!m_fill,w_280,h_210,f_jpg?from=ke.com
20240329,怀柔,怀柔,101119525148,龙祥小区品质三居随时看房随时签约。必看好房,319万,25866元/平,中楼层 (共7层) | 2007年 | 3室2厅 | 123.33平米 | 南 北,https://ke-image.ljcdn.com/110000-inspection/226d932c-371a-497d-b742-e2e1eab1bf86_1000.jpg!m_fill,w_280,h_210,f_jpg?from=ke.com
20240329,怀柔,怀柔,101119190084,益田影人四季花园 南北通透 采光充足必看好房,210万,21132元/平,顶层 (共8层) | 2012年 | 2室1厅 | 99.38平米 | 南 北,https://ke-image.ljcdn.com/110000-inspection/57526384-683e-4428-af0e-12b1f0e0d5a6_1000.jpg!m_fill,w_280,h_210,f_jpg?from=ke.com
20240329,怀柔,怀柔,101118121385,龍祥小區 满五年唯一商品房三居室,248万,22987元/平,中楼层 (共7层) | 2007年 | 3室1厅 | 107.89平米 | 东 西,https://ke-image.ljcdn.com/110000-inspection/813eabc0-6d9a-4a30-b539-bae8b2664c96_1000.jpg!m_fill,w_280,h_210,f_jpg?from=ke.com
20240329,怀柔,怀柔,101117037793,世嘉光织谷东区  精装修三居室,330万,25913元/平,底层 (共7层) | 2013年 | 3室2厅 | 127.35平米 | 南 北,https://ke-image.ljcdn.com/110000-inspection/19f52bdb-ad40-41f3-b0cb-da1a7a9cfbfd_1000.jpg!m_fill,w_280,h_210,f_jpg?from=ke.com
20240329,怀柔,怀柔,101113039181,东关一区 南北通透  视野开阔  看房方便,213万,27865元/平,顶层 (共7层) | 1996年 | 2室1厅 | 76.44平米 | 南 北,https://ke-image.ljcdn.com/110000-inspection/pc1_SW7ax19nd_1.jpg!m_fill,w_280,h_210,f_jpg?from=ke.com
20240329,怀柔,怀柔,101112264292,世嘉光织谷东区   满五唯一低密度洋房,180万,22517元/平,中楼层 (共6层) | 2013年 | 1室2厅 | 79.94平米 | 南,https://ke-image.ljcdn.com/110000-inspection/b7bd76cf-c9df-4109-a13e-136dbb59473a_1000.jpg!m_fill,w_280,h_210,f_jpg?from=ke.com
20240329,怀柔,怀柔,101111354664,丽湖馨居 高瞻远瞩  风景独好,538万,38124元/平,顶层 (共9层) 5室3厅 | 141.12平米 | 南 北,https://ke-image.ljcdn.com/110000-inspection/b18d0eb4-7ef3-43f9-907b-6e6c0be98ad7_1000.jpg!m_fill,w_280,h_210,f_jpg?from=ke.com
20240329,怀柔,怀柔,101113641517,东亚华欣湾 采光充足 中间楼层必看好房,121万,13944元/平,中楼层 (共10层) | 2016年 | 2室1厅 | 86.78平米 | 西南,https://s1.ljcdn.com/pegasus/redskull/images/common/default_house_list.png?_v=20240306121103
20240329,怀柔,怀柔,101123612104,泉河园二区 3室1厅 南 北新上,270万,31491元/平,底层 (共6层) 3室1厅 | 85.74平米 | 南 北,https://ke-image.ljcdn.com/110000-inspection/a6bf423f-aef8-472a-9f46-6f9f631a134c_1000.jpg!m_fill,w_280,h_210,f_jpg?from=ke.com
20240329,怀柔,怀柔,101123599176,此房满五年唯一南北通透格局好视野宽阔采光好新上,159万,25111元/平,顶层 (共6层) 2室1厅 | 63.32平米 | 南 北,https://ke-image.ljcdn.com/110000-inspection/08aa2550-211c-4419-9648-dbf5685f1739_1000.jpg!m_fill,w_280,h_210,f_jpg?from=ke.com
20240329,怀柔,怀柔,101123589776,富乐大街9号院 3室1厅 南 北新上,220万,22917元/平,高楼层 (共6层) 3室1厅 | 96平米 | 南 北,https://ke-image.ljcdn.com/110000-inspection/6ac2c565-a82b-4110-a0ba-048bfb16c60c_1000.jpg!m_fill,w_280,h_210,f_jpg?from=ke.com
20240329,怀柔,怀柔,101123579936,金善名居满五唯一楼层好视野开阔新上,160万,21056元/平,高楼层 (共6层) 2室1厅 | 75.99平米 | 南 北,https://ke-image.ljcdn.com/110000-inspection/5cc58d16-ef4b-40f2-9c88-8053636418a9_1000.jpg!m_fill,w_280,h_210,f_jpg?from=ke.com
20240329,怀柔,怀柔,101123577614,世嘉光织谷西区 精装修 中间楼层三居室新上,330万,25080元/平,中楼层 (共6层) | 2012年 | 3室1厅 | 131.58平米 | 南 北,https://ke-image.ljcdn.com/110000-inspection/f0d1d100-ba97-44d8-8e29-c746e5725b07_1000.jpg!m_fill,w_280,h_210,f_jpg?from=ke.com
20240329,怀柔,怀柔,101123575033,南华街小区 3室1厅 南 北新上,225万,25180元/平,中楼层 (共5层) 3室1厅 | 89.36平米 | 南 北,https://ke-image.ljcdn.com/110000-inspection/pc1_YKV5WcnD0.jpg!m_fill,w_280,h_210,f_jpg?from=ke.com
20240329,怀柔,怀柔,101123562686,育龙铭居新上2居室南北通透低楼层房源新上,145万,21990元/平,底层 (共9层) 2室1厅 | 65.94平米 | 南 北,https://ke-image.ljcdn.com/110000-inspection/c500c3f9-229f-49d3-8fc7-823e8fe5f4fd_1000.jpg!m_fill,w_280,h_210,f_jpg?from=ke.com
20240329,怀柔,怀柔,101123559692,北京城建·胜悦居开放西路14号院新上,275万,37248元/平,顶层 (共15层) 2室1厅 | 73.83平米 | 南,https://ke-image.ljcdn.com/110000-inspection/pc1_rJioyjBby.jpg!m_fill,w_280,h_210,f_jpg?from=ke.com
20240329,怀柔,怀柔,101123557918,雁栖一品园B区 2室2厅 南 北新上,325万,30935元/平,低楼层 (共15层) 2室2厅 | 105.06平米 | 南 北,https://ke-image.ljcdn.com/110000-inspection/8ee6cbce-e4f8-4c9d-8738-23b015dc326e_1000.jpg!m_fill,w_280,h_210,f_jpg?from=ke.com
20240329,怀柔,怀柔,101123557847,雁栖一品园B区 3室2厅 南 北新上,425万,32197元/平,中楼层 (共14层) 3室2厅 | 132平米 | 南 北,https://ke-image.ljcdn.com/110000-inspection/21f95e6f-d8cc-47fb-bf67-ce15663439da_1000.jpg!m_fill,w_280,h_210,f_jpg?from=ke.com
20240329,怀柔,怀柔,101123548275,北京城建胜悦居楼龄新装修好随时签不临街新上,250万,33862元/平,高楼层 (共15层) | 2018年 | 2室1厅 | 73.83平米 | 南,https://ke-image.ljcdn.com/110000-inspection/pc1_8FTRAviRM.jpg!m_fill,w_280,h_210,f_jpg?from=ke.com
20240329,怀柔,怀柔,101123548066,北京城建胜悦居业主诚意出售可以随时签约不临街新上,185万,31903元/平,高楼层 (共12层) | 2018年 | 1室1厅 | 57.99平米 | 南,https://ke-image.ljcdn.com/110000-inspection/b79533c2-37d9-4138-9e0d-c1b4d44f1267_1000.jpg!m_fill,w_280,h_210,f_jpg?from=ke.com
20240329,怀柔,怀柔,101123544865,育龙铭居 2室1厅 南 北新上,145万,21960元/平,中楼层 (共9层) 2室1厅 | 66.03平米 | 南 北,https://ke-image.ljcdn.com/110000-inspection/647d53f6-9326-4c0a-bb22-3671827a6a50_1000.jpg!m_fill,w_280,h_210,f_jpg?from=ke.com
20240329,怀柔,怀柔,101123539407,胜悦居 南北通透两居室 卫生间带窗 高楼层 采光通风好新上,335万,38082元/平,中楼层 (共11层) 2室1厅 | 87.97平米 | 南 北,https://ke-image.ljcdn.com/110000-inspection/ee89dfdb-bd94-4aee-9b5c-4ca55a8cb8bf_1000.jpg!m_fill,w_280,h_210,f_jpg?from=ke.com
20240329,怀柔,怀柔,101123537753,八龙桥雅苑 1室1厅 北新上,130万,21721元/平,中楼层 (共5层) 1室1厅 | 59.85平米 | 北,https://ke-image.ljcdn.com/110000-inspection/pc1_CROiaNDBN.jpg!m_fill,w_280,h_210,f_jpg?from=ke.com
20240329,怀柔,怀柔,101123526997,青春路九院 2室1厅 南 北新上,153万,24806元/平,顶层 (共6层) 2室1厅 | 61.68平米 | 南 北,https://ke-image.ljcdn.com/110000-inspection/75b65381-7111-4cec-9772-6a61c6028899_1000.jpg!m_fill,w_280,h_210,f_jpg?from=ke.com
20240329,怀柔,怀柔,101123521908,青春路 3室1厅 南 北新上,232万,27160元/平,中楼层 (共5层) 3室1厅 | 85.42平米 | 南 北,https://ke-image.ljcdn.com/110000-inspection/pc1_7w6wDhnYt_1.jpg!m_fill,w_280,h_210,f_jpg?from=ke.com
20240329,怀柔,怀柔,101123519759,于家园一区    满五唯一   带地下室  健身楼层 采光好新上,225万,27951元/平,顶层 (共6层) 3室1厅 | 80.5平米 | 南 北,https://ke-image.ljcdn.com/110000-inspection/dba01ecc-3743-4e93-84fa-107626446976_1000.jpg!m_fill,w_280,h_210,f_jpg?from=ke.com
20240329,怀柔,怀柔,101123509578,滨湖南街小区 大通阳台  明厨明卫新上,238万,21264元/平,顶层 (共6层) | 1998年 | 3室2厅 | 111.93平米 | 南 北,https://ke-image.ljcdn.com/110000-inspection/1ab7860c-7da6-4296-88b4-af49d800836d_1000.jpg!m_fill,w_280,h_210,f_jpg?from=ke.com
20240329,怀柔,怀柔,101123506234,青春苑四院 3室1厅 南 北,290万,36156元/平,中楼层 (共6层) 3室1厅 | 80.21平米 | 南 北,https://ke-image.ljcdn.com/110000-inspection/pc1_VNVN3ZjL4.jpg!m_fill,w_280,h_210,f_jpg?from=ke.com
20240329,怀柔,怀柔,101123504363,东关一区 2室1厅 南 北,189万,28503元/平,低楼层 (共6层) 2室1厅 | 66.31平米 | 南 北,https://ke-image.ljcdn.com/110000-inspection/4f614136-ec3c-4e27-a2dc-369a012b67c4_1000.jpg!m_fill,w_280,h_210,f_jpg?from=ke.com
20240329,怀柔,怀柔,101123502196,益田影人四季花园新上精装修房源新上,248万,24032元/平,中楼层 (共8层) 2室1厅 | 103.2平米 | 南 北,https://ke-image.ljcdn.com/110000-inspection/pc1_rGl9vQry1.jpg!m_fill,w_280,h_210,f_jpg?from=ke.com
20240329,怀柔,怀柔,101123502131,柏泉庄园雁鸣园B区  满五唯一  全明格局   采光好新上,123万,21362元/平,高楼层 (共15层) 1室1厅 | 57.58平米 | 南 北,https://ke-image.ljcdn.com/110000-inspection/77a1a525-f379-49bd-860f-d73234c02ba3_1000.jpg!m_fill,w_280,h_210,f_jpg?from=ke.com
20240329,怀柔,怀柔,101123477494,青春路1号院 南北通透 满五唯一 采光充足,210万,26409元/平,顶层 (共6层) 3室1厅 | 79.52平米 | 南 北,https://ke-image.ljcdn.com/110000-inspection/79a5a219-6330-4ba5-9a26-1d8de9ae016b_1000.jpg!m_fill,w_280,h_210,f_jpg?from=ke.com
20240329,怀柔,怀柔,101123468311,电梯房 八层大两居可以看到湖边的酒店,183万,20555元/平,中楼层 (共13层) | 2013年 | 2室1厅 | 89.03平米 | 南 北,https://ke-image.ljcdn.com/110000-inspection/94837fc2-4828-4674-97c3-20d4fba9ddde_1000.jpg!m_fill,w_280,h_210,f_jpg?from=ke.com
20240329,怀柔,怀柔,101123435059,满五唯一南北通透格局视野宽阔采光充足、中间层,150万,19335元/平,低楼层 (共6层) 2室1厅 | 77.58平米 | 南 北,https://ke-image.ljcdn.com/110000-inspection/8aa0347c-089b-4f82-870e-7716b1b3836f_1000.jpg!m_fill,w_280,h_210,f_jpg?from=ke.com
20240329,怀柔,怀柔,101123429478,怀柔新新家园 2室1厅 东 西,350万,40543元/平,低楼层 (共15层) 2室1厅 | 86.33平米 | 东 西,https://ke-image.ljcdn.com/110000-inspection/pc1_Nizml6iz0_1.jpg!m_fill,w_280,h_210,f_jpg?from=ke.com
20240329,怀柔,怀柔,101123428285,泊岸 3室2厅 南 北,570万,40258元/平,低楼层 (共6层) | 2012年 | 3室2厅 | 141.59平米 | 南 北,https://ke-image.ljcdn.com/110000-inspection/e938792f-7089-4ad4-b3b1-b092e6a0daaf_1000.jpg!m_fill,w_280,h_210,f_jpg?from=ke.com
20240329,怀柔,怀柔,101123419152,育龙铭居 满五唯一 低楼层 楼龄新 有电梯,137万,20698元/平,底层 (共9层) 2室1厅 | 66.19平米 | 东 西,https://ke-image.ljcdn.com/110000-inspection/pc1_DD1THdUKF.jpg!m_fill,w_280,h_210,f_jpg?from=ke.com
20240329,怀柔,怀柔,101123411597,泉河园二区二层客厅通阳台三居有储藏室,349万,36268元/平,低楼层 (共6层) 3室1厅 | 96.23平米 | 南 北,https://ke-image.ljcdn.com/110000-inspection/d6823ff7-1d13-447e-b114-38fdc5588fe3_1000.jpg!m_fill,w_280,h_210,f_jpg?from=ke.com
20240329,怀柔,怀柔,101123411193,莲馨苑 3室2厅 南 北,220万,25677元/平,底层 (共6层) | 2005年 | 3室2厅 | 85.68平米 | 南 北,https://ke-image.ljcdn.com/110000-inspection/0966ce3b-dfc9-4a3d-a87f-c200d2d5476b_1000.jpg!m_fill,w_280,h_210,f_jpg?from=ke.com
20240329,怀柔,怀柔,101123406843,东园南区 南北通透 成熟社区 采光好房主自荐,315万,33763元/平,顶层 (共6层) 3室1厅 | 93.3平米 | 南 北,https://ke-image.ljcdn.com/110000-inspection/85a960f0-3448-4e9c-8cd9-c5bd438b6b3d_1000.jpg!m_fill,w_280,h_210,f_jpg?from=ke.com
20240329,怀柔,怀柔,101123400234,电梯房 四层大两居可以看到湖边的酒店,183万,20562元/平,低楼层 (共13层) 2室1厅 | 89平米 | 南 北,https://ke-image.ljcdn.com/110000-inspection/23b36a8d-cbf3-4ffb-87bd-c2d92ec2a9d4_1000.jpg!m_fill,w_280,h_210,f_jpg?from=ke.com
20240329,怀柔,怀柔,101123396351,东关一区 电梯房 纯南户型 采光好,195万,26797元/平,顶层 (共6层) 2室1厅 | 72.77平米 | 南 北,https://ke-image.ljcdn.com/110000-inspection/cfa8c3c8-35ae-4ba4-848c-1620b1acfe0e_1000.jpg!m_fill,w_280,h_210,f_jpg?from=ke.com
20240329,怀柔,怀柔,101123391407,育龙铭居  诚意出售  随时签约,150万,22714元/平,中楼层 (共8层) | 2011年 | 2室1厅 | 66.04平米 | 南 北,https://ke-image.ljcdn.com/110000-inspection/0d8a8696-315e-43d9-8f2e-f757e6f7c233_1000.jpg!m_fill,w_280,h_210,f_jpg?from=ke.com
20240329,怀柔,怀柔,101123390276,龍祥小區此房满两年采光好户型方正,240万,24354元/平,高楼层 (共7层) | 2007年 | 2室2厅 | 98.55平米 | 东 西,https://ke-image.ljcdn.com/110000-inspection/914b1e25-a36e-49ed-88b1-5bb9858ea014_1000.jpg!m_fill,w_280,h_210,f_jpg?from=ke.com
20240329,怀柔,怀柔,101123389453,礼贤街 2室1厅 南 北,155万,29401元/平,底层 (共6层) 2室1厅 | 52.72平米 | 南 北,https://ke-image.ljcdn.com/110000-inspection/8c20c62d-a4ae-4949-95a0-67fc26914db3_1000.jpg!m_fill,w_280,h_210,f_jpg?from=ke.com
20240329,怀柔,怀柔,101123385660,新贤家园 纯南顶层一居室 视野采光充足,215万,34494元/平,顶层 (共11层) | 2013年 | 1室1厅 | 62.33平米 | 南,https://ke-image.ljcdn.com/110000-inspection/a998260e-1287-4882-a552-e37f01581af7_1000.jpg!m_fill,w_280,h_210,f_jpg?from=ke.com
20240329,怀柔,怀柔,101123378266,泊岸 3室2厅 南 北,600万,36404元/平,中楼层 (共4层) | 2012年 | 3室2厅 | 164.82平米 | 南 北,https://ke-image.ljcdn.com/110000-inspection/pc1_DQCzRERae_1.jpg!m_fill,w_280,h_210,f_jpg?from=ke.com
20240329,怀柔,怀柔,101123377258,金善名居  客厅通阳台   采光好 视野宽阔  看房有钥匙,225万,23450元/平,中楼层 (共6层) 3室2厅 | 95.95平米 | 南 北,https://ke-image.ljcdn.com/110000-inspection/0feafc0d-4d2f-4e3f-8bf7-1c37ebcb65ac_1000.jpg!m_fill,w_280,h_210,f_jpg?from=ke.com
20240329,怀柔,怀柔,101123375451,潘家园小区 1室1厅 南,125万,28255元/平,低楼层 (共6层) 1室1厅 | 44.24平米 | 南,https://ke-image.ljcdn.com/110000-inspection/281f7ad0-5c4e-4762-a07e-f1e38d0a4203_1000.jpg!m_fill,w_280,h_210,f_jpg?from=ke.com
20240329,怀柔,怀柔,101123367796,东关一区 3室1厅 南 北,299万,30288元/平,中楼层 (共6层) 3室1厅 | 98.72平米 | 南 北,https://ke-image.ljcdn.com/110000-inspection/bda08416-b60f-4c66-85c4-bfec932e0d42_1000.jpg!m_fill,w_280,h_210,f_jpg?from=ke.com
20240329,怀柔,怀柔,101123345887,于家园二区北院 3室1厅 南 北,165万,22517元/平,顶层 (共6层) 3室1厅 | 73.28平米 | 南 北,https://ke-image.ljcdn.com/110000-inspection/920d8e42-7751-483c-a7d1-b84af22a12c7_1000.jpg!m_fill,w_280,h_210,f_jpg?from=ke.com
20240329,怀柔,怀柔,101123340360,东园南区 中层 三居室 满五唯一 采光充足,235万,29208元/平,中楼层 (共6层) 3室1厅 | 80.46平米 | 南 北,https://ke-image.ljcdn.com/110000-inspection/b2ddf9c2-3b47-4b95-b086-663c31db3d3b_1000.jpg!m_fill,w_280,h_210,f_jpg?from=ke.com
20240329,怀柔,怀柔,101123338461,杨家园小区 低楼层三居室 南北通透 视野无遮挡,208万,28750元/平,低楼层 (共6层) | 1994年 | 3室1厅 | 72.35平米 | 南 北,https://ke-image.ljcdn.com/110000-inspection/765c62e6-d77b-446d-a3e4-adfe36b9b1b1_1000.jpg!m_fill,w_280,h_210,f_jpg?from=ke.com
20240329,怀柔,怀柔,101123331142,世嘉光织谷东区精装修低楼层,415万,30308元/平,底层 (共6层) 3室2厅 | 136.93平米 | 南 北,https://ke-image.ljcdn.com/110000-inspection/01f68f1f-f008-4b95-899c-1c43d5ed9548_1000.jpg!m_fill,w_280,h_210,f_jpg?from=ke.com
20240329,怀柔,怀柔,101123319302,房子是南北通透 客厅通阳台格局 前后无遮挡 采光好,189万,30082元/平,高楼层 (共6层) 2室1厅 | 62.83平米 | 南 北,https://ke-image.ljcdn.com/110000-inspection/d0192b79-6c8f-4d65-938c-cf414351ff57_1000.jpg!m_fill,w_280,h_210,f_jpg?from=ke.com
20240329,怀柔,怀柔,101123317382,湖光小区 2室2厅 南 北,225万,25404元/平,高楼层 (共6层) 2室2厅 | 88.57平米 | 南 北,https://ke-image.ljcdn.com/110000-inspection/pc1_D2a2TLDKs_1.jpg!m_fill,w_280,h_210,f_jpg?from=ke.com
20240329,怀柔,怀柔,101123311408,下园 3室1厅 南 北,180万,31803元/平,底层 (共6层) 3室1厅 | 56.6平米 | 南 北,https://ke-image.ljcdn.com/110000-inspection/1a677fb3-b75c-44e8-a8ed-bae7edccb80e_1000.jpg!m_fill,w_280,h_210,f_jpg?from=ke.com
20240329,怀柔,怀柔,101123309805,南华园四区 3室1厅 南 北,220万,27343元/平,中楼层 (共6层) 3室1厅 | 80.46平米 | 南 北,https://ke-image.ljcdn.com/110000-inspection/c87ce813-3a67-432e-885d-7f057eebe839_1000.jpg!m_fill,w_280,h_210,f_jpg?from=ke.com
20240329,怀柔,怀柔,101123302219,裕华园一区 3室1厅 南 西,135万,21002元/平,高楼层 (共15层) 3室1厅 | 64.28平米 | 南 西,https://ke-image.ljcdn.com/110000-inspection/92fbf04d-38ce-4347-aa01-c2a77a3971f4_1000.jpg!m_fill,w_280,h_210,f_jpg?from=ke.com
20240329,怀柔,怀柔,101123298375,富乐家园 满五唯一 楼层好 采光通透,230万,24082元/平,中楼层 (共5层) 2室2厅 | 95.51平米 | 东 西,https://ke-image.ljcdn.com/110000-inspection/f89b4f49-6fe7-4cde-a760-42021edd3375_1000.jpg!m_fill,w_280,h_210,f_jpg?from=ke.com
20240329,怀柔,怀柔,101123295521,潘家园小区   房龄新  客厅带窗户  健身楼层,270万,23571元/平,顶层 (共5层) 3室2厅 | 114.55平米 | 南 北,https://ke-image.ljcdn.com/110000-inspection/pc1_jNWXAETmh.jpg!m_fill,w_280,h_210,f_jpg?from=ke.com
20240329,怀柔,怀柔,101123286844,金台园顶层 南北通透三居 楼南是平房无遮挡 视野开阔,199万,25092元/平,顶层 (共6层) | 1996年 | 3室1厅 | 79.31平米 | 南 北,https://ke-image.ljcdn.com/110000-inspection/f7bb28c2-0af6-4a15-bc11-de8187bb24f9_1000.jpg!m_fill,w_280,h_210,f_jpg?from=ke.com
20240329,怀柔,怀柔,101123276654,本房有电梯有电梯小区里为数不多的电梯楼,345万,25004元/平,中楼层 (共6层) 3室2厅 | 137.98平米 | 南 北,https://ke-image.ljcdn.com/110000-inspection/b1bfb46c-40a6-49a5-994b-b3afebe121aa_1000.jpg!m_fill,w_280,h_210,f_jpg?from=ke.com
20240329,怀柔,怀柔,101123275655,世嘉光织谷东区 1室1厅 西,150万,30575元/平,中楼层 (共7层) 1室1厅 | 49.06平米 | 西,https://ke-image.ljcdn.com/110000-inspection/9ddc11b4-ac16-4618-a8c4-409185d49c5d_1000.jpg!m_fill,w_280,h_210,f_jpg?from=ke.com
20240329,怀柔,怀柔,101123275319,滨湖小区 2室1厅 南,170万,27062元/平,中楼层 (共5层) 2室1厅 | 62.82平米 | 南,https://ke-image.ljcdn.com/110000-inspection/pc1_yU1LKSDVi.jpg!m_fill,w_280,h_210,f_jpg?from=ke.com
20240329,怀柔,怀柔,101123274115,泉河园二区  南北通透  采光好  无任何遮挡,289万,28212元/平,顶层 (共6层) | 2003年 | 3室2厅 | 102.44平米 | 南 北,https://ke-image.ljcdn.com/110000-inspection/8311b71b-8523-47c8-be93-0c26ac0e54a9_1000.jpg!m_fill,w_280,h_210,f_jpg?from=ke.com
20240329,怀柔,怀柔,101123268460,凤瑞二园一层俩居室适合老人换房居住。,160万,23392元/平,底层 (共6层) 2室1厅 | 68.4平米 | 南 北,https://ke-image.ljcdn.com/110000-inspection/32869d41-7cd4-45f9-88e6-d1bac1b16f59_1000.jpg!m_fill,w_280,h_210,f_jpg?from=ke.com
20240329,怀柔,怀柔,101123264490,顶秀美泉小镇C区 2室1厅 南 北,246万,27499元/平,中楼层 (共5层) 2室1厅 | 89.46平米 | 南 北,https://ke-image.ljcdn.com/110000-inspection/51154feb-7d95-4d71-b0ce-b13449e41574_1000.jpg!m_fill,w_280,h_210,f_jpg?from=ke.com
20240329,怀柔,怀柔,101123254544,小中富乐二区 精装修 次顶层三居室 南北通透,220万,25095元/平,高楼层 (共6层) 3室2厅 | 87.67平米 | 南 北,https://ke-image.ljcdn.com/110000-inspection/bbadaca5-40a2-4070-b232-12b1a0ebc58d_1000.jpg!m_fill,w_280,h_210,f_jpg?from=ke.com
20240329,怀柔,怀柔,101123253103,西园 2室2厅 南 西 北,209万,27904元/平,中楼层 (共5层) 2室2厅 | 74.9平米 | 南 西 北,https://ke-image.ljcdn.com/110000-inspection/pc1_Y3WDnevSC_1.jpg!m_fill,w_280,h_210,f_jpg?from=ke.com
20240329,怀柔,怀柔,101123246694,青春路 低楼层两居室 精装修 看房方便,165万,30790元/平,底层 (共4层) | 1980年 | 2室1厅 | 53.59平米 | 南 北,https://ke-image.ljcdn.com/110000-inspection/d3590f31-3db5-4e87-a331-eddf5fe4646d_1000.jpg!m_fill,w_280,h_210,f_jpg?from=ke.com
20240329,怀柔,怀柔,101123241788,成熟社区经典小三居配套完善随时签约！！！,189万,25887元/平,顶层 (共6层) | 2006年 | 3室1厅 | 73.01平米 | 南 北,https://ke-image.ljcdn.com/110000-inspection/421fba7a-ae2d-4262-9479-e8b70c26ed3a_1000.jpg!m_fill,w_280,h_210,f_jpg?from=ke.com
20240329,怀柔,怀柔,101123240226,中楼层户型方正青山绿水空气清新休闲适合宜居,240万,16535元/平,中楼层 (共5层) 2室2厅 | 145.15平米 | 东 西,https://ke-image.ljcdn.com/110000-inspection/e3a22cd8-4077-4950-9c4c-49e7390b05b0_1000.jpg!m_fill,w_280,h_210,f_jpg?from=ke.com
20240329,怀柔,怀柔,101123236625,西园 4室2厅 南 北,260万,25715元/平,底层 (共5层) 4室2厅 | 101.11平米 | 南 北,https://ke-image.ljcdn.com/110000-inspection/416a7c23-d794-4431-94dd-702e1e07aae4_1000.jpg!m_fill,w_280,h_210,f_jpg?from=ke.com
20240329,怀柔,怀柔,101123234395,雁栖一品园B区 1室1厅 南,158万,26378元/平,高楼层 (共15层) 1室1厅 | 59.9平米 | 南,https://ke-image.ljcdn.com/110000-inspection/56a1f77c-55dd-4006-b154-10d5a09b0e45_1000.jpg!m_fill,w_280,h_210,f_jpg?from=ke.com
20240329,怀柔,怀柔,101123226371,安乐馨居 3室1厅 南 北,198万,18199元/平,中楼层 (共17层) 3室1厅 | 108.8平米 | 南 北,https://ke-image.ljcdn.com/110000-inspection/pc1_QXTAm12nu.jpg!m_fill,w_280,h_210,f_jpg?from=ke.com
20240329,怀柔,怀柔,101123226263,滨湖南街小区 3室2厅 南 北,288万,25637元/平,中楼层 (共5层) | 1996年 | 3室2厅 | 112.34平米 | 南 北,https://ke-image.ljcdn.com/110000-inspection/0d14d567-155b-4174-9c77-b6ce0dac7171_1000.jpg!m_fill,w_280,h_210,f_jpg?from=ke.com
20240329,怀柔,怀柔,101123213828,龙山御景 3室2厅 南 北 西,699万,48337元/平,低楼层 (共21层) | 2014年 | 3室2厅 | 144.61平米 | 南 北 西,https://ke-image.ljcdn.com/110000-inspection/pc1_WoqUA2wl6_1.jpg!m_fill,w_280,h_210,f_jpg?from=ke.com
20240329,怀柔,怀柔,101123212515,于家园一区 3室1厅 南 北,210万,25483元/平,顶层 (共6层) | 2003年 | 3室1厅 | 82.41平米 | 南 北,https://ke-image.ljcdn.com/110000-inspection/187dcf8f-3873-42a7-9ebd-0c41bc697358_1000.jpg!m_fill,w_280,h_210,f_jpg?from=ke.com
20240329,怀柔,怀柔,101123211782,育龙铭居电梯房满五唯一纯南一居室,130万,22434元/平,高楼层 (共9层) 1室1厅 | 57.95平米 | 南,https://ke-image.ljcdn.com/110000-inspection/ba5cd344-098b-4839-98ba-580316b6e415_1000.jpg!m_fill,w_280,h_210,f_jpg?from=ke.com
20240329,怀柔,怀柔,101123206568,北园看房方便满五年唯一业主诚意出售,200万,25537元/平,高楼层 (共6层) 3室1厅 | 78.32平米 | 南 北,https://ke-image.ljcdn.com/110000-inspection/e918918d-ec05-4ace-8e8c-90c2f2ba1ee6_1000.jpg!m_fill,w_280,h_210,f_jpg?from=ke.com
20240329,怀柔,怀柔,101123204205,天韵家园 2室1厅 南 北,310万,33940元/平,中楼层 (共6层) 2室1厅 | 91.34平米 | 南 北,https://ke-image.ljcdn.com/110000-inspection/pc1_6kcv5MCPa.jpg!m_fill,w_280,h_210,f_jpg?from=ke.com
20240329,怀柔,怀柔,101123198079,新元居小区 低楼层 出行方便 南北通透采光好,295万,26958元/平,低楼层 (共6层) 3室2厅 | 109.43平米 | 南 北,https://ke-image.ljcdn.com/110000-inspection/pc1_Wb5x4q6NW_1.jpg!m_fill,w_280,h_210,f_jpg?from=ke.com
20240329,怀柔,怀柔,101123195783,青春路1号院 3室1厅 南 北,140万,22978元/平,中楼层 (共4层) 3室1厅 | 60.93平米 | 南 北,https://ke-image.ljcdn.com/110000-inspection/791fa691-f7bd-4388-9293-d3a696beb370_1000.jpg!m_fill,w_280,h_210,f_jpg?from=ke.com
20240329,怀柔,怀柔,101123194084,富乐小区南里 1室2厅 南 西 北,153万,26577元/平,中楼层 (共6层) | 2000年 | 1室2厅 | 57.57平米 | 南 西 北,https://ke-image.ljcdn.com/110000-inspection/pc1_PVikM408w.jpg!m_fill,w_280,h_210,f_jpg?from=ke.com
20240329,怀柔,怀柔,101123190997,南华街小区 把边 全明户型 四居室,250万,21030元/平,顶层 (共5层) 4室1厅 | 118.88平米 | 南 北,https://ke-image.ljcdn.com/110000-inspection/48c0ed9c-0ba3-46fe-a419-54e55ff2210d_1000.jpg!m_fill,w_280,h_210,f_jpg?from=ke.com
20240329,怀柔,怀柔,101123187508,小中富乐二区 满五唯一 看房方便 采光好,251万,26929元/平,顶层 (共6层) 3室1厅 | 93.21平米 | 南 北,https://ke-image.ljcdn.com/110000-inspection/d7222dc4-3319-4cf2-935a-f6e4e112b3d2_1000.jpg!m_fill,w_280,h_210,f_jpg?from=ke.com
20240329,怀柔,怀柔,101123187011,南华园四区 客厅通阳台户型 高楼层采光充足,199万,20740元/平,顶层 (共6层) 2室2厅 | 95.95平米 | 南 北,https://ke-image.ljcdn.com/110000-inspection/8ee394b9-4c02-41d4-91fd-8601a3ed0898_1000.jpg!m_fill,w_280,h_210,f_jpg?from=ke.com
20240329,怀柔,怀柔,101123184054,于家园三区南北通透三居室精装修低楼层看房方便,305万,27773元/平,低楼层 (共6层) 3室1厅 | 109.82平米 | 南 北,https://ke-image.ljcdn.com/110000-inspection/pc1_5GrRmf2Tk.jpg!m_fill,w_280,h_210,f_jpg?from=ke.com
20240329,怀柔,怀柔,101123180328,房子格局好精装修南北通透适合居住。,220万,20913元/平,高楼层 (共6层) 3室2厅 | 105.2平米 | 南 西 北,https://ke-image.ljcdn.com/110000-inspection/pc1_5bcCcr3Y9_1.jpg!m_fill,w_280,h_210,f_jpg?from=ke.com
20240329,怀柔,怀柔,101123178957,泉河园二区 采光好 客厅通阳台 诚意出售,320万,25545元/平,顶层 (共5层) 3室1厅 | 125.27平米 | 南 北,https://ke-image.ljcdn.com/110000-inspection/3dc14c7c-9553-4a70-b1dd-813c8b267647_1000.jpg!m_fill,w_280,h_210,f_jpg?from=ke.com
20240329,怀柔,怀柔,101123177982,青春路一院两居室南北通透中间楼层适合居住,185万,30453元/平,中楼层 (共6层) 2室1厅 | 60.75平米 | 南 北,https://ke-image.ljcdn.com/110000-inspection/92227936-a000-42d1-9b2f-c24aea84a802_1000.jpg!m_fill,w_280,h_210,f_jpg?from=ke.com
20240329,怀柔,怀柔,101123177100,潘家园小区 2室1厅 南 北,210万,27665元/平,底层 (共5层) 2室1厅 | 75.91平米 | 南 北,https://ke-image.ljcdn.com/110000-inspection/pc1_931I9cQXX_1.jpg!m_fill,w_280,h_210,f_jpg?from=ke.com
20240329,怀柔,怀柔,101123175915,滨湖小区 满五唯一 楼层好 位置好,203万,26974元/平,中楼层 (共5层) 2室1厅 | 75.26平米 | 南 西 北,https://ke-image.ljcdn.com/110000-inspection/pc1_k6KnM3fJw_1.jpg!m_fill,w_280,h_210,f_jpg?from=ke.com
20240329,怀柔,怀柔,101123174771,金泰苑小区客厅通阳台采光好南北通透,245万,28800元/平,高楼层 (共6层) 2室1厅 | 85.07平米 | 南 北,https://ke-image.ljcdn.com/110000-inspection/a70750d7-2ea5-4940-8ef2-b70f2c5e7614_1000.jpg!m_fill,w_280,h_210,f_jpg?from=ke.com
20240329,怀柔,怀柔,101123161691,融城园南区精装修南北通透三居室采光好,265万,22812元/平,中楼层 (共6层) 3室2厅 | 116.17平米 | 南 北,https://ke-image.ljcdn.com/110000-inspection/b61cfff8-3745-467f-8f35-bf36677fc51b_1000.jpg!m_fill,w_280,h_210,f_jpg?from=ke.com
20240329,怀柔,怀柔,101123159931,怀柔科学城顶秀美泉小镇A区南北两居室房主自荐,260万,29224元/平,底层 (共4层) 2室1厅 | 88.97平米 | 南 北,https://ke-image.ljcdn.com/110000-inspection/a73a130c-c9ff-4fb8-af1f-87d22fff1296_1000.jpg!m_fill,w_280,h_210,f_jpg?from=ke.com
20240329,怀柔,怀柔,101123154692,东关二区小区 3室2厅 南 北,260万,22401元/平,顶层 (共6层) 3室2厅 | 116.07平米 | 南 北,https://ke-image.ljcdn.com/110000-inspection/3e163b91-021d-4732-808e-944b627ad51a_1000.jpg!m_fill,w_280,h_210,f_jpg?from=ke.com
20240329,怀柔,怀柔,101123153600,于家园三区 3室2厅 南 北,360万,26902元/平,中楼层 (共6层) 3室2厅 | 133.82平米 | 南 北,https://ke-image.ljcdn.com/110000-inspection/cf770236-3b33-4891-9e53-5dedb4d11287_1000.jpg!m_fill,w_280,h_210,f_jpg?from=ke.com
20240329,怀柔,怀柔,101123152010,青春路 3室1厅 东 西,235万,24704元/平,中楼层 (共6层) 3室1厅 | 95.13平米 | 东 西,https://ke-image.ljcdn.com/110000-inspection/804ddf81-d29f-4658-9e26-897f7aef4e70_1000.jpg!m_fill,w_280,h_210,f_jpg?from=ke.com
20240329,怀柔,怀柔,101123143542,北大街1号院 2室1厅 南 北,195万,27129元/平,底层 (共6层) 2室1厅 | 71.88平米 | 南 北,https://ke-image.ljcdn.com/110000-inspection/pc1_fvsgaIe9q_1.jpg!m_fill,w_280,h_210,f_jpg?from=ke.com
20240329,怀柔,怀柔,101123139988,北街二号院  业主诚意出售    随时签约,206万,22611元/平,顶层 (共6层) 3室1厅 | 91.11平米 | 南 北,https://ke-image.ljcdn.com/110000-inspection/a2cf7092-9eef-4d8c-924b-3fe4c808a2bb_1000.jpg!m_fill,w_280,h_210,f_jpg?from=ke.com
20240329,怀柔,怀柔,101123137708,东关一区 3室1厅 南 北,350万,32883元/平,底层 (共6层) 3室1厅 | 106.44平米 | 南 北,https://ke-image.ljcdn.com/110000-inspection/26cc6f58-a993-4e0d-813f-101e25081ba4_1000.jpg!m_fill,w_280,h_210,f_jpg?from=ke.com
20240329,怀柔,怀柔,101123136687,馥郁苑二期 2室2厅 南,292万,36023元/平,高楼层 (共6层) 2室2厅 | 81.06平米 | 南,https://ke-image.ljcdn.com/110000-inspection/4e1f7187-81eb-4ab0-af35-edfe61d92f5f_1000.jpg!m_fill,w_280,h_210,f_jpg?from=ke.com
20240329,怀柔,怀柔,101123127062,于家园二区北院南北通透三居室视野开阔,209万,28521元/平,中楼层 (共6层) 3室1厅 | 73.28平米 | 南 北,https://ke-image.ljcdn.com/110000-inspection/5e703ffc-54e1-402e-834b-18d239222fd8_1000.jpg!m_fill,w_280,h_210,f_jpg?from=ke.com
20240329,怀柔,怀柔,101123124309,顶秀美泉2层全明格局大三居 南北通透 花园洋房,360万,25731元/平,中楼层 (共4层) | 2012年 | 3室2厅 | 139.91平米 | 北 南,https://ke-image.ljcdn.com/110000-inspection/90ded243-2d68-41cb-b61e-bf8daa23233b_1000.jpg!m_fill,w_280,h_210,f_jpg?from=ke.com
20240329,怀柔,怀柔,101123120636,幸福东园3号院中间层2居5V1商品房随时看。,159万,20556元/平,中楼层 (共7层) 2室2厅 | 77.35平米 | 南 北,https://ke-image.ljcdn.com/110000-inspection/aafbc163-5bfe-4563-a510-cdb8770642ce_1000.jpg!m_fill,w_280,h_210,f_jpg?from=ke.com
20240329,怀柔,怀柔,101123116133,府前东街 4室2厅 南 北,265万,21330元/平,顶层 (共6层) 4室2厅 | 124.24平米 | 南 北,https://ke-image.ljcdn.com/110000-inspection/8c42abc9-6bc7-44cc-ad84-5dc6d2b5440d_1000.jpg!m_fill,w_280,h_210,f_jpg?from=ke.com
20240329,怀柔,怀柔,101123113742,光织谷东区花园洋房南北通透采光通风好。,360万,28981元/平,中楼层 (共6层) | 2013年 | 3室1厅 | 124.22平米 | 南 北,https://ke-image.ljcdn.com/110000-inspection/2f6c8b1c-7c65-4f59-ba0a-0bfda5114b63_1000.jpg!m_fill,w_280,h_210,f_jpg?from=ke.com
20240329,怀柔,怀柔,101123112431,于家园一区 2室1厅 南 北,200万,28126元/平,低楼层 (共6层) 2室1厅 | 71.11平米 | 南 北,https://ke-image.ljcdn.com/110000-inspection/7912c482-26f1-4b5a-828e-4433297b2b31_1000.jpg!m_fill,w_280,h_210,f_jpg?from=ke.com
20240329,怀柔,怀柔,101123106926,光织谷西区 精装3居 满五唯一 楼层好,325万,27028元/平,低楼层 (共7层) 3室2厅 | 120.25平米 | 南 北,https://ke-image.ljcdn.com/110000-inspection/bb45bc0f-9719-4c72-9d70-a9beb68cf7d7_1000.jpg!m_fill,w_280,h_210,f_jpg?from=ke.com
20240329,怀柔,怀柔,101123102607,青春路 3室1厅 东 西,245万,25601元/平,高楼层 (共6层) 3室1厅 | 95.7平米 | 东 西,https://ke-image.ljcdn.com/110000-inspection/d6a7fe72-1928-4d42-bd0f-e9f19a3cb1c2_1000.jpg!m_fill,w_280,h_210,f_jpg?from=ke.com
20240329,怀柔,怀柔,101123102244,东关二区小区 3室1厅 南 北,245万,31815元/平,底层 (共6层) 3室1厅 | 77.01平米 | 南 北,https://ke-image.ljcdn.com/110000-inspection/96c6b3ea-a34d-4593-8166-26611a886520_1000.jpg!m_fill,w_280,h_210,f_jpg?from=ke.com
20240329,怀柔,怀柔,101123102063,益田影人四季花园 南北通透电梯房精装修 拎包入住,248万,24004元/平,顶层 (共8层) | 2012年 | 2室1厅 | 103.32平米 | 南 北,https://ke-image.ljcdn.com/110000-inspection/e53649d5-eafc-4c98-bc1c-2ba2f306ccb0_1000.jpg!m_fill,w_280,h_210,f_jpg?from=ke.com
20240329,怀柔,怀柔,101123101633,湖光小区 2室1厅 南,132万,24531元/平,中楼层 (共5层) 2室1厅 | 53.81平米 | 南,https://ke-image.ljcdn.com/110000-inspection/pc1_uAJ19IFai.jpg!m_fill,w_280,h_210,f_jpg?from=ke.com
20240329,怀柔,怀柔,101123099294,迎宾中路 3室2厅 北 南房主自荐,339万,30099元/平,低楼层 (共6层) 3室2厅 | 112.63平米 | 北 南,https://ke-image.ljcdn.com/110000-inspection/e247eefe-0eb3-4f6e-b966-ec993ba70644_1000.jpg!m_fill,w_280,h_210,f_jpg?from=ke.com
20240329,怀柔,怀柔,101123091714,府东一条 2室1厅 南 北,195万,31245元/平,高楼层 (共6层) 2室1厅 | 62.41平米 | 南 北,https://ke-image.ljcdn.com/110000-inspection/7cdf74c3-462d-4b84-8a15-1f682b69307b_1000.jpg!m_fill,w_280,h_210,f_jpg?from=ke.com
20240329,怀柔,怀柔,101123087771,育龙铭居 满五年唯一 精装修两居室,168万,25428元/平,中楼层 (共8层) 2室1厅 | 66.07平米 | 南 北,https://ke-image.ljcdn.com/110000-inspection/d7cf799b-8114-4f00-9e85-e76e7c814bd0_1000.jpg!m_fill,w_280,h_210,f_jpg?from=ke.com
20240329,怀柔,怀柔,101123085643,康馨家园    两居室  带地下室   随时配合看房子,270万,38266元/平,中楼层 (共6层) 2室1厅 | 70.56平米 | 南,https://ke-image.ljcdn.com/110000-inspection/pc1_LFBtBVtoW.jpg!m_fill,w_280,h_210,f_jpg?from=ke.com
20240329,怀柔,怀柔,101123081990,怀柔科学城 顶秀美泉小镇B区 精装电梯南北两居室,267万,30044元/平,中楼层 (共5层) | 2015年 | 2室1厅 | 88.87平米 | 南 北,https://ke-image.ljcdn.com/110000-inspection/c062c883-1bb8-4029-8b7d-b0517ee45213_1000.jpg!m_fill,w_280,h_210,f_jpg?from=ke.com
20240329,怀柔,怀柔,101123081517,于家园一区 3室1厅 南 北,225万,27406元/平,高楼层 (共6层) | 1999年 | 3室1厅 | 82.1平米 | 南 北,https://ke-image.ljcdn.com/110000-inspection/04a7b784-f664-40cf-9a83-5f56a2dfb93b_1000.jpg!m_fill,w_280,h_210,f_jpg?from=ke.com
20240329,怀柔,怀柔,101123076281,下元   两室客厅通阳台格局   采光好,155万,25298元/平,顶层 (共6层) 2室1厅 | 61.27平米 | 南 北,https://ke-image.ljcdn.com/110000-inspection/3be5fbdf-9609-4c53-b8fd-e42179a1a593_1000.jpg!m_fill,w_280,h_210,f_jpg?from=ke.com
20240329,怀柔,怀柔,101123075461,龙湖花园三号楼一层三居室采光好,248万,29143元/平,底层 (共6层) 3室1厅 | 85.1平米 | 南 北,https://ke-image.ljcdn.com/110000-inspection/196c49e0-c998-42aa-9218-5aabb6740ea3_1000.jpg!m_fill,w_280,h_210,f_jpg?from=ke.com
20240329,怀柔,怀柔,101123072575,安乐馨居纯南向大一居室 高楼层视野好,117万,18009元/平,中楼层 (共15层) | 2019年 | 1室1厅 | 64.97平米 | 南,https://ke-image.ljcdn.com/110000-inspection/pc1_G7vw1QcpY_1.jpg!m_fill,w_280,h_210,f_jpg?from=ke.com
20240329,怀柔,怀柔,101123072475,世嘉光织谷东区 配套齐全 环境优美,229万,28955元/平,顶层 (共6层) | 2013年 | 2室2厅 | 79.09平米 | 南,https://ke-image.ljcdn.com/110000-inspection/67e72804-45c8-4832-87f0-8722e023a6f6_1000.jpg!m_fill,w_280,h_210,f_jpg?from=ke.com
20240329,怀柔,怀柔,101123062529,龍祥小區 2室1厅 南 北,235万,27380元/平,中楼层 (共6层) 2室1厅 | 85.83平米 | 南 北,https://ke-image.ljcdn.com/110000-inspection/c71a0710-6bff-4bef-9554-cdcb3ab41158_1000.jpg!m_fill,w_280,h_210,f_jpg?from=ke.com
20240329,怀柔,怀柔,101123051262,南华大街 南北通透 全明格局满五唯一低楼层,195万,24643元/平,低楼层 (共6层) 2室1厅 | 79.13平米 | 南 北,https://ke-image.ljcdn.com/110000-inspection/bfce2c52-5780-484b-9bee-314f3594ba86_1000.jpg!m_fill,w_280,h_210,f_jpg?from=ke.com
20240329,怀柔,怀柔,101123049907,栖美园 3室1厅 南 北,365万,26504元/平,低楼层 (共6层) | 2005年 | 3室1厅 | 137.72平米 | 南 北,https://ke-image.ljcdn.com/110000-inspection/926cc81d-6b70-4f7c-84f2-f3f60f8e9c01_1000.jpg!m_fill,w_280,h_210,f_jpg?from=ke.com
20240329,怀柔,怀柔,101123045466,怀柔新新家园 3室2厅 南 北,458万,36298元/平,高楼层 (共15层) 3室2厅 | 126.18平米 | 南 北,https://ke-image.ljcdn.com/110000-inspection/a44c6e3b-6430-4818-910d-44a98036a751_1000.jpg!m_fill,w_280,h_210,f_jpg?from=ke.com
20240329,怀柔,怀柔,101123038332,潘家园小区 低楼层 满五唯一采光好,162万,28116元/平,底层 (共6层) 2室1厅 | 57.62平米 | 南 北,https://ke-image.ljcdn.com/110000-inspection/661560f2-ac14-408b-84a7-e1cf68f28317_1000.jpg!m_fill,w_280,h_210,f_jpg?from=ke.com
20240329,怀柔,怀柔,101123036029,于家园三区南北通透的三居室视野宽阔采光充足,370万,27016元/平,低楼层 (共6层) 3室2厅 | 136.96平米 | 南 北,https://ke-image.ljcdn.com/110000-inspection/f52422ce-dd63-4216-a69b-60b551288538_1000.jpg!m_fill,w_280,h_210,f_jpg?from=ke.com
20240329,怀柔,怀柔,101123033128,世嘉光织谷西区 2室2厅 南,225万,23873元/平,低楼层 (共6层) | 2012年 | 2室2厅 | 94.25平米 | 南,https://ke-image.ljcdn.com/110000-inspection/pc1_Slyaja98V_1.jpg!m_fill,w_280,h_210,f_jpg?from=ke.com
20240329,怀柔,怀柔,101123031934,龙湖花园 满五唯一 南北通透三居室,220万,25852元/平,高楼层 (共6层) 3室1厅 | 85.1平米 | 南 北,https://ke-image.ljcdn.com/110000-inspection/48513603-20e5-4820-8e81-1f00d6a14346_1000.jpg!m_fill,w_280,h_210,f_jpg?from=ke.com
20240329,怀柔,怀柔,101123026961,八龙桥雅苑 小区绿化好 低楼层,220万,24502元/平,中楼层 (共5层) | 2008年 | 2室1厅 | 89.79平米 | 南 北,https://ke-image.ljcdn.com/110000-inspection/90e55081-1c33-4bd4-9348-5f0f164cb343_1000.jpg!m_fill,w_280,h_210,f_jpg?from=ke.com
20240329,怀柔,怀柔,101123022889,世嘉光织谷西区视野好电梯房高楼层,314万,24876元/平,中楼层 (共6层) 3室1厅 | 126.23平米 | 南 西 北,https://ke-image.ljcdn.com/110000-inspection/7547265b-2d94-4e06-b061-8d3607c21b22_1000.jpg!m_fill,w_280,h_210,f_jpg?from=ke.com
20240329,怀柔,怀柔,101123022634,怀柔科学城 顶秀美泉小镇B区 电梯入户三居室,375万,31455元/平,中楼层 (共7层) | 2015年 | 3室2厅 | 119.22平米 | 南 北,https://ke-image.ljcdn.com/110000-inspection/a00573ab-d98a-4b61-8a3e-beadb9619593_1000.jpg!m_fill,w_280,h_210,f_jpg?from=ke.com
20240329,怀柔,怀柔,101123020018,顶秀美泉欧式花园洋房采光好 可以种花 拎包入住,372万,27964元/平,底层 (共4层) 3室1厅 | 133.03平米 | 南 北,https://ke-image.ljcdn.com/110000-inspection/pc1_SV5rTQERf.jpg!m_fill,w_280,h_210,f_jpg?from=ke.com
20240329,怀柔,怀柔,101123019707,后横街小区  健身楼层  没遮挡 视野好,138万,24211元/平,顶层 (共6层) 2室1厅 | 57平米 | 南,https://ke-image.ljcdn.com/110000-inspection/pc1_GKT5nQNuu_1.jpg!m_fill,w_280,h_210,f_jpg?from=ke.com
20240329,怀柔,怀柔,101123008080,育龙铭居 南北通透 两居室 户型方正,148万,21222元/平,高楼层 (共6层) | 2011年 | 2室1厅 | 69.74平米 | 南 北,https://ke-image.ljcdn.com/110000-inspection/pc1_7gKXbTMRX.jpg!m_fill,w_280,h_210,f_jpg?from=ke.com
20240329,怀柔,怀柔,101123007737,裕华园一区 有电梯 南北通透 格局方正,98万,18818元/平,中楼层 (共15层) 1室1厅 | 52.08平米 | 南 北,https://ke-image.ljcdn.com/110000-inspection/d7086d94-bffa-4e23-98f3-ee15f0da449c_1000.jpg!m_fill,w_280,h_210,f_jpg?from=ke.com
20240329,怀柔,怀柔,101123005054,光织谷东区 精装修 电梯房 客厅通阳台,220万,27360元/平,低楼层 (共6层) | 2013年 | 2室1厅 | 80.41平米 | 南,https://ke-image.ljcdn.com/110000-inspection/2908d1ce-5a4b-4796-874d-ef38f96da68d_1000.jpg!m_fill,w_280,h_210,f_jpg?from=ke.com
20240329,怀柔,怀柔,101123005074,南大街25号 2室2厅 南 北,290万,30543元/平,顶层 (共6层) 2室2厅 | 94.95平米 | 南 北,https://ke-image.ljcdn.com/110000-inspection/aea09047-abbc-4bfb-8baa-a632cd26c5dd_1000.jpg!m_fill,w_280,h_210,f_jpg?from=ke.com
20240329,怀柔,怀柔,101123004851,雁栖一品园B区 满五唯一 采光充足,230万,22576元/平,低楼层 (共14层) 2室1厅 | 101.88平米 | 南 北,https://ke-image.ljcdn.com/110000-inspection/0b648380-40be-43f0-b18d-6dee28a8d36f_1000.jpg!m_fill,w_280,h_210,f_jpg?from=ke.com
20240329,怀柔,怀柔,101123003798,水岸雁栖（怀柔区青山路5号院）,265万,30056元/平,中楼层 (共5层) | 2021年 | 3室1厅 | 88.17平米 | 东 西 北,https://ke-image.ljcdn.com/110000-inspection/e2cd5850-3b9f-48c7-a3e6-59add95fec4e_1000.jpg!m_fill,w_280,h_210,f_jpg?from=ke.com
20240329,怀柔,怀柔,101122999999,柏泉庄园雁舞园A区 3室1厅 南 北,249万,20513元/平,底层 (共11层) 3室1厅 | 121.39平米 | 南 北,https://ke-image.ljcdn.com/110000-inspection/463927f2-5e66-4066-a60b-dd487c83ebeb_1000.jpg!m_fill,w_280,h_210,f_jpg?from=ke.com
20240329,怀柔,怀柔,101122984714,梦想家园西区 高层采光好 南北通透 精装修拎包入住,186万,21120元/平,中楼层 (共15层) | 2014年 | 2室1厅 | 88.07平米 | 南 北,https://ke-image.ljcdn.com/110000-inspection/e4e8449c-293f-4bbf-b47d-51b5f36ed615_1000.jpg!m_fill,w_280,h_210,f_jpg?from=ke.com
20240329,怀柔,怀柔,101122965402,滨河馨居优质房源诚意出售多多推荐,227万,24237元/平,中楼层 (共11层) 3室1厅 | 93.66平米 | 南 北,https://ke-image.ljcdn.com/110000-inspection/fa972acd-21df-421d-9cda-444431b648aa_1000.jpg!m_fill,w_280,h_210,f_jpg?from=ke.com
20240329,怀柔,怀柔,101122958205,小中富乐二区 满五唯一 南北通透三居 高层视野采光好,256万,20934元/平,顶层 (共6层) 3室2厅 | 122.29平米 | 南 北,https://ke-image.ljcdn.com/110000-inspection/355d56b6-97b1-4d7f-95e1-5b4e12a350ef_1000.jpg!m_fill,w_280,h_210,f_jpg?from=ke.com
20240329,怀柔,怀柔,101122949559,北京城建胜悦居 1室1厅 南,208万,35869元/平,中楼层 (共12层) | 2018年 | 1室1厅 | 57.99平米 | 南,https://ke-image.ljcdn.com/110000-inspection/91807597-ce48-4ce0-8983-82352a4628fc_1000.jpg!m_fill,w_280,h_210,f_jpg?from=ke.com
20240329,怀柔,怀柔,101122949720,青春路六院电梯房满三年唯一的商品房,242万,31174元/平,低楼层 (共9层) 3室1厅 | 77.63平米 | 南 北,https://ke-image.ljcdn.com/110000-inspection/7ca82c18-0b8f-4601-96e5-a3c0d3a94aa6_1000.jpg!m_fill,w_280,h_210,f_jpg?from=ke.com
20240329,怀柔,怀柔,101122949255,东关二区小区中层正规三居全明格局采光好,220万,28468元/平,中楼层 (共6层) 3室1厅 | 77.28平米 | 南 北,https://ke-image.ljcdn.com/110000-inspection/8e3ea0aa-f4e1-4a13-b79f-26005dce0aa8_1000.jpg!m_fill,w_280,h_210,f_jpg?from=ke.com
20240329,怀柔,怀柔,101122948669,裕华园一区 电梯中高层 户型好 采光好 可贷款,115万,19750元/平,高楼层 (共14层) 1室1厅 | 58.23平米 | 南,https://ke-image.ljcdn.com/110000-inspection/b393282a-edab-41c6-9165-fbae2788e762_1000.jpg!m_fill,w_280,h_210,f_jpg?from=ke.com
20240329,怀柔,怀柔,101122948459,南北通透两居室采光好通风好居住舒适配套齐全,160万,24079元/平,顶层 (共8层) | 2012年 | 2室1厅 | 66.45平米 | 南 北,https://ke-image.ljcdn.com/110000-inspection/9347f9cb-0916-42e3-a1c6-954c72107144_1000.jpg!m_fill,w_280,h_210,f_jpg?from=ke.com
20240329,怀柔,怀柔,101122948074,东关一区 3室1厅 南 北,290万,35896元/平,底层 (共6层) 3室1厅 | 80.79平米 | 南 北,https://ke-image.ljcdn.com/110000-inspection/pc1_5Ddj6TjzU_1.jpg!m_fill,w_280,h_210,f_jpg?from=ke.com
20240329,怀柔,怀柔,101122947711,青春路31号院 满五年唯一低楼层管道已经改造,226万,28798元/平,中楼层 (共5层) 3室1厅 | 78.48平米 | 南 北,https://ke-image.ljcdn.com/110000-inspection/pc1_33NDaqxSr.jpg!m_fill,w_280,h_210,f_jpg?from=ke.com
20240329,怀柔,怀柔,101122945362,幸福东园1号院 3室1厅 南 北,165万,20091元/平,中楼层 (共6层) 3室1厅 | 82.13平米 | 南 北,https://ke-image.ljcdn.com/110000-inspection/0f7cc225-8cd6-4758-98b8-ddabd44d38e2_1000.jpg!m_fill,w_280,h_210,f_jpg?from=ke.com
20240329,怀柔,怀柔,101122935413,东关二区 业主诚意出售  价格可谈,398万,28492元/平,底层 (共6层) 3室2厅 | 139.69平米 | 南 北,https://ke-image.ljcdn.com/110000-inspection/cb708b9b-a198-4315-9fd3-dc87396d3ae5_1000.jpg!m_fill,w_280,h_210,f_jpg?from=ke.com
20240329,怀柔,怀柔,101122934492,顶秀美泉小镇B区南北通透电梯房,285万,31848元/平,底层 (共5层) | 2015年 | 2室1厅 | 89.49平米 | 南 北,https://ke-image.ljcdn.com/110000-inspection/e842411d-aac5-4e06-8f88-90f4d4771767_1000.jpg!m_fill,w_280,h_210,f_jpg?from=ke.com
20240329,怀柔,怀柔,101122931621,青春路一院正规两居南北通透采光好诚意出售,170万,28986元/平,底层 (共4层) 2室1厅 | 58.65平米 | 南 北,https://ke-image.ljcdn.com/110000-inspection/52c73e14-b389-469a-9859-f9548d3e882c_1000.jpg!m_fill,w_280,h_210,f_jpg?from=ke.com
20240329,怀柔,怀柔,101122927886,泉河园二区 3室2厅 南 北,279万,26289元/平,顶层 (共6层) 3室2厅 | 106.13平米 | 南 北,https://ke-image.ljcdn.com/110000-inspection/b40d928a-2914-4405-bc38-b36987cff04f_1000.jpg!m_fill,w_280,h_210,f_jpg?from=ke.com
20240329,怀柔,怀柔,101122917237,八龙桥雅苑 2室2厅 南 北,208万,23142元/平,中楼层 (共5层) 2室2厅 | 89.88平米 | 南 北,https://ke-image.ljcdn.com/110000-inspection/ca765d13-5e76-40b4-8ba2-f9b19cbaaa0e_1000.jpg!m_fill,w_280,h_210,f_jpg?from=ke.com
20240329,怀柔,怀柔,101122911286,融城园北区 3室2厅 南,235万,22684元/平,高楼层 (共6层) 3室2厅 | 103.6平米 | 南,https://ke-image.ljcdn.com/110000-inspection/1c10ef3b-1ad7-45a7-98d5-98fad4f0ef99_1000.jpg!m_fill,w_280,h_210,f_jpg?from=ke.com
20240329,怀柔,怀柔,101122897370,府前东街13号院 3室1厅 南 北,210万,27319元/平,顶层 (共6层) 3室1厅 | 76.87平米 | 南 北,https://ke-image.ljcdn.com/110000-inspection/bec2b043-bd55-4f37-9e24-2f290224aec5_1000.jpg!m_fill,w_280,h_210,f_jpg?from=ke.com
20240329,怀柔,怀柔,101122894760,此房满五年唯一南北通透业主诚心出售,250万,25156元/平,低楼层 (共6层) 3室2厅 | 99.38平米 | 南 北,https://ke-image.ljcdn.com/110000-inspection/pc1_XQ5djyBwc_1.jpg!m_fill,w_280,h_210,f_jpg?from=ke.com
20240329,怀柔,怀柔,101122891794,柏泉庄园雁鸣园B区 小区同户型价位低的两居看房方便,178万,20381元/平,中楼层 (共9层) 2室1厅 | 87.34平米 | 南 北,https://ke-image.ljcdn.com/110000-inspection/8957133a-d354-4bfa-b474-e4e47352e140_1000.jpg!m_fill,w_280,h_210,f_jpg?from=ke.com
20240329,怀柔,怀柔,101122888236,滨河馨居房源多多推荐诚意出售楼层采光好,219万,23383元/平,中楼层 (共11层) 3室1厅 | 93.66平米 | 南 北,https://ke-image.ljcdn.com/110000-inspection/b1922877-7e21-46f5-b5a5-3f1ea90d0f3c_1000.jpg!m_fill,w_280,h_210,f_jpg?from=ke.com
20240329,怀柔,怀柔,101122886232,滨湖小区 3室1厅 南 北,245万,29889元/平,低楼层 (共6层) | 1991年 | 3室1厅 | 81.97平米 | 南 北,https://ke-image.ljcdn.com/110000-inspection/pc1_kc8srDQlw.jpg!m_fill,w_280,h_210,f_jpg?from=ke.com
20240329,怀柔,怀柔,101122886172,裕华园一区 1室1厅 南,110万,21154元/平,顶层 (共15层) 1室1厅 | 52平米 | 南,https://ke-image.ljcdn.com/110000-inspection/pc1_VrBajymAp.jpg!m_fill,w_280,h_210,f_jpg?from=ke.com
20240329,怀柔,怀柔,101122882591,融城园南区 3室1厅 南 北,158万,19213元/平,顶层 (共6层) 3室1厅 | 82.24平米 | 南 北,https://ke-image.ljcdn.com/110000-inspection/b2036c4d-a303-4d2e-8d62-30307643efa4_1000.jpg!m_fill,w_280,h_210,f_jpg?from=ke.com
20240329,怀柔,怀柔,101122879476,东关二区高层正规三居室南北通透落地窗采光好,270万,27867元/平,顶层 (共5层) | 2004年 | 3室2厅 | 96.89平米 | 南 北,https://ke-image.ljcdn.com/110000-inspection/pc1_cnN5IxENV_1.jpg!m_fill,w_280,h_210,f_jpg?from=ke.com
20240329,怀柔,怀柔,101122872509,育龙铭居   两居室  客厅通阳台格局,160万,22763元/平,低楼层 (共6层) | 2011年 | 2室1厅 | 70.29平米 | 南 北,https://ke-image.ljcdn.com/110000-inspection/d8e0288e-152a-4d43-851c-b71558abaf0a_1000.jpg!m_fill,w_280,h_210,f_jpg?from=ke.com
20240329,怀柔,怀柔,101122870246,富乐社区一号院南北通透业主人很好,169万,25712元/平,低楼层 (共6层) 2室1厅 | 65.73平米 | 南 北,https://ke-image.ljcdn.com/110000-inspection/c5dfd264-8220-4778-8d03-2d89edd14ff2_1000.jpg!m_fill,w_280,h_210,f_jpg?from=ke.com
20240329,怀柔,怀柔,101122868293,凤瑞二园 2室1厅 南 北,173万,25293元/平,中楼层 (共5层) | 1996年 | 2室1厅 | 68.4平米 | 南 北,https://ke-image.ljcdn.com/110000-inspection/06f37a0d-a0c4-4bb2-a4a2-104b3be161da_1000.jpg!m_fill,w_280,h_210,f_jpg?from=ke.com
20240329,怀柔,怀柔,101122868017,开放路 3室1厅 北 南,245万,25924元/平,中楼层 (共6层) 3室1厅 | 94.51平米 | 北 南,https://ke-image.ljcdn.com/110000-inspection/b0bf2734-f4b7-48e2-b2bd-e8f55918d93a_1000.jpg!m_fill,w_280,h_210,f_jpg?from=ke.com
20240329,怀柔,怀柔,101122867766,安乐馨居 1室1厅 南 北,145万,20623元/平,高楼层 (共17层) | 2018年 | 1室1厅 | 70.31平米 | 南 北,https://ke-image.ljcdn.com/110000-inspection/6663475f-7361-4c93-bcbc-5d83a95bb078_1000.jpg!m_fill,w_280,h_210,f_jpg?from=ke.com
20240329,怀柔,怀柔,101122864284,融城园北区  南北通透  大二居室  看房方便  业主诚意,185万,21717元/平,中楼层 (共6层) 2室1厅 | 85.19平米 | 南 北,https://ke-image.ljcdn.com/110000-inspection/1cda6065-0cb7-448f-b4b9-3e1fff544916_1000.jpg!m_fill,w_280,h_210,f_jpg?from=ke.com
20240329,怀柔,怀柔,101122862754,房屋南北通透三室2厅中楼层无遮挡视野宽阔。,255万,23533元/平,中楼层 (共6层) 3室2厅 | 108.36平米 | 南 北,https://ke-image.ljcdn.com/110000-inspection/d555407c-ca1c-4be8-8eb7-03cafda3b0d6_1000.jpg!m_fill,w_280,h_210,f_jpg?from=ke.com
20240329,怀柔,怀柔,101122842104,此房采光充足南北通透前后无遮挡满五唯一,268万,25804元/平,顶层 (共6层) 2室2厅 | 103.86平米 | 南 北,https://ke-image.ljcdn.com/110000-inspection/e33adeec-2ba4-45a8-a50c-ee5746f7340e_1000.jpg!m_fill,w_280,h_210,f_jpg?from=ke.com
20240329,怀柔,怀柔,101122834146,融城园南区 大三居 双卫 南北通透 采光好 落地窗 可议,255万,20358元/平,高楼层 (共6层) 3室2厅 | 125.26平米 | 南 北,https://ke-image.ljcdn.com/110000-inspection/pc1_heKm6YI0V_1.jpg!m_fill,w_280,h_210,f_jpg?from=ke.com
20240329,怀柔,怀柔,101122814388,红螺家园 2居南北通透 采光好视野宽阔,235万,26214元/平,顶层 (共5层) 2室2厅 | 89.65平米 | 南 北,https://ke-image.ljcdn.com/110000-inspection/72d00789-542e-4fe6-a5fc-5c7b12862651_1000.jpg!m_fill,w_280,h_210,f_jpg?from=ke.com
20240329,怀柔,怀柔,101122812481,青春苑四院 3室1厅 南 北,225万,23392元/平,顶层 (共6层) 3室1厅 | 96.19平米 | 南 北,https://ke-image.ljcdn.com/110000-inspection/ee48ddc6-b9e6-4f3e-a38e-c3df609b3a84_1000.jpg!m_fill,w_280,h_210,f_jpg?from=ke.com
20240329,怀柔,怀柔,101122810121,东关一区满五唯一南北通透格局楼层好采光充足房主自荐,240万,25735元/平,中楼层 (共7层) 3室1厅 | 93.26平米 | 南 北,https://ke-image.ljcdn.com/110000-inspection/562dbf25-e28c-48fb-87e8-84c3d27940e0_1000.jpg!m_fill,w_280,h_210,f_jpg?from=ke.com
20240329,怀柔,怀柔,101122809672,金善名居南北通透低楼层采光好,199万,24532元/平,底层 (共6层) 2室1厅 | 81.12平米 | 南 北,https://ke-image.ljcdn.com/110000-inspection/5ce42eb0-8660-490f-ac01-6c9be2a82c31_1000.jpg!m_fill,w_280,h_210,f_jpg?from=ke.com
20240329,怀柔,怀柔,101122807645,南北通透的板楼视野开阔采光充足,279万,21013元/平,顶层 (共6层) 3室1厅 | 132.78平米 | 南 北,https://ke-image.ljcdn.com/110000-inspection/87dcb4f9-f080-4b2c-b76e-02a62e658b02_1000.jpg!m_fill,w_280,h_210,f_jpg?from=ke.com
20240329,怀柔,怀柔,101122803273,开放路 南北通透三居室低楼层,239万,23994元/平,低楼层 (共6层) 3室2厅 | 99.61平米 | 南 北,https://ke-image.ljcdn.com/110000-inspection/e80a3a9c-f99a-4583-8d8b-dba0cd3550ab_1000.jpg!m_fill,w_280,h_210,f_jpg?from=ke.com
20240329,怀柔,怀柔,101122802294,北京城建胜悦居新上两居室中层采光好看房提前约,295万,37870元/平,中楼层 (共15层) 2室1厅 | 77.9平米 | 南,https://ke-image.ljcdn.com/110000-inspection/47073e89-0a5e-490a-87db-caf47a4a1580_1000.jpg!m_fill,w_280,h_210,f_jpg?from=ke.com
20240329,怀柔,怀柔,101122797057,馥郁苑二期   三居室  电梯房业主诚意出售,279万,30663元/平,底层 (共6层) | 2017年 | 3室1厅 | 90.99平米 | 南 北,https://ke-image.ljcdn.com/110000-inspection/5b1675e8-7080-4762-a0f0-1aa3b8a2ada3_1000.jpg!m_fill,w_280,h_210,f_jpg?from=ke.com
20240329,怀柔,怀柔,101122790712,房子客厅通阳台格局  满五唯一  诚意出售,270万,28967元/平,中楼层 (共6层) 3室1厅 | 93.21平米 | 南 北,https://ke-image.ljcdn.com/110000-inspection/pc1_3jKVOSohc_1.jpg!m_fill,w_280,h_210,f_jpg?from=ke.com
20240329,怀柔,怀柔,101122785935,梦想家园东区大三居采光充足格局方正,290万,28183元/平,中楼层 (共15层) 3室1厅 | 102.9平米 | 南 北,https://ke-image.ljcdn.com/110000-inspection/ee0225ff-b177-4597-b841-5939780f304a_1000.jpg!m_fill,w_280,h_210,f_jpg?from=ke.com
20240329,怀柔,怀柔,101122781727,东关一区 3室2厅 南 北,388万,36303元/平,顶层 (共6层) | 2020年 | 3室2厅 | 106.88平米 | 南 北,https://ke-image.ljcdn.com/110000-inspection/ffd61ab3-0704-479b-a3eb-04fffef4850b_1000.jpg!m_fill,w_280,h_210,f_jpg?from=ke.com
20240329,怀柔,怀柔,101122779697,南华园四区  客厅通阳台  精装修,200万,22981元/平,顶层 (共6层) 2室2厅 | 87.03平米 | 南 北,https://ke-image.ljcdn.com/110000-inspection/98912642-cb1e-4085-a8e5-b46b431fb5e1_1000.jpg!m_fill,w_280,h_210,f_jpg?from=ke.com
20240329,怀柔,怀柔,101122778941,青春苑西区 中楼层 南北通透 前边有花园,249万,33961元/平,中楼层 (共7层) 2室1厅 | 73.32平米 | 北 南,https://ke-image.ljcdn.com/110000-inspection/205f396b-8d2e-4e0d-b8aa-230110cdc4a0_1000.jpg!m_fill,w_280,h_210,f_jpg?from=ke.com
20240329,怀柔,怀柔,101122768621,顶秀美泉小镇C区精装修三居室南北通透采光充足,420万,29900元/平,中楼层 (共4层) 3室2厅 | 140.47平米 | 南 北,https://ke-image.ljcdn.com/110000-inspection/2a599b73-bbd0-4137-bdb6-538309110f9c_1000.jpg!m_fill,w_280,h_210,f_jpg?from=ke.com
20240329,怀柔,怀柔,101122751446,顶秀美泉小镇B区带电梯 南北通透采光通风好 户型方正,295万,32998元/平,中楼层 (共5层) | 2015年 | 2室1厅 | 89.4平米 | 南 北,https://ke-image.ljcdn.com/110000-inspection/8d57b635-3d9c-44f6-961a-fa7827ed9bb8_1000.jpg!m_fill,w_280,h_210,f_jpg?from=ke.com
20240329,怀柔,怀柔,101122738372,电梯房顶层南北通透满五不唯一  业主诚意出售,297万,24451元/平,顶层 (共11层) 3室2厅 | 121.47平米 | 南 北,https://ke-image.ljcdn.com/110000-inspection/efdd11ae-e402-4c23-8949-04c5bbce9951_1000.jpg!m_fill,w_280,h_210,f_jpg?from=ke.com
20240329,怀柔,怀柔,101122738254,此房朝南北户型采光充足电梯房满五唯一,206万,23118元/平,底层 (共12层) 2室1厅 | 89.11平米 | 南 北,https://ke-image.ljcdn.com/110000-inspection/2a52de4b-c946-40b4-a5a8-4487bbecc9f9_1000.jpg!m_fill,w_280,h_210,f_jpg?from=ke.com
20240329,怀柔,怀柔,101122737156,怀柔新新家园南北通透配套设施齐全交通便利,225万,32166元/平,底层 (共6层) 2室1厅 | 69.95平米 | 南 北,https://ke-image.ljcdn.com/110000-inspection/d7d67445-d3d7-453f-87da-584628ed5890_1000.jpg!m_fill,w_280,h_210,f_jpg?from=ke.com
20240329,怀柔,怀柔,101122734652,新贤家园  人车分流  楼龄新   带地下室,255万,35285元/平,中楼层 (共11层) 2室1厅 | 72.27平米 | 南 北,https://ke-image.ljcdn.com/110000-inspection/6b2c61f1-b623-44f6-8a42-51af85a425cf_1000.jpg!m_fill,w_280,h_210,f_jpg?from=ke.com
20240329,怀柔,怀柔,101122729531,柏泉庄园雁舞园A区   大三居室  客厅通阳台  落地窗,260万,21419元/平,底层 (共9层) 3室2厅 | 121.39平米 | 南 北,https://ke-image.ljcdn.com/110000-inspection/pc1_T8mG6wSoT.jpg!m_fill,w_280,h_210,f_jpg?from=ke.com
20240329,怀柔,怀柔,101122726541,南华园四区一层客厅通阳台看房方便,215万,24705元/平,底层 (共6层) 2室2厅 | 87.03平米 | 南 北,https://ke-image.ljcdn.com/110000-inspection/4bb30af8-1e54-405e-9735-f959ffd0d29f_1000.jpg!m_fill,w_280,h_210,f_jpg?from=ke.com
20240329,怀柔,怀柔,101122723693,青春路七院 2室1厅 南,182万,32339元/平,中楼层 (共5层) 2室1厅 | 56.28平米 | 南,https://ke-image.ljcdn.com/110000-inspection/3648dc3e-65b5-4dbc-aa1f-53dd05759dc4_1000.jpg!m_fill,w_280,h_210,f_jpg?from=ke.com
20240329,怀柔,怀柔,101122718589,商业街甲63-1-1-1 72.49m² 180 万,180万,24832元/平,顶层 (共6层) 3室1厅 | 72.49平米 | 南 北,https://ke-image.ljcdn.com/110000-inspection/627cc27a-71e6-4382-9aea-521db9df5e75_1000.jpg!m_fill,w_280,h_210,f_jpg?from=ke.com
20240329,怀柔,怀柔,101122707646,水岸雁栖 顶层带大隔层视野开阔户型方正 景色美,547万,38743元/平,顶层 (共5层) | 2021年 | 3室2厅 | 141.19平米 | 西 南,https://ke-image.ljcdn.com/110000-inspection/1535cc85-70ff-4c44-ba7e-725cf9047479_1000.jpg!m_fill,w_280,h_210,f_jpg?from=ke.com
20240329,怀柔,怀柔,101122704167,后横街小区 低楼层 满五唯一 拎包入住,130万,32672元/平,底层 (共6层) 2室1厅 | 39.79平米 | 南,https://ke-image.ljcdn.com/110000-inspection/f46b2d5e-093a-4c51-8a52-543beee2d051_1000.jpg!m_fill,w_280,h_210,f_jpg?from=ke.com
20240329,怀柔,怀柔,101122703911,北京城建胜悦居 次顶层两居室 电梯房适合居住,260万,31235元/平,高楼层 (共15层) 2室1厅 | 83.24平米 | 南,https://ke-image.ljcdn.com/110000-inspection/5b801105-b661-478d-a367-2a33a29a758b_1000.jpg!m_fill,w_280,h_210,f_jpg?from=ke.com
20240329,怀柔,怀柔,101122699055,迎宾中路 2室2厅 南 北,185万,21358元/平,顶层 (共6层) 2室2厅 | 86.62平米 | 南 北,https://ke-image.ljcdn.com/110000-inspection/8f974210-0ba6-4560-9c72-6f06d93ff357_1000.jpg!m_fill,w_280,h_210,f_jpg?from=ke.com
20240329,怀柔,怀柔,101122697169,青春路一院 2室1厅 东 西 北,195万,32528元/平,底层 (共6层) 2室1厅 | 59.95平米 | 东 西 北,https://ke-image.ljcdn.com/110000-inspection/d14f1475-2be7-489d-bab2-843ed34e6dea_1000.jpg!m_fill,w_280,h_210,f_jpg?from=ke.com
20240329,怀柔,怀柔,101122693548,商业街  2层南北三居室  商品房,226万,28417元/平,低楼层 (共6层) 3室1厅 | 79.53平米 | 南 北,https://ke-image.ljcdn.com/110000-inspection/3b394193-dab8-4c71-a267-dc918062c60f_1000.jpg!m_fill,w_280,h_210,f_jpg?from=ke.com
20240329,怀柔,怀柔,101122693032,幸福东园1号院   两居室看房子方便,160万,19482元/平,中楼层 (共6层) 3室1厅 | 82.13平米 | 南 北,https://ke-image.ljcdn.com/110000-inspection/8b431fa5-3dbe-4e49-912e-65b628aeb796_1000.jpg!m_fill,w_280,h_210,f_jpg?from=ke.com
20240329,怀柔,怀柔,101122690409,湖光小区诚意出售看房随时无遮挡采光好。,135万,23958元/平,顶层 (共5层) 2室1厅 | 56.35平米 | 南 北,https://ke-image.ljcdn.com/110000-inspection/dd477d80-6ab0-4cf4-ac4d-e68ca5b99b6c_1000.jpg!m_fill,w_280,h_210,f_jpg?from=ke.com
20240329,怀柔,怀柔,101122687531,全明格局 南北通透 户型方正 客厅面宽大 房屋保持好,252万,27791元/平,中楼层 (共5层) 2室1厅 | 90.68平米 | 南 北,https://ke-image.ljcdn.com/110000-inspection/f215f487-ef98-45e1-9407-b6eb0d3be346_1000.jpg!m_fill,w_280,h_210,f_jpg?from=ke.com
20240329,怀柔,怀柔,101122680579,滨湖小区 2室1厅 南 北,153万,24895元/平,顶层 (共6层) | 1991年 | 2室1厅 | 61.46平米 | 南 北,https://ke-image.ljcdn.com/110000-inspection/8018ffde-0210-4107-80b9-a1134e1bb8d8_1000.jpg!m_fill,w_280,h_210,f_jpg?from=ke.com
20240329,怀柔,怀柔,101122676366,青春路1号院高层南北通透采光充足,210万,26409元/平,高楼层 (共6层) 3室1厅 | 79.52平米 | 南 北,https://ke-image.ljcdn.com/110000-inspection/b3b8e054-0632-475c-9b69-18cd9fadac6b_1000.jpg!m_fill,w_280,h_210,f_jpg?from=ke.com
20240329,怀柔,怀柔,101122672761,东关一区南北通透楼层高视野开阔采光充足,285万,28870元/平,顶层 (共6层) 3室1厅 | 98.72平米 | 南 北,https://ke-image.ljcdn.com/110000-inspection/81cad8ac-9e02-402b-96d0-7bbd8f5a9cab_1000.jpg!m_fill,w_280,h_210,f_jpg?from=ke.com
20240329,怀柔,怀柔,101122662571,融城北区  低层业主诚意出售  随时签约,185万,23149元/平,底层 (共6层) 2室1厅 | 79.92平米 | 南 北,https://ke-image.ljcdn.com/110000-inspection/d561b592-550f-411a-ab3d-1f148c72b999_1000.jpg!m_fill,w_280,h_210,f_jpg?from=ke.com
20240329,怀柔,怀柔,101122659511,迎宾中路 3室2厅 南 北,270万,21918元/平,高楼层 (共6层) 3室2厅 | 123.19平米 | 南 北,https://ke-image.ljcdn.com/110000-inspection/b4c8a11e-00bc-4ca8-a9f7-dec0343077be_1000.jpg!m_fill,w_280,h_210,f_jpg?from=ke.com
20240329,怀柔,怀柔,101122658355,益田影人四季花园业主诚心出售看房方便南北通透,355万,22632元/平,中楼层 (共8层) | 2012年 | 3室2厅 | 156.86平米 | 南 北,https://ke-image.ljcdn.com/110000-inspection/efdfe14e-fc6b-4dca-b3f8-94c5e8ed1271_1000.jpg!m_fill,w_280,h_210,f_jpg?from=ke.com
20240329,怀柔,怀柔,101122654917,府前东街2000年以后优质小区出售,285万,34970元/平,中楼层 (共6层) 3室1厅 | 81.5平米 | 南 北,https://ke-image.ljcdn.com/110000-inspection/5561e995-efdb-4679-aa58-3f19e764f387_1000.jpg!m_fill,w_280,h_210,f_jpg?from=ke.com
20240329,怀柔,怀柔,101122654639,青春路   南北通透采光好   满五,150万,26137元/平,顶层 (共6层) 2室1厅 | 57.39平米 | 南 北,https://ke-image.ljcdn.com/110000-inspection/9dad2317-8c5a-4361-a0de-ecf77709cf07_1000.jpg!m_fill,w_280,h_210,f_jpg?from=ke.com
20240329,怀柔,怀柔,101122652038,世嘉光织谷西区边户四居室满五年唯一看房提前预约,508万,28099元/平,中楼层 (共4层) 4室2厅 | 180.79平米 | 南 西 北,https://ke-image.ljcdn.com/110000-inspection/9520205d-864c-41f0-a256-e715ddeb0889_1000.jpg!m_fill,w_280,h_210,f_jpg?from=ke.com
20240329,怀柔,怀柔,101122649572,店长推荐顶秀美泉小镇三期南北通透,258万,29045元/平,底层 (共5层) | 2015年 | 2室1厅 | 88.83平米 | 南 北,https://ke-image.ljcdn.com/110000-inspection/9f591532-ea2c-4c75-a742-1c88d75104cd_1000.jpg!m_fill,w_280,h_210,f_jpg?from=ke.com
20240329,怀柔,怀柔,101122648078,世嘉光织谷东区电梯房南北通透配套齐全,246万,26716元/平,中楼层 (共7层) 2室1厅 | 92.08平米 | 南 北,https://ke-image.ljcdn.com/110000-inspection/e5d8a304-1e2d-4abf-8aef-b8632523543b_1000.jpg!m_fill,w_280,h_210,f_jpg?from=ke.com
20240329,怀柔,怀柔,101122646302,裕华园一区  电梯房  精装修 采光好,148万,22517元/平,中楼层 (共15层) | 2013年 | 2室1厅 | 65.73平米 | 东 南,https://ke-image.ljcdn.com/110000-inspection/765e1372-bf6b-4b41-806b-7db1e6886849_1000.jpg!m_fill,w_280,h_210,f_jpg?from=ke.com
20240329,怀柔,怀柔,101122642403,莲馨苑 3室1厅 南 北,269万,26566元/平,低楼层 (共6层) 3室1厅 | 101.26平米 | 南 北,https://ke-image.ljcdn.com/110000-inspection/pc1_kRyw8llSw.jpg!m_fill,w_280,h_210,f_jpg?from=ke.com
20240329,怀柔,怀柔,101122640646,潘家园小区满五唯一顶层采光好房主自荐,172万,25004元/平,顶层 (共6层) 2室1厅 | 68.79平米 | 南 北,https://ke-image.ljcdn.com/110000-inspection/2c42cf07-27b1-4cef-a422-fd66912b5dcb_1000.jpg!m_fill,w_280,h_210,f_jpg?from=ke.com
20240329,怀柔,怀柔,101122633199,金台园 3室2厅 南 北,255万,27016元/平,顶层 (共6层) | 2006年 | 3室2厅 | 94.39平米 | 南 北,https://ke-image.ljcdn.com/110000-inspection/e85a56f0-77c9-4fc9-90de-f7e7318ee4a8_1000.jpg!m_fill,w_280,h_210,f_jpg?from=ke.com
20240329,怀柔,怀柔,101122626843,栖美园 ：满五年唯一70年商品房中间楼层精装修,170万,23737元/平,中楼层 (共6层) 2室1厅 | 71.62平米 | 东 北,https://ke-image.ljcdn.com/110000-inspection/34187e60-8cdf-499f-ab6f-2b6238e33603_1000.jpg!m_fill,w_280,h_210,f_jpg?from=ke.com
20240329,怀柔,怀柔,101122624529,富乐社区一号院 边户全明格局 低楼层 满五唯一,155万,26214元/平,低楼层 (共6层) 2室1厅 | 59.13平米 | 南 北,https://ke-image.ljcdn.com/110000-inspection/c85f8248-fdca-4f5f-96cd-92d13dc2179f_1000.jpg!m_fill,w_280,h_210,f_jpg?from=ke.com
20240329,怀柔,怀柔,101122620305,于家园三区   中间楼层 视野宽阔  无遮挡 采光好,200万,24716元/平,中楼层 (共6层) 2室1厅 | 80.92平米 | 东 西,https://ke-image.ljcdn.com/110000-inspection/45b14ae5-82cd-433d-bbe3-f70dfce171a8_1000.jpg!m_fill,w_280,h_210,f_jpg?from=ke.com
20240329,怀柔,怀柔,101122618972,湖光小区 中层 朝南户型 采光好 诚意出售 价格可议,138万,25838元/平,中楼层 (共5层) 2室1厅 | 53.41平米 | 南,https://ke-image.ljcdn.com/110000-inspection/1390b0a7-3c8b-42be-bdac-848e3f5a1d0d_1000.jpg!m_fill,w_280,h_210,f_jpg?from=ke.com
20240329,怀柔,怀柔,101122616375,康馨家园 三层 宽敞大户型 采光好,370万,25562元/平,中楼层 (共6层) 3室2厅 | 144.75平米 | 南 北,https://ke-image.ljcdn.com/110000-inspection/3086df63-0bee-4b69-81f9-14135a02707d_1000.jpg!m_fill,w_280,h_210,f_jpg?from=ke.com
20240329,怀柔,怀柔,101122610961,幸福东园3号院3层满五唯一大两居采光好使用率大,160万,19837元/平,中楼层 (共6层) 2室1厅 | 80.66平米 | 南 北,https://ke-image.ljcdn.com/110000-inspection/31cb8285-68f4-4e09-8c3f-5e36f23ed075_1000.jpg!m_fill,w_280,h_210,f_jpg?from=ke.com
20240329,怀柔,怀柔,101122604363,府前龙樾 楼龄新 电梯入户 高层采光足 精装拎包住房主自荐,688万,46500元/平,中楼层 (共12层) 4室2厅 | 147.96平米 | 南 北,https://ke-image.ljcdn.com/110000-inspection/pc1_yA8qhiWNA.jpg!m_fill,w_280,h_210,f_jpg?from=ke.com
20240329,怀柔,怀柔,101122604241,西马道  1层三居室   出行方便,255万,31868元/平,底层 (共5层) 3室1厅 | 80.02平米 | 南 北,https://ke-image.ljcdn.com/110000-inspection/4d95eb85-a9b8-428d-b854-7ff513ed754c_1000.jpg!m_fill,w_280,h_210,f_jpg?from=ke.com
20240329,怀柔,怀柔,101122588978,水岸雁栖精装修电梯房交通便利居住舒适,310万,36870元/平,中楼层 (共5层) | 2021年 | 2室1厅 | 84.08平米 | 东 西,https://ke-image.ljcdn.com/110000-inspection/6dbabd09-f42c-49c2-b786-8c95bf6ba64d_1000.jpg!m_fill,w_280,h_210,f_jpg?from=ke.com
20240329,怀柔,怀柔,101122588670,于家园二区南院 顶层东西通透 精装三居 层高2.8米,219万,24037元/平,顶层 (共6层) | 1999年 | 3室1厅 | 91.11平米 | 东 西,https://ke-image.ljcdn.com/110000-inspection/0430b7bd-6f96-4661-a78c-9547c62f4aa7_1000.jpg!m_fill,w_280,h_210,f_jpg?from=ke.com
20240329,怀柔,怀柔,101122588189,滨湖小区楼层好视野开阔配套齐全诚心出售,175万,28474元/平,高楼层 (共6层) | 1991年 | 2室1厅 | 61.46平米 | 南 北,https://ke-image.ljcdn.com/110000-inspection/34808271-0c0e-4b5c-b837-82888a88f28a_1000.jpg!m_fill,w_280,h_210,f_jpg?from=ke.com
20240329,怀柔,怀柔,101122585543,于家园一区  视野采光充足 无遮挡,268万,29881元/平,高楼层 (共6层) 3室2厅 | 89.69平米 | 南 北,https://ke-image.ljcdn.com/110000-inspection/pc1_BWkyK0kj7.jpg!m_fill,w_280,h_210,f_jpg?from=ke.com
20240329,怀柔,怀柔,101122585211,青春路1号院   两居室  1层 把西边  全明格局,220万,30080元/平,底层 (共6层) 2室1厅 | 73.14平米 | 南 北,https://ke-image.ljcdn.com/110000-inspection/pc1_xc2yso9kJ_1.jpg!m_fill,w_280,h_210,f_jpg?from=ke.com
20240329,怀柔,怀柔,101122583598,迎宾中路2号院  4层两居室   满五唯一,170万,27161元/平,中楼层 (共5层) 2室1厅 | 62.59平米 | 南 北,https://ke-image.ljcdn.com/110000-inspection/e4b35f13-a261-4237-b49a-7616d0073077_1000.jpg!m_fill,w_280,h_210,f_jpg?from=ke.com
20240329,怀柔,怀柔,101122581278,裕华园一区电梯房  能贷款 南北通透,110万,21261元/平,低楼层 (共15层) | 2014年 | 1室1厅 | 51.74平米 | 南 北,https://ke-image.ljcdn.com/110000-inspection/75fad5e0-71c1-4783-a19a-14bfb97e180f_1000.jpg!m_fill,w_280,h_210,f_jpg?from=ke.com
20240329,怀柔,怀柔,101122579399,新贤家园 2室1厅 南,280万,39498元/平,高楼层 (共11层) 2室1厅 | 70.89平米 | 南,https://ke-image.ljcdn.com/110000-inspection/275ae237-134f-4bbc-9acc-829eada0d4b0_1000.jpg!m_fill,w_280,h_210,f_jpg?from=ke.com
20240329,怀柔,怀柔,101122566695,潘家园小区 3室1厅 南 北,310万,29866元/平,底层 (共6层) 3室1厅 | 103.8平米 | 南 北,https://ke-image.ljcdn.com/110000-inspection/d0aa8e40-79cd-4beb-bd36-eaf42cac6fe8_1000.jpg!m_fill,w_280,h_210,f_jpg?from=ke.com
20240329,怀柔,怀柔,101122555387,金善名居 中间楼层 满五唯一 南北通透不临街,160万,21056元/平,中楼层 (共6层) 2室1厅 | 75.99平米 | 南 北,https://ke-image.ljcdn.com/110000-inspection/878ef320-c7fb-4e9e-89b1-ca36976dc77f_1000.jpg!m_fill,w_280,h_210,f_jpg?from=ke.com
20240329,怀柔,怀柔,101122551991,安乐馨居精装修格局好采光充足,118万,16798元/平,底层 (共17层) 1室2厅 | 70.25平米 | 南,https://ke-image.ljcdn.com/110000-inspection/pc1_pOsKt68d1.jpg!m_fill,w_280,h_210,f_jpg?from=ke.com
20240329,怀柔,怀柔,101122542321,顶秀美泉小镇A区 2室1厅 南 北,258万,28281元/平,中楼层 (共4层) | 2010年 | 2室1厅 | 91.23平米 | 南 北,https://ke-image.ljcdn.com/110000-inspection/cd710913-db7f-423d-855c-310c5f169397_1000.jpg!m_fill,w_280,h_210,f_jpg?from=ke.com
20240329,怀柔,怀柔,101122540068,精装修 楼层新 高层 电梯房 采光通透度好,288万,31346元/平,顶层 (共6层) 2室2厅 | 91.88平米 | 南 北,https://ke-image.ljcdn.com/110000-inspection/b0cce1c8-b333-4cdd-b0e0-1621569e36a2_1000.jpg!m_fill,w_280,h_210,f_jpg?from=ke.com
20240329,怀柔,怀柔,101122528568,湖光小区   两居室  满五唯一,129万,23020元/平,顶层 (共6层) 2室1厅 | 56.04平米 | 南 北,https://ke-image.ljcdn.com/110000-inspection/ef2fe6e7-6d7f-4071-b69e-ebca07cbcde0_1000.jpg!m_fill,w_280,h_210,f_jpg?from=ke.com
20240329,怀柔,怀柔,101122524084,富乐大街9号院 满五唯一 产权清晰,269万,28021元/平,高楼层 (共6层) 3室1厅 | 96平米 | 北 南,https://ke-image.ljcdn.com/110000-inspection/1984489e-668c-4076-81fa-0c2cec3f0b2e_1000.jpg!m_fill,w_280,h_210,f_jpg?from=ke.com
20240329,怀柔,怀柔,101122521206,龙山御景南北双阳台观水景致臻装修畅享生活满五唯一,600万,38683元/平,中楼层 (共25层) 3室2厅 | 155.11平米 | 南 北,https://ke-image.ljcdn.com/110000-inspection/b1994940-9ec5-4154-9a45-acd5b6e582e2_1000.jpg!m_fill,w_280,h_210,f_jpg?from=ke.com
20240329,怀柔,怀柔,101122520742,此房满五唯一南北通透三室一厅安静不临街,190万,31112元/平,底层 (共6层) 3室1厅 | 61.07平米 | 南 北,https://ke-image.ljcdn.com/110000-inspection/pc1_GAwJOEmuh.jpg!m_fill,w_280,h_210,f_jpg?from=ke.com
20240329,怀柔,怀柔,101122518471,此房低楼层青山绿水空气清新休闲适合宜居,235万,16136元/平,底层 (共5层) 2室2厅 | 145.64平米 | 东 西,https://ke-image.ljcdn.com/110000-inspection/ac67b95d-9779-4a45-9486-445be90cd760_1000.jpg!m_fill,w_280,h_210,f_jpg?from=ke.com
20240329,怀柔,怀柔,101122513777,裕华园一区 适合首套刚需客户群体,89.5万,18078元/平,高楼层 (共15层) | 2014年 | 1室1厅 | 49.51平米 | 南 北,https://ke-image.ljcdn.com/110000-inspection/7edcf6d6-b9a9-4c03-85cd-1d1d8541a856_1000.jpg!m_fill,w_280,h_210,f_jpg?from=ke.com
20240329,怀柔,怀柔,101122512956,湖光小区      2层三居室  看房子方便,213万,28119元/平,低楼层 (共6层) 3室1厅 | 75.75平米 | 南 北,https://ke-image.ljcdn.com/110000-inspection/e776e062-a979-41fd-a685-e677ee729dbd_1000.jpg!m_fill,w_280,h_210,f_jpg?from=ke.com
20240329,怀柔,怀柔,101122508711,栖美园  两居室   精装修  满五唯一,150万,20944元/平,顶层 (共6层) 2室1厅 | 71.62平米 | 西 北,https://ke-image.ljcdn.com/110000-inspection/665404ff-841f-469b-be70-83e573d59f19_1000.jpg!m_fill,w_280,h_210,f_jpg?from=ke.com
20240329,怀柔,怀柔,101122507122,龙湖花园 中间层把边三居 前后无遮挡,248万,29143元/平,中楼层 (共6层) 3室1厅 | 85.1平米 | 北 南,https://ke-image.ljcdn.com/110000-inspection/pc1_eeESaCMYd_1.jpg!m_fill,w_280,h_210,f_jpg?from=ke.com
20240329,怀柔,怀柔,101122504282,梦想家园西区电梯房精装修南北通透采光好,201万,22715元/平,中楼层 (共14层) | 2014年 | 2室2厅 | 88.49平米 | 南 北,https://ke-image.ljcdn.com/110000-inspection/67bd734c-7cd8-4bb6-8526-9c05b4b8f27e_1000.jpg!m_fill,w_280,h_210,f_jpg?from=ke.com
20240329,怀柔,怀柔,101122502729,湖光小区 满五唯一 采光好两居,136万,23272元/平,高楼层 (共6层) 2室1厅 | 58.44平米 | 南 北,https://ke-image.ljcdn.com/110000-inspection/pc1_6Obr9ZFB8_1.jpg!m_fill,w_280,h_210,f_jpg?from=ke.com
20240329,怀柔,怀柔,101122496464,栖美园   大两居室   带电梯  看房子有钥匙,285万,22401元/平,中楼层 (共6层) | 2005年 | 2室2厅 | 127.23平米 | 南 北,https://ke-image.ljcdn.com/110000-inspection/00084764-0b78-4939-ae1a-c743946114fc_1000.jpg!m_fill,w_280,h_210,f_jpg?from=ke.com
20240329,怀柔,怀柔,101122495604,丽湖馨居 2室1厅 南,332万,32613元/平,低楼层 (共12层) | 2004年 | 2室1厅 | 101.8平米 | 南,https://ke-image.ljcdn.com/110000-inspection/0e79c785-53ae-4331-b179-cd9fcf0d232c_1000.jpg!m_fill,w_280,h_210,f_jpg?from=ke.com
20240329,怀柔,怀柔,101122493398,育龙馨居次顶层精装修采光充足,290万,24107元/平,高楼层 (共14层) 3室1厅 | 120.3平米 | 南 北,https://ke-image.ljcdn.com/110000-inspection/b4216a96-bf76-4ff6-a0b2-1e2dd2db8e6b_1000.jpg!m_fill,w_280,h_210,f_jpg?from=ke.com
20240329,怀柔,怀柔,101122489624,杨家园小区 3室1厅 南 北,185万,25663元/平,中楼层 (共6层) 3室1厅 | 72.09平米 | 南 北,https://ke-image.ljcdn.com/110000-inspection/46c3a6e0-244f-4074-ab1c-755ca7bc180d_1000.jpg!m_fill,w_280,h_210,f_jpg?from=ke.com
20240329,怀柔,怀柔,101122485337,世嘉光织谷西区 楼层好 视野宽阔 采光充足,215万,22544元/平,低楼层 (共6层) | 2012年 | 2室1厅 | 95.37平米 | 南,https://ke-image.ljcdn.com/110000-inspection/d3202a7a-d22b-4400-8a95-544f633dc44d_1000.jpg!m_fill,w_280,h_210,f_jpg?from=ke.com
20240329,怀柔,怀柔,101122481048,西园小两居 小区中间位置不临街,132万,24967元/平,顶层 (共5层) 2室1厅 | 52.87平米 | 南 北,https://ke-image.ljcdn.com/110000-inspection/3f716f4a-a09a-4d54-b17f-aec240a66a9f_1000.jpg!m_fill,w_280,h_210,f_jpg?from=ke.com
20240329,怀柔,怀柔,101122480125,潘家园小区满五唯一视野宽阔采光好配套齐全。,230万,24702元/平,高楼层 (共6层) | 1997年 | 3室1厅 | 93.11平米 | 南 北,https://ke-image.ljcdn.com/110000-inspection/dc7b0bfe-2488-4a57-b8ab-6315bd4bd3be_1000.jpg!m_fill,w_280,h_210,f_jpg?from=ke.com
20240329,怀柔,怀柔,101122479947,业主诚意出售    价格可议 随时签约,196万,24225元/平,低楼层 (共6层) 2室1厅 | 80.91平米 | 南 北,https://ke-image.ljcdn.com/110000-inspection/pc1_M7HgsLYxs_1.jpg!m_fill,w_280,h_210,f_jpg?from=ke.com
20240329,怀柔,怀柔,101122468678,西园南北通透把边户楼层好采光充足！！！,210万,26937元/平,中楼层 (共5层) 3室1厅 | 77.96平米 | 南 北,https://ke-image.ljcdn.com/110000-inspection/26544f45-5d54-4c81-9275-4ecf6c1319d2_1000.jpg!m_fill,w_280,h_210,f_jpg?from=ke.com
20240329,怀柔,怀柔,101122461091,裕华园一区 满五年唯一 南北通透两居室,165万,20469元/平,中楼层 (共14层) | 2013年 | 2室1厅 | 80.61平米 | 南 北,https://ke-image.ljcdn.com/110000-inspection/a32840bd-aa51-42e5-a937-65cdd0c7e745_1000.jpg!m_fill,w_280,h_210,f_jpg?from=ke.com
20240329,怀柔,怀柔,101122455119,怀柔北大街 2室1厅 南 北,180万,24374元/平,高楼层 (共6层) 2室1厅 | 73.85平米 | 南 北,https://ke-image.ljcdn.com/110000-inspection/pc1_G5YFarrJ9_1.jpg!m_fill,w_280,h_210,f_jpg?from=ke.com
20240329,怀柔,怀柔,101122454597,小中富乐二区  南北通透  看房方便  业主诚意出售,220万,20933元/平,顶层 (共6层) | 1993年 | 2室2厅 | 105.1平米 | 南 北,https://ke-image.ljcdn.com/110000-inspection/fec8dac5-4be2-4ca7-8780-82bdbb64d911_1000.jpg!m_fill,w_280,h_210,f_jpg?from=ke.com
20240329,怀柔,怀柔,101122450299,青春路一院 2室1厅 南 北,170万,22258元/平,顶层 (共6层) 2室1厅 | 76.38平米 | 南 北,https://ke-image.ljcdn.com/110000-inspection/ebc28894-798d-4e02-a832-8ee98db2fad0_1000.jpg!m_fill,w_280,h_210,f_jpg?from=ke.com
20240329,怀柔,怀柔,101122432520,南华园一区满五唯一两居室一梯一户,179万,25598元/平,中楼层 (共5层) 2室1厅 | 69.93平米 | 南 北,https://ke-image.ljcdn.com/110000-inspection/4d1b77ba-c231-4b10-bb17-5af1b941d7bc_1000.jpg!m_fill,w_280,h_210,f_jpg?from=ke.com
20240329,怀柔,怀柔,101122429284,青春路  满五唯一  精装修 拎包入住,165万,29055元/平,顶层 (共4层) 2室1厅 | 56.79平米 | 南 北,https://ke-image.ljcdn.com/110000-inspection/7726379d-d576-41e1-9212-7b92cf9d4367_1000.jpg!m_fill,w_280,h_210,f_jpg?from=ke.com
20240329,怀柔,怀柔,101122416310,怀柔新新家园 2室1厅 东 西,275万,31855元/平,高楼层 (共15层) | 2017年 | 2室1厅 | 86.33平米 | 东 西,https://ke-image.ljcdn.com/110000-inspection/b4f07c7f-7f66-4431-bf48-622093968f25_1000.jpg!m_fill,w_280,h_210,f_jpg?from=ke.com
20240329,怀柔,怀柔,101122410242,西园 南北通透 户型方正 低楼层,170万,27092元/平,中楼层 (共5层) 2室1厅 | 62.75平米 | 东南 北,https://ke-image.ljcdn.com/110000-inspection/a471ef29-a660-43d7-bccc-39d7ea7a0480_1000.jpg!m_fill,w_280,h_210,f_jpg?from=ke.com
20240329,怀柔,怀柔,101122394612,湖光小区满五唯一诚心出售只有契税,165万,29065元/平,中楼层 (共6层) 2室1厅 | 56.77平米 | 南 北,https://ke-image.ljcdn.com/110000-inspection/f82d7013-3872-4bc3-bfda-c75f5d994229_1000.jpg!m_fill,w_280,h_210,f_jpg?from=ke.com
20240329,怀柔,怀柔,101122383546,富乐社区一号院    东西通透   两居室,138万,23000元/平,中楼层 (共6层) 2室1厅 | 60平米 | 东 西,https://ke-image.ljcdn.com/110000-inspection/18f13267-ac03-45a4-9059-37f0e6af23e8_1000.jpg!m_fill,w_280,h_210,f_jpg?from=ke.com
20240329,怀柔,怀柔,101122375922,青春路六院 一层两居室 可拎包入住,190万,29513元/平,底层 (共6层) 2室1厅 | 64.38平米 | 南 北,https://ke-image.ljcdn.com/110000-inspection/pc1_rQiangtYy_1.jpg!m_fill,w_280,h_210,f_jpg?from=ke.com
20240329,怀柔,怀柔,101122375502,低楼层 南北通透 客厅通阳台 两室两厅双卫 看房方便,240万,24794元/平,低楼层 (共6层) 2室1厅 | 96.8平米 | 南 北,https://ke-image.ljcdn.com/110000-inspection/pc1_Kj9e3Qvh7_1.jpg!m_fill,w_280,h_210,f_jpg?from=ke.com
20240329,怀柔,怀柔,101122374683,裕华园 电梯房 两居室 诚意出售 看房方便,135万,20087元/平,高楼层 (共15层) | 2014年 | 2室1厅 | 67.21平米 | 南,https://ke-image.ljcdn.com/110000-inspection/36435e44-3e9a-479d-aa9e-d40f8438caa7_1000.jpg!m_fill,w_280,h_210,f_jpg?from=ke.com
20240329,怀柔,怀柔,101122370291,南北通透楼层好视野宽阔配套设施齐全,190万,26356元/平,中楼层 (共6层) 2室1厅 | 72.09平米 | 南 北,https://ke-image.ljcdn.com/110000-inspection/a4277709-9bbc-448f-95a0-838ed1f17cf0_1000.jpg!m_fill,w_280,h_210,f_jpg?from=ke.com
20240329,怀柔,怀柔,101122370075,小中富乐二区 3室2厅 南 北,355万,28794元/平,高楼层 (共6层) 3室2厅 | 123.29平米 | 南 北,https://ke-image.ljcdn.com/110000-inspection/f13c99ee-c0ea-4691-8974-a2dafe71c316_1000.jpg!m_fill,w_280,h_210,f_jpg?from=ke.com
20240329,怀柔,怀柔,101122360988,精装修电梯房客厅通阳台诚意卖,163万,24530元/平,中楼层 (共8层) | 2011年 | 2室1厅 | 66.45平米 | 南 北,https://ke-image.ljcdn.com/110000-inspection/7147a648-3de3-43ed-b650-5f4c8f87ffe9_1000.jpg!m_fill,w_280,h_210,f_jpg?from=ke.com
20240329,怀柔,怀柔,101122351650,下园此房满五交通便利高楼层视野开阔,180万,29635元/平,顶层 (共6层) 2室1厅 | 60.74平米 | 南 北,https://ke-image.ljcdn.com/110000-inspection/efec7ada-2af4-4703-8489-a6657f5065f4_1000.jpg!m_fill,w_280,h_210,f_jpg?from=ke.com
20240329,怀柔,怀柔,101122348691,于家园二区北院二层三室一厅出售,194万,26539元/平,低楼层 (共6层) 3室1厅 | 73.1平米 | 南 北,https://ke-image.ljcdn.com/110000-inspection/pc1_qRoYJk39m_1.jpg!m_fill,w_280,h_210,f_jpg?from=ke.com
20240329,怀柔,怀柔,101122348138,水岸雁栖 精装电梯房 客厅通阳台 四室双卫,520万,36566元/平,高楼层 (共6层) | 2021年 | 4室2厅 | 142.21平米 | 南 北,https://ke-image.ljcdn.com/110000-inspection/8904b361-0bf8-4c2c-aa74-72dc459ce34c_1000.jpg!m_fill,w_280,h_210,f_jpg?from=ke.com
20240329,怀柔,怀柔,101122335797,水岸雁栖  毛坯房随意装修    大三居室,425万,30297元/平,高楼层 (共6层) | 2021年 | 3室1厅 | 140.28平米 | 东 南,https://ke-image.ljcdn.com/110000-inspection/86d41941-28fb-44aa-a751-7d408b308d8b_1000.jpg!m_fill,w_280,h_210,f_jpg?from=ke.com
20240329,怀柔,怀柔,101122333249,滨湖小区 商业繁华区 交通便利 优质两居,139万,26871元/平,顶层 (共5层) 2室1厅 | 51.73平米 | 东 北,https://ke-image.ljcdn.com/110000-inspection/pc1_yepWfTIks_1.jpg!m_fill,w_280,h_210,f_jpg?from=ke.com
20240329,怀柔,怀柔,101122328779,小中富乐二区高层南北通透4居室房主自荐,306万,20517元/平,顶层 (共6层) 4室2厅 | 149.15平米 | 南 北,https://ke-image.ljcdn.com/110000-inspection/0005d1a5-fb89-4a54-b714-830c81240767_1000.jpg!m_fill,w_280,h_210,f_jpg?from=ke.com
20240329,怀柔,怀柔,101122326792,青春路一院 南北通透 卧室朝南 采光充足 户型方正,175万,28807元/平,顶层 (共6层) 2室1厅 | 60.75平米 | 南 北,https://ke-image.ljcdn.com/110000-inspection/5efcef58-5f44-4872-ab16-08fee1585a7a_1000.jpg!m_fill,w_280,h_210,f_jpg?from=ke.com
20240329,怀柔,怀柔,101122324046,顶秀美泉小镇C区 南北通透大三居采光充足户型好,350万,26310元/平,中楼层 (共4层) 3室2厅 | 133.03平米 | 南 北,https://ke-image.ljcdn.com/110000-inspection/88f6d955-ad0a-4813-b7b1-eb59ce3c2bb6_1000.jpg!m_fill,w_280,h_210,f_jpg?from=ke.com
20240329,怀柔,怀柔,101122321856,幸福东园1号院    大两居室   精装修,160万,19482元/平,顶层 (共6层) 2室2厅 | 82.13平米 | 南 北,https://ke-image.ljcdn.com/110000-inspection/pc1_TCXvnVp4Q_1.jpg!m_fill,w_280,h_210,f_jpg?from=ke.com
20240329,怀柔,怀柔,101122320882,滨湖小区 南北通透 低楼层  诚意出售 可随时签约,195万,32425元/平,中楼层 (共5层) 2室1厅 | 60.14平米 | 南 北,https://ke-image.ljcdn.com/110000-inspection/57428d4b-caff-45a7-8c2e-956dafa411c1_1000.jpg!m_fill,w_280,h_210,f_jpg?from=ke.com
20240329,怀柔,怀柔,101122320811,融城园北区看房效果好适合居住,240万,24391元/平,中楼层 (共6层) 3室1厅 | 98.4平米 | 南 北,https://ke-image.ljcdn.com/110000-inspection/dc681832-4afe-469d-87c3-e4075599b946_1000.jpg!m_fill,w_280,h_210,f_jpg?from=ke.com
20240329,怀柔,怀柔,101122320374,安乐馨居 3室2厅 南 北,218万,17978元/平,低楼层 (共15层) 3室2厅 | 121.26平米 | 南 北,https://ke-image.ljcdn.com/110000-inspection/d8eba369-584f-4249-aeb1-09da31c6a62e_1000.jpg!m_fill,w_280,h_210,f_jpg?from=ke.com
20240329,怀柔,怀柔,101122320356,安乐馨居 1室2厅 南 北,138万,19701元/平,低楼层 (共17层) 1室2厅 | 70.05平米 | 南 北,https://ke-image.ljcdn.com/110000-inspection/9da57b80-4753-45ce-b6d3-6c7c930ffe70_1000.jpg!m_fill,w_280,h_210,f_jpg?from=ke.com
20240329,怀柔,怀柔,101122320345,安乐馨居 2室2厅 南 北,168万,19590元/平,中楼层 (共17层) 2室2厅 | 85.76平米 | 南 北,https://ke-image.ljcdn.com/110000-inspection/pc1_trM04hSH3_1.jpg!m_fill,w_280,h_210,f_jpg?from=ke.com
20240329,怀柔,怀柔,101122319329,北京城建胜悦居 3室1厅 南 北,410万,37307元/平,中楼层 (共15层) | 2018年 | 3室1厅 | 109.9平米 | 南 北,https://ke-image.ljcdn.com/110000-inspection/037c6f26-505c-4af0-a680-b74d7bed7a1d_1000.jpg!m_fill,w_280,h_210,f_jpg?from=ke.com
20240329,怀柔,怀柔,101122311820,湖光小区 南北通透两室正规厅 出行方便,160万,27009元/平,中楼层 (共5层) 2室1厅 | 59.24平米 | 南 北,https://ke-image.ljcdn.com/110000-inspection/pc1_hWSHTkrCU.jpg!m_fill,w_280,h_210,f_jpg?from=ke.com
20240329,怀柔,怀柔,101122310335,梦想家园西区 2室1厅 南 北,195万,22087元/平,低楼层 (共14层) | 2014年 | 2室1厅 | 88.29平米 | 南 北,https://ke-image.ljcdn.com/110000-inspection/0fff794f-e3f7-4d5c-9b63-ec19489bcdcb_1000.jpg!m_fill,w_280,h_210,f_jpg?from=ke.com
20240329,怀柔,怀柔,101122302134,电梯房  南北通透 业主诚意出售,168万,20836元/平,中楼层 (共11层) 2室1厅 | 80.63平米 | 南 北,https://ke-image.ljcdn.com/110000-inspection/a4c6657b-dbfc-4a98-b2d8-532be3a8cceb_1000.jpg!m_fill,w_280,h_210,f_jpg?from=ke.com
20240329,怀柔,怀柔,101122298993,南北通透 简单装修 业主诚意出售 看房方便,158万,25200元/平,中楼层 (共6层) 2室1厅 | 62.7平米 | 南 北,https://ke-image.ljcdn.com/110000-inspection/pc1_Duv6gJKEG.jpg!m_fill,w_280,h_210,f_jpg?from=ke.com
20240329,怀柔,怀柔,101122287119,怀柔科学城 顶秀美泉小镇A区 中间楼层两居室,251万,29388元/平,中楼层 (共4层) 2室1厅 | 85.41平米 | 东 南 西,https://ke-image.ljcdn.com/110000-inspection/84a500d4-9d63-49ea-be74-0fed37679e7f_1000.jpg!m_fill,w_280,h_210,f_jpg?from=ke.com
20240329,怀柔,怀柔,101122280985,青春路一院南北通透采光好,330万,28515元/平,中楼层 (共6层) 3室1厅 | 115.73平米 | 南 北,https://ke-image.ljcdn.com/110000-inspection/pc1_ruVm1bIZo_1.jpg!m_fill,w_280,h_210,f_jpg?from=ke.com
20240329,怀柔,怀柔,101122280349,潘家园小区 3室1厅 南 北,230万,25420元/平,中楼层 (共6层) 3室1厅 | 90.48平米 | 南 北,https://ke-image.ljcdn.com/110000-inspection/b829ce3c-5719-4c19-9269-2f2f45920702_1000.jpg!m_fill,w_280,h_210,f_jpg?from=ke.com
20240329,怀柔,怀柔,101122276902,杨家园小区 3室1厅 南 北,190万,26886元/平,高楼层 (共6层) 3室1厅 | 70.67平米 | 南 北,https://ke-image.ljcdn.com/110000-inspection/e4e96a92-441e-4cf0-950f-1a6873d3dfe2_1000.jpg!m_fill,w_280,h_210,f_jpg?from=ke.com
20240329,怀柔,怀柔,101122267825,开利园小区南北通透顶层采光好,275万,23443元/平,顶层 (共6层) 3室1厅 | 117.31平米 | 南 北,https://ke-image.ljcdn.com/110000-inspection/1dabf47c-d65e-482e-a015-9286e602c72b_1000.jpg!m_fill,w_280,h_210,f_jpg?from=ke.com
20240329,怀柔,怀柔,101122267685,融城园南区交通便利小区环境好,255万,21706元/平,中楼层 (共6层) | 2006年 | 3室1厅 | 117.48平米 | 南 北,https://ke-image.ljcdn.com/110000-inspection/a1701c39-0081-49a4-b80e-ee92935225fd_1000.jpg!m_fill,w_280,h_210,f_jpg?from=ke.com
20240329,怀柔,怀柔,101122266983,开利园小区无遮挡采光充足 楼层好交通便利,180万,26830元/平,中楼层 (共4层) 2室1厅 | 67.09平米 | 西,https://ke-image.ljcdn.com/110000-inspection/pc1_zdnxppIGm_1.jpg!m_fill,w_280,h_210,f_jpg?from=ke.com
20240329,怀柔,怀柔,101122266468,客厅通阳台 精装修 南北通透 诚意出售,260万,25034元/平,顶层 (共6层) 2室2厅 | 103.86平米 | 南 北,https://ke-image.ljcdn.com/110000-inspection/91f036b6-29d2-4231-a509-3c48a6654b48_1000.jpg!m_fill,w_280,h_210,f_jpg?from=ke.com
20240329,怀柔,怀柔,101122257634,房子是南北通透格局户型方正采光充足视野开阔,145万,22832元/平,顶层 (共6层) 2室1厅 | 63.51平米 | 南 北,https://ke-image.ljcdn.com/110000-inspection/9f86eccc-e8d8-4b2e-8d9c-e9be1323665a_1000.jpg!m_fill,w_280,h_210,f_jpg?from=ke.com
20240329,怀柔,怀柔,101122255338,顶秀美泉小镇B区电梯房南北通透居住舒适,259万,28981元/平,底层 (共4层) | 2015年 | 2室1厅 | 89.37平米 | 南 北,https://ke-image.ljcdn.com/110000-inspection/pc1_Rm9xdrjW8.jpg!m_fill,w_280,h_210,f_jpg?from=ke.com
20240329,怀柔,怀柔,101122255038,南华园四区交通方便采光好户型通透,240万,26470元/平,顶层 (共6层) 3室1厅 | 90.67平米 | 南 北,https://ke-image.ljcdn.com/110000-inspection/479b8f82-2cec-42eb-8889-185a754f49f4_1000.jpg!m_fill,w_280,h_210,f_jpg?from=ke.com
20240329,怀柔,怀柔,101122253119,下园南北通透交通便利采光好,175万,28812元/平,高楼层 (共6层) 2室1厅 | 60.74平米 | 南 北,https://ke-image.ljcdn.com/110000-inspection/pc1_6xyXKHJb5.jpg!m_fill,w_280,h_210,f_jpg?from=ke.com
20240329,怀柔,怀柔,101122251780,杨家园小区交通便利高楼层采光好,185万,25571元/平,高楼层 (共6层) 3室1厅 | 72.35平米 | 南 北,https://ke-image.ljcdn.com/110000-inspection/pc1_lXR8BMJrZ.jpg!m_fill,w_280,h_210,f_jpg?from=ke.com
20240329,怀柔,怀柔,101122251190,西园 满五唯一  依山傍水  车位空间足   商业配套完善,350万,31598元/平,中楼层 (共6层) 3室2厅 | 110.77平米 | 南 北,https://ke-image.ljcdn.com/110000-inspection/65389c51-c5da-4dbd-aced-48e5f6678f01_1000.jpg!m_fill,w_280,h_210,f_jpg?from=ke.com
20240329,怀柔,怀柔,101122251125,湖光小区南北通透格局好采光好,195万,26256元/平,高楼层 (共6层) 3室1厅 | 74.27平米 | 南 北,https://ke-image.ljcdn.com/110000-inspection/pc1_VYZI4mqur_1.jpg!m_fill,w_280,h_210,f_jpg?from=ke.com
20240329,怀柔,怀柔,101122249834,青春路六院 2室1厅 南 北,210万,32828元/平,低楼层 (共9层) 2室1厅 | 63.97平米 | 南 北,https://ke-image.ljcdn.com/110000-inspection/fbdeedfa-8ea0-4606-9daf-07d87383f23c_1000.jpg!m_fill,w_280,h_210,f_jpg?from=ke.com
20240329,怀柔,怀柔,101122245620,府前龙樾小区一梯一户电梯入户精装修带车位,698万,47004元/平,高楼层 (共12层) | 2022年 | 4室2厅 | 148.5平米 | 南 北,https://ke-image.ljcdn.com/110000-inspection/pc1_H83ciT3DT_1.jpg!m_fill,w_280,h_210,f_jpg?from=ke.com
20240329,怀柔,怀柔,101122243047,裕华园一区此房南北通透 采光充足 拎包入住,180万,22520元/平,高楼层 (共16层) 2室2厅 | 79.93平米 | 南 北,https://ke-image.ljcdn.com/110000-inspection/e6048bde-73df-4c9e-9954-1eced42cc642_1000.jpg!m_fill,w_280,h_210,f_jpg?from=ke.com
20240329,怀柔,怀柔,101122233320,北大街1号院 高层 南北通透 正规三居 采光好 诚意出售,190万,22441元/平,顶层 (共6层) 3室1厅 | 84.67平米 | 南 北,https://ke-image.ljcdn.com/110000-inspection/80d2bb3f-c21a-4dec-a5ab-a48c8cfd3014_1000.jpg!m_fill,w_280,h_210,f_jpg?from=ke.com
20240329,怀柔,怀柔,101122231928,欧郡香水城精装修南北通透2居室房主自荐,238万,25085元/平,低楼层 (共3层) 3室1厅 | 94.88平米 | 南 北,https://ke-image.ljcdn.com/110000-inspection/pc1_cMgMZUPyO_1.jpg!m_fill,w_280,h_210,f_jpg?from=ke.com
20240329,怀柔,怀柔,101122231884,北街二号采光好通风好地段好,300万,32307元/平,高楼层 (共6层) 3室1厅 | 92.86平米 | 南 北,https://ke-image.ljcdn.com/110000-inspection/pc1_DtSUhDfyU_1.jpg!m_fill,w_280,h_210,f_jpg?from=ke.com
20240329,怀柔,怀柔,101122228085,富乐小区北里 满五年唯一 南北通透三居室,179万,26367元/平,中楼层 (共6层) 3室1厅 | 67.89平米 | 南 北,https://ke-image.ljcdn.com/110000-inspection/pc1_2ZD1HnTE1.jpg!m_fill,w_280,h_210,f_jpg?from=ke.com
20240329,怀柔,怀柔,101122216009,育龙铭居   南北通透有电梯  可以贷款,156万,23705元/平,顶层 (共9层) 2室1厅 | 65.81平米 | 南 北,https://ke-image.ljcdn.com/110000-inspection/1ec47c0e-b42c-4c79-940a-b5c3e2d47c4f_1000.jpg!m_fill,w_280,h_210,f_jpg?from=ke.com
20240329,怀柔,怀柔,101122211868,胜悦居 电梯房  户型方正 视野宽阔,265万,35879元/平,高楼层 (共15层) | 2018年 | 2室1厅 | 73.86平米 | 南,https://ke-image.ljcdn.com/110000-inspection/a2cd5962-ffd2-4647-b155-29e3bce3a3d2_1000.jpg!m_fill,w_280,h_210,f_jpg?from=ke.com
20240329,怀柔,怀柔,101122193990,莲馨苑  业主回家发展卖房 新装修 紧凑小三居,210万,24448元/平,顶层 (共6层) 3室1厅 | 85.9平米 | 南 北,https://ke-image.ljcdn.com/110000-inspection/72fb7f38-3b39-4722-b003-4a1a0fe49f59_1000.jpg!m_fill,w_280,h_210,f_jpg?from=ke.com
20240329,怀柔,怀柔,101122186230,东园紧凑优质小户型客厅有窗户亮堂高楼层,161万,31076元/平,顶层 (共6层) 2室1厅 | 51.81平米 | 南,https://ke-image.ljcdn.com/110000-inspection/pc1_LaqzD3ft7_1.jpg!m_fill,w_280,h_210,f_jpg?from=ke.com
20240329,怀柔,怀柔,101122178706,府前观邸南北通透全明格局三室两卫。,580万,40843元/平,中楼层 (共12层) 3室2厅 | 142.01平米 | 南 北,https://ke-image.ljcdn.com/110000-inspection/a27e44da-2857-4585-969a-d7679b5da22c_1000.jpg!m_fill,w_280,h_210,f_jpg?from=ke.com
20240329,怀柔,怀柔,101122158893,光织谷东区   纯南户型 高楼层    电梯房,185万,28418元/平,高楼层 (共6层) 2室1厅 | 65.1平米 | 南,https://ke-image.ljcdn.com/110000-inspection/3f2fd3c3-88ab-4fb1-bab3-00d682ad6f7b_1000.jpg!m_fill,w_280,h_210,f_jpg?from=ke.com
20240329,怀柔,怀柔,101122147515,湖光小区 满五唯一 南北通透 交通便利,245万,27791元/平,中楼层 (共5层) 3室1厅 | 88.16平米 | 南 北,https://ke-image.ljcdn.com/110000-inspection/pc1_8UMVr8ltP_1.jpg!m_fill,w_280,h_210,f_jpg?from=ke.com
20240329,怀柔,怀柔,101122145558,南华园四区 2室1厅 南 北,200万,25931元/平,中楼层 (共6层) 2室1厅 | 77.13平米 | 南 北,https://ke-image.ljcdn.com/110000-inspection/pc1_cXAw2U4B2_1.jpg!m_fill,w_280,h_210,f_jpg?from=ke.com
20240329,怀柔,怀柔,101122140461,滨湖 精装修 中层 客厅通阳台 南北通透,158万,27901元/平,中楼层 (共5层) 2室1厅 | 56.63平米 | 南 北,https://ke-image.ljcdn.com/110000-inspection/pc1_AfudC0qyl_1.jpg!m_fill,w_280,h_210,f_jpg?from=ke.com
20240329,怀柔,怀柔,101122137765,世嘉光织谷西区满五唯一精装修南北通透,275万,24506元/平,低楼层 (共6层) | 2012年 | 2室2厅 | 112.22平米 | 南 北,https://ke-image.ljcdn.com/110000-inspection/pc1_FMebCeWZW_1.jpg!m_fill,w_280,h_210,f_jpg?from=ke.com
20240329,怀柔,怀柔,101122135887,东关二区南北通透2居采光好,170万,24978元/平,顶层 (共6层) 2室1厅 | 68.06平米 | 南 北,https://ke-image.ljcdn.com/110000-inspection/e1558d57-1ea3-426b-ae8f-35854e38d18e_1000.jpg!m_fill,w_280,h_210,f_jpg?from=ke.com
20240329,怀柔,怀柔,101122107019,兴怀大街小区 3室1厅 东 南 北,396万,37607元/平,中楼层 (共6层) 3室1厅 | 105.3平米 | 东 南 北,https://ke-image.ljcdn.com/110000-inspection/pc1_wZxjKLJNo_1.jpg!m_fill,w_280,h_210,f_jpg?from=ke.com
20240329,怀柔,怀柔,101122104859,北京城建胜悦居楼龄新不临街南北通透户型好,395万,44902元/平,低楼层 (共11层) 2室1厅 | 87.97平米 | 南 北,https://ke-image.ljcdn.com/110000-inspection/pc1_N3z01Xi33_1.jpg!m_fill,w_280,h_210,f_jpg?from=ke.com
20240329,怀柔,怀柔,101122102967,龙山东路2号院 精装修南向两居室,325万,41375元/平,低楼层 (共26层) 2室1厅 | 78.55平米 | 南,https://ke-image.ljcdn.com/110000-inspection/898d99a9-ff17-493a-8fd4-ed3f2e8d0edb_1000.jpg!m_fill,w_280,h_210,f_jpg?from=ke.com
20240329,怀柔,怀柔,101122099947,裕华园一区中高楼层价总低采光视野好不临街。,99万,19228元/平,高楼层 (共15层) 1室1厅 | 51.49平米 | 南 北,https://ke-image.ljcdn.com/110000-inspection/pc1_QjVbtiIr2.jpg!m_fill,w_280,h_210,f_jpg?from=ke.com
20240329,怀柔,怀柔,101122092040,湖光小区满五唯一精装修中间楼层3居格局房主自荐,243万,30304元/平,中楼层 (共6层) 3室1厅 | 80.19平米 | 南 北,https://ke-image.ljcdn.com/110000-inspection/pc1_2SjPRcUPu_1.jpg!m_fill,w_280,h_210,f_jpg?from=ke.com
20240329,怀柔,怀柔,101122082050,裕华园    大两居室 南北通透  可贷款,155万,19821元/平,低楼层 (共16层) | 2013年 | 2室1厅 | 78.2平米 | 南 北,https://ke-image.ljcdn.com/110000-inspection/pc1_CbjzCR1FZ_1.jpg!m_fill,w_280,h_210,f_jpg?from=ke.com
20240329,怀柔,怀柔,101122080415,南大街35号院   电梯楼    大三居室    有地下室房主自荐,638万,40116元/平,顶层 (共6层) 3室2厅 | 159.04平米 | 南 北,https://ke-image.ljcdn.com/110000-inspection/21ee9e29-0868-43ff-ae1e-c73e19f335c4_1000.jpg!m_fill,w_280,h_210,f_jpg?from=ke.com
20240329,怀柔,怀柔,101122072975,于家园二区南院 2室1厅 南 北,199万,28980元/平,低楼层 (共6层) 2室1厅 | 68.67平米 | 南 北,https://ke-image.ljcdn.com/110000-inspection/94baf39b-35fb-4fc7-877c-844cc40c7a98_1000.jpg!m_fill,w_280,h_210,f_jpg?from=ke.com
20240329,怀柔,怀柔,101122072445,东关一区 低楼层 精装修 房子新,320万,32226元/平,低楼层 (共6层) | 2009年 | 3室1厅 | 99.3平米 | 南 北,https://ke-image.ljcdn.com/110000-inspection/4f64c3b2-c802-412d-9a3f-60382c133481_1000.jpg!m_fill,w_280,h_210,f_jpg?from=ke.com
20240329,怀柔,怀柔,101122072282,于家园一区 3室1厅 南 北,243万,30052元/平,高楼层 (共6层) 3室1厅 | 80.86平米 | 南 北,https://ke-image.ljcdn.com/110000-inspection/e1ca58ad-9b49-4e82-a910-f96efc12540c_1000.jpg!m_fill,w_280,h_210,f_jpg?from=ke.com
20240329,怀柔,怀柔,101122069124,顶秀美泉小镇A区配套设施齐全正规三居室,355万,25718元/平,底层 (共4层) | 2010年 | 3室2厅 | 138.04平米 | 南 北,https://ke-image.ljcdn.com/110000-inspection/ad95c908-5a4d-4d4c-b707-dde76c6e7ab2_1000.jpg!m_fill,w_280,h_210,f_jpg?from=ke.com
20240329,怀柔,怀柔,101122064587,顶秀美泉欧式小镇 精装修 满五年拎包入住,275万,30730元/平,中楼层 (共5层) | 2015年 | 2室1厅 | 89.49平米 | 南 西 北,https://ke-image.ljcdn.com/110000-inspection/a90704d4-48b8-4c6e-937c-3d7cf6e26c6a_1000.jpg!m_fill,w_280,h_210,f_jpg?from=ke.com
20240329,怀柔,怀柔,101122057981,成熟社区南北通透全明格局采光好,230万,26948元/平,低楼层 (共6层) 3室1厅 | 85.35平米 | 南 北,https://ke-image.ljcdn.com/110000-inspection/pc1_6TY8D9kvs_1.jpg!m_fill,w_280,h_210,f_jpg?from=ke.com
20240329,怀柔,怀柔,101122049272,房子满五唯一 看房方便  诚意出售,175万,24890元/平,中楼层 (共6层) 1室1厅 | 70.31平米 | 南,https://ke-image.ljcdn.com/110000-inspection/b10acaa1-7e9a-492f-8dc2-ffb81f427079_1000.jpg!m_fill,w_280,h_210,f_jpg?from=ke.com
20240329,怀柔,怀柔,101122041684,幸福东园2号院南北通透格局采光好,280万,21479元/平,中楼层 (共6层) 3室2厅 | 130.36平米 | 南 北,https://ke-image.ljcdn.com/110000-inspection/d127a9ed-df83-46c7-8df3-b877877431ee_1000.jpg!m_fill,w_280,h_210,f_jpg?from=ke.com
20240329,怀柔,怀柔,101122035549,龙祥小区    大三居室  客厅通阳台,355万,27407元/平,中楼层 (共6层) 3室2厅 | 129.53平米 | 南 北,https://ke-image.ljcdn.com/110000-inspection/a7c3834a-ac51-4385-bcfc-3af45ab9a09c_1000.jpg!m_fill,w_280,h_210,f_jpg?from=ke.com
20240329,怀柔,怀柔,101122025278,东园北区 2000年建成 两栋楼一个院 停车位充足,299万,27563元/平,中楼层 (共6层) 3室2厅 | 108.48平米 | 南 北,https://ke-image.ljcdn.com/110000-inspection/pc1_6QI57KUi0_1.jpg!m_fill,w_280,h_210,f_jpg?from=ke.com
20240329,怀柔,怀柔,101122021827,北京城建胜悦居 三室两卫 新小区环境好,370万,33735元/平,低楼层 (共15层) 3室1厅 | 109.68平米 | 南 北,https://ke-image.ljcdn.com/110000-inspection/70a4d8b4-39d1-4614-8194-39ecf9fadc5b_1000.jpg!m_fill,w_280,h_210,f_jpg?from=ke.com
20240329,怀柔,怀柔,101122018407,凤翔四园 满五年唯一 南北通透,278万,21253元/平,中楼层 (共6层) 3室2厅 | 130.81平米 | 南 北,https://ke-image.ljcdn.com/110000-inspection/ba2d2d65-650f-4030-94f8-292c44e6fae0_1000.jpg!m_fill,w_280,h_210,f_jpg?from=ke.com
20240329,怀柔,怀柔,101122017963,南华园二区  小三居   南北通透  业主出售,213万,30026元/平,中楼层 (共5层) 3室1厅 | 70.94平米 | 南 北,https://ke-image.ljcdn.com/110000-inspection/pc1_kTh4U59NQ.jpg!m_fill,w_280,h_210,f_jpg?from=ke.com
20240329,怀柔,怀柔,101122008469,本房是电梯住房精装修拎包入住,98万,20328元/平,高楼层 (共15层) | 2014年 | 1室1厅 | 48.21平米 | 南 北,https://ke-image.ljcdn.com/110000-inspection/00e23382-b85a-4584-ac5d-8714d4afd59f_1000.jpg!m_fill,w_280,h_210,f_jpg?from=ke.com
20240329,怀柔,怀柔,101121992269,新兴居中间层楼龄新位置好停车方便,258万,28885元/平,中楼层 (共6层) 3室1厅 | 89.32平米 | 南 北,https://ke-image.ljcdn.com/110000-inspection/pc1_3Jm3x7bdz.jpg!m_fill,w_280,h_210,f_jpg?from=ke.com
20240329,怀柔,怀柔,101121985265,此房满五唯一楼层好配套设施齐全交通便利,205万,21035元/平,低楼层 (共6层) 2室2厅 | 97.46平米 | 东 西,https://ke-image.ljcdn.com/110000-inspection/pc1_0TagSu0JP_1.jpg!m_fill,w_280,h_210,f_jpg?from=ke.com
20240329,怀柔,怀柔,101121979635,开利园小区 西向一居室 视野开阔,129万,26209元/平,顶层 (共4层) | 2000年 | 1室1厅 | 49.22平米 | 西,https://ke-image.ljcdn.com/110000-inspection/pc1_etNbxcnl1_1.jpg!m_fill,w_280,h_210,f_jpg?from=ke.com
20240329,怀柔,怀柔,101121975525,后横街小区 满五唯一 南北通透 业主诚意出售 可随时签,178万,30979元/平,中楼层 (共6层) 2室1厅 | 57.46平米 | 南 北,https://ke-image.ljcdn.com/110000-inspection/pc1_21dEgEEYO_1.jpg!m_fill,w_280,h_210,f_jpg?from=ke.com
20240329,怀柔,怀柔,101121973337,花园洋房 电梯房 满五唯一 南北通透 动静分离,249万,25195元/平,中楼层 (共8层) 2室1厅 | 98.83平米 | 南 北,https://ke-image.ljcdn.com/110000-inspection/pc1_aAhl78TDn.jpg!m_fill,w_280,h_210,f_jpg?from=ke.com
20240329,怀柔,怀柔,101121971428,南北通透满五唯一位置方便。房主自荐,240万,26282元/平,高楼层 (共6层) 3室1厅 | 91.32平米 | 南 北,https://ke-image.ljcdn.com/110000-inspection/pc1_hed8dV6Xm_1.jpg!m_fill,w_280,h_210,f_jpg?from=ke.com
20240329,怀柔,怀柔,101121962811,泉河园二区南北通透中间楼层视野好适宜居住,390万,32688元/平,中楼层 (共6层) 3室2厅 | 119.31平米 | 南 北,https://ke-image.ljcdn.com/110000-inspection/pc1_8yS1vs8hj.jpg!m_fill,w_280,h_210,f_jpg?from=ke.com
20240329,怀柔,怀柔,101121961695,融城园北区 南北通透 楼层低 适合宜居,256万,29974元/平,低楼层 (共6层) 2室2厅 | 85.41平米 | 南 北,https://ke-image.ljcdn.com/110000-inspection/pc1_J1AmbrIji_1.jpg!m_fill,w_280,h_210,f_jpg?from=ke.com
20240329,怀柔,怀柔,101121955249,裕华园一区 电梯房 可贷款 中间楼层 南北通透,98万,18941元/平,高楼层 (共15层) | 2014年 | 1室1厅 | 51.74平米 | 南 北,https://ke-image.ljcdn.com/110000-inspection/pc1_jNRUru5jW_1.jpg!m_fill,w_280,h_210,f_jpg?from=ke.com
20240329,怀柔,怀柔,101121949442,70年产权满五年商品房有电梯,320万,36024元/平,中楼层 (共5层) | 2015年 | 2室1厅 | 88.83平米 | 南 北,https://ke-image.ljcdn.com/110000-inspection/a21f5e0b-f9d3-424d-b689-9f81b9844dd6_1000.jpg!m_fill,w_280,h_210,f_jpg?from=ke.com
20240329,怀柔,怀柔,101121949051,青春苑西区 3室1厅 东 南 西 北,330万,31646元/平,中楼层 (共6层) 3室1厅 | 104.28平米 | 东 南 西 北,https://ke-image.ljcdn.com/110000-inspection/4affbf24-c3d7-4232-8bc5-9f0481ce74da_1000.jpg!m_fill,w_280,h_210,f_jpg?from=ke.com
20240329,怀柔,怀柔,101121938333,柏泉庄园雁鸣园B区   大两居室   精装修,175万,19786元/平,顶层 (共13层) | 2013年 | 2室1厅 | 88.45平米 | 南 北,https://ke-image.ljcdn.com/110000-inspection/08f0e2e7-6600-4f0f-9c53-3d61e74bdaa8_1000.jpg!m_fill,w_280,h_210,f_jpg?from=ke.com
20240329,怀柔,怀柔,101121928654,富乐月亮门小区全明格局两居室南北向诚意出售。,215万,28663元/平,中楼层 (共6层) | 1991年 | 2室1厅 | 75.01平米 | 南 北 东,https://ke-image.ljcdn.com/110000-inspection/pc1_ACEtHv4cj_1.jpg!m_fill,w_280,h_210,f_jpg?from=ke.com
20240329,怀柔,怀柔,101121923149,精装修大三居 采光好 格局方正 南北通透 采光充足房主自荐,219万,28277元/平,高楼层 (共6层) 3室1厅 | 77.45平米 | 南 北,https://ke-image.ljcdn.com/110000-inspection/5f6e1396-3915-4781-a977-96c037019b4e_1000.jpg!m_fill,w_280,h_210,f_jpg?from=ke.com
20240329,怀柔,怀柔,101121922265,胜悦居  电梯房  看房方便诚意出售,198万,32891元/平,中楼层 (共11层) 1室1厅 | 60.2平米 | 南 北,https://ke-image.ljcdn.com/110000-inspection/pc1_KHfDS0Gn8.jpg!m_fill,w_280,h_210,f_jpg?from=ke.com
20240329,怀柔,怀柔,101121922232,胜悦居  南北通透 低楼层  精装修  诚意出售,298万,33578元/平,底层 (共15层) | 2018年 | 2室2厅 | 88.75平米 | 南 北,https://ke-image.ljcdn.com/110000-inspection/0d61d822-3490-4b11-9962-0254fdc5447a_1000.jpg!m_fill,w_280,h_210,f_jpg?from=ke.com
20240329,怀柔,怀柔,101121921676,世嘉光织谷东区  环境优美 配套齐全,335万,27019元/平,低楼层 (共7层) 3室2厅 | 123.99平米 | 南 北,https://ke-image.ljcdn.com/110000-inspection/pc1_zJEYNi1Wo_1.jpg!m_fill,w_280,h_210,f_jpg?from=ke.com
20240329,怀柔,怀柔,101121921385,育龙铭居满五唯一南北通透格局好,155万,23517元/平,中楼层 (共8层) 2室1厅 | 65.91平米 | 南 北,https://ke-image.ljcdn.com/110000-inspection/pc1_xqEd5Apxi_1.jpg!m_fill,w_280,h_210,f_jpg?from=ke.com
20240329,怀柔,怀柔,101121921308,顶秀美泉小镇A区欧式小镇可以有车库,340万,25423元/平,中楼层 (共4层) | 2010年 | 3室2厅 | 133.74平米 | 南 北,https://ke-image.ljcdn.com/110000-inspection/pc1_qaMTQ61pK_1.jpg!m_fill,w_280,h_210,f_jpg?from=ke.com
20240329,怀柔,怀柔,101121911741,滨湖南街小区 南北通透 出行方便 生活便利,315万,26587元/平,中楼层 (共5层) 3室2厅 | 118.48平米 | 南 北,https://ke-image.ljcdn.com/110000-inspection/e96ddf34-aa09-40f6-b4f8-798d8fe7f1ae_1000.jpg!m_fill,w_280,h_210,f_jpg?from=ke.com
20240329,怀柔,怀柔,101121899404,东关二区 南北通透全明格局 精装修采光好 拎包入住,199万,25471元/平,顶层 (共6层) | 1997年 | 3室1厅 | 78.13平米 | 南 北,https://ke-image.ljcdn.com/110000-inspection/pc1_uDOB96ToW_1.jpg!m_fill,w_280,h_210,f_jpg?from=ke.com
20240329,怀柔,怀柔,101121891911,青春苑西区 中层3居  满五唯一,285万,30629元/平,中楼层 (共6层) 3室1厅 | 93.05平米 | 南 北,https://ke-image.ljcdn.com/110000-inspection/pc1_HnY7Wuajf_1.jpg!m_fill,w_280,h_210,f_jpg?from=ke.com
20240329,怀柔,怀柔,101121884508,青春路小区 家具家电齐全 精装修 南北通透,215万,25755元/平,顶层 (共6层) 3室1厅 | 83.48平米 | 南 北,https://ke-image.ljcdn.com/110000-inspection/d0620d1d-dc97-4090-b766-1f392dd3771d_1000.jpg!m_fill,w_280,h_210,f_jpg?from=ke.com
20240329,怀柔,怀柔,101121857609,金台园    1层     3室2厅2卫生间     前后无遮挡,380万,32443元/平,底层 (共6层) | 2006年 | 3室2厅 | 117.13平米 | 南 北,https://ke-image.ljcdn.com/110000-inspection/pc1_J8jQBgWgZ_1.jpg!m_fill,w_280,h_210,f_jpg?from=ke.com
20240329,怀柔,怀柔,101121856727,南马道    三居室   1层   有车peng,238万,31201元/平,底层 (共5层) 3室1厅 | 76.28平米 | 南 北,https://ke-image.ljcdn.com/110000-inspection/2465efae-7478-4622-847c-a079931f1bfe_1000.jpg!m_fill,w_280,h_210,f_jpg?from=ke.com
20240329,怀柔,怀柔,101121856697,湖光小区 2室1厅 南 北,185万,22572元/平,顶层 (共5层) 2室1厅 | 81.96平米 | 南 北,https://ke-image.ljcdn.com/110000-inspection/pc1_YzooB4f7e.jpg!m_fill,w_280,h_210,f_jpg?from=ke.com
20240329,怀柔,怀柔,101121850406,梦想家园西区电梯房两居室价格低,178万,20265元/平,低楼层 (共15层) | 2014年 | 2室2厅 | 87.84平米 | 南 北,https://ke-image.ljcdn.com/110000-inspection/pc1_uP9acJ2qv_1.jpg!m_fill,w_280,h_210,f_jpg?from=ke.com
20240329,怀柔,怀柔,101121844429,龍祥小區满五年唯一低楼层业主急售,220万,22324元/平,底层 (共7层) 2室1厅 | 98.55平米 | 东 西,https://ke-image.ljcdn.com/110000-inspection/pc1_FmdK1DKum.jpg!m_fill,w_280,h_210,f_jpg?from=ke.com
20240329,怀柔,怀柔,101121839765,泉河园二区 3室2厅 南 西 北,365万,31914元/平,低楼层 (共6层) 3室2厅 | 114.37平米 | 南 西 北,https://ke-image.ljcdn.com/110000-inspection/pc1_ZnGbS7RcM.jpg!m_fill,w_280,h_210,f_jpg?from=ke.com
20240329,怀柔,怀柔,101121838438,东关一区  南北通透采光好170万,170万,25638元/平,顶层 (共6层) | 1999年 | 2室1厅 | 66.31平米 | 南 北,https://ke-image.ljcdn.com/110000-inspection/pc1_LdK78qjBH_1.jpg!m_fill,w_280,h_210,f_jpg?from=ke.com
20240329,怀柔,怀柔,101121818763,此房满五唯一户型方正采光好业主诚意出售,230万,24933元/平,中楼层 (共6层) 2室1厅 | 92.25平米 | 南 北,https://ke-image.ljcdn.com/110000-inspection/pc1_YFPtQXKsN_1.jpg!m_fill,w_280,h_210,f_jpg?from=ke.com
20240329,怀柔,怀柔,101121814755,小区年代新有电梯环境好停车方便,150万,18743元/平,高楼层 (共17层) 2室2厅 | 80.03平米 | 南,https://ke-image.ljcdn.com/110000-inspection/00d09077-2a78-4228-a268-fcd20e37c4f3_1000.jpg!m_fill,w_280,h_210,f_jpg?from=ke.com
20240329,怀柔,怀柔,101121805632,南华园一区 2室1厅 东 西,185万,27412元/平,顶层 (共5层) 2室1厅 | 67.49平米 | 东 西,https://ke-image.ljcdn.com/110000-inspection/pc1_RLm1NFvEc_1.jpg!m_fill,w_280,h_210,f_jpg?from=ke.com
20240329,怀柔,怀柔,101121803057,育龙铭居楼龄新采光充足带电梯。,145万,21960元/平,底层 (共9层) 2室1厅 | 66.03平米 | 南 北,https://ke-image.ljcdn.com/110000-inspection/e4d1e586-77ba-400b-8db7-b50eae713236_1000.jpg!m_fill,w_280,h_210,f_jpg?from=ke.com
20240329,怀柔,怀柔,101121792440,泉河园二区 客厅通阳台 南北通透,385万,34508元/平,中楼层 (共5层) | 2003年 | 3室2厅 | 111.57平米 | 南 北,https://ke-image.ljcdn.com/110000-inspection/27cffd26-cef5-4d85-af56-01bdb51c4bb6_1000.jpg!m_fill,w_280,h_210,f_jpg?from=ke.com
20240329,怀柔,怀柔,101121790942,家天下低楼层 三室两卫 采光充足,368万,34217元/平,低楼层 (共6层) 3室2厅 | 107.55平米 | 南 北,https://ke-image.ljcdn.com/110000-inspection/8a16db11-defd-403f-a7b0-4e33d83bf9da_1000.jpg!m_fill,w_280,h_210,f_jpg?from=ke.com
20240329,怀柔,怀柔,101121788879,此房满五年 楼层 好视野、带仓库,235万,23282元/平,中楼层 (共5层) 3室1厅 | 100.94平米 | 西 东,https://ke-image.ljcdn.com/110000-inspection/pc1_c44vwhSaj_1.jpg!m_fill,w_280,h_210,f_jpg?from=ke.com
20240329,怀柔,怀柔,101121784003,家天下大面积客厅通阳台落地窗三室双卫,380万,29811元/平,中楼层 (共6层) 3室2厅 | 127.47平米 | 南 北,https://ke-image.ljcdn.com/110000-inspection/pc1_NbGKyFwKa_1.jpg!m_fill,w_280,h_210,f_jpg?from=ke.com
20240329,怀柔,怀柔,101121781636,开发区  二居室 业主诚意出售  看房方便,198万,22697元/平,高楼层 (共9层) 2室1厅 | 87.24平米 | 南 北,https://ke-image.ljcdn.com/110000-inspection/9c6ba5a0-7c59-4d5d-95e7-2b8e6885ada9_1000.jpg!m_fill,w_280,h_210,f_jpg?from=ke.com
20240329,怀柔,怀柔,101121775898,益田影人四季花园 电梯房 正规两居室全明格局,249万,23881元/平,中楼层 (共8层) 2室1厅 | 104.27平米 | 南 北,https://ke-image.ljcdn.com/110000-inspection/6991a992-68b7-432e-999c-454febb73202_1000.jpg!m_fill,w_280,h_210,f_jpg?from=ke.com
20240329,怀柔,怀柔,101121744063,幸福东园三居室 南北通透 业主诚意出售,170万,20659元/平,底层 (共6层) 3室1厅 | 82.29平米 | 南 北,https://ke-image.ljcdn.com/110000-inspection/pc1_rhZigavv8_1.jpg!m_fill,w_280,h_210,f_jpg?from=ke.com
20240329,怀柔,怀柔,101121742434,富乐社区一号院出行便利  低楼层南北通透两居室,169万,26886元/平,低楼层 (共6层) 2室1厅 | 62.86平米 | 南 北,https://ke-image.ljcdn.com/110000-inspection/pc1_1U0kgcdhT_1.jpg!m_fill,w_280,h_210,f_jpg?from=ke.com
20240329,怀柔,怀柔,101121740036,东关二区、高楼层采光好南北通透三居室,175万,22041元/平,顶层 (共6层) 3室1厅 | 79.4平米 | 南 北,https://ke-image.ljcdn.com/110000-inspection/e2d24509-0bdd-4d5e-bd02-84da913a3f9c_1000.jpg!m_fill,w_280,h_210,f_jpg?from=ke.com
20240329,怀柔,怀柔,101121739906,礼贤街果品小区四号楼顶层南北通透,280万,26872元/平,顶层 (共6层) 3室2厅 | 104.2平米 | 南 北,https://ke-image.ljcdn.com/110000-inspection/275cd0a6-e149-4bab-8963-07dd04c6916b_1000.jpg!m_fill,w_280,h_210,f_jpg?from=ke.com
20240329,怀柔,怀柔,101121722455,滨湖南街小区 3室2厅 南 北,360万,28104元/平,低楼层 (共6层) 3室2厅 | 128.1平米 | 南 北,https://ke-image.ljcdn.com/110000-inspection/65bd43f5-fabc-41d6-8223-1be804621a96_1000.jpg!m_fill,w_280,h_210,f_jpg?from=ke.com
20240329,怀柔,怀柔,101121721097,温阳小区 南北通透 格局方正 满五唯一 客厅通阳台格局,335万,30808元/平,中楼层 (共6层) 3室2厅 | 108.74平米 | 南 北,https://ke-image.ljcdn.com/110000-inspection/7a77174e-190b-4026-b954-17b8fbe73d7c_1000.jpg!m_fill,w_280,h_210,f_jpg?from=ke.com
20240329,怀柔,怀柔,101121698315,光织谷东区 满五唯一 高层 电梯房 带天窗 看房方便,246万,30382元/平,顶层 (共7层) 2室1厅 | 80.97平米 | 南 北,https://ke-image.ljcdn.com/110000-inspection/2a984460-8e07-4429-bdf1-bd140c9a94a4_1000.jpg!m_fill,w_280,h_210,f_jpg?from=ke.com
20240329,怀柔,怀柔,101121694370,欧郡香水城 小洋楼的中间层 满五唯一 南北通透2居房主自荐,200万,21055元/平,低楼层 (共3层) | 2009年 | 2室1厅 | 94.99平米 | 南 北,https://ke-image.ljcdn.com/110000-inspection/pc1_O26DQlOfI_1.jpg!m_fill,w_280,h_210,f_jpg?from=ke.com
20240329,怀柔,怀柔,101121693391,南华园四区    1层1居室   适合老人居住,185万,31980元/平,底层 (共6层) 1室1厅 | 57.85平米 | 南 北,https://ke-image.ljcdn.com/110000-inspection/8b7fc74f-cd81-4150-a7bd-00fbc63aad4e_1000.jpg!m_fill,w_280,h_210,f_jpg?from=ke.com
20240329,怀柔,怀柔,101121692950,于  家  园  二  区  南  院,265万,24436元/平,中楼层 (共6层) | 1999年 | 2室1厅 | 108.45平米 | 南,https://ke-image.ljcdn.com/110000-inspection/pc1_dk6dnSEck_1.jpg!m_fill,w_280,h_210,f_jpg?from=ke.com
20240329,怀柔,怀柔,101121688798,电影学院 梦想家园西区 电梯房高楼层精装南北两居室,190万,21311元/平,高楼层 (共14层) | 2014年 | 2室1厅 | 89.16平米 | 南 北,https://ke-image.ljcdn.com/110000-inspection/pc1_SZdtDnklt_1.jpg!m_fill,w_280,h_210,f_jpg?from=ke.com
20240329,怀柔,怀柔,101121678204,金善名居看房方便低楼层精装修诚意出售,175万,23030元/平,低楼层 (共6层) | 2009年 | 3室1厅 | 75.99平米 | 南 北,https://ke-image.ljcdn.com/110000-inspection/12e65c3b-6f3c-4ade-be9d-5f2cab3740c0_1000.jpg!m_fill,w_280,h_210,f_jpg?from=ke.com
20240329,怀柔,怀柔,101121674104,南北通透 采光好 前后无遮挡 精装修,480万,31474元/平,中楼层 (共6层) 4室2厅 | 152.51平米 | 南 北,https://ke-image.ljcdn.com/110000-inspection/39714408-b02e-4c9e-90b4-934ce07cce4b_1000.jpg!m_fill,w_280,h_210,f_jpg?from=ke.com
20240329,怀柔,怀柔,101121673867,府前东街 精装修 低楼层 客厅通阳台 诚意卖,170万,27810元/平,低楼层 (共6层) 2室1厅 | 61.13平米 | 南,https://ke-image.ljcdn.com/110000-inspection/pc1_dkp4HPRO3_1.jpg!m_fill,w_280,h_210,f_jpg?from=ke.com
20240329,怀柔,怀柔,101121665167,南华园四区    大两居室   客厅通阳台,205万,28548元/平,底层 (共6层) 2室2厅 | 71.81平米 | 南 北,https://ke-image.ljcdn.com/110000-inspection/pc1_SeGBkM5cs_1.jpg!m_fill,w_280,h_210,f_jpg?from=ke.com
20240329,怀柔,怀柔,101121653667,府前东街小区 满五唯一次顶层 配套成熟 交通便利房主自荐,230万,26776元/平,高楼层 (共6层) | 2011年 | 3室1厅 | 85.9平米 | 南 北,https://ke-image.ljcdn.com/110000-inspection/pc1_9Ns7O0iLB_1.jpg!m_fill,w_280,h_210,f_jpg?from=ke.com
20240329,怀柔,怀柔,101121649209,裕华园一区适合刚需首套,110万,22214元/平,高楼层 (共15层) | 2014年 | 1室1厅 | 49.52平米 | 南,https://ke-image.ljcdn.com/110000-inspection/88c964c3-61ea-4ce2-ac01-48512690c022_1000.jpg!m_fill,w_280,h_210,f_jpg?from=ke.com
20240329,怀柔,怀柔,101121646594,南华大街 交通便利 采光好 楼层较低房主自荐,215万,25420元/平,中楼层 (共5层) 3室1厅 | 84.58平米 | 南 北,https://ke-image.ljcdn.com/110000-inspection/pc1_FUGpUoRVZ.jpg!m_fill,w_280,h_210,f_jpg?from=ke.com
20240329,怀柔,怀柔,101121623216,潘家园小区成熟社区配套完善精装直接入住。,280万,25276元/平,顶层 (共6层) 3室2厅 | 110.78平米 | 南 北,https://ke-image.ljcdn.com/110000-inspection/421125d7-1e34-4c41-8fdc-a05218c2e03e_1000.jpg!m_fill,w_280,h_210,f_jpg?from=ke.com
20240329,怀柔,怀柔,101121613395,安乐馨居精装修电梯房楼层高位置好,138万,19628元/平,中楼层 (共17层) 1室1厅 | 70.31平米 | 南,https://ke-image.ljcdn.com/110000-inspection/cf26133f-7ad1-408b-8a39-479c4bbe32bb_1000.jpg!m_fill,w_280,h_210,f_jpg?from=ke.com
20240329,怀柔,怀柔,101121612288,东关二区小区  环境优美  配套齐全,235万,28208元/平,高楼层 (共6层) 3室2厅 | 83.31平米 | 南 北,https://ke-image.ljcdn.com/110000-inspection/7db4dda7-f880-4e7d-8e96-a4ae04fd221a_1000.jpg!m_fill,w_280,h_210,f_jpg?from=ke.com
20240329,怀柔,怀柔,101121604352,育龙馨居 精装修 电梯房 客厅通阳台 全明格局 诚意卖,180万,22190元/平,低楼层 (共11层) 2室1厅 | 81.12平米 | 南 北,https://ke-image.ljcdn.com/110000-inspection/d7d851d8-222c-4127-a323-b9bc86244597_1000.jpg!m_fill,w_280,h_210,f_jpg?from=ke.com
20240329,怀柔,怀柔,101121600460,开放路三层精装修大三居户型方正通透,246万,25255元/平,中楼层 (共5层) | 2003年 | 3室2厅 | 97.41平米 | 东 西,https://ke-image.ljcdn.com/110000-inspection/pc1_IGhkjDTRV_1.jpg!m_fill,w_280,h_210,f_jpg?from=ke.com
20240329,怀柔,怀柔,101121600433,顶秀美泉小镇C区 2层两居室 满五年唯一,318万,36079元/平,中楼层 (共4层) 2室1厅 | 88.14平米 | 南 北,https://ke-image.ljcdn.com/110000-inspection/pc1_ArXCnJMOP_1.jpg!m_fill,w_280,h_210,f_jpg?from=ke.com
20240329,怀柔,怀柔,101121600392,青春路南北通透成熟小区配套齐全出行方便,199万,23297元/平,顶层 (共6层) | 1994年 | 2室2厅 | 85.42平米 | 南 北,https://ke-image.ljcdn.com/110000-inspection/22b95648-0e30-40c8-b7ed-842525ebf8c1_1000.jpg!m_fill,w_280,h_210,f_jpg?from=ke.com
20240329,怀柔,怀柔,101121598497,富乐社区一号院 2室1厅 南 北,198万,31579元/平,中楼层 (共6层) 2室1厅 | 62.7平米 | 南 北,https://ke-image.ljcdn.com/110000-inspection/pc1_Mjf3121gS_1.jpg!m_fill,w_280,h_210,f_jpg?from=ke.com
20240329,怀柔,怀柔,101121595868,南华园一区三居室小区停车方便采光好南北通透,206万,23412元/平,顶层 (共6层) 3室1厅 | 87.99平米 | 南 北,https://ke-image.ljcdn.com/110000-inspection/pc1_rBzfkE6Ng_1.jpg!m_fill,w_280,h_210,f_jpg?from=ke.com
20240329,怀柔,怀柔,101121595119,裕华园一区 楼龄新 电梯房 看房方便,126万,19106元/平,顶层 (共15层) | 2014年 | 2室1厅 | 65.95平米 | 南 北,https://ke-image.ljcdn.com/110000-inspection/pc1_HpM4oW1ss_1.jpg!m_fill,w_280,h_210,f_jpg?from=ke.com
20240329,怀柔,怀柔,101121592325,顶秀美泉小镇A区欧式风情建筑小镇,260万,29211元/平,顶层 (共4层) 2室1厅 | 89.01平米 | 南 北,https://ke-image.ljcdn.com/110000-inspection/pc1_e5R5aAEnz.jpg!m_fill,w_280,h_210,f_jpg?from=ke.com
20240329,怀柔,怀柔,101121590154,梦想家园东区 正规两居室 南北通透,220万,25855元/平,底层 (共15层) 2室1厅 | 85.09平米 | 南 北,https://ke-image.ljcdn.com/110000-inspection/pc1_5hv4Gbe2F.jpg!m_fill,w_280,h_210,f_jpg?from=ke.com
20240329,怀柔,怀柔,101121588992,馥郁苑 南北通透 把西边户 中层楼,265万,31710元/平,中楼层 (共6层) 3室1厅 | 83.57平米 | 南 北 西,https://ke-image.ljcdn.com/110000-inspection/pc1_EGaU5DAae_1.jpg!m_fill,w_280,h_210,f_jpg?from=ke.com
20240329,怀柔,怀柔,101121587615,青春路31号院一层大三居南北通透双阳台,270万,29390元/平,底层 (共6层) 3室2厅 | 91.87平米 | 南 北,https://ke-image.ljcdn.com/110000-inspection/pc1_8SbLAFMTA_1.jpg!m_fill,w_280,h_210,f_jpg?from=ke.com
20240329,怀柔,怀柔,101121578553,八龙桥雅苑 小户型 中楼层 环境优美 动静分离,135万,22805元/平,中楼层 (共5层) 1室1厅 | 59.2平米 | 东南,https://ke-image.ljcdn.com/110000-inspection/pc1_9W5tfmDLz_1.jpg!m_fill,w_280,h_210,f_jpg?from=ke.com
20240329,怀柔,怀柔,101121554087,东亚华新湾B区新上2居室房源满五唯一房主自荐,102万,13548元/平,中楼层 (共12层) 2室1厅 | 75.29平米 | 东,https://ke-image.ljcdn.com/110000-inspection/65dd9329-3daa-4b9c-b111-de1db0036b3e_1000.jpg!m_fill,w_280,h_210,f_jpg?from=ke.com
20240329,怀柔,怀柔,101121551649,小中富乐二区 满五唯一 精装三居室 高层 采光好,208万,25721元/平,顶层 (共6层) 3室1厅 | 80.87平米 | 南 北,https://ke-image.ljcdn.com/110000-inspection/pc1_bcMC0eXSr_1.jpg!m_fill,w_280,h_210,f_jpg?from=ke.com
20240329,怀柔,怀柔,101121550134,幸福东园3号院环境优美配套齐全,145万,18693元/平,高楼层 (共7层) 2室1厅 | 77.57平米 | 南 北,https://ke-image.ljcdn.com/110000-inspection/2eb62d86-a899-49dc-a915-f1e830c3a29c_1000.jpg!m_fill,w_280,h_210,f_jpg?from=ke.com
20240329,怀柔,怀柔,101121546074,东关一区 户型方正南北通透精装修低楼层,199万,30011元/平,低楼层 (共6层) 2室1厅 | 66.31平米 | 南 北,https://ke-image.ljcdn.com/110000-inspection/31dde643-db29-42f6-91bc-7d7d18d08817_1000.jpg!m_fill,w_280,h_210,f_jpg?from=ke.com
20240329,怀柔,怀柔,101121527286,金善名居满五唯一诚心出售。,195万,24027元/平,中楼层 (共6层) | 2009年 | 2室1厅 | 81.16平米 | 南 北,https://ke-image.ljcdn.com/110000-inspection/pc1_TtcZUSHjX.jpg!m_fill,w_280,h_210,f_jpg?from=ke.com
20240329,怀柔,怀柔,101121525578,南大街 大两居室    现代装修    有地下室,255万,26993元/平,高楼层 (共6层) 2室2厅 | 94.47平米 | 南 北,https://ke-image.ljcdn.com/110000-inspection/pc1_RWnDjRTeo_1.jpg!m_fill,w_280,h_210,f_jpg?from=ke.com
20240329,怀柔,怀柔,101121521597,莲馨苑 城南 中楼层 双卧朝南三居 精装,252万,25148元/平,中楼层 (共6层) 3室2厅 | 100.21平米 | 南 北,https://ke-image.ljcdn.com/110000-inspection/96157c1b-7234-40a5-bbf6-3942088883b4_1000.jpg!m_fill,w_280,h_210,f_jpg?from=ke.com
20240329,怀柔,怀柔,101121518865,与日光晚霞山花一起龙山御景依山傍水大两居房主自荐,686万,47653元/平,中楼层 (共23层) | 2014年 | 2室2厅 | 143.96平米 | 南 北,https://ke-image.ljcdn.com/110000-inspection/pc1_R9l79PlCS_1.jpg!m_fill,w_280,h_210,f_jpg?from=ke.com
20240329,怀柔,怀柔,101121518668,裕华园一区 客厅通阳台 精装修 高层 电梯房  诚意卖,160万,20195元/平,顶层 (共16层) | 2015年 | 2室1厅 | 79.23平米 | 南 西,https://ke-image.ljcdn.com/110000-inspection/pc1_AqoMo6iyc_1.jpg!m_fill,w_280,h_210,f_jpg?from=ke.com
20240329,怀柔,怀柔,101121511140,青春院2院  南北通透 把边全明格局 诚意出售,239万,30462元/平,中楼层 (共6层) 3室1厅 | 78.46平米 | 南 北,https://ke-image.ljcdn.com/110000-inspection/pc1_RqeLUBVJ2.jpg!m_fill,w_280,h_210,f_jpg?from=ke.com
20240329,怀柔,怀柔,101121510994,青春路九院南北通透西把边满五唯一,199万,27743元/平,高楼层 (共6层) 3室1厅 | 71.73平米 | 南 北,https://ke-image.ljcdn.com/110000-inspection/pc1_Xu29u4JXV_1.jpg!m_fill,w_280,h_210,f_jpg?from=ke.com
20240329,怀柔,怀柔,101121510943,馥郁苑  南北通透 楼层好  采光充足,260万,30953元/平,中楼层 (共6层) 3室1厅 | 84平米 | 南 北,https://ke-image.ljcdn.com/110000-inspection/pc1_U09FWmLle.jpg!m_fill,w_280,h_210,f_jpg?from=ke.com
20240329,怀柔,怀柔,101121506573,怀柔 庙城 金善名居  宜居小区 低楼层 精装修,249万,23056元/平,低楼层 (共6层) 3室2厅 | 108平米 | 南 北,https://ke-image.ljcdn.com/110000-inspection/pc1_yYDHZ8V7O_1.jpg!m_fill,w_280,h_210,f_jpg?from=ke.com
20240329,怀柔,怀柔,101121491734,富乐社区一号院 3室1厅 南 北,300万,32623元/平,中楼层 (共6层) 3室1厅 | 91.96平米 | 南 北,https://ke-image.ljcdn.com/110000-inspection/d8165418-4862-403a-be6a-b84f18ed844d_1000.jpg!m_fill,w_280,h_210,f_jpg?from=ke.com
20240329,怀柔,怀柔,101121490382,青春路满五唯一楼层适中费率低。,140万,25567元/平,中楼层 (共6层) 2室1厅 | 54.76平米 | 南,https://ke-image.ljcdn.com/110000-inspection/pc1_hj5k0xcKH_1.jpg!m_fill,w_280,h_210,f_jpg?from=ke.com
20240329,怀柔,怀柔,101121487847,南大街25号  南北通透满五唯一,230万,24347元/平,顶层 (共6层) 2室1厅 | 94.47平米 | 南 北,https://ke-image.ljcdn.com/110000-inspection/pc1_1StD6sC7f_1.jpg!m_fill,w_280,h_210,f_jpg?from=ke.com
20240329,怀柔,怀柔,101121486809,小区位于于家园一区五号楼五单元,215万,27434元/平,顶层 (共6层) 3室1厅 | 78.37平米 | 南 北,https://ke-image.ljcdn.com/110000-inspection/pc1_eFO8n3fRB_1.jpg!m_fill,w_280,h_210,f_jpg?from=ke.com
20240329,怀柔,怀柔,101121479855,房子是低楼层  南北通透 格局方正   诚意出售,218万,26281元/平,低楼层 (共6层) 2室1厅 | 82.95平米 | 南 北,https://ke-image.ljcdn.com/110000-inspection/pc1_DxY9lQdGC_1.jpg!m_fill,w_280,h_210,f_jpg?from=ke.com
20240329,怀柔,怀柔,101121473808,南华园四区看房方便业主诚意出售,300万,24349元/平,高楼层 (共6层) 3室2厅 | 123.21平米 | 南 北,https://ke-image.ljcdn.com/110000-inspection/pc1_M2sOT5vqP_1.jpg!m_fill,w_280,h_210,f_jpg?from=ke.com
20240329,怀柔,怀柔,101121461308,金台园    精装修三居室    采光好   有车peng,225万,28858元/平,中楼层 (共6层) | 2006年 | 3室1厅 | 77.97平米 | 南 北,https://ke-image.ljcdn.com/110000-inspection/pc1_M5EsywAUC_1.jpg!m_fill,w_280,h_210,f_jpg?from=ke.com
20240329,怀柔,怀柔,101121459871,光织谷东区 电梯房 精装修 客厅通阳台 采光好 诚意卖,231万,24368元/平,低楼层 (共6层) | 2013年 | 2室1厅 | 94.8平米 | 南,https://ke-image.ljcdn.com/110000-inspection/457ddd27-8e3d-48e3-a1df-e2a16a8f2238_1000.jpg!m_fill,w_280,h_210,f_jpg?from=ke.com
20240329,怀柔,怀柔,101121459201,滨湖小区  精装  二居室 南北通透 业主诚意出售,180万,32126元/平,中楼层 (共5层) 2室1厅 | 56.03平米 | 南 北,https://ke-image.ljcdn.com/110000-inspection/pc1_fYvselE91.jpg!m_fill,w_280,h_210,f_jpg?from=ke.com
20240329,怀柔,怀柔,101121427399,泉河二区     大三居室      有地下室    车位充足,285万,28855元/平,高楼层 (共6层) 3室1厅 | 98.77平米 | 南 北,https://ke-image.ljcdn.com/110000-inspection/pc1_mD9ji4ysA.jpg!m_fill,w_280,h_210,f_jpg?from=ke.com
20240329,怀柔,怀柔,101121420228,龙湖花园 3室1厅 南 北,245万,28165元/平,顶层 (共6层) 3室1厅 | 86.99平米 | 南 北,https://ke-image.ljcdn.com/110000-inspection/pc1_UDgC8ayH0_1.jpg!m_fill,w_280,h_210,f_jpg?from=ke.com
20240329,怀柔,怀柔,101121415486,商业街  临街 高楼层视野开阔,225万,28895元/平,顶层 (共6层) 3室1厅 | 77.87平米 | 南 北,https://ke-image.ljcdn.com/110000-inspection/pc1_ygiQWLCNS_1.jpg!m_fill,w_280,h_210,f_jpg?from=ke.com
20240329,怀柔,怀柔,101121409315,滨湖小区 低楼层 南北通透 全明格局 诚意出售 随时看,176万,26916元/平,底层 (共6层) 2室1厅 | 65.39平米 | 南 北,https://ke-image.ljcdn.com/110000-inspection/pc1_iTHpHXFaj.jpg!m_fill,w_280,h_210,f_jpg?from=ke.com
20240329,怀柔,怀柔,101121408010,：世嘉光织谷西区  楼层好 视野宽阔 采光充足,230万,24772元/平,中楼层 (共6层) 2室1厅 | 92.85平米 | 南,https://ke-image.ljcdn.com/110000-inspection/pc1_3EjVz9XfT.jpg!m_fill,w_280,h_210,f_jpg?from=ke.com
20240329,怀柔,怀柔,101121377937,70年产权商品房精装修21年建的,280万,34736元/平,中楼层 (共4层) 2室1厅 | 80.61平米 | 东 西,https://ke-image.ljcdn.com/110000-inspection/pc1_l22cUdE6I_1.jpg!m_fill,w_280,h_210,f_jpg?from=ke.com
20240329,怀柔,怀柔,101121360349,顶秀美泉小镇A区 南北通透两居室,270万,30872元/平,顶层 (共4层) 2室1厅 | 87.46平米 | 南 北,https://ke-image.ljcdn.com/110000-inspection/pc1_bkBqzHyvF_1.jpg!m_fill,w_280,h_210,f_jpg?from=ke.com
20240329,怀柔,怀柔,101121349567,东关二区小区 满五唯一 价格低,220万,21412元/平,顶层 (共6层) | 1999年 | 3室2厅 | 102.75平米 | 南 北,https://ke-image.ljcdn.com/110000-inspection/pc1_2HRg5JXJz_1.jpg!m_fill,w_280,h_210,f_jpg?from=ke.com
20240329,怀柔,怀柔,101121340766,金善名居 精装修 客厅通阳台 诚意卖 看房方便,226万,23554元/平,底层 (共6层) 3室1厅 | 95.95平米 | 南 北,https://ke-image.ljcdn.com/110000-inspection/pc1_kxVAKuPQB.jpg!m_fill,w_280,h_210,f_jpg?from=ke.com
20240329,怀柔,怀柔,101121339737,北大街   大两居室    适合小两口结婚用,183万,24780元/平,顶层 (共6层) 2室1厅 | 73.85平米 | 南 北,https://ke-image.ljcdn.com/110000-inspection/pc1_wivOlPFDR_1.jpg!m_fill,w_280,h_210,f_jpg?from=ke.com
20240329,怀柔,怀柔,101121338195,东关二区小区满五唯一楼层好采光好。,196万,23796元/平,顶层 (共6层) 3室1厅 | 82.37平米 | 南 北,https://ke-image.ljcdn.com/110000-inspection/961ada4f-88dc-49fc-aca6-db9746fef54b_1000.jpg!m_fill,w_280,h_210,f_jpg?from=ke.com
20240329,怀柔,怀柔,101121316572,三卧分离互不影响私密性强南北通透精装修,500万,39293元/平,高楼层 (共26层) 3室2厅 | 127.25平米 | 南 北,https://ke-image.ljcdn.com/110000-inspection/pc1_KLHu4jiYx.jpg!m_fill,w_280,h_210,f_jpg?from=ke.com
20240329,怀柔,怀柔,101121314831,龙湖花园 南北通透 环境优美 能看怀柔水库,270万,31728元/平,高楼层 (共6层) | 1995年 | 3室1厅 | 85.1平米 | 南 北,https://ke-image.ljcdn.com/110000-inspection/pc1_VghDlErkm_1.jpg!m_fill,w_280,h_210,f_jpg?from=ke.com
20240329,怀柔,怀柔,101121296434,金善名居二层南北通透业主诚意出售,172万,22635元/平,低楼层 (共6层) 2室1厅 | 75.99平米 | 南 北,https://ke-image.ljcdn.com/110000-inspection/8cd3577a-968a-48ab-8f6c-c769b38ab2c7_1000.jpg!m_fill,w_280,h_210,f_jpg?from=ke.com
20240329,怀柔,怀柔,101121290243,一层精装修满五唯一明厨明卫业主诚心出售,380万,33226元/平,底层 (共6层) 3室1厅 | 114.37平米 | 南 北,https://ke-image.ljcdn.com/110000-inspection/pc1_hOEZg7DEn_1.jpg!m_fill,w_280,h_210,f_jpg?from=ke.com
20240329,怀柔,怀柔,101121285110,滨湖小区 2室1厅 南 北,193万,29716元/平,低楼层 (共6层) 2室1厅 | 64.95平米 | 南 北,https://ke-image.ljcdn.com/110000-inspection/pc1_6pbrmOPmW.jpg!m_fill,w_280,h_210,f_jpg?from=ke.com
20240329,怀柔,怀柔,101121281953,于家园一区 满五唯一  温馨三居室 健身楼层,185万,22787元/平,顶层 (共6层) 3室1厅 | 81.19平米 | 南 北,https://ke-image.ljcdn.com/110000-inspection/1fc05a54-80ab-41f3-bf6f-213c74ce0c87_1000.jpg!m_fill,w_280,h_210,f_jpg?from=ke.com
20240329,怀柔,怀柔,101121254273,迎宾中路 两居室 小区就一栋楼   停车位充足,192万,30361元/平,中楼层 (共6层) 2室1厅 | 63.24平米 | 南 北,https://ke-image.ljcdn.com/110000-inspection/pc1_d0PTD52BN.jpg!m_fill,w_280,h_210,f_jpg?from=ke.com
20240329,怀柔,怀柔,101121232067,顶秀美泉家园电梯房南北通透采光好,275万,30983元/平,底层 (共5层) | 2015年 | 2室1厅 | 88.76平米 | 南 北,https://ke-image.ljcdn.com/110000-inspection/pc1_enHcTerAD.jpg!m_fill,w_280,h_210,f_jpg?from=ke.com
20240329,怀柔,怀柔,101121226182,顶秀美泉小镇A区 三楼精装修 满五年唯一拎包入住,245万,27363元/平,中楼层 (共4层) | 2010年 | 2室1厅 | 89.54平米 | 南 北,https://ke-image.ljcdn.com/110000-inspection/pc1_K93kkdvDR.jpg!m_fill,w_280,h_210,f_jpg?from=ke.com
20240329,怀柔,怀柔,101121224934,怀柔新新家园电梯房南北通透双卫格局位置好,435万,34974元/平,顶层 (共16层) 3室2厅 | 124.38平米 | 南 北,https://ke-image.ljcdn.com/110000-inspection/pc1_ug2RUAPNF_1.jpg!m_fill,w_280,h_210,f_jpg?from=ke.com
20240329,怀柔,怀柔,101121221137,怡安园小区看房方便业主诚意出售,182万,25021元/平,高楼层 (共6层) 3室1厅 | 72.74平米 | 南 北,https://ke-image.ljcdn.com/110000-inspection/pc1_KgUB0As72_1.jpg!m_fill,w_280,h_210,f_jpg?from=ke.com
20240329,怀柔,怀柔,101121215383,湖光小区 朝南户型 采光好 2居,135万,25277元/平,顶层 (共5层) 2室1厅 | 53.41平米 | 南,https://ke-image.ljcdn.com/110000-inspection/pc1_llZYFnHBw_1.jpg!m_fill,w_280,h_210,f_jpg?from=ke.com
20240329,怀柔,怀柔,101121213834,成熟社区大三居采光通透视野好 精装修拎包入住,287万,25931元/平,顶层 (共6层) 3室2厅 | 110.68平米 | 南 北,https://ke-image.ljcdn.com/110000-inspection/5dca45f2-bfec-483b-b2ac-73e9df76b0f4_1000.jpg!m_fill,w_280,h_210,f_jpg?from=ke.com
20240329,怀柔,怀柔,101121211123,育龙铭居满五唯一采光充足。,158万,23973元/平,低楼层 (共8层) 2室1厅 | 65.91平米 | 南 北,https://ke-image.ljcdn.com/110000-inspection/pc1_BngTwsVPg_1.jpg!m_fill,w_280,h_210,f_jpg?from=ke.com
20240329,怀柔,怀柔,101121210870,北京城建胜悦居 1室1厅 南 北 东,180万,29606元/平,顶层 (共11层) 1室1厅 | 60.8平米 | 南 北 东,https://ke-image.ljcdn.com/110000-inspection/pc1_ufjE5L4Jf_1.jpg!m_fill,w_280,h_210,f_jpg?from=ke.com
20240329,怀柔,怀柔,101121206486,迎宾中路 2居室   小区停车位充足  适合一家三口,190万,30357元/平,中楼层 (共5层) 2室1厅 | 62.59平米 | 南 北,https://ke-image.ljcdn.com/110000-inspection/ef0b0d16-f901-4109-83a0-25bcc3122731_1000.jpg!m_fill,w_280,h_210,f_jpg?from=ke.com
20240329,怀柔,怀柔,101121202468,楼层好 装修好 满五唯一 诚意出售 出小区就是公园,145万,28031元/平,中楼层 (共5层) | 1986年 | 2室1厅 | 51.73平米 | 东北,https://ke-image.ljcdn.com/110000-inspection/pc1_Z2mBIm9jf_1.jpg!m_fill,w_280,h_210,f_jpg?from=ke.com
20240329,怀柔,怀柔,101121201053,于家园二区南院高层精装修3居 5v1少购房成本,198万,22684元/平,顶层 (共6层) 3室1厅 | 87.29平米 | 南 北,https://ke-image.ljcdn.com/110000-inspection/pc1_YMZXMZoUp_1.jpg!m_fill,w_280,h_210,f_jpg?from=ke.com
20240329,怀柔,怀柔,101121196226,顶秀美泉小镇A区 1室1厅 南 北,240万,29703元/平,底层 (共4层) | 2010年 | 1室1厅 | 80.8平米 | 南 北,https://ke-image.ljcdn.com/110000-inspection/pc1_NoZ4oDMHU_1.jpg!m_fill,w_280,h_210,f_jpg?from=ke.com
20240329,怀柔,怀柔,101121194385,迎宾中路2号院  南北通透  客厅通阳台格局,210万,28456元/平,中楼层 (共6层) 2室2厅 | 73.8平米 | 南 北,https://ke-image.ljcdn.com/110000-inspection/pc1_F3pX4Aosl_1.jpg!m_fill,w_280,h_210,f_jpg?from=ke.com
20240329,怀柔,怀柔,101121191643,水岸雁栖南北通透两居室简单装修,270万,31319元/平,底层 (共6层) | 2020年 | 2室1厅 | 86.21平米 | 南 北,https://ke-image.ljcdn.com/110000-inspection/0113eefc-0606-40c9-be9d-1ca80b1cdd4c_1000.jpg!m_fill,w_280,h_210,f_jpg?from=ke.com
20240329,怀柔,怀柔,101121177750,东关一区南北通透格局方正采光好,350万,31301元/平,低楼层 (共6层) 2室2厅 | 111.82平米 | 南 北,https://ke-image.ljcdn.com/110000-inspection/f14d167e-5d3d-4c9d-8fb9-c43fad17b598_1000.jpg!m_fill,w_280,h_210,f_jpg?from=ke.com
20240329,怀柔,怀柔,101121174826,顶秀美泉  平层 大平米  业主诚意出售,420万,26070元/平,中楼层 (共4层) 3室2厅 | 161.11平米 | 南 北,https://ke-image.ljcdn.com/110000-inspection/pc1_9gMWkXGoz.jpg!m_fill,w_280,h_210,f_jpg?from=ke.com
20240329,怀柔,怀柔,101121163754,南华园二区 大三居 南北通透 把边户全明户型,299万,23949元/平,高楼层 (共6层) 3室1厅 | 124.85平米 | 南 北,https://ke-image.ljcdn.com/110000-inspection/pc1_x7snmm2qv_1.jpg!m_fill,w_280,h_210,f_jpg?from=ke.com
20240329,怀柔,怀柔,101121155659,开利园小区低楼层四居室南北通透,327万,27588元/平,低楼层 (共6层) 4室2厅 | 118.53平米 | 南 北,https://ke-image.ljcdn.com/110000-inspection/pc1_QjuOQ7oqd.jpg!m_fill,w_280,h_210,f_jpg?from=ke.com
20240329,怀柔,怀柔,101121145320,青春路六院满五唯一电梯房高层采光好视野宽阔,255万,32489元/平,顶层 (共9层) 2室1厅 | 78.49平米 | 东南,https://ke-image.ljcdn.com/110000-inspection/pc1_GqTcnfIqN.jpg!m_fill,w_280,h_210,f_jpg?from=ke.com
20240329,怀柔,怀柔,101121139285,满五唯一南北通透采光充足！！！！！！！！！！,242万,31918元/平,顶层 (共5层) 2室2厅 | 75.82平米 | 南 北,https://ke-image.ljcdn.com/110000-inspection/pc1_F8QKOP03Q_1.jpg!m_fill,w_280,h_210,f_jpg?from=ke.com
20240329,怀柔,怀柔,101121138933,府前观邸 电梯中层南北两居 光照视野好,375万,37059元/平,中楼层 (共9层) 2室1厅 | 101.19平米 | 南 北,https://ke-image.ljcdn.com/110000-inspection/pc1_Ry7E8sygQ.jpg!m_fill,w_280,h_210,f_jpg?from=ke.com
20240329,怀柔,怀柔,101121125706,钓鱼台小区中间层三室两卫 客厅通阳台,498万,35722元/平,中楼层 (共6层) | 2006年 | 3室2厅 | 139.41平米 | 南 北,https://ke-image.ljcdn.com/110000-inspection/pc1_bugs0awBk_1.jpg!m_fill,w_280,h_210,f_jpg?from=ke.com
20240329,怀柔,怀柔,101121125310,光织谷西区纯南户型客厅通阳台采光好,250万,27977元/平,中楼层 (共7层) | 2012年 | 2室1厅 | 89.36平米 | 南 北,https://ke-image.ljcdn.com/110000-inspection/b39b9c71-6a70-4c45-984a-af8c452ff705_1000.jpg!m_fill,w_280,h_210,f_jpg?from=ke.com
20240329,怀柔,怀柔,101121124188,湖光小区高楼层三居室有储藏室位置在临近北门,205万,30749元/平,顶层 (共6层) 3室1厅 | 66.67平米 | 南 北,https://ke-image.ljcdn.com/110000-inspection/pc1_ItvxwlQ0S_1.jpg!m_fill,w_280,h_210,f_jpg?from=ke.com
20240329,怀柔,怀柔,101121116466,70年产权中间楼层南北通透,249万,28054元/平,中楼层 (共4层) 2室1厅 | 88.76平米 | 南 北,https://ke-image.ljcdn.com/110000-inspection/pc1_PDtI4LVMx.jpg!m_fill,w_280,h_210,f_jpg?from=ke.com
20240329,怀柔,怀柔,101121111271,顶秀美泉A区全明格局户型方正南北通透视野宽阔,350万,26161元/平,中楼层 (共4层) 3室2厅 | 133.79平米 | 南 北,https://ke-image.ljcdn.com/110000-inspection/pc1_n1xmb0c60.jpg!m_fill,w_280,h_210,f_jpg?from=ke.com
20240329,怀柔,怀柔,101121110678,汇都家园一层大两居采光充足南北通透,226万,33462元/平,底层 (共6层) 2室1厅 | 67.54平米 | 南 北,https://ke-image.ljcdn.com/110000-inspection/pc1_vRsQpKSAQ.jpg!m_fill,w_280,h_210,f_jpg?from=ke.com
20240329,怀柔,怀柔,101121106377,东关一区 电梯房 南北通透 方便宜居,335万,26002元/平,中楼层 (共6层) 3室2厅 | 128.84平米 | 南 北,https://ke-image.ljcdn.com/110000-inspection/4541a07f-be53-4844-950d-4b5c1acb684a_1000.jpg!m_fill,w_280,h_210,f_jpg?from=ke.com
20240329,怀柔,怀柔,101121104643,凤翔四园  精装修 中间楼层  客厅有窗户,185万,19466元/平,中楼层 (共6层) 3室1厅 | 95.04平米 | 南 北,https://ke-image.ljcdn.com/110000-inspection/de8eca1c-dfd5-431d-bdcb-1992697095e0_1000.jpg!m_fill,w_280,h_210,f_jpg?from=ke.com
20240329,怀柔,怀柔,101121094095,龍祥小區  低楼层 精装修三居,350万,34657元/平,低楼层 (共6层) | 2000年 | 3室2厅 | 100.99平米 | 南 北,https://ke-image.ljcdn.com/110000-inspection/pc1_tgZUmgTG2.jpg!m_fill,w_280,h_210,f_jpg?from=ke.com
20240329,怀柔,怀柔,101121087036,5层电梯房满五唯一户型通透无遮挡业主诚心卖,186万,20892元/平,中楼层 (共13层) 2室1厅 | 89.03平米 | 南 北,https://ke-image.ljcdn.com/110000-inspection/pc1_uF5ktudlc.jpg!m_fill,w_280,h_210,f_jpg?from=ke.com
20240329,怀柔,怀柔,101121072640,益田影人四季花园   南北通透  花园洋房  出行方便,560万,31131元/平,顶层 (共8层) | 2012年 | 4室2厅 | 179.89平米 | 南 北,https://ke-image.ljcdn.com/110000-inspection/87eebe44-c7fc-4329-9285-8a064f92192f_1000.jpg!m_fill,w_280,h_210,f_jpg?from=ke.com
20240329,怀柔,怀柔,101121067516,富乐社区一号院 中间楼层  二居室  东西通透,169万,21974元/平,中楼层 (共6层) 2室1厅 | 76.91平米 | 东 西,https://ke-image.ljcdn.com/110000-inspection/pc1_m4J59jtbv_1.jpg!m_fill,w_280,h_210,f_jpg?from=ke.com
20240329,怀柔,怀柔,101121065878,南华园四区方正格局大三居诚心售价格公道合理可议,255万,26638元/平,中楼层 (共6层) 3室1厅 | 95.73平米 | 南 北,https://ke-image.ljcdn.com/110000-inspection/pc1_TNZ1aTIjk_1.jpg!m_fill,w_280,h_210,f_jpg?from=ke.com
20240329,怀柔,怀柔,101121063153,柏泉庄园雁舞园A区 3室2厅 南 西 北,298万,24549元/平,中楼层 (共9层) 3室2厅 | 121.39平米 | 南 西 北,https://ke-image.ljcdn.com/110000-inspection/pc1_EpNk4U66e_1.jpg!m_fill,w_280,h_210,f_jpg?from=ke.com
20240329,怀柔,怀柔,101121050140,顶秀美泉小镇A区满五唯一精装修,430万,32220元/平,中楼层 (共4层) 3室2厅 | 133.46平米 | 南 北,https://ke-image.ljcdn.com/110000-inspection/pc1_c6VncdrMj.jpg!m_fill,w_280,h_210,f_jpg?from=ke.com
20240329,怀柔,怀柔,101121046860,东关一区   南北通透   格局方正采光好,255万,25831元/平,顶层 (共6层) | 2009年 | 3室1厅 | 98.72平米 | 南 北,https://ke-image.ljcdn.com/110000-inspection/pc1_49o6RHfEt_1.jpg!m_fill,w_280,h_210,f_jpg?from=ke.com
20240329,怀柔,怀柔,101121033906,南华园二区 一层 南北通透三居室 出行便利,265万,29003元/平,底层 (共6层) 3室2厅 | 91.37平米 | 南 北,https://ke-image.ljcdn.com/110000-inspection/pc1_5JA41cFN3_1.jpg!m_fill,w_280,h_210,f_jpg?from=ke.com
20240329,怀柔,怀柔,101121022887,栖美园 满两年  精装修  南北通透  低楼层,325万,24497元/平,低楼层 (共6层) 3室2厅 | 132.67平米 | 南 北,https://ke-image.ljcdn.com/110000-inspection/pc1_RwVajxRdF_1.jpg!m_fill,w_280,h_210,f_jpg?from=ke.com
20240329,怀柔,怀柔,101121020985,迎宾中路 商业街东口 交通方便 出行便利,238万,25303元/平,高楼层 (共6层) 3室1厅 | 94.06平米 | 东 西,https://ke-image.ljcdn.com/110000-inspection/pc1_MWNSfMYHQ_1.jpg!m_fill,w_280,h_210,f_jpg?from=ke.com
20240329,怀柔,怀柔,101121017970,八龙桥雅苑南北通透有租户看房方便。,230万,21955元/平,中楼层 (共5层) | 2008年 | 3室2厅 | 104.76平米 | 南 北,https://ke-image.ljcdn.com/110000-inspection/pc1_swBQYQIYg_1.jpg!m_fill,w_280,h_210,f_jpg?from=ke.com
20240329,怀柔,怀柔,101121017887,于家园二区南院低楼层精装修三室,270万,30932元/平,底层 (共6层) | 1999年 | 3室2厅 | 87.29平米 | 北 南,https://ke-image.ljcdn.com/110000-inspection/pc1_vAUPXcsXd_1.jpg!m_fill,w_280,h_210,f_jpg?from=ke.com
20240329,怀柔,怀柔,101121017815,南华园四区户型方正明厨明卫装修状况保持良好,245万,28492元/平,高楼层 (共6层) 3室1厅 | 85.99平米 | 南 北,https://ke-image.ljcdn.com/110000-inspection/pc1_SP3uZFRcN_1.jpg!m_fill,w_280,h_210,f_jpg?from=ke.com
20240329,怀柔,怀柔,101121012808,北京城建胜悦居南向一居室电梯高层采光视,198万,34144元/平,高楼层 (共12层) | 2018年 | 1室1厅 | 57.99平米 | 南,https://ke-image.ljcdn.com/110000-inspection/c5a3d6e3-b57e-4857-96d0-0cda497d24cf_1000.jpg!m_fill,w_280,h_210,f_jpg?from=ke.com
20240329,怀柔,怀柔,101121007325,满五唯一 次顶层 精装修 高铁怀柔南站 北京电影学院,199万,22596元/平,高楼层 (共15层) | 2014年 | 2室1厅 | 88.07平米 | 南 北,https://ke-image.ljcdn.com/110000-inspection/pc1_zR2VFYmfT_1.jpg!m_fill,w_280,h_210,f_jpg?from=ke.com
20240329,怀柔,怀柔,101120986522,新元居小区小区中间位置不临街方便看诚意出售,260万,28015元/平,低楼层 (共6层) 3室1厅 | 92.81平米 | 南 北,https://ke-image.ljcdn.com/110000-inspection/pc1_Tm0WQPDHO_1.jpg!m_fill,w_280,h_210,f_jpg?from=ke.com
20240329,怀柔,怀柔,101120967766,70年产权精装修满五年！！！,251万,28621元/平,底层 (共4层) 2室1厅 | 87.7平米 | 南 北,https://ke-image.ljcdn.com/110000-inspection/62d19d67-57e8-487f-ab9b-8f106b1c5876_1000.jpg!m_fill,w_280,h_210,f_jpg?from=ke.com
20240329,怀柔,怀柔,101120961096,东关一区南北通透3居采光好,298万,27851元/平,顶层 (共6层) 3室1厅 | 107平米 | 南 北,https://ke-image.ljcdn.com/110000-inspection/pc1_6AhLm086k_1.jpg!m_fill,w_280,h_210,f_jpg?from=ke.com
20240329,怀柔,怀柔,101120941486,梦想家园东区 南北通透 业主诚心卖,255万,24830元/平,低楼层 (共15层) 3室2厅 | 102.7平米 | 南 北,https://ke-image.ljcdn.com/110000-inspection/pc1_ZefBtfJpQ.jpg!m_fill,w_280,h_210,f_jpg?from=ke.com
20240329,怀柔,怀柔,101120941322,顶秀美泉小镇B区 带电梯 精装修两居室,260万,29257元/平,中楼层 (共5层) | 2015年 | 2室1厅 | 88.87平米 | 南 北,https://ke-image.ljcdn.com/110000-inspection/pc1_wi9M5PV5Y.jpg!m_fill,w_280,h_210,f_jpg?from=ke.com
20240329,怀柔,怀柔,101120940358,青春苑2院南北通透  精装修 拎包入住房主自荐,205万,26128元/平,顶层 (共6层) 2室1厅 | 78.46平米 | 南 北,https://ke-image.ljcdn.com/110000-inspection/pc1_WxNWv3lkR_1.jpg!m_fill,w_280,h_210,f_jpg?from=ke.com
20240329,怀柔,怀柔,101120939833,南北通透 两室明厅 诚意出售 居住舒适,170万,26993元/平,顶层 (共6层) 2室1厅 | 62.98平米 | 南 北,https://ke-image.ljcdn.com/110000-inspection/pc1_axTs1r7Ag.jpg!m_fill,w_280,h_210,f_jpg?from=ke.com
20240329,怀柔,怀柔,101120918949,成熟社区低楼层刚需小三居随时签约！,217万,29484元/平,低楼层 (共6层) | 1993年 | 3室1厅 | 73.6平米 | 南 北,https://ke-image.ljcdn.com/110000-inspection/pc1_9E30g35Mt.jpg!m_fill,w_280,h_210,f_jpg?from=ke.com
20240329,怀柔,怀柔,101120918071,东苑小区2009年社区小区环境好精装南北通透三居室,320万,30793元/平,中楼层 (共6层) 3室2厅 | 103.92平米 | 南 北,https://ke-image.ljcdn.com/110000-inspection/pc1_LnTaMhXfE_1.jpg!m_fill,w_280,h_210,f_jpg?from=ke.com
20240329,怀柔,怀柔,101120916603,龙湖花园 全明格局 3室1厅 精装修 5楼,270万,32239元/平,高楼层 (共6层) | 1995年 | 3室1厅 | 83.75平米 | 南 北,https://ke-image.ljcdn.com/110000-inspection/pc1_oXidInoUs_1.jpg!m_fill,w_280,h_210,f_jpg?from=ke.com
20240329,怀柔,怀柔,101120916235,育龙馨居 2室1厅 南 北,170万,23720元/平,高楼层 (共11层) | 2013年 | 2室1厅 | 71.67平米 | 南 北,https://ke-image.ljcdn.com/110000-inspection/pc1_0swE4Qfqy_1.jpg!m_fill,w_280,h_210,f_jpg?from=ke.com
20240329,怀柔,怀柔,101120915794,怡安园小区南北通透三居室 采光好 无遮挡,180万,23842元/平,中楼层 (共6层) 3室1厅 | 75.5平米 | 南 北,https://ke-image.ljcdn.com/110000-inspection/pc1_NWWRcvpWx_1.jpg!m_fill,w_280,h_210,f_jpg?from=ke.com
20240329,怀柔,怀柔,101120909407,于家园一区 满五唯一  采光好 南北通透,255万,28778元/平,高楼层 (共6层) 3室1厅 | 88.61平米 | 北 南,https://ke-image.ljcdn.com/110000-inspection/pc1_z0VwxhpuE_1.jpg!m_fill,w_280,h_210,f_jpg?from=ke.com
20240329,怀柔,怀柔,101120905690,翠竹园小区 满五年唯一 中间楼层三居室 南北通透,370万,31151元/平,中楼层 (共6层) 3室2厅 | 118.78平米 | 南 北,https://ke-image.ljcdn.com/110000-inspection/pc1_FvlzV9Fuh.jpg!m_fill,w_280,h_210,f_jpg?from=ke.com
20240329,怀柔,怀柔,101120899040,70年产权南北通透三室一厅安静不临街,206万,28181元/平,低楼层 (共6层) 3室1厅 | 73.1平米 | 南 北,https://ke-image.ljcdn.com/110000-inspection/pc1_cz3TWtXJf.jpg!m_fill,w_280,h_210,f_jpg?from=ke.com
20240329,怀柔,怀柔,101120895265,家天下 全明边户 精装修 户型方正 采光充足,345万,31812元/平,高楼层 (共6层) 3室2厅 | 108.45平米 | 南 西 北,https://ke-image.ljcdn.com/110000-inspection/b0ff649a-3e9e-416b-aa47-7f445caedcdd_1000.jpg!m_fill,w_280,h_210,f_jpg?from=ke.com
20240329,怀柔,怀柔,101120892320,满五唯一楼龄新带电梯精装修业主诚心出售,230万,39663元/平,低楼层 (共12层) | 2018年 | 1室1厅 | 57.99平米 | 南,https://ke-image.ljcdn.com/110000-inspection/pc1_rXU0a2NLp.jpg!m_fill,w_280,h_210,f_jpg?from=ke.com
20240329,怀柔,怀柔,101120889216,凤瑞二园 南北通透格局好 交通便利,178万,25779元/平,中楼层 (共6层) 2室1厅 | 69.05平米 | 南 北,https://ke-image.ljcdn.com/110000-inspection/pc1_y74MQxd5j.jpg!m_fill,w_280,h_210,f_jpg?from=ke.com
20240329,怀柔,怀柔,101120880080,怀柔新新家园 电梯房 环境优美 居住舒适,248万,35454元/平,高楼层 (共6层) 2室1厅 | 69.95平米 | 南 北,https://ke-image.ljcdn.com/110000-inspection/pc1_GMEP5Hy3O_1.jpg!m_fill,w_280,h_210,f_jpg?from=ke.com
20240329,怀柔,怀柔,101120871442,金台园 中层 精装修 诚意出售 南北通透,380万,32816元/平,中楼层 (共6层) | 2006年 | 3室1厅 | 115.8平米 | 南 北,https://ke-image.ljcdn.com/110000-inspection/cda26559-86fb-4d46-ba09-c3325e6038d0_1000.jpg!m_fill,w_280,h_210,f_jpg?from=ke.com
20240329,怀柔,怀柔,101120866614,益田影人四季花园 南北通透采光好,270万,27552元/平,中楼层 (共8层) 2室1厅 | 98平米 | 南 北,https://ke-image.ljcdn.com/110000-inspection/pc1_VrJ5X6OMo_1.jpg!m_fill,w_280,h_210,f_jpg?from=ke.com
20240329,怀柔,怀柔,101120860526,电梯房  精装修  南北通透 诚意出售,88万,18254元/平,低楼层 (共15层) 1室1厅 | 48.21平米 | 南 北,https://ke-image.ljcdn.com/110000-inspection/pc1_VubrJvFjC_1.jpg!m_fill,w_280,h_210,f_jpg?from=ke.com
20240329,怀柔,怀柔,101120849218,龙湖花园 3室1厅 南 北,258万,30318元/平,顶层 (共6层) 3室1厅 | 85.1平米 | 南 北,https://ke-image.ljcdn.com/110000-inspection/pc1_MJQrDttv4_1.jpg!m_fill,w_280,h_210,f_jpg?from=ke.com
20240329,怀柔,怀柔,101120847882,新乐园高层南北通透两卫空间大。,260万,26999元/平,顶层 (共6层) 2室2厅 | 96.3平米 | 南 北,https://ke-image.ljcdn.com/110000-inspection/pc1_KPFq2iLbO.jpg!m_fill,w_280,h_210,f_jpg?from=ke.com
20240329,怀柔,怀柔,101120843011,于家园一区新上房源南北通透3居总价245万,225万,26995元/平,顶层 (共6层) 3室1厅 | 83.35平米 | 南 北,https://ke-image.ljcdn.com/110000-inspection/pc1_EKzmbKMAS_1.jpg!m_fill,w_280,h_210,f_jpg?from=ke.com
20240329,怀柔,怀柔,101120840465,怡安园小区 3室1厅 南 北,168万,22234元/平,高楼层 (共6层) | 2002年 | 3室1厅 | 75.56平米 | 南 北,https://ke-image.ljcdn.com/110000-inspection/bc4509b1-0b81-4834-8ebf-c999f72853b8_1000.jpg!m_fill,w_280,h_210,f_jpg?from=ke.com
20240329,怀柔,怀柔,101120835864,满五唯一低楼层业主诚心出售看房方便,93万,17975元/平,底层 (共15层) 1室1厅 | 51.74平米 | 南 北,https://ke-image.ljcdn.com/110000-inspection/pc1_5jl54XLNS.jpg!m_fill,w_280,h_210,f_jpg?from=ke.com
20240329,怀柔,怀柔,101120808518,交通便利 出行方便南北通透 采光充足满五唯一,198万,26991元/平,高楼层 (共6层) 3室2厅 | 73.36平米 | 南 北,https://ke-image.ljcdn.com/110000-inspection/7435e52f-73ba-459e-838c-d97afb6da412_1000.jpg!m_fill,w_280,h_210,f_jpg?from=ke.com
20240329,怀柔,怀柔,101120806265,金台园小区南北通透2层 业主诚心出售,230万,29499元/平,低楼层 (共6层) | 2006年 | 3室1厅 | 77.97平米 | 南 北,https://ke-image.ljcdn.com/110000-inspection/fbb68419-64ea-4c7f-b8c9-1ae14324d6af_1000.jpg!m_fill,w_280,h_210,f_jpg?from=ke.com
20240329,怀柔,怀柔,101120801491,梦想家园西区 中楼层 前面无遮挡两居室 精装修,205万,23167元/平,中楼层 (共14层) | 2014年 | 2室2厅 | 88.49平米 | 南 北,https://ke-image.ljcdn.com/110000-inspection/pc1_NAlppj1QS_1.jpg!m_fill,w_280,h_210,f_jpg?from=ke.com
20240329,怀柔,怀柔,101120796024,家天下中间楼层大三室品质小区适宜居住,365万,33657元/平,中楼层 (共6层) 3室2厅 | 108.45平米 | 南 北,https://ke-image.ljcdn.com/110000-inspection/pc1_jdOZfgb5x_1.jpg!m_fill,w_280,h_210,f_jpg?from=ke.com
20240329,怀柔,怀柔,101120792198,满五唯一 南通通透 诚意出售 可随时签约,198万,25572元/平,高楼层 (共6层) 2室1厅 | 77.43平米 | 南 北,https://ke-image.ljcdn.com/110000-inspection/4856c91c-2c32-487e-aa59-f33382edc32a_1000.jpg!m_fill,w_280,h_210,f_jpg?from=ke.com
20240329,怀柔,怀柔,101120791154,青春路1号院满五唯一南北通透,200万,20743元/平,顶层 (共6层) 3室2厅 | 96.42平米 | 南 北,https://ke-image.ljcdn.com/110000-inspection/pc1_ZeohwXTVj.jpg!m_fill,w_280,h_210,f_jpg?from=ke.com
20240329,怀柔,怀柔,101120789267,东关一区中间楼层满五唯一诚心出售,170万,25638元/平,中楼层 (共6层) 2室1厅 | 66.31平米 | 南 北,https://ke-image.ljcdn.com/110000-inspection/pc1_ENrRXeGFA_1.jpg!m_fill,w_280,h_210,f_jpg?from=ke.com
20240329,怀柔,怀柔,101120785490,东关一区南北通透格局采光好,210万,30251元/平,中楼层 (共5层) 2室1厅 | 69.42平米 | 南 北,https://ke-image.ljcdn.com/110000-inspection/6581cd11-3170-4663-bf3b-e025bc76980d_1000.jpg!m_fill,w_280,h_210,f_jpg?from=ke.com
20240329,怀柔,怀柔,101120784249,礼贤街 果品小区 南北通透两居室,170万,31297元/平,低楼层 (共6层) 2室1厅 | 54.32平米 | 南 北,https://ke-image.ljcdn.com/110000-inspection/pc1_WguvXdqKG_1.jpg!m_fill,w_280,h_210,f_jpg?from=ke.com
20240329,怀柔,怀柔,101120783951,梦想家园西区 满五唯一 电梯房..,188万,21044元/平,高楼层 (共15层) | 2014年 | 2室1厅 | 89.34平米 | 南 北,https://ke-image.ljcdn.com/110000-inspection/pc1_X3SdjsVoq_1.jpg!m_fill,w_280,h_210,f_jpg?from=ke.com
20240329,怀柔,怀柔,101120781259,此房满五唯一交通便利采光好南北通透的房子,299万,25819元/平,高楼层 (共6层) 3室3厅 | 115.81平米 | 南 北,https://ke-image.ljcdn.com/110000-inspection/pc1_roVglBxFc_1.jpg!m_fill,w_280,h_210,f_jpg?from=ke.com
20240329,怀柔,怀柔,101120765380,顶秀美泉电梯房 三层 边户 满五年精装修,340万,37994元/平,中楼层 (共5层) | 2015年 | 2室1厅 | 89.49平米 | 南 北 西,https://ke-image.ljcdn.com/110000-inspection/7e824ecd-66ec-4ba9-8b4b-b44794dffbb2_1000.jpg!m_fill,w_280,h_210,f_jpg?from=ke.com
20240329,怀柔,怀柔,101120764118,湖光小区 南北通都 客厅通阳台 三层,189万,31464元/平,中楼层 (共6层) 2室1厅 | 60.07平米 | 南 北,https://ke-image.ljcdn.com/110000-inspection/pc1_RlZnk3prb.jpg!m_fill,w_280,h_210,f_jpg?from=ke.com
20240329,怀柔,怀柔,101120763728,顶秀美泉家园满五唯一南北通透两居室,290万,32486元/平,底层 (共5层) | 2015年 | 2室1厅 | 89.27平米 | 南 北 东,https://ke-image.ljcdn.com/110000-inspection/pc1_ezl5WucYS_1.jpg!m_fill,w_280,h_210,f_jpg?from=ke.com
20240329,怀柔,怀柔,101120754076,北京城建·胜悦居大户型电梯房单价低,399万,36168元/平,低楼层 (共15层) | 2018年 | 3室2厅 | 110.32平米 | 南 北,https://ke-image.ljcdn.com/110000-inspection/86599513-441a-488a-8e36-98f95e62b40a_1000.jpg!m_fill,w_280,h_210,f_jpg?from=ke.com
20240329,怀柔,怀柔,101120751277,梦想家园西区南北通透一层把边户型采光好视野好,210万,23615元/平,底层 (共14层) | 2014年 | 2室2厅 | 88.93平米 | 南 北,https://ke-image.ljcdn.com/110000-inspection/pc1_UZk7yze8f.jpg!m_fill,w_280,h_210,f_jpg?from=ke.com
20240329,怀柔,怀柔,101120723664,南华园一区满五唯一低楼层两居室,175万,25930元/平,底层 (共5层) 2室1厅 | 67.49平米 | 东 西,https://ke-image.ljcdn.com/110000-inspection/pc1_vMtXzSbiW_1.jpg!m_fill,w_280,h_210,f_jpg?from=ke.com
20240329,怀柔,怀柔,101120706495,此房南北通透格局户型方正没有浪费面积诚心出售,315万,25355元/平,中楼层 (共6层) 3室1厅 | 124.24平米 | 南 北,https://ke-image.ljcdn.com/110000-inspection/pc1_VJxz5dmCv_1.jpg!m_fill,w_280,h_210,f_jpg?from=ke.com
20240329,怀柔,怀柔,101120696093,于家园三区 2室1厅 南 北,160万,28496元/平,高楼层 (共6层) | 2001年 | 2室1厅 | 56.15平米 | 南 北,https://ke-image.ljcdn.com/110000-inspection/96cec9ea-e12c-4c21-ac2f-72b914d0cd67_1000.jpg!m_fill,w_280,h_210,f_jpg?from=ke.com
20240329,怀柔,怀柔,101120694851,青春路七院 低楼层南北通透 离万达近 配套完善房主自荐,190万,30464元/平,低楼层 (共6层) 2室1厅 | 62.37平米 | 南 北,https://ke-image.ljcdn.com/110000-inspection/pc1_aMFGZSa6q_1.jpg!m_fill,w_280,h_210,f_jpg?from=ke.com
20240329,怀柔,怀柔,101120684675,于家园二区北院 满五唯一 楼层好四层,190万,26028元/平,中楼层 (共6层) 3室1厅 | 73平米 | 南 北,https://ke-image.ljcdn.com/110000-inspection/pc1_hACFF8G31_1.jpg!m_fill,w_280,h_210,f_jpg?from=ke.com
20240329,怀柔,怀柔,101120677420,湖光小区    满五唯一  南北通透  优选好房,255万,28925元/平,中楼层 (共5层) 3室2厅 | 88.16平米 | 南 北,https://ke-image.ljcdn.com/110000-inspection/pc1_0W8uuVJ4i_1.jpg!m_fill,w_280,h_210,f_jpg?from=ke.com
20240329,怀柔,怀柔,101120659913,世嘉光织谷西区电梯房精装修配套齐全,226万,24053元/平,中楼层 (共5层) | 2012年 | 2室1厅 | 93.96平米 | 南 北,https://ke-image.ljcdn.com/110000-inspection/pc1_Zq1mg7Ta2.jpg!m_fill,w_280,h_210,f_jpg?from=ke.com
20240329,怀柔,怀柔,101120637113,府前官邸  电梯房 自住 看房方便,300万,36006元/平,中楼层 (共10层) 2室1厅 | 83.32平米 | 南,https://ke-image.ljcdn.com/110000-inspection/6d64ed6c-883d-4ecb-9531-23b78eebcbd9_1000.jpg!m_fill,w_280,h_210,f_jpg?from=ke.com
20240329,怀柔,怀柔,101120618853,东西户型相当于满五唯一配套成熟,198万,24112元/平,低楼层 (共6层) 3室2厅 | 82.12平米 | 东 西,https://ke-image.ljcdn.com/110000-inspection/pc1_159b1saza_1.jpg!m_fill,w_280,h_210,f_jpg?from=ke.com
20240329,怀柔,怀柔,101120617910,二层三卧室朝阳全明户型精装修,285万,25354元/平,低楼层 (共6层) 3室1厅 | 112.41平米 | 南 北,https://ke-image.ljcdn.com/110000-inspection/pc1_juY4hUGqI_1.jpg!m_fill,w_280,h_210,f_jpg?from=ke.com
20240329,怀柔,怀柔,101120615334,此房精装修 满五年唯一 户型方正 精装修,360万,24111元/平,高楼层 (共6层) | 2007年 | 3室2厅 | 149.31平米 | 南 北,https://ke-image.ljcdn.com/110000-inspection/pc1_V32dROqdJ_1.jpg!m_fill,w_280,h_210,f_jpg?from=ke.com
20240329,怀柔,怀柔,101120589243,此房一层的出入方便视野宽阔采光充足,280万,31084元/平,底层 (共8层) | 2013年 | 2室1厅 | 90.08平米 | 南 北,https://ke-image.ljcdn.com/110000-inspection/pc1_vKwgqkn1w.jpg!m_fill,w_280,h_210,f_jpg?from=ke.com
20240329,怀柔,怀柔,101120565538,幸福东园3号院 采光充足  视野宽阔,140万,21072元/平,顶层 (共6层) | 2003年 | 2室1厅 | 66.44平米 | 南,https://ke-image.ljcdn.com/110000-inspection/pc1_NiPsGnqv9_1.jpg!m_fill,w_280,h_210,f_jpg?from=ke.com
20240329,怀柔,怀柔,101120561962,乐园西大街 南北通透 2-1-1,148万,22415元/平,低楼层 (共9层) 2室1厅 | 66.03平米 | 南 北,https://ke-image.ljcdn.com/110000-inspection/pc1_jQD6qBIyg.jpg!m_fill,w_280,h_210,f_jpg?from=ke.com
20240329,怀柔,怀柔,101120539460,南华大街29号楼 南北通透 采光高,198万,26084元/平,低楼层 (共6层) | 2001年 | 3室1厅 | 75.91平米 | 南 北,https://ke-image.ljcdn.com/110000-inspection/pc1_nJXSXYB77_1.jpg!m_fill,w_280,h_210,f_jpg?from=ke.com
20240329,怀柔,怀柔,101120522795,北京市怀柔区泉河园二区泉河园二区,350万,28577元/平,中楼层 (共6层) 3室2厅 | 122.48平米 | 南 北,https://ke-image.ljcdn.com/110000-inspection/pc1_4fgTiqECo_1.jpg!m_fill,w_280,h_210,f_jpg?from=ke.com
20240329,怀柔,怀柔,101120507590,安乐馨居电梯房楼层高视野好生活便利,139万,19714元/平,中楼层 (共17层) 1室1厅 | 70.51平米 | 南 北,https://ke-image.ljcdn.com/110000-inspection/pc1_Za9lhWGL7_1.jpg!m_fill,w_280,h_210,f_jpg?from=ke.com
20240329,怀柔,怀柔,101120502416,后横街小区 70年产权 采光好,128万,29365元/平,顶层 (共6层) 1室1厅 | 43.59平米 | 南,https://ke-image.ljcdn.com/110000-inspection/pc1_3q73yFZSm_1.jpg!m_fill,w_280,h_210,f_jpg?from=ke.com
20240329,怀柔,怀柔,101120487392,八龙桥雅苑 近高速 花园社区 低楼层 满五唯一房主自荐,220万,20677元/平,中楼层 (共5层) 3室2厅 | 106.4平米 | 南 北,https://ke-image.ljcdn.com/110000-inspection/pc1_hkuAfhX5f_1.jpg!m_fill,w_280,h_210,f_jpg?from=ke.com
20240329,怀柔,怀柔,101120482286,梦想家园东区30号院5号院南北朝向,220万,25789元/平,中楼层 (共15层) 2室1厅 | 85.31平米 | 南 北,https://ke-image.ljcdn.com/110000-inspection/pc1_u7yk0ruja_1.jpg!m_fill,w_280,h_210,f_jpg?from=ke.com
20240329,怀柔,怀柔,101120471121,泊岸小区  小区环境好   业主诚意出售  满五年,370万,34913元/平,中楼层 (共6层) 2室1厅 | 105.98平米 | 东 南 西,https://ke-image.ljcdn.com/110000-inspection/pc1_DJ4NnKMAZ_1.jpg!m_fill,w_280,h_210,f_jpg?from=ke.com
20240329,怀柔,怀柔,101120470294,世嘉光织谷东区 乐园西大街13号,260万,27064元/平,低楼层 (共7层) 2室1厅 | 96.07平米 | 南 北,https://ke-image.ljcdn.com/110000-inspection/pc1_tSrqlIrp0_1.jpg!m_fill,w_280,h_210,f_jpg?from=ke.com
20240329,怀柔,怀柔,101120468848,美丽家园 2层两居室 南北通透,253万,27471元/平,低楼层 (共6层) 2室2厅 | 92.1平米 | 南 北,https://ke-image.ljcdn.com/110000-inspection/pc1_4ghzK0Hkz_1.jpg!m_fill,w_280,h_210,f_jpg?from=ke.com
20240329,怀柔,怀柔,101120461275,潘家园小区 4室1厅 东 南 西,450万,39940元/平,底层 (共6层) | 1997年 | 4室1厅 | 112.67平米 | 东 南 西,https://ke-image.ljcdn.com/110000-inspection/pc1_ydRZ1j9e3_1.jpg!m_fill,w_280,h_210,f_jpg?from=ke.com
20240329,怀柔,怀柔,101120455146,钓鱼台小区 南北通透 三居室 采光好 诚意出售,349万,35339元/平,高楼层 (共6层) 3室1厅 | 98.76平米 | 南 北,https://ke-image.ljcdn.com/110000-inspection/38dd594f-52b7-4e64-8b0a-10c4d0814d00_1000.jpg!m_fill,w_280,h_210,f_jpg?from=ke.com
20240329,怀柔,怀柔,101120446235,青春路六院  把边采光通透  房子干净整洁 精准修,258万,31911元/平,中楼层 (共5层) | 1998年 | 3室1厅 | 80.85平米 | 南 北,https://ke-image.ljcdn.com/110000-inspection/pc1_5RtL3TXf3.jpg!m_fill,w_280,h_210,f_jpg?from=ke.com
20240329,怀柔,怀柔,101120445612,梦想家园东区  环境优美 配套齐全,230万,22352元/平,低楼层 (共15层) 3室2厅 | 102.9平米 | 南,https://ke-image.ljcdn.com/110000-inspection/pc1_9GyEi4vxt.jpg!m_fill,w_280,h_210,f_jpg?from=ke.com
20240329,怀柔,怀柔,101120434693,青春路九院两居室户型方正合理全明格局,168万,26562元/平,高楼层 (共6层) 2室1厅 | 63.25平米 | 南 北,https://ke-image.ljcdn.com/110000-inspection/pc1_pe14mWK0C.jpg!m_fill,w_280,h_210,f_jpg?from=ke.com
20240329,怀柔,怀柔,101120420554,怡安园小区报价低3居业主诚心出售价格还能谈,152万,21007元/平,高楼层 (共6层) 3室1厅 | 72.36平米 | 南 北,https://ke-image.ljcdn.com/110000-inspection/pc1_sIcOKm2Rm.jpg!m_fill,w_280,h_210,f_jpg?from=ke.com
20240329,怀柔,怀柔,101120412805,于家园三区大三居双卫满五唯一配套齐全,320万,23592元/平,高楼层 (共6层) | 1993年 | 3室2厅 | 135.64平米 | 南 北,https://ke-image.ljcdn.com/110000-inspection/pc1_BDJBuzn6i_1.jpg!m_fill,w_280,h_210,f_jpg?from=ke.com
20240329,怀柔,怀柔,101120403110,此房位于怀柔区政府的东侧配套齐全,230万,42102元/平,中楼层 (共11层) 1室1厅 | 54.63平米 | 西北,https://ke-image.ljcdn.com/110000-inspection/pc1_1MbCMGLE7_1.jpg!m_fill,w_280,h_210,f_jpg?from=ke.com
20240329,怀柔,怀柔,101120401564,北京城建胜悦居 1室1厅 南,220万,37938元/平,中楼层 (共12层) | 2018年 | 1室1厅 | 57.99平米 | 南,https://ke-image.ljcdn.com/110000-inspection/f1a81e41-be6b-4846-92ca-cd200d0dfe11_1000.jpg!m_fill,w_280,h_210,f_jpg?from=ke.com
20240329,怀柔,怀柔,101120359585,湖光小区中间楼层精装修明厅3居室户型房主自荐,290万,33261元/平,中楼层 (共6层) 2室1厅 | 87.19平米 | 南 北,https://ke-image.ljcdn.com/110000-inspection/pc1_3CowCl8SR_1.jpg!m_fill,w_280,h_210,f_jpg?from=ke.com
20240329,怀柔,怀柔,101120346798,育龙铭居    精装修   配套齐全 环境优美,135万,23296元/平,顶层 (共9层) 1室1厅 | 57.95平米 | 南 北,https://ke-image.ljcdn.com/110000-inspection/pc1_76ANJYJSJ_1.jpg!m_fill,w_280,h_210,f_jpg?from=ke.com
20240329,怀柔,怀柔,101120337582,湖光小区 2室1厅 南 北,190万,29814元/平,中楼层 (共6层) 2室1厅 | 63.73平米 | 南 北,https://ke-image.ljcdn.com/110000-inspection/pc1_Ev7ZOcmOB_1.jpg!m_fill,w_280,h_210,f_jpg?from=ke.com
20240329,怀柔,怀柔,101120336356,小中富乐二区   环境优美  配套齐全,220万,25291元/平,高楼层 (共6层) 3室1厅 | 86.99平米 | 南 北,https://ke-image.ljcdn.com/110000-inspection/pc1_5qugDOVR2_1.jpg!m_fill,w_280,h_210,f_jpg?from=ke.com
20240329,怀柔,怀柔,101120332179,青春路一院中间层满五唯一可贷款,185万,30239元/平,中楼层 (共6层) 2室1厅 | 61.18平米 | 南 北,https://ke-image.ljcdn.com/110000-inspection/pc1_FIJ4iuECT.jpg!m_fill,w_280,h_210,f_jpg?from=ke.com
20240329,怀柔,怀柔,101120323969,西园小区  好楼层 业主诚意出售,168万,29846元/平,中楼层 (共5层) | 1986年 | 2室1厅 | 56.29平米 | 南,https://ke-image.ljcdn.com/110000-inspection/pc1_HNYHJw7RE_1.jpg!m_fill,w_280,h_210,f_jpg?from=ke.com
20240329,怀柔,怀柔,101120314901,育龙馨居满二唯一精装修采光充足,259万,24845元/平,高楼层 (共14层) | 2013年 | 3室2厅 | 104.25平米 | 南 北,https://ke-image.ljcdn.com/110000-inspection/pc1_RIGw8BOEw_1.jpg!m_fill,w_280,h_210,f_jpg?from=ke.com
20240329,怀柔,怀柔,101120312808,南华园四区观河景精装南北通透三居双卫小区停车便利,498万,21615元/平,中楼层 (共6层) 3室2厅 | 230.4平米 | 南 北,https://ke-image.ljcdn.com/110000-inspection/pc1_ZlpCSnW1T_1.jpg!m_fill,w_280,h_210,f_jpg?from=ke.com
20240329,怀柔,怀柔,101120298278,幸福东园2号院 3室2厅 南 北,195万,18386元/平,中楼层 (共6层) 3室2厅 | 106.06平米 | 南 北,https://ke-image.ljcdn.com/110000-inspection/pc1_uuEb0ax2t_1.jpg!m_fill,w_280,h_210,f_jpg?from=ke.com
20240329,怀柔,怀柔,101120282047,东关一区一层大三居舒适装修随时谈随时看。,335万,31730元/平,底层 (共6层) | 2009年 | 3室1厅 | 105.58平米 | 南 北,https://ke-image.ljcdn.com/110000-inspection/f1a35f96-b98f-4fd9-ab23-bbd9544f1989_1000.jpg!m_fill,w_280,h_210,f_jpg?from=ke.com
20240329,怀柔,怀柔,101120238476,于家园一区  环境优美  配套齐全,235万,29063元/平,底层 (共6层) | 1999年 | 3室1厅 | 80.86平米 | 南 北,https://ke-image.ljcdn.com/110000-inspection/pc1_79HUfmjqV.jpg!m_fill,w_280,h_210,f_jpg?from=ke.com
20240329,怀柔,怀柔,101120183565,幸福东园3号院南北通透三居室采光好,200万,19562元/平,中楼层 (共6层) 3室1厅 | 102.24平米 | 南 北,https://ke-image.ljcdn.com/110000-inspection/1f3b8b31-da6c-4f0a-a1f7-fcf1ee5c7dc3_1000.jpg!m_fill,w_280,h_210,f_jpg?from=ke.com
20240329,怀柔,怀柔,101120177840,栖美园南北通透低楼层电梯房两面朝南,330万,22589元/平,低楼层 (共6层) 3室1厅 | 146.09平米 | 南 北,https://ke-image.ljcdn.com/110000-inspection/pc1_ReZmWZGYX_1.jpg!m_fill,w_280,h_210,f_jpg?from=ke.com
20240329,怀柔,怀柔,101120146366,东关一区南北通透三居室中间楼层采光视野俱佳,320万,24838元/平,中楼层 (共6层) 3室1厅 | 128.84平米 | 北 南,https://ke-image.ljcdn.com/110000-inspection/pc1_U8i6oenU8_1.jpg!m_fill,w_280,h_210,f_jpg?from=ke.com
20240329,怀柔,怀柔,101120142766,满五不唯一南北通透采光充足配套完善。,190万,26179元/平,中楼层 (共6层) 3室1厅 | 72.58平米 | 南 北,https://ke-image.ljcdn.com/110000-inspection/pc1_0OE4LxN8p.jpg!m_fill,w_280,h_210,f_jpg?from=ke.com
20240329,怀柔,怀柔,101120127274,美丽家园、满五唯一、采光充足、视野宽阔房主自荐,154万,22955元/平,顶层 (共4层) 2室1厅 | 67.09平米 | 西,https://ke-image.ljcdn.com/110000-inspection/pc1_g8YOhacHE_1.jpg!m_fill,w_280,h_210,f_jpg?from=ke.com
20240329,怀柔,怀柔,101120111180,满五唯一诚心出售前无遮挡光线充足,220万,30375元/平,顶层 (共6层) 3室1厅 | 72.43平米 | 南 北,https://ke-image.ljcdn.com/110000-inspection/pc1_bOcl9GwcB_1.jpg!m_fill,w_280,h_210,f_jpg?from=ke.com
20240329,怀柔,怀柔,101120099952,新贤家园 电梯顶层 安静不吵  南北向两居,310万,37175元/平,顶层 (共11层) 2室1厅 | 83.39平米 | 北 南,https://ke-image.ljcdn.com/110000-inspection/34d0f45a-fb94-4ab5-a8c2-c1e74364f8aa_1000.jpg!m_fill,w_280,h_210,f_jpg?from=ke.com
20240329,怀柔,怀柔,101120087609,栖美园 2室1厅 南 北,190万,26529元/平,中楼层 (共6层) 2室1厅 | 71.62平米 | 南 北,https://ke-image.ljcdn.com/110000-inspection/pc1_yy3uIqmrK.jpg!m_fill,w_280,h_210,f_jpg?from=ke.com
20240329,怀柔,怀柔,101120059795,安乐馨居楼龄新不临街诚意出售可以随时签约。,185万,20024元/平,中楼层 (共15层) | 2019年 | 2室1厅 | 92.39平米 | 南,https://ke-image.ljcdn.com/110000-inspection/7cf9c33b-7b5d-4dcb-b5c5-8b9a243dac4c_1000.jpg!m_fill,w_280,h_210,f_jpg?from=ke.com
20240329,怀柔,怀柔,101120059558,安乐馨居价格低。不临街可以随时签诚意出售,115万,16417元/平,低楼层 (共17层) | 2018年 | 1室1厅 | 70.05平米 | 南,https://ke-image.ljcdn.com/110000-inspection/7dd6d9d2-f089-4541-9f39-8800a363013c_1000.jpg!m_fill,w_280,h_210,f_jpg?from=ke.com
20240329,怀柔,怀柔,101120030199,金善名居 客厅通阳台 南北通透大两居,173万,22692元/平,底层 (共6层) | 2013年 | 2室1厅 | 76.24平米 | 南 北,https://ke-image.ljcdn.com/110000-inspection/pc1_uws2O5Y1M.jpg!m_fill,w_280,h_210,f_jpg?from=ke.com
20240329,怀柔,怀柔,101120024432,凤翔四园次顶层满五唯一诚意出售,170万,17888元/平,高楼层 (共6层) 3室1厅 | 95.04平米 | 南 北,https://ke-image.ljcdn.com/110000-inspection/pc1_Nn2mGNGJd_1.jpg!m_fill,w_280,h_210,f_jpg?from=ke.com
20240329,怀柔,怀柔,101120022260,此房满五唯一南北通透看房方便提前预约.,215万,27839元/平,中楼层 (共6层) 2室1厅 | 77.23平米 | 南 北,https://ke-image.ljcdn.com/110000-inspection/2e189f4d-823f-4ac7-9752-aca6b1b001d5_1000.jpg!m_fill,w_280,h_210,f_jpg?from=ke.com
20240329,怀柔,怀柔,101120009259,月亮门全明格局南北两居满五年唯一中间楼层诚意卖,191万,30075元/平,中楼层 (共6层) 2室1厅 | 63.51平米 | 南 北,https://ke-image.ljcdn.com/110000-inspection/pc1_ZPaedtO3H_1.jpg!m_fill,w_280,h_210,f_jpg?from=ke.com
20240329,怀柔,怀柔,101120006575,府前观邸精装3居诚心售把边户看房方便随时签。,540万,38298元/平,中楼层 (共9层) 3室2厅 | 141平米 | 南 北,https://ke-image.ljcdn.com/110000-inspection/acfe9d41-234e-46e9-afb1-9e38bf1818e0_1000.jpg!m_fill,w_280,h_210,f_jpg?from=ke.com
20240329,怀柔,怀柔,101119976727,于家园二区南院 南北通透采光充足。,203万,28568元/平,高楼层 (共6层) | 1996年 | 2室1厅 | 71.06平米 | 南 北,https://ke-image.ljcdn.com/110000-inspection/pc1_J3XqEqabW_1.jpg!m_fill,w_280,h_210,f_jpg?from=ke.com
20240329,怀柔,怀柔,101119969898,育龙铭居.满2年商品房 精装修 有电梯 诚心出售,150万,25818元/平,高楼层 (共9层) 1室1厅 | 58.1平米 | 南,https://ke-image.ljcdn.com/110000-inspection/pc1_rHwUyrzOt_1.jpg!m_fill,w_280,h_210,f_jpg?from=ke.com
20240329,怀柔,怀柔,101119962228,湖光小区 南北通透 采光好 满五唯一,240万,29822元/平,中楼层 (共6层) 3室1厅 | 80.48平米 | 南 北,https://ke-image.ljcdn.com/110000-inspection/pc1_2fXQZ8wJ5_1.jpg!m_fill,w_280,h_210,f_jpg?from=ke.com
20240329,怀柔,怀柔,101119962011,湖光小区 南北通透 老三居 精装修,220万,27394元/平,顶层 (共6层) 3室1厅 | 80.31平米 | 南 北,https://ke-image.ljcdn.com/110000-inspection/edebb175-06c4-4303-aa78-0d9939ae1732_1000.jpg!m_fill,w_280,h_210,f_jpg?from=ke.com
20240329,怀柔,怀柔,101119960036,南华园四区格局好视野宽阔干净整洁。,152万,22927元/平,顶层 (共6层) 2室1厅 | 66.3平米 | 南 北,https://ke-image.ljcdn.com/110000-inspection/pc1_KJilBAMrg_1.jpg!m_fill,w_280,h_210,f_jpg?from=ke.com
20240329,怀柔,怀柔,101119946993,北大街1号院满五年唯一精装修可以随时签约。,205万,24201元/平,顶层 (共6层) 3室1厅 | 84.71平米 | 南 北,https://ke-image.ljcdn.com/110000-inspection/aba6d3fe-21b7-4b90-a1c1-3591ced34f2e_1000.jpg!m_fill,w_280,h_210,f_jpg?from=ke.com
20240329,怀柔,怀柔,101119940772,青春路十院精装修一室两厅优质房房主自荐,162万,28228元/平,高楼层 (共6层) 1室2厅 | 57.39平米 | 南 西,https://ke-image.ljcdn.com/110000-inspection/pc1_ayRr44R1x_1.jpg!m_fill,w_280,h_210,f_jpg?from=ke.com
20240329,怀柔,怀柔,101119930892,湖花园 水库旁 中层 3居 通阳台房主自荐,320万,25582元/平,中楼层 (共6层) 3室2厅 | 125.09平米 | 南 北,https://ke-image.ljcdn.com/110000-inspection/pc1_ObF0pdMHO_1.jpg!m_fill,w_280,h_210,f_jpg?from=ke.com
20240329,怀柔,怀柔,101119930602,新贤家园电梯房南北通透两居室房主自荐,295万,35402元/平,顶层 (共11层) | 2013年 | 2室1厅 | 83.33平米 | 南 北,https://ke-image.ljcdn.com/110000-inspection/bb62167c-bac4-4769-86f5-5604471cae0e_1000.jpg!m_fill,w_280,h_210,f_jpg?from=ke.com
20240329,怀柔,怀柔,101119929017,八龙桥雅苑 满五唯一楼层合适,205万,19482元/平,中楼层 (共5层) 3室1厅 | 105.23平米 | 南 北,https://ke-image.ljcdn.com/110000-inspection/pc1_U06MNLaaf_1.jpg!m_fill,w_280,h_210,f_jpg?from=ke.com
20240329,怀柔,怀柔,101119924654,兴怀大街小区   低楼层户型好,165万,31227元/平,底层 (共4层) 2室2厅 | 52.84平米 | 南,https://ke-image.ljcdn.com/110000-inspection/e1742ed2-736a-4224-8323-5c888315ed27_1000.jpg!m_fill,w_280,h_210,f_jpg?from=ke.com
20240329,怀柔,怀柔,101119921796,湖光小区 2室1厅 南 北,170万,28683元/平,中楼层 (共5层) 2室1厅 | 59.27平米 | 南 北,https://ke-image.ljcdn.com/110000-inspection/pc1_7ZcT4lu9c_1.jpg!m_fill,w_280,h_210,f_jpg?from=ke.com
20240329,怀柔,怀柔,101119910613,府前观邸电梯房位置好有车位 有地下室,360万,41686元/平,顶层 (共11层) 1室2厅 | 86.36平米 | 南 北,https://ke-image.ljcdn.com/110000-inspection/643fce71-e18f-4194-b6ed-9ccc28f8ca55_1000.jpg!m_fill,w_280,h_210,f_jpg?from=ke.com
20240329,怀柔,怀柔,101119910592,府前观邸满五年唯一的中间楼层有车位地下室,495万,42344元/平,中楼层 (共12层) 3室1厅 | 116.9平米 | 东 南 北,https://ke-image.ljcdn.com/110000-inspection/pc1_9RFqKe3d8.jpg!m_fill,w_280,h_210,f_jpg?from=ke.com
20240329,怀柔,怀柔,101119903226,融城北区 三居室  南北通透  业主诚意出售,251万,23885元/平,高楼层 (共6层) 3室2厅 | 105.09平米 | 南 北,https://ke-image.ljcdn.com/110000-inspection/pc1_CVHU7lkzg.jpg!m_fill,w_280,h_210,f_jpg?from=ke.com
20240329,怀柔,怀柔,101119856390,怀柔  科学城 柏泉庄园雁鸣园B区 电梯房 一居室,130万,22496元/平,低楼层 (共15层) | 2013年 | 1室1厅 | 57.79平米 | 南 北,https://ke-image.ljcdn.com/110000-inspection/12b41f16-3cb2-4914-97c2-7fdd61d525c3_1000.jpg!m_fill,w_280,h_210,f_jpg?from=ke.com
20240329,怀柔,怀柔,101119853576,世嘉光织谷西区电梯房两居室诚心出售,235万,25027元/平,顶层 (共6层) 2室1厅 | 93.9平米 | 南,https://ke-image.ljcdn.com/110000-inspection/pc1_ANWR19R8L_1.jpg!m_fill,w_280,h_210,f_jpg?from=ke.com
20240329,怀柔,怀柔,101119846246,满五唯一中间楼层有储藏室采光好,390万,34956元/平,中楼层 (共7层) 3室2厅 | 111.57平米 | 南 北,https://ke-image.ljcdn.com/110000-inspection/pc1_DDn50Zdls_1.jpg!m_fill,w_280,h_210,f_jpg?from=ke.com
20240329,怀柔,怀柔,101119820067,育龙铭居满五年唯一商品房商品房,135万,23296元/平,高楼层 (共9层) 1室1厅 | 57.95平米 | 南,https://ke-image.ljcdn.com/110000-inspection/pc1_5Amp9pIvt_1.jpg!m_fill,w_280,h_210,f_jpg?from=ke.com
20240329,怀柔,怀柔,101119819681,怀柔科学城 准新房 水岸雁栖 电梯房 小三居 精装修,275万,35650元/平,底层 (共4层) 3室1厅 | 77.14平米 | 南 北,https://ke-image.ljcdn.com/110000-inspection/pc1_cY2nTP0bo_1.jpg!m_fill,w_280,h_210,f_jpg?from=ke.com
20240329,怀柔,怀柔,101119805195,于家园二区南院 南北通透 精装修  采光好,230万,27954元/平,高楼层 (共6层) | 1996年 | 3室1厅 | 82.28平米 | 南 北,https://ke-image.ljcdn.com/110000-inspection/pc1_t2zUV10v5_1.jpg!m_fill,w_280,h_210,f_jpg?from=ke.com
20240329,怀柔,怀柔,101119800853,精装修 明厨明卫 好楼层 看房方便房主自荐,228万,28010元/平,中楼层 (共5层) 2室1厅 | 81.4平米 | 南 北,https://ke-image.ljcdn.com/110000-inspection/pc1_iRcGL6SAk_1.jpg!m_fill,w_280,h_210,f_jpg?from=ke.com
20240329,怀柔,怀柔,101119788919,青春路六院 一居室  电梯房诚意出售,143万,29503元/平,中楼层 (共9层) | 2015年 | 1室1厅 | 48.47平米 | 东,https://ke-image.ljcdn.com/110000-inspection/pc1_qx9alhLk9_1.jpg!m_fill,w_280,h_210,f_jpg?from=ke.com
20240329,怀柔,怀柔,101119777945,庙城312号 满五唯一 低楼层  采光好,189万,28055元/平,中楼层 (共5层) 2室1厅 | 67.37平米 | 南 北,https://ke-image.ljcdn.com/110000-inspection/8a6c6dba-1040-41b6-9834-13b3366282c7_1000.jpg!m_fill,w_280,h_210,f_jpg?from=ke.com
20240329,怀柔,怀柔,101119746662,滨河馨居电梯房精装修户型方正格局好,216万,22940元/平,中楼层 (共11层) 3室1厅 | 94.16平米 | 南 北,https://ke-image.ljcdn.com/110000-inspection/pc1_FNnBvQBxD.jpg!m_fill,w_280,h_210,f_jpg?from=ke.com
20240329,怀柔,怀柔,101119734883,怡安园小区 高楼层 南北通透 诚意出售,165万,22759元/平,顶层 (共6层) 3室1厅 | 72.5平米 | 南 北,https://ke-image.ljcdn.com/110000-inspection/pc1_RUkH3egEb_1.jpg!m_fill,w_280,h_210,f_jpg?from=ke.com
20240329,怀柔,怀柔,101119724685,此房满五唯一 看房方便 南北通透 采光充足,190万,18363元/平,顶层 (共6层) 3室2厅 | 103.47平米 | 南 北,https://ke-image.ljcdn.com/110000-inspection/pc1_IOxwYzCT2_1.jpg!m_fill,w_280,h_210,f_jpg?from=ke.com
20240329,怀柔,怀柔,101119717412,怀柔科学城 世嘉光织谷东区 电梯房 三居室 边户 全明房主自荐,349万,26098元/平,中楼层 (共6层) | 2013年 | 3室2厅 | 133.73平米 | 南 北,https://ke-image.ljcdn.com/110000-inspection/pc1_JKaK5KNmU_1.jpg!m_fill,w_280,h_210,f_jpg?from=ke.com
20240329,怀柔,怀柔,101119715579,青春路 户型方正 采光通透 动静分开,350万,26998元/平,底层 (共6层) 3室2厅 | 129.64平米 | 南 北,https://ke-image.ljcdn.com/110000-inspection/b670ff62-e28e-4f48-bd56-bf011deda3c0_1000.jpg!m_fill,w_280,h_210,f_jpg?from=ke.com
20240329,怀柔,怀柔,101119710642,益田影人四季花园 3室2厅 南 北,390万,25036元/平,中楼层 (共8层) | 2012年 | 3室2厅 | 155.78平米 | 南 北,https://ke-image.ljcdn.com/110000-inspection/pc1_4H5zpGACs_1.jpg!m_fill,w_280,h_210,f_jpg?from=ke.com
20240329,怀柔,怀柔,101119682533,潘家园南北两居室客厅带阳台满两年,180万,28209元/平,高楼层 (共6层) 2室1厅 | 63.81平米 | 南 北,https://ke-image.ljcdn.com/110000-inspection/pc1_90YyiG16j_1.jpg!m_fill,w_280,h_210,f_jpg?from=ke.com
20240329,怀柔,怀柔,101119674005,无抵押无贷款低楼层无遮挡采光好卧室朝南。,138万,26162元/平,底层 (共6层) 1室1厅 | 52.75平米 | 南 北,https://ke-image.ljcdn.com/110000-inspection/pc1_Rw5Zeju1v.jpg!m_fill,w_280,h_210,f_jpg?from=ke.com
20240329,怀柔,怀柔,101119673086,于家园三区、南北通透、视野宽阔、采光充足房主自荐,180万,26270元/平,中楼层 (共6层) 2室1厅 | 68.52平米 | 南 北,https://ke-image.ljcdn.com/110000-inspection/pc1_Anm5s2fo3_1.jpg!m_fill,w_280,h_210,f_jpg?from=ke.com
20240329,怀柔,怀柔,101119669916,怡安园小区南北通透两居室适合一家人居住。,149万,20552元/平,高楼层 (共6层) 2室1厅 | 72.5平米 | 南 北,https://ke-image.ljcdn.com/110000-inspection/pc1_dCiYEElUY_1.jpg!m_fill,w_280,h_210,f_jpg?from=ke.com
20240329,怀柔,怀柔,101119666573,家天下南北通透业主诚意出售满五年唯一看房方便,335万,26142元/平,高楼层 (共6层) 3室2厅 | 128.15平米 | 北 南,https://ke-image.ljcdn.com/110000-inspection/b73be1af-2243-4303-98d0-7dc566389209_1000.jpg!m_fill,w_280,h_210,f_jpg?from=ke.com
20240329,怀柔,怀柔,101119664645,顶秀美泉欧式小镇 精装修 满五年拎包入住,258万,29120元/平,中楼层 (共5层) | 2015年 | 2室1厅 | 88.6平米 | 南 北,https://ke-image.ljcdn.com/110000-inspection/915f8785-96f0-4540-9e27-aeb64e403d47_1000.jpg!m_fill,w_280,h_210,f_jpg?from=ke.com
20240329,怀柔,怀柔,101119664521,青春路九院。南北通透位置好精装修,179万,24955元/平,高楼层 (共6层) 3室1厅 | 71.73平米 | 南 北,https://ke-image.ljcdn.com/110000-inspection/pc1_KNmvRGcVJ_1.jpg!m_fill,w_280,h_210,f_jpg?from=ke.com
20240329,怀柔,怀柔,101119663052,东关一区、南北通透全明2居户型,270万,32301元/平,顶层 (共5层) 2室1厅 | 83.59平米 | 北 南,https://ke-image.ljcdn.com/110000-inspection/pc1_1tmqHLmJv_1.jpg!m_fill,w_280,h_210,f_jpg?from=ke.com
20240329,怀柔,怀柔,101119661358,科学城新村南北通透两居室 2层 户型通透,143万,20956元/平,中楼层 (共5层) 2室1厅 | 68.24平米 | 南 北,https://ke-image.ljcdn.com/110000-inspection/pc1_VVJBdUPGc_1.jpg!m_fill,w_280,h_210,f_jpg?from=ke.com
20240329,怀柔,怀柔,101119660303,精装修可拎包入住诚意卖看房随时随时约！,145万,28460元/平,高楼层 (共6层) 2室1厅 | 50.95平米 | 南,https://ke-image.ljcdn.com/110000-inspection/pc1_UGjLO3VgR_1.jpg!m_fill,w_280,h_210,f_jpg?from=ke.com
20240329,怀柔,怀柔,101119655094,南大街25号楼区位好精装修诚意出售,175万,25411元/平,顶层 (共6层) 1室1厅 | 68.87平米 | 南,https://ke-image.ljcdn.com/110000-inspection/pc1_cPJEK7zHP_1.jpg!m_fill,w_280,h_210,f_jpg?from=ke.com
20240329,怀柔,怀柔,101119652080,电梯房小区环境好成熟社区居住舒适,184万,26944元/平,中楼层 (共6层) | 2012年 | 1室1厅 | 68.29平米 | 南 北,https://ke-image.ljcdn.com/110000-inspection/pc1_HIix3ngkW_1.jpg!m_fill,w_280,h_210,f_jpg?from=ke.com
20240329,怀柔,怀柔,101119650135,府前观邸 3室2厅 南 北,460万,41596元/平,中楼层 (共9层) 3室2厅 | 110.59平米 | 南 北,https://ke-image.ljcdn.com/110000-inspection/pc1_CTstlHhCT_1.jpg!m_fill,w_280,h_210,f_jpg?from=ke.com
20240329,怀柔,怀柔,101119645447,此房南北通透楼层好视野宽阔采光充足配套设施齐全,175万,29008元/平,顶层 (共5层) 2室1厅 | 60.33平米 | 南 北,https://ke-image.ljcdn.com/110000-inspection/pc1_TW8OxtSHM_1.jpg!m_fill,w_280,h_210,f_jpg?from=ke.com
20240329,怀柔,怀柔,101119626464,南北通透价格美丽精装修采光好视野好随时签约,185万,21686元/平,高楼层 (共15层) 2室1厅 | 85.31平米 | 南 北,https://ke-image.ljcdn.com/110000-inspection/pc1_pJNFnCSDy_1.jpg!m_fill,w_280,h_210,f_jpg?from=ke.com
20240329,怀柔,怀柔,101119616581,南华园二区   配套齐全  交通方便,279万,27956元/平,高楼层 (共6层) 3室1厅 | 99.8平米 | 南 北,https://ke-image.ljcdn.com/110000-inspection/ecfe87b5-8936-4393-b624-7eae8c0974c8_1000.jpg!m_fill,w_280,h_210,f_jpg?from=ke.com
20240329,怀柔,怀柔,101119615070,西马道小区、南北通透、满五唯一、采光充足,220万,29318元/平,顶层 (共6层) 2室1厅 | 75.04平米 | 南 北,https://ke-image.ljcdn.com/110000-inspection/pc1_HGRMnGdk6_1.jpg!m_fill,w_280,h_210,f_jpg?from=ke.com
20240329,怀柔,怀柔,101119608868,顶秀美泉欧式小镇 2层南北三居精装修 拎包入住,325万,27738元/平,中楼层 (共5层) 3室2厅 | 117.17平米 | 南 北,https://ke-image.ljcdn.com/110000-inspection/pc1_xkpZdeyLF.jpg!m_fill,w_280,h_210,f_jpg?from=ke.com
20240329,怀柔,怀柔,101119603673,新乐园 满五唯一  采光好  格局好  南北通透,365万,28889元/平,高楼层 (共6层) 3室2厅 | 126.35平米 | 南 北,https://ke-image.ljcdn.com/110000-inspection/743a024f-9b2e-4e8f-be26-91e26723cc64_1000.jpg!m_fill,w_280,h_210,f_jpg?from=ke.com
20240329,怀柔,怀柔,101119597346,龙湖花园 二层 南北通透小两居两年前精装修,169万,32469元/平,中楼层 (共6层) 2室1厅 | 52.05平米 | 南 北,https://ke-image.ljcdn.com/110000-inspection/pc1_XnXfu6Ph1_1.jpg!m_fill,w_280,h_210,f_jpg?from=ke.com
20240329,怀柔,怀柔,101119596505,怡安园小区看房方便业主诚心出售。,139万,19210元/平,顶层 (共6层) 3室1厅 | 72.36平米 | 南 北,https://ke-image.ljcdn.com/110000-inspection/pc1_KEOaV3AXB_1.jpg!m_fill,w_280,h_210,f_jpg?from=ke.com
20240329,怀柔,怀柔,101119589451,馥郁苑 次顶层三居室三卧室朝南,356万,32512元/平,高楼层 (共6层) 3室1厅 | 109.5平米 | 南 北,https://ke-image.ljcdn.com/110000-inspection/pc1_raHQcMEXq_1.jpg!m_fill,w_280,h_210,f_jpg?from=ke.com
20240329,怀柔,怀柔,101119578374,凤瑞二园  满五唯一  南北通透,185万,27047元/平,底层 (共6层) 2室1厅 | 68.4平米 | 南 北,https://ke-image.ljcdn.com/110000-inspection/pc1_ATjkmfzy4_2.jpg!m_fill,w_280,h_210,f_jpg?from=ke.com
20240329,怀柔,怀柔,101119577267,育龙铭居为数不多的商品房可以贷款,190万,28637元/平,中楼层 (共9层) 2室1厅 | 66.35平米 | 南 北,https://ke-image.ljcdn.com/110000-inspection/pc1_0veMkaPY2_1.jpg!m_fill,w_280,h_210,f_jpg?from=ke.com
20240329,怀柔,怀柔,101119569024,于家园二区南院 南北通透 采光好,180万,28677元/平,顶层 (共6层) 2室1厅 | 62.77平米 | 南 北,https://ke-image.ljcdn.com/110000-inspection/4c05782b-52bc-485b-b6fb-39a690088e86_1000.jpg!m_fill,w_280,h_210,f_jpg?from=ke.com
20240329,怀柔,怀柔,101119540012,府前观邸 电梯房 采光好 南北通透 中间楼层,560万,40167元/平,中楼层 (共11层) 3室2厅 | 139.42平米 | 南 北,https://ke-image.ljcdn.com/110000-inspection/pc1_wfJUTjzLW.jpg!m_fill,w_280,h_210,f_jpg?from=ke.com
20240329,怀柔,怀柔,101119530446,南北通透  采光好  无遮挡  建成年代2005年,406万,39934元/平,中楼层 (共6层) 3室2厅 | 101.67平米 | 南 北,https://ke-image.ljcdn.com/110000-inspection/pc1_9V20esKsD_1.jpg!m_fill,w_280,h_210,f_jpg?from=ke.com
20240329,怀柔,怀柔,101119522684,滨河馨居电梯房精装两居室价格低位置好,140万,19650元/平,中楼层 (共11层) 2室1厅 | 71.25平米 | 南 北,https://ke-image.ljcdn.com/110000-inspection/pc1_pS23wjMRp_1.jpg!m_fill,w_280,h_210,f_jpg?from=ke.com
20240329,怀柔,怀柔,101119516724,房子户型方正  南北通透  满五唯一,499万,38447元/平,中楼层 (共22层) 3室2厅 | 129.79平米 | 南 北,https://ke-image.ljcdn.com/110000-inspection/pc1_F5VkTuyF0_1.jpg!m_fill,w_280,h_210,f_jpg?from=ke.com
20240329,怀柔,怀柔,101119498032,富乐小区北里业主诚意出售交通便利。,229万,24362元/平,低楼层 (共7层) 2室2厅 | 94平米 | 东 西,https://ke-image.ljcdn.com/110000-inspection/pc1_Hu943NmUg.jpg!m_fill,w_280,h_210,f_jpg?from=ke.com
20240329,怀柔,怀柔,101119493822,滨河馨居两居室电梯房价格低位置好,140万,19650元/平,高楼层 (共11层) 2室1厅 | 71.25平米 | 南 北,https://ke-image.ljcdn.com/110000-inspection/pc1_4Oty0iA2n_1.jpg!m_fill,w_280,h_210,f_jpg?from=ke.com
20240329,怀柔,怀柔,101119485655,南北通透  低楼层 业主诚意出售,167万,28695元/平,中楼层 (共5层) 2室1厅 | 58.2平米 | 南 北,https://ke-image.ljcdn.com/110000-inspection/716d82bc-b51e-4e82-ab83-9cd81d733d9a_1000.jpg!m_fill,w_280,h_210,f_jpg?from=ke.com
20240329,怀柔,怀柔,101119474960,富乐家园东西南朝向南面大窗采光好无遮挡,280万,27740元/平,顶层 (共5层) 3室1厅 | 100.94平米 | 南 东 西,https://ke-image.ljcdn.com/110000-inspection/pc1_nu8tLDtZp_1.jpg!m_fill,w_280,h_210,f_jpg?from=ke.com
20240329,怀柔,怀柔,101119467915,汇都家园精品大三居满五唯一预约可看,482万,37897元/平,中楼层 (共6层) 3室2厅 | 127.19平米 | 南 北,https://ke-image.ljcdn.com/110000-inspection/pc1_kfKrTsft3_1.jpg!m_fill,w_280,h_210,f_jpg?from=ke.com
20240329,怀柔,怀柔,101119453125,南花园四区335号莲馨苑  环境优美  配套齐全。,265万,24820元/平,中楼层 (共6层) 3室2厅 | 106.77平米 | 南 北,https://ke-image.ljcdn.com/110000-inspection/pc1_0C3sXSqeZ_1.jpg!m_fill,w_280,h_210,f_jpg?from=ke.com
20240329,怀柔,怀柔,101119441627,梅苑花园满五唯一电梯房精装修,310万,34483元/平,中楼层 (共6层) 2室1厅 | 89.9平米 | 南 北,https://ke-image.ljcdn.com/110000-inspection/pc1_CDk0712m3_1.jpg!m_fill,w_280,h_210,f_jpg?from=ke.com
20240329,怀柔,怀柔,101119437576,湖光小区 南北通透两居 视野采光好,146万,25615元/平,顶层 (共5层) 2室1厅 | 57平米 | 南 北,https://ke-image.ljcdn.com/110000-inspection/pc1_VRfLNzSJM_1.jpg!m_fill,w_280,h_210,f_jpg?from=ke.com
20240329,怀柔,怀柔,101119435452,怀柔城区  东关二区小区  南北三居室 高楼层房主自荐,175万,22041元/平,顶层 (共6层) 3室1厅 | 79.4平米 | 南 北,https://ke-image.ljcdn.com/110000-inspection/pc1_aqrfRRa5h_1.jpg!m_fill,w_280,h_210,f_jpg?from=ke.com
20240329,怀柔,怀柔,101119422898,育龙馨居 配套齐全  交通便利,190万,23536元/平,低楼层 (共11层) | 2013年 | 2室1厅 | 80.73平米 | 南 北,https://ke-image.ljcdn.com/110000-inspection/pc1_o9qKycqc7_1.jpg!m_fill,w_280,h_210,f_jpg?from=ke.com
20240329,怀柔,怀柔,101119411392,世嘉光织谷东区大一居户型格局方正方向采光充足。,225万,28532元/平,底层 (共6层) | 2013年 | 1室1厅 | 78.86平米 | 南,https://ke-image.ljcdn.com/110000-inspection/pc1_eKlwrdc77.jpg!m_fill,w_280,h_210,f_jpg?from=ke.com
20240329,怀柔,怀柔,101119402078,青春路一院  高楼层 采光好  看房方便,168万,26246元/平,顶层 (共6层) 2室1厅 | 64.01平米 | 东 西,https://ke-image.ljcdn.com/110000-inspection/pc1_cfze4ROij_2.jpg!m_fill,w_280,h_210,f_jpg?from=ke.com
20240329,怀柔,怀柔,101119399063,此房满五唯一客厅通阳台精装修南北通透,320万,31637元/平,高楼层 (共6层) | 2003年 | 3室2厅 | 101.15平米 | 南 北,https://ke-image.ljcdn.com/110000-inspection/91c3f690-a1c7-4c97-958d-e1171d2f5c05_1000.jpg!m_fill,w_280,h_210,f_jpg?from=ke.com
20240329,怀柔,怀柔,101119390428,北大街南北向精装两居满五年唯一采光充足。,225万,23460元/平,高楼层 (共6层) 2室1厅 | 95.91平米 | 南 北,https://ke-image.ljcdn.com/110000-inspection/52f255a9-e09d-484e-8476-7d3cceeae67b_1000.jpg!m_fill,w_280,h_210,f_jpg?from=ke.com
20240329,怀柔,怀柔,101119388879,益田影人四季花园 电梯房   南北通透 动静分离,265万,25048元/平,低楼层 (共7层) 2室1厅 | 105.8平米 | 南 北,https://ke-image.ljcdn.com/110000-inspection/pc1_y3eMGaGRE_1.jpg!m_fill,w_280,h_210,f_jpg?from=ke.com
20240329,怀柔,怀柔,101119358034,益田影人四季花园电梯房1梯2户南北通透,309万,29635元/平,中楼层 (共8层) | 2012年 | 2室1厅 | 104.27平米 | 南 北,https://ke-image.ljcdn.com/110000-inspection/pc1_6CdOUa0qu_1.jpg!m_fill,w_280,h_210,f_jpg?from=ke.com
20240329,怀柔,怀柔,101119330413,东关一区 南北通透  三居室 全明户型,215万,29328元/平,高楼层 (共6层) 3室1厅 | 73.31平米 | 南 北,https://ke-image.ljcdn.com/110000-inspection/pc1_IQJV2iSjU_2.jpg!m_fill,w_280,h_210,f_jpg?from=ke.com
20240329,怀柔,怀柔,101119324617,中高楼层 景观好 双明卫 诚心出售 看房方便,585万,43501元/平,中楼层 (共26层) | 2014年 | 3室2厅 | 134.48平米 | 南 北,https://ke-image.ljcdn.com/110000-inspection/pc1_HngpAbDUF_1.jpg!m_fill,w_280,h_210,f_jpg?from=ke.com
20240329,怀柔,怀柔,101119318608,八龙桥雅苑 2层 南北通透两居室安静不临街,216万,24033元/平,中楼层 (共5层) | 2008年 | 2室1厅 | 89.88平米 | 南 北,https://ke-image.ljcdn.com/110000-inspection/pc1_9tc1I2eMR_1.jpg!m_fill,w_280,h_210,f_jpg?from=ke.com
20240329,怀柔,怀柔,101119315195,幸福东园满五唯一南北通透3居全明格局,175万,17494元/平,高楼层 (共6层) 3室1厅 | 100.04平米 | 南 北,https://ke-image.ljcdn.com/110000-inspection/pc1_L3HP6Etak_1.jpg!m_fill,w_280,h_210,f_jpg?from=ke.com
20240329,怀柔,怀柔,101119311262,青春苑四院位置好 周边配套齐全,320万,31469元/平,高楼层 (共6层) 3室2厅 | 101.69平米 | 西南 西,https://ke-image.ljcdn.com/110000-inspection/628466a9-589d-4b74-ae63-93057a3f4292_1000.jpg!m_fill,w_280,h_210,f_jpg?from=ke.com
20240329,怀柔,怀柔,101119304083,满五年唯一 商品房房子无遮挡采光好视野佳房主自荐,319万,21967元/平,底层 (共24层) 3室2厅 | 145.22平米 | 西北,https://ke-image.ljcdn.com/110000-inspection/pc1_XU1kd6EEK_2.jpg!m_fill,w_280,h_210,f_jpg?from=ke.com
20240329,怀柔,怀柔,101119302741,东亚华欣湾 2室2厅 南 西,110万,15542元/平,高楼层 (共12层) 2室2厅 | 70.78平米 | 南 西,https://ke-image.ljcdn.com/110000-inspection/pc1_MKAwRTFZ9_1.jpg!m_fill,w_280,h_210,f_jpg?from=ke.com
20240329,怀柔,怀柔,101119294618,龙山御景 水库边 电梯房 采光好 精装修,640万,41262元/平,低楼层 (共25层) 4室2厅 | 155.11平米 | 南 北,https://ke-image.ljcdn.com/110000-inspection/pc1_ubnjO7VDM_2.jpg!m_fill,w_280,h_210,f_jpg?from=ke.com
20240329,怀柔,怀柔,101119287170,富乐社区一号院  精装修 满五唯一  南北通透,183万,27703元/平,顶层 (共6层) 2室1厅 | 66.06平米 | 南 北,https://ke-image.ljcdn.com/110000-inspection/pc1_cpZ2g1pgZ_1.jpg!m_fill,w_280,h_210,f_jpg?from=ke.com
20240329,怀柔,怀柔,101119279554,于家园二区南院 中等楼层 装修好 看房方便,228万,26429元/平,中楼层 (共6层) 3室1厅 | 86.27平米 | 东 西,https://ke-image.ljcdn.com/110000-inspection/pc1_LDaDSImw8_1.jpg!m_fill,w_280,h_210,f_jpg?from=ke.com
20240329,怀柔,怀柔,101119279103,湖光小区水库旁边一居室交易只有契税看房随时。房主自荐,118万,27021元/平,中楼层 (共5层) | 1985年 | 1室1厅 | 43.67平米 | 南,https://ke-image.ljcdn.com/110000-inspection/884d331b-7cb8-430a-a2e5-b99163063997_1000.jpg!m_fill,w_280,h_210,f_jpg?from=ke.com
20240329,怀柔,怀柔,101119274226,南北通透格局楼层好配套设施齐全交通便利。,244万,27826元/平,中楼层 (共6层) 3室2厅 | 87.69平米 | 南 北,https://ke-image.ljcdn.com/110000-inspection/pc1_oiQ8trJPe_2.jpg!m_fill,w_280,h_210,f_jpg?from=ke.com
20240329,怀柔,怀柔,101119239939,滨湖小区 可贷款 高楼层 视野好 精装修,159万,28577元/平,顶层 (共5层) 2室1厅 | 55.64平米 | 南 北,https://ke-image.ljcdn.com/110000-inspection/pc1_q6b7lgP2B_2.jpg!m_fill,w_280,h_210,f_jpg?from=ke.com
20240329,怀柔,怀柔,101119227027,镜春园南北通透大房看房方便带地下室,539万,38119元/平,顶层 (共6层) 3室2厅 | 141.4平米 | 南 北,https://ke-image.ljcdn.com/110000-inspection/88b1b3f1-4056-4656-bca9-361cd5d8a7f5_1000.jpg!m_fill,w_280,h_210,f_jpg?from=ke.com
20240329,怀柔,怀柔,101119208023,家天下满五不唯一精装修一层底商,420万,33754元/平,底层 (共6层) 3室2厅 | 124.43平米 | 南 北,https://ke-image.ljcdn.com/110000-inspection/pc1_75fRUML5E.jpg!m_fill,w_280,h_210,f_jpg?from=ke.com
20240329,怀柔,怀柔,101119205562,于家园一区 3室1厅 南 北,295万,33128元/平,中楼层 (共6层) | 2003年 | 3室1厅 | 89.05平米 | 南 北,https://ke-image.ljcdn.com/110000-inspection/pc1_CDEOHide6_1.jpg!m_fill,w_280,h_210,f_jpg?from=ke.com
20240329,怀柔,怀柔,101119203877,潘家园小区 满五唯一商品房 楼间距大 没有遮挡,308万,27803元/平,高楼层 (共6层) | 1997年 | 3室2厅 | 110.78平米 | 南 北,https://ke-image.ljcdn.com/110000-inspection/e40d77e4-5715-4bc7-b13c-0af941a4fb49_1000.jpg!m_fill,w_280,h_210,f_jpg?from=ke.com
20240329,怀柔,怀柔,101119203270,栖美园精装修三居南北通透采光充足停车位免费,370万,27816元/平,中楼层 (共6层) 3室2厅 | 133.02平米 | 南 北,https://ke-image.ljcdn.com/110000-inspection/4d85854b-7b38-432c-bff5-656d96ce918b_1000.jpg!m_fill,w_280,h_210,f_jpg?from=ke.com
20240329,怀柔,怀柔,101119201719,莲馨苑 城南 次顶层 南北通透三居 精装,265万,28306元/平,高楼层 (共6层) | 2004年 | 3室1厅 | 93.62平米 | 南 北,https://ke-image.ljcdn.com/110000-inspection/pc1_ZvBymVaec_1.jpg!m_fill,w_280,h_210,f_jpg?from=ke.com
20240329,怀柔,怀柔,101119186714,水岸雁栖电梯房南北通透居住舒适,360万,40951元/平,中楼层 (共4层) | 2021年 | 2室1厅 | 87.91平米 | 南 北,https://ke-image.ljcdn.com/110000-inspection/dbd33a90-5bb7-411f-baa8-1f91ad53b74d_1000.jpg!m_fill,w_280,h_210,f_jpg?from=ke.com
20240329,怀柔,怀柔,101119186619,南北大平米的三居 精装修 低楼层 品牌家电 装修新,318万,23953元/平,底层 (共5层) 3室2厅 | 132.76平米 | 南 北,https://ke-image.ljcdn.com/110000-inspection/pc1_V0ug6bOLM.jpg!m_fill,w_280,h_210,f_jpg?from=ke.com
20240329,怀柔,怀柔,101119153016,八龙桥雅苑 满五唯一 南北通透 采光好,213万,23858元/平,中楼层 (共5层) 3室1厅 | 89.28平米 | 南 北,https://ke-image.ljcdn.com/110000-inspection/pc1_thP0osTWv_1.jpg!m_fill,w_280,h_210,f_jpg?from=ke.com
20240329,怀柔,怀柔,101119138157,满五唯一南北通透3居交通便利房主自荐,215万,24391元/平,中楼层 (共7层) | 2000年 | 3室1厅 | 88.15平米 | 南 北,https://ke-image.ljcdn.com/110000-inspection/pc1_6E1zJjvJP_1.jpg!m_fill,w_280,h_210,f_jpg?from=ke.com
20240329,怀柔,怀柔,101119134710,兴怀大街14号院 迎宾路 中楼层 三居精装 视野采光好,330万,26919元/平,中楼层 (共6层) | 1998年 | 3室2厅 | 122.59平米 | 南 北,https://ke-image.ljcdn.com/110000-inspection/368934e3-d84d-4b48-b621-5156a9ffd0aa_1000.jpg!m_fill,w_280,h_210,f_jpg?from=ke.com
20240329,怀柔,怀柔,101119121679,怀柔 城区  美丽家园 三居室 中间楼层,350万,33778元/平,中楼层 (共6层) 3室1厅 | 103.62平米 | 南 北,https://ke-image.ljcdn.com/110000-inspection/aa0ab15e-2c1c-4d1c-a10d-1d9ae0296f56_1000.jpg!m_fill,w_280,h_210,f_jpg?from=ke.com
20240329,怀柔,怀柔,101119118860,八龙桥雅苑看房方便业主诚意出售价格可以商量,190万,21137元/平,中楼层 (共5层) 3室1厅 | 89.89平米 | 南 北,https://ke-image.ljcdn.com/110000-inspection/0df55694-a7b3-442d-b8ed-951d0c37606c_1000.jpg!m_fill,w_280,h_210,f_jpg?from=ke.com
20240329,怀柔,怀柔,101119110267,您想要的大平层来了~顶秀美泉230平大四居电梯入户,830万,36044元/平,中楼层 (共6层) 4室2厅 | 230.28平米 | 东 南 北,https://ke-image.ljcdn.com/110000-inspection/4706ab2d-f127-4726-8efd-2e296baf39bc_1000.jpg!m_fill,w_280,h_210,f_jpg?from=ke.com
20240329,怀柔,怀柔,101119104635,梦想家园西区 2015年带电梯2居室 保持干净整洁,240万,27252元/平,高楼层 (共15层) | 2015年 | 2室2厅 | 88.07平米 | 南 北,https://ke-image.ljcdn.com/110000-inspection/c4a928b6-0b5d-424c-8454-d236a303fd65_1000.jpg!m_fill,w_280,h_210,f_jpg?from=ke.com
20240329,怀柔,怀柔,101119101667,青春路六院  电梯房  二居室  业主诚意出售,253万,31093元/平,中楼层 (共9层) 2室1厅 | 81.37平米 | 南 北,https://ke-image.ljcdn.com/110000-inspection/pc1_N78JuJmaY_1.jpg!m_fill,w_280,h_210,f_jpg?from=ke.com
20240329,怀柔,怀柔,101119096164,世嘉光织谷东区满五唯一精装修采光充足,280万,25620元/平,高楼层 (共6层) 3室1厅 | 109.29平米 | 东 西北,https://ke-image.ljcdn.com/110000-inspection/b4095390-cb5f-4c02-9bfd-37ba9b6edfe5_1000.jpg!m_fill,w_280,h_210,f_jpg?from=ke.com
20240329,怀柔,怀柔,101119063764,东关一区 南北通透 中间楼层 采光充足,235万,28666元/平,中楼层 (共6层) 2室1厅 | 81.98平米 | 南 北,https://ke-image.ljcdn.com/110000-inspection/pc1_u2TXg6v8V_1.jpg!m_fill,w_280,h_210,f_jpg?from=ke.com
20240329,怀柔,怀柔,101119039816,富乐大街9号院低楼层房屋低楼层房屋,265万,26384元/平,底层 (共6层) 1室0厅 | 100.44平米 | 南,https://ke-image.ljcdn.com/110000-inspection/pc1_zeTFAIMtu_1.jpg!m_fill,w_280,h_210,f_jpg?from=ke.com
20240329,怀柔,怀柔,101119037382,此房满五唯一南北通透格局视野宽阔采光充足,195万,18428元/平,顶层 (共6层) 3室1厅 | 105.82平米 | 南 北,https://ke-image.ljcdn.com/110000-inspection/93c6d228-5623-422a-8835-565e0d4fefa1_1000.jpg!m_fill,w_280,h_210,f_jpg?from=ke.com
20240329,怀柔,怀柔,101119027187,顶秀美泉小镇、户型方正、采光充足、南北通透,270万,30675元/平,底层 (共4层) | 2012年 | 2室1厅 | 88.02平米 | 南 北,https://ke-image.ljcdn.com/110000-inspection/pc1_D9BFXXtZQ.jpg!m_fill,w_280,h_210,f_jpg?from=ke.com
20240329,怀柔,怀柔,101119014936,府前观邸此房满五年家庭名下唯一住房诚意出售。,359万,40653元/平,高楼层 (共9层) 2室1厅 | 88.31平米 | 南,https://ke-image.ljcdn.com/110000-inspection/pc1_AVqcYhrSP_1.jpg!m_fill,w_280,h_210,f_jpg?from=ke.com
20240329,怀柔,怀柔,101119010777,幸福东园1号院 2层 正规三居,160万,19482元/平,低楼层 (共6层) 3室1厅 | 82.13平米 | 南 北,https://ke-image.ljcdn.com/110000-inspection/723ffaa2-0169-408a-94fa-b9a23ad33035_1000.jpg!m_fill,w_280,h_210,f_jpg?from=ke.com
20240329,怀柔,怀柔,101119010729,幸福东园1号院 2层 正规三居,160万,19482元/平,低楼层 (共6层) | 2000年 | 3室1厅 | 82.13平米 | 北 南,https://ke-image.ljcdn.com/110000-inspection/pc1_RLRzgALpd_1.jpg!m_fill,w_280,h_210,f_jpg?from=ke.com
20240329,怀柔,怀柔,101119004436,满五唯一有地下室可随时签约,270万,25355元/平,底层 (共6层) 3室1厅 | 106.49平米 | 东 南 北,https://ke-image.ljcdn.com/110000-inspection/19f6ff83-69be-4aba-b4cf-8c9bada3b187_1000.jpg!m_fill,w_280,h_210,f_jpg?from=ke.com
20240329,怀柔,怀柔,101119003828,金善名居 南北通透 采光好 通风好房主自荐,229万,24218元/平,高楼层 (共6层) | 2009年 | 3室2厅 | 94.56平米 | 南 北,https://ke-image.ljcdn.com/110000-inspection/0f314a31-048e-4828-ae64-03b1e980474e_1000.jpg!m_fill,w_280,h_210,f_jpg?from=ke.com
20240329,怀柔,怀柔,101118993279,东 关 一 区 采 光 好 视 野 好,225万,28729元/平,顶层 (共6层) 2室1厅 | 78.32平米 | 南 北,https://ke-image.ljcdn.com/110000-inspection/pc1_ElNHHinoK.jpg!m_fill,w_280,h_210,f_jpg?from=ke.com
20240329,怀柔,怀柔,101118981797,富乐社区一号院 南向两居室 满五年唯一,160万,25895元/平,中楼层 (共6层) 2室1厅 | 61.79平米 | 南,https://ke-image.ljcdn.com/110000-inspection/pc1_0nWH8ncKe_1.jpg!m_fill,w_280,h_210,f_jpg?from=ke.com
20240329,怀柔,怀柔,101118981526,南北东向 三居室 客厅采光好  老三居户型,160万,22112元/平,高楼层 (共6层) 3室1厅 | 72.36平米 | 东 南 北,https://ke-image.ljcdn.com/110000-inspection/67c44000-f927-4ea7-b381-9b4202e79ea5_1000.jpg!m_fill,w_280,h_210,f_jpg?from=ke.com
20240329,怀柔,怀柔,101118981100,府前东街小区 南北通透 低楼层 采光好,300万,33183元/平,低楼层 (共6层) 3室1厅 | 90.41平米 | 南 北,https://ke-image.ljcdn.com/110000-inspection/719a4b04-3b71-4ee3-8848-f5d7d89feaa0_1000.jpg!m_fill,w_280,h_210,f_jpg?from=ke.com
20240329,怀柔,怀柔,101118977216,西马道小区 视野开阔 产权清晰 配套齐全,210万,26244元/平,顶层 (共5层) 3室1厅 | 80.02平米 | 南 北,https://ke-image.ljcdn.com/110000-inspection/be0f65d9-bbcc-4038-ae84-5539c9766d22_1000.jpg!m_fill,w_280,h_210,f_jpg?from=ke.com
20240329,怀柔,怀柔,101118958845,万达广场旁青春苑西区 小区楼龄新,280万,26851元/平,高楼层 (共6层) 3室1厅 | 104.28平米 | 东 南 西 北,https://ke-image.ljcdn.com/110000-inspection/aa429e5a-f92b-423d-9853-c65622da6066_1000.jpg!m_fill,w_280,h_210,f_jpg?from=ke.com
20240329,怀柔,怀柔,101118951503,房子是2层简装修配套比较全出门就有公交站,218万,26052元/平,低楼层 (共6层) 3室1厅 | 83.68平米 | 南 北,https://ke-image.ljcdn.com/110000-inspection/pc1_DsY3AuDM1_1.jpg!m_fill,w_280,h_210,f_jpg?from=ke.com
20240329,怀柔,怀柔,101118950922,世嘉光织谷东区  乐园西大街13号,300万,27450元/平,中楼层 (共6层) 3室1厅 | 109.29平米 | 东 西,https://ke-image.ljcdn.com/110000-inspection/ed834a71-750f-4f0a-abbf-d4747ee5974d_1000.jpg!m_fill,w_280,h_210,f_jpg?from=ke.com
20240329,怀柔,怀柔,101118941719,北京城建胜悦居 全明格局两居室,333万,37854元/平,顶层 (共11层) | 2019年 | 2室1厅 | 87.97平米 | 南 北,https://ke-image.ljcdn.com/110000-inspection/11764277-4868-4cab-97a4-58b91d1f62b5_1000.jpg!m_fill,w_280,h_210,f_jpg?from=ke.com
20240329,怀柔,怀柔,101118926284,迎宾中路 南北通透 满五唯一 方便看房,245万,24725元/平,中楼层 (共7层) | 2002年 | 3室2厅 | 99.09平米 | 南 北,https://ke-image.ljcdn.com/110000-inspection/5ae5d03d-d15f-44a1-9d16-70af630f2728_1000.jpg!m_fill,w_280,h_210,f_jpg?from=ke.com
20240329,怀柔,怀柔,101118920988,幸福东园2号院满五唯一纯享住宅,155万,16437元/平,顶层 (共6层) 2室1厅 | 94.3平米 | 南 北,https://ke-image.ljcdn.com/110000-inspection/pc1_nKWWPZaOn_2.jpg!m_fill,w_280,h_210,f_jpg?from=ke.com
20240329,怀柔,怀柔,101118881832,凤瑞二园优质两居室南北通透客厅朝南带阳台停车免费,145万,21199元/平,顶层 (共5层) 2室1厅 | 68.4平米 | 南 北,https://ke-image.ljcdn.com/110000-inspection/e9e24038-2b19-457d-a086-c6ddedcec8f3_1000.jpg!m_fill,w_280,h_210,f_jpg?from=ke.com
20240329,怀柔,怀柔,101118875806,梦想家园西区全天采光视野开阔格局全明宽敞位置好房主自荐,410万,33454元/平,底层 (共14层) | 2014年 | 3室2厅 | 122.56平米 | 南 北,https://ke-image.ljcdn.com/110000-inspection/pc1_10bfVdK9C.jpg!m_fill,w_280,h_210,f_jpg?from=ke.com
20240329,怀柔,怀柔,101118870931,把东面的全明格局视野宽阔南北通透户型采光通风,205万,23686元/平,顶层 (共6层) 3室1厅 | 86.55平米 | 南 东北,https://ke-image.ljcdn.com/110000-inspection/pc1_SpfS4MUxP_1.jpg!m_fill,w_280,h_210,f_jpg?from=ke.com
20240329,怀柔,怀柔,101118865103,电梯房 可看到怀柔水库视野宽阔交通便利,450万,30988元/平,中楼层 (共24层) | 2001年 | 3室1厅 | 145.22平米 | 东 北,https://ke-image.ljcdn.com/110000-inspection/8e78cdc4-236c-4a58-8727-7225af9724f8_1000.jpg!m_fill,w_280,h_210,f_jpg?from=ke.com
20240329,怀柔,怀柔,101118864987,乐红园 南北通透格局楼层好视野宽阔采光充足。,370万,29636元/平,中楼层 (共6层) 3室2厅 | 124.85平米 | 南 北 西,https://ke-image.ljcdn.com/110000-inspection/pc1_q7QjyFVOO_2.jpg!m_fill,w_280,h_210,f_jpg?from=ke.com
20240329,怀柔,怀柔,101118863397,光织谷东区 一层花园 南北通透 格局方正,220万,27916元/平,底层 (共7层) 1室1厅 | 78.81平米 | 南 北,https://ke-image.ljcdn.com/110000-inspection/57fe23f0-6e61-45d1-b9ec-dc76028e0e3f_1000.jpg!m_fill,w_280,h_210,f_jpg?from=ke.com
20240329,怀柔,怀柔,101118863101,府前街小区   中楼层   1梯2户、出行方便、,185万,29417元/平,中楼层 (共6层) 1室1厅 | 62.89平米 | 南 北,https://ke-image.ljcdn.com/110000-inspection/40006b66-0cba-4c2c-b4dd-5492857c6fa6_1000.jpg!m_fill,w_280,h_210,f_jpg?from=ke.com
20240329,怀柔,怀柔,101118857301,安乐馨居电梯房全南向两居室出售采光充足无遮挡。房主自荐,160万,20141元/平,低楼层 (共15层) 2室1厅 | 79.44平米 | 南,https://ke-image.ljcdn.com/110000-inspection/pc1_jl43iQ1LH.jpg!m_fill,w_280,h_210,f_jpg?from=ke.com
20240329,怀柔,怀柔,101118847077,龙湖花园  南北通透 格局方正 采光好,180万,27804元/平,高楼层 (共6层) 2室1厅 | 64.74平米 | 南 北,https://ke-image.ljcdn.com/110000-inspection/0e5459d8-56a0-4464-97ce-0e12157d8d20_1000.jpg!m_fill,w_280,h_210,f_jpg?from=ke.com
20240329,怀柔,怀柔,101118846936,益田影人四季花园舒适小区高楼层电梯房不临街。,300万,29718元/平,高楼层 (共8层) 2室2厅 | 100.95平米 | 南 北,https://ke-image.ljcdn.com/110000-inspection/pc1_56O5LTQIR_1.jpg!m_fill,w_280,h_210,f_jpg?from=ke.com
20240329,怀柔,怀柔,101118833215,于家园二区南院 南北通透 低楼层,203万,30317元/平,底层 (共6层) 2室1厅 | 66.96平米 | 南 北,https://ke-image.ljcdn.com/110000-inspection/pc1_Aup61f9QN_1.jpg!m_fill,w_280,h_210,f_jpg?from=ke.com
20240329,怀柔,怀柔,101118832737,泉河园二区低楼层精装修南北通透,360万,30066元/平,底层 (共6层) 3室2厅 | 119.74平米 | 南 北,https://ke-image.ljcdn.com/110000-inspection/pc1_gUCEHRUqX_1.jpg!m_fill,w_280,h_210,f_jpg?from=ke.com
20240329,怀柔,怀柔,101118831736,于家园二区南院 南北通透 前后无遮挡,190万,25928元/平,高楼层 (共6层) 2室1厅 | 73.28平米 | 南 北,https://ke-image.ljcdn.com/110000-inspection/65fc1e1d-488e-4b32-9c45-28d09ea722ca_1000.jpg!m_fill,w_280,h_210,f_jpg?from=ke.com
20240329,怀柔,怀柔,101118822662,泊岸 水库旁 电梯洋房 2012年新社区 出行方便,300万,33453元/平,低楼层 (共6层) 2室1厅 | 89.68平米 | 东 南 西 北,https://ke-image.ljcdn.com/110000-inspection/94a9f9d2-6447-4cc9-b4e3-6aa4a1c4c135_1000.jpg!m_fill,w_280,h_210,f_jpg?from=ke.com
20240329,怀柔,怀柔,101118812871,世嘉光织谷东区一层三居室满五精装,420万,32805元/平,底层 (共6层) 3室2厅 | 128.03平米 | 南 北,https://ke-image.ljcdn.com/110000-inspection/fc83f15b-b846-40b1-967d-e5d342591536_1000.jpg!m_fill,w_280,h_210,f_jpg?from=ke.com
20240329,怀柔,怀柔,101118807954,莲馨苑 3室1厅 南 北,293万,28936元/平,中楼层 (共6层) 3室1厅 | 101.26平米 | 南 北,https://ke-image.ljcdn.com/110000-inspection/d03278d7-7183-41b1-8aa0-5580cc17661b_1000.jpg!m_fill,w_280,h_210,f_jpg?from=ke.com
20240329,怀柔,怀柔,101118804188,潘家园小区一层两室优质房业主急售,198万,37465元/平,底层 (共6层) | 1992年 | 2室1厅 | 52.85平米 | 南,https://ke-image.ljcdn.com/110000-inspection/pc1_p7Si22WJF_1.jpg!m_fill,w_280,h_210,f_jpg?from=ke.com
20240329,怀柔,怀柔,101118803586,小中富乐二区、干净整洁、南北通透、户型方正房主自荐,198万,23224元/平,顶层 (共6层) 3室1厅 | 85.26平米 | 南 北,https://ke-image.ljcdn.com/110000-inspection/a2acbef7-c45a-478d-8524-75ca5f2bbcc2_1000.jpg!m_fill,w_280,h_210,f_jpg?from=ke.com
20240329,怀柔,怀柔,101118780722,龙山御景 全明格局 人车分流 南北通透,605万,41875元/平,低楼层 (共21层) 3室2厅 | 144.48平米 | 南 西北,https://ke-image.ljcdn.com/110000-inspection/pc1_kbBWtOwW0_1.jpg!m_fill,w_280,h_210,f_jpg?from=ke.com
20240329,怀柔,怀柔,101118778962,怀柔区龙山街道水库边满五唯一 龙祥小区,230万,38149元/平,高楼层 (共7层) | 2007年 | 2室1厅 | 60.29平米 | 东,https://ke-image.ljcdn.com/110000-inspection/ca4b71d2-4aae-4d60-a895-cf3a771ed188_1000.jpg!m_fill,w_280,h_210,f_jpg?from=ke.com
20240329,怀柔,怀柔,101118777189,怀柔区 顶秀美泉小洋房社区 三居室拎包入住房主自荐,370万,27685元/平,中楼层 (共4层) | 2010年 | 3室2厅 | 133.65平米 | 南 北,https://ke-image.ljcdn.com/110000-inspection/pc1_XR9w7orS3_1.jpg!m_fill,w_280,h_210,f_jpg?from=ke.com
20240329,怀柔,怀柔,101118766329,此房满五唯一南北通透一卫三居室、楼层好视野开阔,296万,31567元/平,中楼层 (共6层) 3室1厅 | 93.77平米 | 南 北,https://ke-image.ljcdn.com/110000-inspection/e193f95b-7ec9-4e81-8368-e68049c06c44_1000.jpg!m_fill,w_280,h_210,f_jpg?from=ke.com
20240329,怀柔,怀柔,101118750286,安乐馨居3-1-1精装修 南北通透大三居,230万,21140元/平,中楼层 (共17层) 3室1厅 | 108.8平米 | 南 北,https://ke-image.ljcdn.com/110000-inspection/pc1_XoIK8hpa5_1.jpg!m_fill,w_280,h_210,f_jpg?from=ke.com
20240329,怀柔,怀柔,101118734143,红螺家园南北通透2居室中间楼层,233万,23622元/平,中楼层 (共5层) | 2007年 | 2室2厅 | 98.64平米 | 南 北,https://ke-image.ljcdn.com/110000-inspection/a6e02c09-fc15-45f6-9915-b7e7b15517c2_1000.jpg!m_fill,w_280,h_210,f_jpg?from=ke.com
20240329,怀柔,怀柔,101118730481,怀柔新新家园 环境优美 交通便利 配套齐全房主自荐,325万,34150元/平,低楼层 (共11层) 3室2厅 | 95.17平米 | 南 北,https://ke-image.ljcdn.com/110000-inspection/b2c2eeeb-63d5-425e-8647-41183bb563f0_1000.jpg!m_fill,w_280,h_210,f_jpg?from=ke.com
20240329,怀柔,怀柔,101118725100,乐红园小区精装修三层带地下室7平米,225万,27313元/平,中楼层 (共6层) 2室1厅 | 82.38平米 | 南 北,https://ke-image.ljcdn.com/110000-inspection/pc1_XNEeF11Uu_1.jpg!m_fill,w_280,h_210,f_jpg?from=ke.com
20240329,怀柔,怀柔,101118724916,此房满五不唯一房子是三室一厅一卫南北通透。,206万,21676元/平,底层 (共6层) 3室2厅 | 95.04平米 | 南 北,https://ke-image.ljcdn.com/110000-inspection/1eed9a62-7b1f-4b6d-9fb1-7ce61f2c0fde_1000.jpg!m_fill,w_280,h_210,f_jpg?from=ke.com
20240329,怀柔,怀柔,101118716559,满五唯一房子精装修南北通透一层采光充足。,210万,24680元/平,底层 (共15层) 2室1厅 | 85.09平米 | 南 北,https://ke-image.ljcdn.com/110000-inspection/84424a11-cca9-4adc-9218-88838d343db2_1000.jpg!m_fill,w_280,h_210,f_jpg?from=ke.com
20240329,怀柔,怀柔,101118707512,满五年唯一花园洋房南北通透库上一层 拎包入住,360万,30796元/平,底层 (共4层) 3室2厅 | 116.9平米 | 南 北,https://ke-image.ljcdn.com/110000-inspection/pc1_6vLgJHKfQ.jpg!m_fill,w_280,h_210,f_jpg?from=ke.com
20240329,怀柔,怀柔,101118696446,育龙馨居 环境优美  配套齐全,238万,22830元/平,中楼层 (共14层) | 2013年 | 3室1厅 | 104.25平米 | 南 北,https://ke-image.ljcdn.com/110000-inspection/pc1_GVApTwHqo.jpg!m_fill,w_280,h_210,f_jpg?from=ke.com
20240329,怀柔,怀柔,101118690046,顶秀美泉南北通透格局楼层适宜视野宽阔采光充足,300万,26279元/平,中楼层 (共4层) 3室2厅 | 114.16平米 | 南 北,https://ke-image.ljcdn.com/110000-inspection/2bc4e017-0f44-44a0-be2b-81346abb3b93_1000.jpg!m_fill,w_280,h_210,f_jpg?from=ke.com
20240329,怀柔,怀柔,101118680835,青春路九院满五唯一南北通透业主诚心出售,169万,27145元/平,高楼层 (共6层) 2室1厅 | 62.26平米 | 南 北,https://ke-image.ljcdn.com/110000-inspection/pc1_bi4fZs5ip_1.jpg!m_fill,w_280,h_210,f_jpg?from=ke.com
20240329,怀柔,怀柔,101118670529,于家园二区南院视野采光好交通便利...,185万,27198元/平,顶层 (共6层) 2室1厅 | 68.02平米 | 南 北,https://ke-image.ljcdn.com/110000-inspection/pc1_St6yFzOWh.jpg!m_fill,w_280,h_210,f_jpg?from=ke.com
20240329,怀柔,怀柔,101118670424,新贤家园 电梯房 南北通透 中间楼层,380万,45613元/平,中楼层 (共11层) 2室1厅 | 83.31平米 | 南 北,https://ke-image.ljcdn.com/110000-inspection/pc1_CrWnZFS6R_1.jpg!m_fill,w_280,h_210,f_jpg?from=ke.com
20240329,怀柔,怀柔,101118658071,凤翔四园南北通透三居室居住舒适小区环境好,175万,18414元/平,中楼层 (共6层) 3室1厅 | 95.04平米 | 南 北,https://ke-image.ljcdn.com/110000-inspection/e2d36ef8-6f38-4e87-84d6-0a5fc3b8a595_1000.jpg!m_fill,w_280,h_210,f_jpg?from=ke.com
20240329,怀柔,怀柔,101118653039,迎宾中路2号院 一层 精装修 采光好房主自荐,170万,32375元/平,底层 (共5层) | 1987年 | 2室1厅 | 52.51平米 | 南 北,https://ke-image.ljcdn.com/110000-inspection/3da156a4-44a2-49f5-879f-2f73b0db187e_1000.jpg!m_fill,w_280,h_210,f_jpg?from=ke.com
20240329,怀柔,怀柔,101118652950,房子满五唯一 南北通透 看房方便 诚意出售,345万,26954元/平,高楼层 (共6层) 3室2厅 | 128平米 | 南 北,https://ke-image.ljcdn.com/110000-inspection/pc1_rjP8lkgQM_1.jpg!m_fill,w_280,h_210,f_jpg?from=ke.com
20240329,怀柔,怀柔,101118623426,融城园北区 2层 满五年唯一住房 精装修拎包入住房主自荐,267万,25024元/平,中楼层 (共5层) | 2003年 | 3室1厅 | 106.7平米 | 南 北,https://ke-image.ljcdn.com/110000-inspection/pc1_BXEhAn9m8.jpg!m_fill,w_280,h_210,f_jpg?from=ke.com
20240329,怀柔,怀柔,101118622617,房子满五唯一 看房方便  诚意出售,190万,28359元/平,底层 (共4层) 2室1厅 | 67平米 | 南 北,https://ke-image.ljcdn.com/110000-inspection/e440ff85-3949-4b6a-a8a7-775c52dfcbf6_1000.jpg!m_fill,w_280,h_210,f_jpg?from=ke.com
20240329,怀柔,怀柔,101118621469,镜春园 满五唯一 南北通透 随时配合签约房主自荐,540万,38117元/平,顶层 (共7层) 3室1厅 | 141.67平米 | 南 北,https://ke-image.ljcdn.com/110000-inspection/8e68af45-f03a-40e8-a4fb-47c9f752ea23_1000.jpg!m_fill,w_280,h_210,f_jpg?from=ke.com
20240329,怀柔,怀柔,101118618743,怀柔区南花园四区335号莲馨苑,230万,22866元/平,顶层 (共6层) 3室1厅 | 100.59平米 | 南 北,https://ke-image.ljcdn.com/110000-inspection/f0729872-21dc-4299-bb78-105805baa87c_1000.jpg!m_fill,w_280,h_210,f_jpg?from=ke.com
20240329,怀柔,怀柔,101118618886,东关二区小区三居室中间楼层业主诚意出售,345万,29747元/平,中楼层 (共6层) | 1996年 | 3室1厅 | 115.98平米 | 南 北,https://ke-image.ljcdn.com/110000-inspection/pc1_KVN0wBA12.jpg!m_fill,w_280,h_210,f_jpg?from=ke.com
20240329,怀柔,怀柔,101118613635,此房满五年精装修南北通透看房提前约,380万,27072元/平,底层 (共4层) 3室2厅 | 140.37平米 | 南 北,https://ke-image.ljcdn.com/110000-inspection/pc1_hlumkpYbA.jpg!m_fill,w_280,h_210,f_jpg?from=ke.com
20240329,怀柔,怀柔,101118611502,东园北区视野开阔采光充足产权清晰生活便利。,270万,24890元/平,顶层 (共6层) 3室2厅 | 108.48平米 | 南 北,https://ke-image.ljcdn.com/110000-inspection/pc1_qX78YGMtn_1.jpg!m_fill,w_280,h_210,f_jpg?from=ke.com
20240329,怀柔,怀柔,101118583351,世嘉光织谷西区满五唯一精装修,220万,24415元/平,高楼层 (共6层) 2室1厅 | 90.11平米 | 南,https://ke-image.ljcdn.com/110000-inspection/pc1_pSEJeCJ3U.jpg!m_fill,w_280,h_210,f_jpg?from=ke.com
20240329,怀柔,怀柔,101118574822,东关一区 南北通透 看房方便诚心出售,256万,29042元/平,中楼层 (共7层) 3室1厅 | 88.15平米 | 南 北,https://ke-image.ljcdn.com/110000-inspection/7925de84-b8a0-4ab7-93aa-550bff6b0c1e_1000.jpg!m_fill,w_280,h_210,f_jpg?from=ke.com
20240329,怀柔,怀柔,101118570064,南华园三区01年楼报价还能谈的大三居楼新管理好。,228万,22010元/平,顶层 (共6层) 3室2厅 | 103.59平米 | 南 北,https://ke-image.ljcdn.com/110000-inspection/pc1_CPqIRaN7e_1.jpg!m_fill,w_280,h_210,f_jpg?from=ke.com
20240329,怀柔,怀柔,101118563816,滨湖小区 2室1厅 南 西 北,162万,21526元/平,中楼层 (共5层) 2室1厅 | 75.26平米 | 南 西 北,https://ke-image.ljcdn.com/110000-inspection/pc1_0OEUxWCE5.jpg!m_fill,w_280,h_210,f_jpg?from=ke.com
20240329,怀柔,怀柔,101118560790,成熟社区 南北通透 位置优越 停车方便  随时签约,260万,32887元/平,高楼层 (共6层) | 2004年 | 2室1厅 | 79.06平米 | 南 北,https://ke-image.ljcdn.com/110000-inspection/pc1_1FomHPBpC_1.jpg!m_fill,w_280,h_210,f_jpg?from=ke.com
20240329,怀柔,怀柔,101118549811,裕华园一区、电梯房、视野宽阔、采光好,110万,18891元/平,高楼层 (共14层) | 2013年 | 1室1厅 | 58.23平米 | 南,https://ke-image.ljcdn.com/110000-inspection/pc1_td6ivaxPC_1.jpg!m_fill,w_280,h_210,f_jpg?from=ke.com
20240329,怀柔,怀柔,101118544105,东关二区小区 中楼层3居 满五唯一 南北通透,268万,26218元/平,中楼层 (共6层) 3室2厅 | 102.22平米 | 南 北,https://ke-image.ljcdn.com/110000-inspection/pc1_8ylKYUYCF_1.jpg!m_fill,w_280,h_210,f_jpg?from=ke.com
20240329,怀柔,怀柔,101118540851,欧式精装修好楼层视野好南北通透。,208万,23384元/平,高楼层 (共15层) 2室1厅 | 88.95平米 | 南 北,https://ke-image.ljcdn.com/110000-inspection/pc1_WWFwUOAsT_1.jpg!m_fill,w_280,h_210,f_jpg?from=ke.com
20240329,怀柔,怀柔,101118521693,本房满五唯一商品房南北通透精装修,235万,26202元/平,高楼层 (共6层) 3室1厅 | 89.69平米 | 南 北,https://ke-image.ljcdn.com/110000-inspection/pc1_yR1MWoHgO_1.jpg!m_fill,w_280,h_210,f_jpg?from=ke.com
20240329,怀柔,怀柔,101118512139,金台园 布局合理 采光好 南北通透全明格局,198万,27120元/平,顶层 (共6层) | 2006年 | 3室1厅 | 73.01平米 | 南 北,https://ke-image.ljcdn.com/110000-inspection/pc1_EneaNYUVQ_1.jpg!m_fill,w_280,h_210,f_jpg?from=ke.com
20240329,怀柔,怀柔,101118490852,湖光小区南北通透低楼层满五年业主名下一套住房,235万,30699元/平,中楼层 (共5层) 3室1厅 | 76.55平米 | 南 北,https://ke-image.ljcdn.com/110000-inspection/pc1_BtljNasPf_1.jpg!m_fill,w_280,h_210,f_jpg?from=ke.com
20240329,怀柔,怀柔,101118485164,幸福东园2号院、库上一层、南北通透、采光充足,185万,19658元/平,底层 (共6层) 2室1厅 | 94.11平米 | 南 北,https://ke-image.ljcdn.com/110000-inspection/pc1_EX2A36nRR_1.jpg!m_fill,w_280,h_210,f_jpg?from=ke.com
20240329,怀柔,怀柔,101118479128,于家园一区 南北通透视野好采光好,295万,26107元/平,中楼层 (共6层) | 1999年 | 3室2厅 | 113平米 | 南 北,https://ke-image.ljcdn.com/110000-inspection/d2d72c72-582f-4045-9ccb-5a25f85a640c_1000.jpg!m_fill,w_280,h_210,f_jpg?from=ke.com
20240329,怀柔,怀柔,101118475382,于家园一区满五唯一价格可谈业主诚心出售,235万,22706元/平,中楼层 (共6层) 3室1厅 | 103.5平米 | 南 北,https://ke-image.ljcdn.com/110000-inspection/pc1_Vel962D3X_1.jpg!m_fill,w_280,h_210,f_jpg?from=ke.com
20240329,怀柔,怀柔,101118475344,红螺家园 南北通透 全明户型 视野宽阔 采光好,290万,27002元/平,中楼层 (共6层) 3室1厅 | 107.4平米 | 南 北,https://ke-image.ljcdn.com/110000-inspection/14800108-bdb2-42b0-95ab-cf5808b6c94c_1000.jpg!m_fill,w_280,h_210,f_jpg?from=ke.com
20240329,怀柔,怀柔,101118472891,好楼层2层 采光充足 南北通透 配套设施齐全房主自荐,356万,35388元/平,中楼层 (共6层) 2室2厅 | 100.6平米 | 南 北,https://ke-image.ljcdn.com/110000-inspection/pc1_I2tIgHA0d_1.jpg!m_fill,w_280,h_210,f_jpg?from=ke.com
20240329,怀柔,怀柔,101118472522,迎宾中路房子满五年单位分的房子中间层房主自荐,349万,28824元/平,低楼层 (共6层) 3室2厅 | 121.08平米 | 南 北,https://ke-image.ljcdn.com/110000-inspection/pc1_U7F0ZAJEj_1.jpg!m_fill,w_280,h_210,f_jpg?from=ke.com
20240329,怀柔,怀柔,101118470536,融城园北区 3室2厅 南 北,280万,19679元/平,中楼层 (共6层) 3室2厅 | 142.29平米 | 南 北,https://ke-image.ljcdn.com/110000-inspection/pc1_hnmTf8zxP_2.jpg!m_fill,w_280,h_210,f_jpg?from=ke.com
20240329,怀柔,怀柔,101118470358,商业中心区里的安静小区随时看房随时签约！,345万,33453元/平,顶层 (共3层) 3室2厅 | 103.13平米 | 南 北,https://ke-image.ljcdn.com/110000-inspection/pc1_ega84QNhl_1.jpg!m_fill,w_280,h_210,f_jpg?from=ke.com
20240329,怀柔,怀柔,101118466538,此房满五唯一南北通透全明格局采光好视野开阔,239万,21499元/平,顶层 (共6层) 3室1厅 | 111.17平米 | 南 北,https://ke-image.ljcdn.com/110000-inspection/pc1_hQ3rRpYft_1.jpg!m_fill,w_280,h_210,f_jpg?from=ke.com
20240329,怀柔,怀柔,101118460077,世嘉光织谷东区满五唯一简装修,320万,28816元/平,底层 (共5层) 2室2厅 | 111.05平米 | 南 北,https://ke-image.ljcdn.com/110000-inspection/pc1_gR9IepGK6_1.jpg!m_fill,w_280,h_210,f_jpg?from=ke.com
20240329,怀柔,怀柔,101118450300,莲馨苑把边户型客厅带窗采光好诚意出售。,238万,22291元/平,顶层 (共6层) 3室2厅 | 106.77平米 | 南 北,https://ke-image.ljcdn.com/110000-inspection/pc1_ynzXiBBEh_1.jpg!m_fill,w_280,h_210,f_jpg?from=ke.com
20240329,怀柔,怀柔,101118443986,于家园三区 3室1厅 南 北,298万,27023元/平,中楼层 (共6层) | 1993年 | 3室1厅 | 110.28平米 | 南 北,https://ke-image.ljcdn.com/110000-inspection/pc1_AJaEzsUTd_1.jpg!m_fill,w_280,h_210,f_jpg?from=ke.com
20240329,怀柔,怀柔,101118443870,潘家园小区 套完善采光好看房方便诚心出售,160万,27730元/平,顶层 (共6层) 2室1厅 | 57.7平米 | 南 北,https://ke-image.ljcdn.com/110000-inspection/pc1_fhd2Db0L1_1.jpg!m_fill,w_280,h_210,f_jpg?from=ke.com
20240329,怀柔,怀柔,101118435758,此房满五可唯一大两居户型业主诚心出售价格可议,235万,24805元/平,中楼层 (共7层) 2室2厅 | 94.74平米 | 东 西,https://ke-image.ljcdn.com/110000-inspection/77c72d01-60ef-4102-a14f-e57295ca3fc7_1000.jpg!m_fill,w_280,h_210,f_jpg?from=ke.com
20240329,怀柔,怀柔,101118431585,水库边的两居室 电梯房 环境优美 生活便利,395万,44085元/平,中楼层 (共6层) | 2012年 | 2室1厅 | 89.6平米 | 东 南 北,https://ke-image.ljcdn.com/110000-inspection/pc1_gHQR8V50S_1.jpg!m_fill,w_280,h_210,f_jpg?from=ke.com
20240329,怀柔,怀柔,101118430303,电梯房精装修房子在一层南边可种菜,530万,37025元/平,底层 (共12层) | 2013年 | 3室2厅 | 143.15平米 | 南 北,https://ke-image.ljcdn.com/110000-inspection/pc1_RKJmq7gN2.jpg!m_fill,w_280,h_210,f_jpg?from=ke.com
20240329,怀柔,怀柔,101118428956,本房南北通透 次顶层 精装修 可以直接入住 前后不临街,240万,29796元/平,高楼层 (共6层) 2室1厅 | 80.55平米 | 南 北,https://ke-image.ljcdn.com/110000-inspection/91992acc-224f-4f31-b830-33bbd58b615c_1000.jpg!m_fill,w_280,h_210,f_jpg?from=ke.com
20240329,怀柔,怀柔,101118427704,开利园小区 2室1厅 东,196万,25281元/平,中楼层 (共6层) 2室1厅 | 77.53平米 | 东,https://ke-image.ljcdn.com/110000-inspection/pc1_NX6EKynZl_1.jpg!m_fill,w_280,h_210,f_jpg?from=ke.com
20240329,怀柔,怀柔,101118425252,顶秀美泉电梯房一梯一户满五年唯一普通住宅,398万,29412元/平,中楼层 (共7层) 3室2厅 | 135.32平米 | 南 西 北,https://ke-image.ljcdn.com/110000-inspection/78fa5f32-4838-4d39-9623-6ec190824dc6_1000.jpg!m_fill,w_280,h_210,f_jpg?from=ke.com
20240329,怀柔,怀柔,101118417199,业主着急出售 新新家园电梯商品房 婚房精装修 格局好,329万,36338元/平,顶层 (共16层) 2室2厅 | 90.54平米 | 东南,https://ke-image.ljcdn.com/110000-inspection/pc1_OKwteHngL_1.jpg!m_fill,w_280,h_210,f_jpg?from=ke.com
20240329,怀柔,怀柔,101118404663,育龙馨居南北通透精装修采光好,150万,20930元/平,顶层 (共11层) 2室1厅 | 71.67平米 | 南 北,https://ke-image.ljcdn.com/110000-inspection/pc1_5Sx3jWewe_1.jpg!m_fill,w_280,h_210,f_jpg?from=ke.com
20240329,怀柔,怀柔,101118402793,泉河园二区 商品房南北三居室 交通便利。,330万,27685元/平,顶层 (共6层) | 2003年 | 3室2厅 | 119.2平米 | 南 北,https://ke-image.ljcdn.com/110000-inspection/4575f4db-88e7-40be-9627-6ea7d9e7a24d_1000.jpg!m_fill,w_280,h_210,f_jpg?from=ke.com
20240329,怀柔,怀柔,101118395390,小中富乐二区 南北通透 高楼层,215万,26550元/平,顶层 (共6层) 3室1厅 | 80.98平米 | 南 北,https://ke-image.ljcdn.com/110000-inspection/pc1_A0XsFzgM9_1.jpg!m_fill,w_280,h_210,f_jpg?from=ke.com
20240329,怀柔,怀柔,101118393704,开利园小区 低楼层 南北通 采光好 出行方便,355万,29951元/平,低楼层 (共6层) 4室2厅 | 118.53平米 | 南 北,https://ke-image.ljcdn.com/110000-inspection/pc1_TQl8QJtbE_1.jpg!m_fill,w_280,h_210,f_jpg?from=ke.com
20240329,怀柔,怀柔,101118389877,于家园二区南院 2室1厅 南,140万,27800元/平,顶层 (共6层) 2室1厅 | 50.36平米 | 南,https://ke-image.ljcdn.com/110000-inspection/pc1_ke3fj9hIG_1.jpg!m_fill,w_280,h_210,f_jpg?from=ke.com
20240329,怀柔,怀柔,101118389738,益田影人四季花园 一层  南通通透 有钥匙 满五唯一,260万,24543元/平,底层 (共8层) 2室1厅 | 105.94平米 | 南 北,https://ke-image.ljcdn.com/110000-inspection/pc1_7t6KxbQ4C_1.jpg!m_fill,w_280,h_210,f_jpg?from=ke.com
20240329,怀柔,怀柔,101118386824,金台园中间楼层南北三居满五唯一,210万,28791元/平,中楼层 (共6层) | 2006年 | 3室1厅 | 72.94平米 | 南 北,https://ke-image.ljcdn.com/110000-inspection/7a025734-83f8-4aca-bd96-ad6c72f0f651_1000.jpg!m_fill,w_280,h_210,f_jpg?from=ke.com
20240329,怀柔,怀柔,101118373416,南华园四区南北通透格局好交通便利,390万,24101元/平,中楼层 (共6层) 3室1厅 | 161.82平米 | 南 北,https://ke-image.ljcdn.com/110000-inspection/pc1_aWFdZmhIH_2.jpg!m_fill,w_280,h_210,f_jpg?from=ke.com
20240329,怀柔,怀柔,101118372591,梦想家园西区 2室1厅 南 北,190万,21349元/平,高楼层 (共15层) | 2014年 | 2室1厅 | 89平米 | 南 北,https://ke-image.ljcdn.com/110000-inspection/pc1_h7i5LwzIs_1.jpg!m_fill,w_280,h_210,f_jpg?from=ke.com
20240329,怀柔,怀柔,101118351570,融城园南区房子满五唯一业主诚心出售,175万,21699元/平,低楼层 (共6层) | 2010年 | 3室1厅 | 80.65平米 | 南 北 东,https://ke-image.ljcdn.com/110000-inspection/pc1_FnrYNId75_2.jpg!m_fill,w_280,h_210,f_jpg?from=ke.com
20240329,怀柔,怀柔,101118330201,纯南向一居室业主诚心出售现有租户看房提前约。,137万,23581元/平,中楼层 (共9层) | 2010年 | 1室1厅 | 58.1平米 | 南,https://ke-image.ljcdn.com/110000-inspection/da9f91ce-670a-46bf-877d-fee9fe40c966_1000.jpg!m_fill,w_280,h_210,f_jpg?from=ke.com
20240329,怀柔,怀柔,101118312971,府前官邸 大平层 精致装修  看房方便,826万,42103元/平,高楼层 (共11层) 4室2厅 | 196.19平米 | 南 西 北,https://ke-image.ljcdn.com/110000-inspection/068d1972-6bc8-44b5-8130-d4c78f7172d6_1000.jpg!m_fill,w_280,h_210,f_jpg?from=ke.com
20240329,怀柔,怀柔,101118302284,成熟社区位置好 大三居双卫 南北通透采光超好,376万,31457元/平,顶层 (共6层) | 2006年 | 3室2厅 | 119.53平米 | 南 北,https://ke-image.ljcdn.com/110000-inspection/pc1_9Pig2F582_2.jpg!m_fill,w_280,h_210,f_jpg?from=ke.com
20240329,怀柔,怀柔,101118301905,新新家园电梯房精装拎包入住 南北通透 诚意出售。,220万,35450元/平,顶层 (共6层) 1室1厅 | 62.06平米 | 南 北,https://ke-image.ljcdn.com/110000-inspection/pc1_WSterlmW7_1.jpg!m_fill,w_280,h_210,f_jpg?from=ke.com
20240329,怀柔,怀柔,101118285564,梦想家园西区 9月份满五年唯一看房方便,212万,23791元/平,低楼层 (共15层) | 2014年 | 2室1厅 | 89.11平米 | 南 北,https://ke-image.ljcdn.com/110000-inspection/d97a4e35-dd16-4688-b4b7-44c4999b21f5_1000.jpg!m_fill,w_280,h_210,f_jpg?from=ke.com
20240329,怀柔,怀柔,101118285408,此房满五唯一南北通透优质好房,201万,27141元/平,高楼层 (共6层) 2室1厅 | 74.06平米 | 南 北,https://ke-image.ljcdn.com/110000-inspection/pc1_C2NCy4LIX_1.jpg!m_fill,w_280,h_210,f_jpg?from=ke.com
20240329,怀柔,怀柔,101118274675,茶坞铁路精装低楼层南北通透业主诚意出售,248万,15951元/平,中楼层 (共5层) 3室2厅 | 155.48平米 | 南 北,https://ke-image.ljcdn.com/110000-inspection/pc1_juNpG6vmh_1.jpg!m_fill,w_280,h_210,f_jpg?from=ke.com
20240329,怀柔,怀柔,101118272896,兆龙居小区 低楼层 采光很好 简装大三居,195万,24933元/平,底层 (共6层) | 1993年 | 3室1厅 | 78.21平米 | 南 北,https://ke-image.ljcdn.com/110000-inspection/pc1_UGFsHTXh5.jpg!m_fill,w_280,h_210,f_jpg?from=ke.com
20240329,怀柔,怀柔,101118270521,客厅通阳台南北通透大三居采光好,229万,23867元/平,高楼层 (共6层) 3室1厅 | 95.95平米 | 南 北,https://ke-image.ljcdn.com/110000-inspection/adabee61-1ca0-4694-a572-2df45161ed1f_1000.jpg!m_fill,w_280,h_210,f_jpg?from=ke.com
20240329,怀柔,怀柔,101118237722,小中富乐二区 明厅 南北通透户型光线视野好,280万,30108元/平,高楼层 (共6层) 3室1厅 | 93平米 | 北 南,https://ke-image.ljcdn.com/110000-inspection/pc1_DtF2rDC77_2.jpg!m_fill,w_280,h_210,f_jpg?from=ke.com
20240329,怀柔,怀柔,101118230938,府前东街13号院 南北通透三居室,185万,24067元/平,顶层 (共6层) 3室1厅 | 76.87平米 | 南 北,https://ke-image.ljcdn.com/110000-inspection/pc1_pLaFhxrUv_1.jpg!m_fill,w_280,h_210,f_jpg?from=ke.com
20240329,怀柔,怀柔,101118228357,金善名居全明格局南北通透大两局落地窗视野采光好,195万,24101元/平,中楼层 (共6层) 2室2厅 | 80.91平米 | 南 北,https://ke-image.ljcdn.com/110000-inspection/c238b2b1-4078-4ea2-b97c-b608854c06ee_1000.jpg!m_fill,w_280,h_210,f_jpg?from=ke.com
20240329,怀柔,怀柔,101118225046,迎宾中路中间楼层弧形窗采光充足看房方便,279万,21953元/平,中楼层 (共6层) 3室1厅 | 127.09平米 | 南 北,https://ke-image.ljcdn.com/110000-inspection/pc1_gE6wTrLrS.jpg!m_fill,w_280,h_210,f_jpg?from=ke.com
20240329,怀柔,怀柔,101118214833,青春苑2院 满五唯一 南北通透,246万,31354元/平,中楼层 (共6层) | 1997年 | 3室1厅 | 78.46平米 | 南 北,https://ke-image.ljcdn.com/110000-inspection/pc1_RjBuEO89i_1.jpg!m_fill,w_280,h_210,f_jpg?from=ke.com
20240329,怀柔,怀柔,101118213168,龙祥小区板楼中间层满五年唯一诚意出售。,260万,30488元/平,低楼层 (共6层) 2室1厅 | 85.28平米 | 南 北,https://ke-image.ljcdn.com/110000-inspection/pc1_e51RTe2Vv_1.jpg!m_fill,w_280,h_210,f_jpg?from=ke.com
20240329,怀柔,怀柔,101118200251,富乐社区一号院  精装修  满五唯一 南北通透,165万,26129元/平,高楼层 (共6层) 2室1厅 | 63.15平米 | 南 北,https://ke-image.ljcdn.com/110000-inspection/fa64c60c-9ada-4310-8217-ccf21d7e560b_1000.jpg!m_fill,w_280,h_210,f_jpg?from=ke.com
20240329,怀柔,怀柔,101118188958,南马道南北通透三居室视野采光好近商圈购物出行便利,209万,25227元/平,顶层 (共6层) 3室1厅 | 82.85平米 | 南 北,https://ke-image.ljcdn.com/110000-inspection/pc1_lUImpbWts_1.jpg!m_fill,w_280,h_210,f_jpg?from=ke.com
20240329,怀柔,怀柔,101118188202,康馨家园交通便利配套齐全。,190万,34603元/平,中楼层 (共6层) 1室1厅 | 54.91平米 | 南 北,https://ke-image.ljcdn.com/110000-inspection/pc1_WspPGHrDv_1.jpg!m_fill,w_280,h_210,f_jpg?from=ke.com
20240329,怀柔,怀柔,101118185737,府前东街小区 3室1厅 南 北,299万,29083元/平,顶层 (共6层) 3室1厅 | 102.81平米 | 南 北,https://ke-image.ljcdn.com/110000-inspection/pc1_CK3Qgo3HA_1.jpg!m_fill,w_280,h_210,f_jpg?from=ke.com
20240329,怀柔,怀柔,101118181530,南北通透 户型好 低楼层 诚意出售  看房方便,320万,28572元/平,低楼层 (共6层) 3室1厅 | 112平米 | 南 北,https://ke-image.ljcdn.com/110000-inspection/pc1_trm3cG8Sb_2.jpg!m_fill,w_280,h_210,f_jpg?from=ke.com
20240329,怀柔,怀柔,101118176681,满五唯一 南北通透 二层 有钥匙可随时看房,240万,32734元/平,低楼层 (共7层) 2室1厅 | 73.32平米 | 南 北,https://ke-image.ljcdn.com/110000-inspection/44777f8d-5131-4acc-957f-0bc82a07d114_1000.jpg!m_fill,w_280,h_210,f_jpg?from=ke.com
20240329,怀柔,怀柔,101118168263,此房满五唯一南北通透三居室阳光充裕,207万,22942元/平,中楼层 (共5层) | 2008年 | 3室1厅 | 90.23平米 | 南 北,https://ke-image.ljcdn.com/110000-inspection/pc1_PZveZIq73_2.jpg!m_fill,w_280,h_210,f_jpg?from=ke.com
20240329,怀柔,怀柔,101118159159,小区中间 优质户型 全明 三间朝阳 通透 精装 满五唯一,330万,26723元/平,中楼层 (共14层) 3室2厅 | 123.49平米 | 南 北 东,https://ke-image.ljcdn.com/110000-inspection/pc1_iqy6EChhF.jpg!m_fill,w_280,h_210,f_jpg?from=ke.com
20240329,怀柔,怀柔,101118152536,栖美园1居室精装修 婚房 全新,185万,25853元/平,高楼层 (共6层) 1室1厅 | 71.56平米 | 南,https://ke-image.ljcdn.com/110000-inspection/0e5a0fb2-e3a7-42ba-b68c-ab69556c7d65_1000.jpg!m_fill,w_280,h_210,f_jpg?from=ke.com
20240329,怀柔,怀柔,101118151518,馥郁苑南北通透大三居精装小区环境好,378万,27842元/平,底层 (共6层) | 2000年 | 3室1厅 | 135.77平米 | 南 北,https://ke-image.ljcdn.com/110000-inspection/f5d6d150-dc2b-4d17-b93c-7b36b3e05ff9_1000.jpg!m_fill,w_280,h_210,f_jpg?from=ke.com
20240329,怀柔,怀柔,101118145977,城区电梯房 社区成熟  出行购物方便  南北通透2居户型,245万,27694元/平,中楼层 (共9层) 2室1厅 | 88.47平米 | 南 北,https://ke-image.ljcdn.com/110000-inspection/72b1361b-44bf-44e4-8f81-9e6937c6dbd3_1000.jpg!m_fill,w_280,h_210,f_jpg?from=ke.com
20240329,怀柔,怀柔,101118130976,有电梯 东关一区次顶层大三居满五年唯一带两个储物间,340万,26390元/平,高楼层 (共6层) 3室2厅 | 128.84平米 | 南 北,https://ke-image.ljcdn.com/110000-inspection/a0b665aa-4d19-4dd2-ad2b-d2216cc61b99_1000.jpg!m_fill,w_280,h_210,f_jpg?from=ke.com
20240329,怀柔,怀柔,101118125591,顶秀美泉小镇C区此房满五小区花园洋房社区环境好,255万,28168元/平,底层 (共5层) | 2012年 | 2室1厅 | 90.53平米 | 南 北,https://ke-image.ljcdn.com/110000-inspection/pc1_PQoHDUzVx.jpg!m_fill,w_280,h_210,f_jpg?from=ke.com
20240329,怀柔,怀柔,101118117034,科学城创新小镇 栖美园 大两居室 满五唯一,238万,24587元/平,高楼层 (共6层) 2室2厅 | 96.8平米 | 南 北,https://ke-image.ljcdn.com/110000-inspection/pc1_KwTjH6Dds_1.jpg!m_fill,w_280,h_210,f_jpg?from=ke.com
20240329,怀柔,怀柔,101118114948,金台园小区满五年三居室楼龄新,310万,32228元/平,底层 (共6层) | 2006年 | 3室1厅 | 96.19平米 | 南 北,https://ke-image.ljcdn.com/110000-inspection/pc1_9ZkLnbiA2_1.jpg!m_fill,w_280,h_210,f_jpg?from=ke.com
20240329,怀柔,怀柔,101118111959,南华园四区 南北通透两居室 中间楼层  方便停车,223万,23242元/平,中楼层 (共6层) 2室2厅 | 95.95平米 | 南 北,https://ke-image.ljcdn.com/110000-inspection/pc1_Y1QevGQKT_1.jpg!m_fill,w_280,h_210,f_jpg?from=ke.com
20240329,怀柔,怀柔,101118109053,美丽家园成熟社区 交通便利 南北通透大3居  中间楼层,275万,29564元/平,中楼层 (共5层) | 2002年 | 3室2厅 | 93.02平米 | 南 北,https://ke-image.ljcdn.com/110000-inspection/pc1_G7ghkJZWQ_1.jpg!m_fill,w_280,h_210,f_jpg?from=ke.com
20240329,怀柔,怀柔,101118101054,于家园一区  环境优美  配套齐全,400万,32447元/平,底层 (共6层) 3室2厅 | 123.28平米 | 南 北,https://ke-image.ljcdn.com/110000-inspection/pc1_0r84jgoaC.jpg!m_fill,w_280,h_210,f_jpg?from=ke.com
20240329,怀柔,怀柔,101118093205,八龙桥雅苑1-1-1 60.86,144万,23661元/平,中楼层 (共5层) 1室1厅 | 60.86平米 | 北,https://ke-image.ljcdn.com/110000-inspection/pc1_NeEOUydJ5_2.jpg!m_fill,w_280,h_210,f_jpg?from=ke.com
20240329,怀柔,怀柔,101118082508,下园小区精装修两居室南北通透好楼层,190万,31011元/平,中楼层 (共6层) 2室1厅 | 61.27平米 | 南 北,https://ke-image.ljcdn.com/110000-inspection/cd93e7f6-9a55-4e2f-9327-c94e377a0ac8_1000.jpg!m_fill,w_280,h_210,f_jpg?from=ke.com
20240329,怀柔,怀柔,101118079246,北京城建胜悦居2019新社区电梯精装温馨大两居,310万,39795元/平,高楼层 (共15层) 2室1厅 | 77.9平米 | 南,https://ke-image.ljcdn.com/110000-inspection/ebd80fd1-acd7-42e8-801f-7630098222c4_1000.jpg!m_fill,w_280,h_210,f_jpg?from=ke.com
20240329,怀柔,怀柔,101118075749,世嘉光织谷西区1-1-1 54.04平米,130万,24057元/平,低楼层 (共6层) 1室1厅 | 54.04平米 | 南,https://ke-image.ljcdn.com/110000-inspection/7bd9d3b1-2ffc-4bf8-a5a3-84d025a99595_1000.jpg!m_fill,w_280,h_210,f_jpg?from=ke.com
20240329,怀柔,怀柔,101118068870,梦想家园西区 3室2厅 南 北,330万,26926元/平,低楼层 (共14层) 3室2厅 | 122.56平米 | 南 北,https://ke-image.ljcdn.com/110000-inspection/pc1_8HJvDXFvi_1.jpg!m_fill,w_280,h_210,f_jpg?from=ke.com
20240329,怀柔,怀柔,101118064823,家天下 南北通透两居两卫 中间楼层,315万,32745元/平,中楼层 (共6层) | 2007年 | 2室2厅 | 96.2平米 | 南 北,https://ke-image.ljcdn.com/110000-inspection/pc1_3KxRZPC5E.jpg!m_fill,w_280,h_210,f_jpg?from=ke.com
20240329,怀柔,怀柔,101118060601,满五唯一 汇都家园 南北通透精装修 客厅通阳台,323万,32528元/平,高楼层 (共6层) 3室2厅 | 99.3平米 | 南 北,https://ke-image.ljcdn.com/110000-inspection/pc1_JktZMQWZv_1.jpg!m_fill,w_280,h_210,f_jpg?from=ke.com
20240329,怀柔,怀柔,101118056717,馥郁苑 南北通透 精装修 满五唯一,305万,27411元/平,高楼层 (共6层) | 2001年 | 3室2厅 | 111.27平米 | 南 北,https://ke-image.ljcdn.com/110000-inspection/pc1_nJOh9IqNp_1.jpg!m_fill,w_280,h_210,f_jpg?from=ke.com
20240329,怀柔,怀柔,101118056161,青春路六院 小户型 电梯房 满五唯一,160万,26792元/平,顶层 (共9层) 1室1厅 | 59.72平米 | 西,https://ke-image.ljcdn.com/110000-inspection/pc1_FtBJ2s9R8_1.jpg!m_fill,w_280,h_210,f_jpg?from=ke.com
20240329,怀柔,怀柔,101118052054,于家园三区、东西通透、视野宽广、户型方正,209万,26054元/平,高楼层 (共6层) 3室1厅 | 80.22平米 | 东 西,https://ke-image.ljcdn.com/110000-inspection/dfcd5ac2-9b9c-46b4-bb6a-50a400c30615_1000.jpg!m_fill,w_280,h_210,f_jpg?from=ke.com
20240329,怀柔,怀柔,101118051946,于家园三区满五唯一南北通透两居前后无遮挡看房方便,275万,30414元/平,底层 (共5层) 2室2厅 | 90.42平米 | 南 北,https://ke-image.ljcdn.com/110000-inspection/pc1_pFw1Kju09_1.jpg!m_fill,w_280,h_210,f_jpg?from=ke.com
20240329,怀柔,怀柔,101118050613,益田影人四季花园 4室2厅 南 北,521万,26766元/平,低楼层 (共8层) 4室2厅 | 194.65平米 | 南 北,https://ke-image.ljcdn.com/110000-inspection/pc1_INCjxlYL9.jpg!m_fill,w_280,h_210,f_jpg?from=ke.com
20240329,怀柔,怀柔,101118048964,滨湖南街小区中间楼层满五唯一业主诚心出售,280万,31334元/平,中楼层 (共5层) 3室1厅 | 89.36平米 | 南 北,https://ke-image.ljcdn.com/110000-inspection/pc1_brcsaKXuY_2.jpg!m_fill,w_280,h_210,f_jpg?from=ke.com
20240329,怀柔,怀柔,101118030907,龙湖花园 三室一厅 南北通透 城市氧吧,252万,29613元/平,高楼层 (共6层) 3室1厅 | 85.1平米 | 南 北,https://ke-image.ljcdn.com/110000-inspection/45d529c4-9f86-4e05-8904-58b6bf77c6dd_1000.jpg!m_fill,w_280,h_210,f_jpg?from=ke.com
20240329,怀柔,怀柔,101118023854,于家园二区南院 南北通透三居室房主自荐,246万,29898元/平,低楼层 (共6层) 3室1厅 | 82.28平米 | 南 北,https://ke-image.ljcdn.com/110000-inspection/b19c9b80-cb5f-4b14-ab31-9e68f89929f0_1000.jpg!m_fill,w_280,h_210,f_jpg?from=ke.com
20240329,怀柔,怀柔,101118015860,馥郁苑 中间楼层 精装修三居室,265万,31794元/平,中楼层 (共6层) 3室1厅 | 83.35平米 | 南 北,https://ke-image.ljcdn.com/110000-inspection/ddf2a0ee-4cf2-44d3-8ae4-3a90f98c5161_1000.jpg!m_fill,w_280,h_210,f_jpg?from=ke.com
20240329,怀柔,怀柔,101118011303,融城园北区中间楼层业主诚意出售看房方便,178万,20841元/平,中楼层 (共6层) 2室2厅 | 85.41平米 | 南 北,https://ke-image.ljcdn.com/110000-inspection/405ed14b-ebbf-4e06-9b74-e3866944618f_1000.jpg!m_fill,w_280,h_210,f_jpg?from=ke.com
20240329,怀柔,怀柔,101118002697,湖光小区 南北通透  楼层好采光充足,160万,28460元/平,中楼层 (共5层) 2室1厅 | 56.22平米 | 南 北,https://ke-image.ljcdn.com/110000-inspection/pc1_rAOGid33G_2.jpg!m_fill,w_280,h_210,f_jpg?from=ke.com
20240329,怀柔,怀柔,101117989031,新兴居 南北通透 交通便利 看房方便,390万,30135元/平,低楼层 (共7层) 3室2厅 | 129.42平米 | 南 北,https://ke-image.ljcdn.com/110000-inspection/832df173-8b21-45b6-a363-455be6da63ac_1000.jpg!m_fill,w_280,h_210,f_jpg?from=ke.com
20240329,怀柔,怀柔,101117975144,安乐馨居两居室  环境优美  配套齐全,230万,26873元/平,中楼层 (共17层) | 2018年 | 2室1厅 | 85.59平米 | 南 北,https://ke-image.ljcdn.com/110000-inspection/52e9f62f-dbe7-4427-9834-7cd209059899_1000.jpg!m_fill,w_280,h_210,f_jpg?from=ke.com
20240329,怀柔,怀柔,101117966251,怀柔科学城 顶秀美泉小镇B区 两居室中间楼层精装,318万,35884元/平,中楼层 (共5层) | 2015年 | 2室1厅 | 88.62平米 | 南 北,https://ke-image.ljcdn.com/110000-inspection/pc1_WUq8mRsRT.jpg!m_fill,w_280,h_210,f_jpg?from=ke.com
20240329,怀柔,怀柔,101117956442,府前官邸府前官邸府前官邸府前官邸,367万,41776元/平,中楼层 (共12层) 2室1厅 | 87.85平米 | 南 北,https://ke-image.ljcdn.com/110000-inspection/pc1_ps1t9NlFY_1.jpg!m_fill,w_280,h_210,f_jpg?from=ke.com
20240329,怀柔,怀柔,101117948415,世嘉光织谷精装修两居室一层南北通透价格可议。,355万,31842元/平,底层 (共6层) 2室1厅 | 111.49平米 | 南 北,https://ke-image.ljcdn.com/110000-inspection/1eff3497-bb46-4698-ad38-888719a59797_1000.jpg!m_fill,w_280,h_210,f_jpg?from=ke.com
20240329,怀柔,怀柔,101117938054,世嘉光织谷 全明格局 精装修电梯房 着急出售 3室2厅,328万,24345元/平,中楼层 (共6层) 3室2厅 | 134.73平米 | 东 南 北,https://ke-image.ljcdn.com/110000-inspection/93cce4d9-ec21-40b6-8fd7-6c368b03ebb7_1000.jpg!m_fill,w_280,h_210,f_jpg?from=ke.com
20240329,怀柔,怀柔,101117930560,南华园二区位置安静不临街南北通透三居室采光好,246万,26924元/平,顶层 (共6层) 3室2厅 | 91.37平米 | 南 北,https://ke-image.ljcdn.com/110000-inspection/4da180a2-fd9d-450f-af5c-146a3b877985_1000.jpg!m_fill,w_280,h_210,f_jpg?from=ke.com
20240329,怀柔,怀柔,101117921764,于家园一区 满五唯一 次顶层 客厅通阳台 南北通透,240万,26003元/平,高楼层 (共6层) | 1995年 | 3室1厅 | 92.3平米 | 南 北,https://ke-image.ljcdn.com/110000-inspection/pc1_66cabla5g_1.jpg!m_fill,w_280,h_210,f_jpg?from=ke.com
20240329,怀柔,怀柔,101117918832,于家园一区 东西通透  格局方正 诚意出售 采光好,210万,25968元/平,中楼层 (共6层) | 1999年 | 3室1厅 | 80.87平米 | 东 西,https://ke-image.ljcdn.com/110000-inspection/86564f22-375a-44d2-a512-5d272765b856_1000.jpg!m_fill,w_280,h_210,f_jpg?from=ke.com
20240329,怀柔,怀柔,101117918019,康馨家园小区环境好中间楼层业主诚意出售,385万,38233元/平,中楼层 (共6层) 3室1厅 | 100.7平米 | 南 北,https://ke-image.ljcdn.com/110000-inspection/pc1_W0PjCSqDD_2.jpg!m_fill,w_280,h_210,f_jpg?from=ke.com
20240329,怀柔,怀柔,101117915886,新贤家园  配套齐全 环境优美,205万,32706元/平,低楼层 (共11层) 1室1厅 | 62.68平米 | 南,https://ke-image.ljcdn.com/110000-inspection/7949cc3c-bda0-4fc6-be95-2d2e19741480_1000.jpg!m_fill,w_280,h_210,f_jpg?from=ke.com
20240329,怀柔,怀柔,101117913241,湖光小区 中楼层出入方便 满五唯一,155万,27395元/平,中楼层 (共5层) | 1985年 | 2室1厅 | 56.58平米 | 南 北,https://ke-image.ljcdn.com/110000-inspection/1a886f14-4f06-4866-ac7e-087d491d20ee_1000.jpg!m_fill,w_280,h_210,f_jpg?from=ke.com
20240329,怀柔,怀柔,101117906579,家天下 3室2厅 南 北房主自荐,400万,36938元/平,中楼层 (共5层) 3室2厅 | 108.29平米 | 南 北,https://ke-image.ljcdn.com/110000-inspection/1afb61f2-0bdd-4c7b-9555-2b4b2030c467_1000.jpg!m_fill,w_280,h_210,f_jpg?from=ke.com
20240329,怀柔,怀柔,101117895149,融城园北区 南北通透四居室 低楼层,358万,25062元/平,底层 (共6层) 3室2厅 | 142.85平米 | 南 北,https://ke-image.ljcdn.com/110000-inspection/pc1_yOnlicaRg_1.jpg!m_fill,w_280,h_210,f_jpg?from=ke.com
20240329,怀柔,怀柔,101117881054,美丽家园 3室1厅 南 北,295万,25022元/平,顶层 (共6层) 3室1厅 | 117.9平米 | 南 北,https://ke-image.ljcdn.com/110000-inspection/64d9264e-6da7-4713-8e04-a7a4051a75b7_1000.jpg!m_fill,w_280,h_210,f_jpg?from=ke.com
20240329,怀柔,怀柔,101117864544,水岸雁栖南北通透毛坯房采光视野好,315万,35184元/平,中楼层 (共4层) | 2021年 | 2室1厅 | 89.53平米 | 南 北,https://ke-image.ljcdn.com/110000-inspection/pc1_cgtS5gN4w.jpg!m_fill,w_280,h_210,f_jpg?from=ke.com
20240329,怀柔,怀柔,101117856664,此房满五唯一年顶层楼层精装修,270万,22456元/平,顶层 (共7层) 4室2厅 | 120.24平米 | 南 北,https://ke-image.ljcdn.com/110000-inspection/pc1_ghe68mZQe.jpg!m_fill,w_280,h_210,f_jpg?from=ke.com
20240329,怀柔,怀柔,101117852430,龙山御景   南北通透观山景 大三居 精装领包入住,550万,38706元/平,中楼层 (共21层) 3室2厅 | 142.1平米 | 南 北,https://ke-image.ljcdn.com/110000-inspection/dc513ad7-2bc4-46ee-a3bc-deb249f4c370_1000.jpg!m_fill,w_280,h_210,f_jpg?from=ke.com
20240329,怀柔,怀柔,101117846349,环境好满五唯一南北通透随时看房。,278万,28590元/平,高楼层 (共8层) 2室1厅 | 97.24平米 | 南 北,https://ke-image.ljcdn.com/110000-inspection/pc1_00gHOOGEf_1.jpg!m_fill,w_280,h_210,f_jpg?from=ke.com
20240329,怀柔,怀柔,101117843562,金善名居金善名居精装修两居单价低,185万,22806元/平,顶层 (共6层) | 2009年 | 2室1厅 | 81.12平米 | 南 北,https://ke-image.ljcdn.com/110000-inspection/pc1_hv2bCj7Ha_1.jpg!m_fill,w_280,h_210,f_jpg?from=ke.com
20240329,怀柔,怀柔,101117779132,东西通透 视野宽阔 采光好 格局好,200万,20031元/平,中楼层 (共5层) | 2002年 | 3室1厅 | 99.85平米 | 东 西,https://ke-image.ljcdn.com/110000-inspection/c1169443-3c82-45e6-afc5-4e32fb94dd7d_1000.jpg!m_fill,w_280,h_210,f_jpg?from=ke.com
20240329,怀柔,怀柔,101117775385,小区环境整洁南向客厅及卧室采光充足通风效果好。,320万,25307元/平,高楼层 (共6层) 3室2厅 | 126.45平米 | 南 北,https://ke-image.ljcdn.com/110000-inspection/pc1_0Ss3JNMRb_1.jpg!m_fill,w_280,h_210,f_jpg?from=ke.com
20240329,怀柔,怀柔,101117767220,怀柔 栖美园 科学城 满五年唯一商品房,350万,26382元/平,底层 (共6层) 3室2厅 | 132.67平米 | 南 北,https://ke-image.ljcdn.com/110000-inspection/pc1_7B7UhQq5A.jpg!m_fill,w_280,h_210,f_jpg?from=ke.com
20240329,怀柔,怀柔,101117756614,怀柔区南马道中间楼层看房方便有钥匙房主自荐,235万,28054元/平,中楼层 (共6层) 3室1厅 | 83.77平米 | 南 北,https://ke-image.ljcdn.com/110000-inspection/e6f4a8ce-d871-4dc5-9004-e37136f9d941_1000.jpg!m_fill,w_280,h_210,f_jpg?from=ke.com
20240329,怀柔,怀柔,101117747928,于家园一区 南北通透三居室 次顶层采光好,248万,24083元/平,高楼层 (共6层) | 2001年 | 3室1厅 | 102.98平米 | 南 北,https://ke-image.ljcdn.com/110000-inspection/d24c46d2-1da2-46b8-9758-9989c568454e_1000.jpg!m_fill,w_280,h_210,f_jpg?from=ke.com
20240329,怀柔,怀柔,101117734344,幸福东园3号院 满五唯一 采光充足 精装修,170万,22053元/平,高楼层 (共7层) 2室1厅 | 77.09平米 | 南 北,https://ke-image.ljcdn.com/110000-inspection/6d736d2b-8963-4c7b-a933-22e68b45da94_1000.jpg!m_fill,w_280,h_210,f_jpg?from=ke.com
20240329,怀柔,怀柔,101117734184,漪澜鑫筑24高层塔楼直观水库全貌,475万,32709元/平,中楼层 (共24层) 3室2厅 | 145.22平米 | 西北,https://ke-image.ljcdn.com/110000-inspection/pc1_gG2NXKRNS_1.jpg!m_fill,w_280,h_210,f_jpg?from=ke.com
20240329,怀柔,怀柔,101117732532,安乐馨居 电梯房 南北通透2居 中高楼层 着急出售,164万,19245元/平,中楼层 (共14层) 2室2厅 | 85.22平米 | 南 北,https://ke-image.ljcdn.com/110000-inspection/1a8f27a2-5dad-4dc8-bd4f-183ea14b705a_1000.jpg!m_fill,w_280,h_210,f_jpg?from=ke.com
20240329,怀柔,怀柔,101117732465,房子年代新属于2019年左右交付使用免费地上地下车位,167万,19641元/平,中楼层 (共14层) 2室2厅 | 85.03平米 | 南 北,https://ke-image.ljcdn.com/110000-inspection/19e49529-d072-4ec9-b825-ae12cddf2558_1000.jpg!m_fill,w_280,h_210,f_jpg?from=ke.com
20240329,怀柔,怀柔,101117731992,急售房龄新商品房可随时签约装修小区绿化面积大,138万,19706元/平,中楼层 (共14层) 1室1厅 | 70.03平米 | 南,https://ke-image.ljcdn.com/110000-inspection/3dec5b69-3f06-446b-b0d1-c398c673a597_1000.jpg!m_fill,w_280,h_210,f_jpg?from=ke.com
20240329,怀柔,怀柔,101117731744,府前观邸 3室2厅 南 北,535万,37804元/平,高楼层 (共12层) 3室2厅 | 141.52平米 | 南 北,https://ke-image.ljcdn.com/110000-inspection/6cde701d-d935-4d37-bfef-3989d5fabe41_1000.jpg!m_fill,w_280,h_210,f_jpg?from=ke.com
20240329,怀柔,怀柔,101117718138,府前观邸 2室1厅 南,345万,38791元/平,中楼层 (共9层) 2室1厅 | 88.94平米 | 南,https://ke-image.ljcdn.com/110000-inspection/pc1_GKaKclm0H_1.jpg!m_fill,w_280,h_210,f_jpg?from=ke.com
20240329,怀柔,怀柔,101117713063,房子是南北通透格局户型方正采光充足视野开阔,336万,37062元/平,中楼层 (共11层) 2室1厅 | 90.66平米 | 南 北,https://ke-image.ljcdn.com/110000-inspection/pc1_1h8WXbxjz_1.jpg!m_fill,w_280,h_210,f_jpg?from=ke.com
20240329,怀柔,怀柔,101117712513,顶秀美泉小镇C区中层  2室1厅明厨 停车方便房主自荐,260万,29090元/平,中楼层 (共4层) 2室1厅 | 89.38平米 | 南 北,https://ke-image.ljcdn.com/110000-inspection/pc1_Se6EREfrq.jpg!m_fill,w_280,h_210,f_jpg?from=ke.com
20240329,怀柔,怀柔,101117671438,美丽家园南北通透三居成熟社区交通便利配套齐全,329万,27743元/平,底层 (共6层) 3室2厅 | 118.59平米 | 南 北,https://ke-image.ljcdn.com/110000-inspection/023827ec-419e-4bbe-95b2-de3dc318871b_1000.jpg!m_fill,w_280,h_210,f_jpg?from=ke.com
20240329,怀柔,怀柔,101117664539,府前东街 南北通透 正规两居 全明格局 看房方便,170万,24883元/平,高楼层 (共6层) 2室1厅 | 68.32平米 | 南 北,https://ke-image.ljcdn.com/110000-inspection/pc1_dsJHttqAK.jpg!m_fill,w_280,h_210,f_jpg?from=ke.com
20240329,怀柔,怀柔,101117650769,本房是电梯住房精装修拎包入住,107万,20969元/平,底层 (共15层) | 2014年 | 1室1厅 | 51.03平米 | 南 北,https://ke-image.ljcdn.com/110000-inspection/53b9a417-d412-4ce8-a074-2a539ffea1e0_1000.jpg!m_fill,w_280,h_210,f_jpg?from=ke.com
20240329,怀柔,怀柔,101117649478,乐红园 南北通透 采光好  含17平米地下室 满五唯一,275万,30340元/平,低楼层 (共6层) 3室1厅 | 90.64平米 | 南 北,https://ke-image.ljcdn.com/110000-inspection/pc1_FPrvG49Lv.jpg!m_fill,w_280,h_210,f_jpg?from=ke.com
20240329,怀柔,怀柔,101117640122,水岸雁栖楼道干净整洁 即买即住,230万,30168元/平,中楼层 (共5层) 2室1厅 | 76.24平米 | 东 西,https://ke-image.ljcdn.com/110000-inspection/pc1_OEtmmzewh.jpg!m_fill,w_280,h_210,f_jpg?from=ke.com
20240329,怀柔,怀柔,101117630381,梦想家园满五唯一电梯高层采光好景观房,240万,26864元/平,顶层 (共15层) 2室1厅 | 89.34平米 | 南 北,https://ke-image.ljcdn.com/110000-inspection/35174286-4b41-484e-9d4d-e1a25f338ba1_1000.jpg!m_fill,w_280,h_210,f_jpg?from=ke.com
20240329,怀柔,怀柔,101117590273,龙山御景 水库边 电梯房 采光好 拎包入住,530万,37233元/平,低楼层 (共18层) 3室2厅 | 142.35平米 | 南 北,https://ke-image.ljcdn.com/110000-inspection/pc1_M8UibOBX9_1.jpg!m_fill,w_280,h_210,f_jpg?from=ke.com
20240329,怀柔,怀柔,101117574123,富乐小区中间楼层 交通便利 配套齐全,288万,26263元/平,中楼层 (共6层) 3室2厅 | 109.66平米 | 南 北,https://ke-image.ljcdn.com/110000-inspection/b80a24f9-9d52-4a09-84c0-133066129fc9_1000.jpg!m_fill,w_280,h_210,f_jpg?from=ke.com
20240329,怀柔,怀柔,101117568575,安乐馨居精装修高楼层采光好,200万,23368元/平,高楼层 (共17层) | 2018年 | 2室1厅 | 85.59平米 | 南 北,https://ke-image.ljcdn.com/110000-inspection/3f9275d3-648b-4bf2-b304-d546dcabf527_1000.jpg!m_fill,w_280,h_210,f_jpg?from=ke.com
20240329,怀柔,怀柔,101117566826,湖光小区 满五唯一 南北通透 配套齐全,149万,26608元/平,中楼层 (共5层) 2室1厅 | 56平米 | 南 北,https://ke-image.ljcdn.com/110000-inspection/pc1_xSc8hVp68.jpg!m_fill,w_280,h_210,f_jpg?from=ke.com
20240329,怀柔,怀柔,101117556694,怀柔新新家园 2室一厅 采光充足 电梯房,310万,34583元/平,中楼层 (共16层) 2室1厅 | 89.64平米 | 南,https://ke-image.ljcdn.com/110000-inspection/c3163978-dfe0-4f4e-b1d0-5a7e16d6a046_1000.jpg!m_fill,w_280,h_210,f_jpg?from=ke.com
20240329,怀柔,怀柔,101117510503,南北三居门口公交车站到太阳宫地铁站和望京西公交站房主自荐,147万,19466元/平,高楼层 (共6层) 3室1厅 | 75.52平米 | 南 北,https://ke-image.ljcdn.com/110000-inspection/4ab9abde-4172-4bef-9dcd-cf57fbe32979_1000.jpg!m_fill,w_280,h_210,f_jpg?from=ke.com
20240329,怀柔,怀柔,101117455055,怡安园小区 南北通透 看房方便靠谱出售,156万,21447元/平,中楼层 (共6层) 3室1厅 | 72.74平米 | 南 北,https://ke-image.ljcdn.com/110000-inspection/c99e8b27-40b0-40d7-9ab1-bf0fe3310c95_1000.jpg!m_fill,w_280,h_210,f_jpg?from=ke.com
20240329,怀柔,怀柔,101117339996,北京城建胜悦居2019年人车分流新社区采光视野好电梯房,198万,34257元/平,高楼层 (共11层) 1室1厅 | 57.8平米 | 南,https://ke-image.ljcdn.com/110000-inspection/pc1_pPDMttmZ8_1.jpg!m_fill,w_280,h_210,f_jpg?from=ke.com
20240329,怀柔,怀柔,101117274548,育龙铭居满五唯一中楼层采光好,150万,22759元/平,中楼层 (共8层) 2室1厅 | 65.91平米 | 南 北,https://ke-image.ljcdn.com/110000-inspection/pc1_MS1w7XtkA_1.jpg!m_fill,w_280,h_210,f_jpg?from=ke.com
20240329,怀柔,怀柔,101117273139,顶秀美泉小镇A区 南北大平米的三居 精装修 中间楼层,425万,31805元/平,中楼层 (共5层) | 2010年 | 3室2厅 | 133.63平米 | 南 北,https://ke-image.ljcdn.com/110000-inspection/f9b5f206-1d9f-4541-86f3-3937d13656bb_1000.jpg!m_fill,w_280,h_210,f_jpg?from=ke.com
20240329,怀柔,怀柔,101117266058,北大街1号院、南北通透、视野宽阔、采光充足,233万,27506元/平,顶层 (共6层) | 1998年 | 3室1厅 | 84.71平米 | 南 北,https://ke-image.ljcdn.com/110000-inspection/pc1_OlkRSUnMG.jpg!m_fill,w_280,h_210,f_jpg?from=ke.com
20240329,怀柔,怀柔,101117259579,小中富乐二区 南北通透  低楼层,245万,28912元/平,底层 (共6层) 3室1厅 | 84.74平米 | 南 北,https://ke-image.ljcdn.com/110000-inspection/1d51ae8a-45d8-4fd3-805d-aa2defc5d04e_1000.jpg!m_fill,w_280,h_210,f_jpg?from=ke.com
20240329,怀柔,怀柔,101117235309,青春路中高层户型方正交通方便精装修,300万,23134元/平,高楼层 (共6层) 3室1厅 | 129.68平米 | 南 北,https://ke-image.ljcdn.com/110000-inspection/pc1_M38A4eH4d_1.jpg!m_fill,w_280,h_210,f_jpg?from=ke.com
20240329,怀柔,怀柔,101117214602,梦想家园西区 高楼层 南北通透两居室,250万,27983元/平,顶层 (共15层) | 2014年 | 2室1厅 | 89.34平米 | 南 北,https://ke-image.ljcdn.com/110000-inspection/40a604e2-8580-494c-9c18-70cf22e8ff85_1000.jpg!m_fill,w_280,h_210,f_jpg?from=ke.com
20240329,怀柔,怀柔,101117208760,满五唯一 电梯房 采光充足 无遮挡,200万,22710元/平,高楼层 (共15层) | 2014年 | 2室1厅 | 88.07平米 | 南 北,https://ke-image.ljcdn.com/110000-inspection/pc1_mjgcMYPo6_1.jpg!m_fill,w_280,h_210,f_jpg?from=ke.com
20240329,怀柔,怀柔,101117187145,怀柔县南华园四区 交通便利 配套齐全,185万,32091元/平,底层 (共6层) 2室1厅 | 57.65平米 | 南 北,https://ke-image.ljcdn.com/110000-inspection/4ff109d9-cb24-4dd2-bf64-2ac65aab762c_1000.jpg!m_fill,w_280,h_210,f_jpg?from=ke.com
20240329,怀柔,怀柔,101117171603,益田影人四季花园南北通透诚意出售,499万,25533元/平,低楼层 (共8层) | 2012年 | 4室2厅 | 195.44平米 | 南 北,https://ke-image.ljcdn.com/110000-inspection/pc1_7G6v6QbWt.jpg!m_fill,w_280,h_210,f_jpg?from=ke.com
20240329,怀柔,怀柔,101117169505,青春路九院 南北通透   精装修,200万,22083元/平,顶层 (共6层) | 2000年 | 3室1厅 | 90.57平米 | 南 北,https://ke-image.ljcdn.com/110000-inspection/a63b6caf-b335-4c50-86d7-966bb83b8ce3_1000.jpg!m_fill,w_280,h_210,f_jpg?from=ke.com
20240329,怀柔,怀柔,101117152717,康馨家园高层南北通透三居采光充足配套齐全,270万,30236元/平,高楼层 (共6层) 3室1厅 | 89.3平米 | 南 北,https://ke-image.ljcdn.com/110000-inspection/pc1_3O1XN9vkm.jpg!m_fill,w_280,h_210,f_jpg?from=ke.com
20240329,怀柔,怀柔,101117152369,湖光北院主卧和客厅都朝南采光通透格局方正,205万,25185元/平,顶层 (共5层) 2室1厅 | 81.4平米 | 南,https://ke-image.ljcdn.com/110000-inspection/64f9a0a1-9858-4556-bc9b-92375a015891_1000.jpg!m_fill,w_280,h_210,f_jpg?from=ke.com
20240329,怀柔,怀柔,101117099378,龙山御景 满五唯一 南北通透户型方正 3居室,518万,39012元/平,高楼层 (共22层) 3室2厅 | 132.78平米 | 南 北,https://ke-image.ljcdn.com/110000-inspection/pc1_kLeBhmlWH_1.jpg!m_fill,w_280,h_210,f_jpg?from=ke.com
20240329,怀柔,怀柔,101117089343,精装修楼龄新环境好楼层高视野好,265万,26733元/平,顶层 (共8层) 2室1厅 | 99.13平米 | 南 北,https://ke-image.ljcdn.com/110000-inspection/pc1_xyBRuwn1q_1.jpg!m_fill,w_280,h_210,f_jpg?from=ke.com
20240329,怀柔,怀柔,101117067388,全实木精装修 南北通透 地理位置好交通便利。,245万,29730元/平,高楼层 (共6层) | 1999年 | 3室1厅 | 82.41平米 | 南 北,https://ke-image.ljcdn.com/110000-inspection/323f1066-9e4c-4d43-9759-0f8fe3dfc418_1000.jpg!m_fill,w_280,h_210,f_jpg?from=ke.com
20240329,怀柔,怀柔,101117040949,满五唯一精装修湖景房主卧朝南客厅朝西观水库全景,450万,32730元/平,中楼层 (共24层) 3室1厅 | 137.49平米 | 西南,https://ke-image.ljcdn.com/110000-inspection/pc1_bvEvxrT5w_1.jpg!m_fill,w_280,h_210,f_jpg?from=ke.com
20240329,怀柔,怀柔,101117039835,康馨家园南北通透业主稳定出售价格可以商量,310万,30770元/平,顶层 (共6层) | 2003年 | 3室2厅 | 100.75平米 | 北 南,https://ke-image.ljcdn.com/110000-inspection/pc1_TNt2FRJRE.jpg!m_fill,w_280,h_210,f_jpg?from=ke.com
20240329,怀柔,怀柔,101117036871,裕华园一区 电梯洋房 采光好 南北通透 户型方正,170万,21269元/平,低楼层 (共16层) 2室1厅 | 79.93平米 | 南 北,https://ke-image.ljcdn.com/110000-inspection/cb87056f-e6a0-41f4-ab96-49ed61e048d8_1000.jpg!m_fill,w_280,h_210,f_jpg?from=ke.com
20240329,怀柔,怀柔,101117034760,南北通透  建成年代2003年 次顶层 采光好 无遮挡,290万,29460元/平,高楼层 (共6层) 3室1厅 | 98.44平米 | 南 北,https://ke-image.ljcdn.com/110000-inspection/b128abb5-c467-46d7-a215-2668eb9088ca_1000.jpg!m_fill,w_280,h_210,f_jpg?from=ke.com
20240329,怀柔,怀柔,101117021245,满五唯一精装修一梯一户业主诚心出售房主自荐,215万,21904元/平,低楼层 (共3层) 2室1厅 | 98.16平米 | 南 北,https://ke-image.ljcdn.com/110000-inspection/pc1_sLllGpZJO_1.jpg!m_fill,w_280,h_210,f_jpg?from=ke.com
20240329,怀柔,怀柔,101117019986,北园 满五年唯一 南北通透三居室 采光好,200万,25537元/平,顶层 (共6层) 3室1厅 | 78.32平米 | 南 北,https://ke-image.ljcdn.com/110000-inspection/3914a412-0f47-4b37-9be4-0c3cd99a6ee3_1000.jpg!m_fill,w_280,h_210,f_jpg?from=ke.com
20240329,怀柔,怀柔,101117019602,东关二区小区满五唯一南北通透业主诚心出售。,200万,25189元/平,顶层 (共6层) | 1995年 | 3室1厅 | 79.4平米 | 南 北,https://ke-image.ljcdn.com/110000-inspection/41f600f9-a096-41dd-acf0-f81bda386986_1000.jpg!m_fill,w_280,h_210,f_jpg?from=ke.com
20240329,怀柔,怀柔,101117011290,顶秀美泉花园洋房 高楼层视野宽阔,460万,38552元/平,高楼层 (共7层) | 2015年 | 3室1厅 | 119.32平米 | 南 北,https://ke-image.ljcdn.com/110000-inspection/cac801a0-102e-4527-98c0-86eedcd573eb_1000.jpg!m_fill,w_280,h_210,f_jpg?from=ke.com
20240329,怀柔,怀柔,101117009463,铁路小区 南北通透两居室中间楼栋位于四层,219万,24451元/平,中楼层 (共6层) 2室1厅 | 89.57平米 | 南 北,https://ke-image.ljcdn.com/110000-inspection/dcd6a920-a5d8-4974-b58d-961d899ceec6_1000.jpg!m_fill,w_280,h_210,f_jpg?from=ke.com
20240329,怀柔,怀柔,101116995521,北京城建胜悦居 新小区 双电梯 22年装修,265万,35879元/平,低楼层 (共15层) 2室1厅 | 73.86平米 | 南,https://ke-image.ljcdn.com/110000-inspection/pc1_eS1tO4vNS.jpg!m_fill,w_280,h_210,f_jpg?from=ke.com
20240329,怀柔,怀柔,101116985769,梦想家园 西区 电梯房  楼龄新,195万,21827元/平,低楼层 (共15层) | 2014年 | 2室1厅 | 89.34平米 | 南 北,https://ke-image.ljcdn.com/110000-inspection/pc1_t3Upv080L.jpg!m_fill,w_280,h_210,f_jpg?from=ke.com
20240329,怀柔,怀柔,101116983213,东园北区三居室带装修满五唯一采光好,275万,27826元/平,高楼层 (共6层) 3室2厅 | 98.83平米 | 南,https://ke-image.ljcdn.com/110000-inspection/85430b45-daae-444e-8f08-88cd6c06714a_1000.jpg!m_fill,w_280,h_210,f_jpg?from=ke.com
20240329,怀柔,怀柔,101116967977,融城园南区满五唯一价钱可谈。,174万,21575元/平,顶层 (共6层) 3室1厅 | 80.65平米 | 南 北,https://ke-image.ljcdn.com/110000-inspection/3947235b-6bb5-495f-87bd-2f7fadb1d9f0_1000.jpg!m_fill,w_280,h_210,f_jpg?from=ke.com
20240329,怀柔,怀柔,101116961156,水岸雁栖新房 电梯洋房 即买即住 环境好 小区新房主自荐,310万,34583元/平,中楼层 (共4层) | 2021年 | 2室1厅 | 89.64平米 | 东 西,https://ke-image.ljcdn.com/110000-inspection/pc1_qI0aClRVX.jpg!m_fill,w_280,h_210,f_jpg?from=ke.com
20240329,怀柔,怀柔,101116940180,迎宾中路 中间楼层 满五唯一商品房,260万,29064元/平,中楼层 (共6层) 2室1厅 | 89.46平米 | 南 北,https://ke-image.ljcdn.com/110000-inspection/pc1_yiVUzduzD_1.jpg!m_fill,w_280,h_210,f_jpg?from=ke.com
20240329,怀柔,怀柔,101116932925,富乐社区一号院 把边儿户型 前后无遮挡视野好,160万,25519元/平,顶层 (共6层) 2室1厅 | 62.7平米 | 南 北,https://ke-image.ljcdn.com/110000-inspection/7c291047-c0b3-46da-9b0a-2241f6598887_1000.jpg!m_fill,w_280,h_210,f_jpg?from=ke.com
20240329,怀柔,怀柔,101116930862,家天下南北通透视野开阔精装修住宅,340万,31508元/平,高楼层 (共6层) 3室2厅 | 107.91平米 | 南 北,https://ke-image.ljcdn.com/110000-inspection/pc1_iQZfoScPd.jpg!m_fill,w_280,h_210,f_jpg?from=ke.com
20240329,怀柔,怀柔,101116900474,东园南区 3室1厅 南 北,238万,29580元/平,高楼层 (共6层) | 1994年 | 3室1厅 | 80.46平米 | 南 北,https://ke-image.ljcdn.com/110000-inspection/1d4e6990-a85b-4a46-8f5e-8c57fd29e582_1000.jpg!m_fill,w_280,h_210,f_jpg?from=ke.com
20240329,怀柔,怀柔,101116870515,小中富乐二区 含10平米地下室  3居好格局,289万,31176元/平,高楼层 (共6层) | 2001年 | 3室1厅 | 92.7平米 | 南 北,https://ke-image.ljcdn.com/110000-inspection/5940fff4-6175-4cc4-a90a-74cf6f5f989b_1000.jpg!m_fill,w_280,h_210,f_jpg?from=ke.com
20240329,怀柔,怀柔,101116849810,南华园二区  健身楼层  南北通透  带一个储物间,259万,25952元/平,顶层 (共6层) 3室2厅 | 99.8平米 | 东 南 北,https://ke-image.ljcdn.com/110000-inspection/651b47cb-0a89-4552-9b59-cc0235da92db_1000.jpg!m_fill,w_280,h_210,f_jpg?from=ke.com
20240329,怀柔,怀柔,101116846262,后横街小区  配套齐全 交通便利 南北通透,188万,25444元/平,低楼层 (共6层) 2室1厅 | 73.89平米 | 南 北,https://ke-image.ljcdn.com/110000-inspection/d404b746-3487-404c-869a-577717e0e80a_1000.jpg!m_fill,w_280,h_210,f_jpg?from=ke.com
20240329,怀柔,怀柔,101116824554,房子是2019年新精装未入住南北通透3居室诚意卖！,170万,20699元/平,高楼层 (共6层) | 2001年 | 3室1厅 | 82.13平米 | 南 北,https://ke-image.ljcdn.com/110000-inspection/04a63bf0-7c87-4fda-bd3e-59c0deda8f93_1000.jpg!m_fill,w_280,h_210,f_jpg?from=ke.com
20240329,怀柔,怀柔,101116822211,于家园二区南院 南北通透低楼层,276万,29822元/平,底层 (共6层) 3室1厅 | 92.55平米 | 南 北,https://ke-image.ljcdn.com/110000-inspection/pc1_xS7IzSy4y_1.jpg!m_fill,w_280,h_210,f_jpg?from=ke.com
20240329,怀柔,怀柔,101116809734,满五年唯一双南向户型低楼层出入方便不临街,358万,35683元/平,低楼层 (共12层) 2室1厅 | 100.33平米 | 南,https://ke-image.ljcdn.com/110000-inspection/bde72928-85b1-416c-a7bc-4cb58b8cfca7_1000.jpg!m_fill,w_280,h_210,f_jpg?from=ke.com
20240329,怀柔,怀柔,101116808631,满五唯一 楼层好 采光好 落地窗 车位充足,399万,32186元/平,中楼层 (共6层) 3室2厅 | 123.97平米 | 南 北,https://ke-image.ljcdn.com/110000-inspection/e25a58a7-62f7-47ea-ad79-dcd856fa2a96_1000.jpg!m_fill,w_280,h_210,f_jpg?from=ke.com
20240329,怀柔,怀柔,101116807987,后 横 街 小 区 满 五 唯 一,205万,21449元/平,顶层 (共6层) 3室1厅 | 95.58平米 | 南 北,https://ke-image.ljcdn.com/110000-inspection/2be2d4a9-6c46-4941-8bbc-a9cf28e5c16e_1000.jpg!m_fill,w_280,h_210,f_jpg?from=ke.com
20240329,怀柔,怀柔,101116788350,迎宾中路甲27号 3室1厅 东,310万,19102元/平,中楼层 (共4层) | 2000年 | 3室1厅 | 162.29平米 | 东,https://ke-image.ljcdn.com/110000-inspection/3fc9e0d4-669b-4c8a-851c-6308abf23a05_1000.jpg!m_fill,w_280,h_210,f_jpg?from=ke.com
20240329,怀柔,怀柔,101116775042,商品房带电梯.中间楼层 视野开阔,365万,40719元/平,中楼层 (共16层) 2室1厅 | 89.64平米 | 南 北,https://ke-image.ljcdn.com/110000-inspection/pc1_PescBh7Qq_1.jpg!m_fill,w_280,h_210,f_jpg?from=ke.com
20240329,怀柔,怀柔,101116770843,顶秀美泉小镇A区低楼层精装修环境好人文素质高,350万,30654元/平,中楼层 (共4层) 3室1厅 | 114.18平米 | 南 北,https://ke-image.ljcdn.com/110000-inspection/pc1_XaopfTCKp_1.jpg!m_fill,w_280,h_210,f_jpg?from=ke.com
20240329,怀柔,怀柔,101116723443,房子是两室带阳台格局  南北通透 采光好,180万,29841元/平,中楼层 (共6层) | 1989年 | 2室1厅 | 60.32平米 | 南 北,https://ke-image.ljcdn.com/110000-inspection/a162e9ba-560e-49e9-8da6-a6cf5c5e8cda_1000.jpg!m_fill,w_280,h_210,f_jpg?from=ke.com
20240329,怀柔,怀柔,101116715585,柏泉庄园雁鸣园B区精装修两居室,190万,21455元/平,高楼层 (共12层) 2室1厅 | 88.56平米 | 南 北,https://ke-image.ljcdn.com/110000-inspection/418ce1fa-9ec0-4d59-a19d-4c268eb70a11_1000.jpg!m_fill,w_280,h_210,f_jpg?from=ke.com
20240329,怀柔,怀柔,101116707052,湖光小区户型方正利用率高视野开阔三居室,195万,24318元/平,顶层 (共6层) | 1997年 | 3室1厅 | 80.19平米 | 南 北,https://ke-image.ljcdn.com/110000-inspection/0be838c1-843e-43f3-8b28-5f447d50e230_1000.jpg!m_fill,w_280,h_210,f_jpg?from=ke.com
20240329,怀柔,怀柔,101116692635,府前东街九院 南北3居室 精装修,265万,28774元/平,底层 (共6层) 3室1厅 | 92.1平米 | 南 北,https://ke-image.ljcdn.com/110000-inspection/6285197f-2c20-4cbe-81a3-15a3b9029820_1000.jpg!m_fill,w_280,h_210,f_jpg?from=ke.com
20240329,怀柔,怀柔,101116668741,满五唯一 健身楼层南北通透带一个储物间,210万,26228元/平,高楼层 (共6层) 3室1厅 | 80.07平米 | 北 南,https://ke-image.ljcdn.com/110000-inspection/pc1_0V1wZMPVx.jpg!m_fill,w_280,h_210,f_jpg?from=ke.com
20240329,怀柔,怀柔,101116664162,康馨家园2001年一层客厅通阳台,385万,38263元/平,底层 (共6层) | 2003年 | 3室1厅 | 100.62平米 | 南 北,https://ke-image.ljcdn.com/110000-inspection/pc1_2eZxtKlLu.jpg!m_fill,w_280,h_210,f_jpg?from=ke.com
20240329,怀柔,怀柔,101116634300,镜春园宜居温馨大三居电梯房次顶层采光好,560万,39493元/平,高楼层 (共7层) 3室1厅 | 141.8平米 | 南 北,https://ke-image.ljcdn.com/110000-inspection/pc1_5FKmCREsE.jpg!m_fill,w_280,h_210,f_jpg?from=ke.com
20240329,怀柔,怀柔,101116601914,南华园四区南北通透装修格局采光好价钱可议房主自荐,215万,23866元/平,高楼层 (共6层) 2室2厅 | 90.09平米 | 南 北,https://ke-image.ljcdn.com/110000-inspection/1f9352f3-926e-4bf0-ab38-afe3b29ccff3_1000.jpg!m_fill,w_280,h_210,f_jpg?from=ke.com
20240329,怀柔,怀柔,101116574080,世嘉光织谷东区   满五唯一   精装修,280万,27422元/平,顶层 (共6层) | 2013年 | 2室1厅 | 102.11平米 | 南,https://ke-image.ljcdn.com/110000-inspection/1179b6ee-99b6-42bd-ba65-335374603382_1000.jpg!m_fill,w_280,h_210,f_jpg?from=ke.com
20240329,怀柔,怀柔,101116570072,龙山御景电梯高层南北东向卫生间有窗诚意出售房主自荐,550万,38668元/平,低楼层 (共21层) 3室2厅 | 142.24平米 | 北 南 东,https://ke-image.ljcdn.com/110000-inspection/b60f099c-6f11-438b-adac-87749e6ac10e_1000.jpg!m_fill,w_280,h_210,f_jpg?from=ke.com
20240329,怀柔,怀柔,101116544824,主卧带阳台客厅通阳台落地窗价格低 诚意出售,325万,25338元/平,底层 (共6层) | 2006年 | 3室1厅 | 128.27平米 | 南 北,https://ke-image.ljcdn.com/110000-inspection/4d2c8e87-a23c-4246-b477-7adb6d3150d0_1000.jpg!m_fill,w_280,h_210,f_jpg?from=ke.com
20240329,怀柔,怀柔,101116543470,青春苑西区精装修三居室满五年唯一中间楼层。,475万,35945元/平,中楼层 (共6层) | 2005年 | 3室2厅 | 132.15平米 | 南 北,https://ke-image.ljcdn.com/110000-inspection/f866185c-1295-43c1-b8c2-f019b0d816f7_1000.jpg!m_fill,w_280,h_210,f_jpg?from=ke.com
20240329,怀柔,怀柔,101116532039,世嘉光织谷东区满五唯一  精装修,239万,24142元/平,中楼层 (共6层) 2室2厅 | 99平米 | 南 北,https://ke-image.ljcdn.com/110000-inspection/pc1_IEqpyt4aV_2.jpg!m_fill,w_280,h_210,f_jpg?from=ke.com
20240329,怀柔,怀柔,101116526959,顶秀美泉小镇C区环境优美交通便利业主诚心出售,369万,31493元/平,底层 (共5层) | 2010年 | 3室2厅 | 117.17平米 | 南 北,https://ke-image.ljcdn.com/110000-inspection/pc1_7GqOuqREd.jpg!m_fill,w_280,h_210,f_jpg?from=ke.com
20240329,怀柔,怀柔,101116524660,柏泉庄园雁鸣园B区 南向的两居室,168万,24362元/平,低楼层 (共12层) 2室1厅 | 68.96平米 | 南,https://ke-image.ljcdn.com/110000-inspection/pc1_2GuDLnNaA.jpg!m_fill,w_280,h_210,f_jpg?from=ke.com
20240329,怀柔,怀柔,101116518952,龙山御景 视野宽阔 客厅通阳台 交通便利,570万,36749元/平,中楼层 (共25层) 3室2厅 | 155.11平米 | 南 北,https://ke-image.ljcdn.com/110000-inspection/66fb2d4e-9d3a-45f3-b255-4e5878e20ae0_1000.jpg!m_fill,w_280,h_210,f_jpg?from=ke.com
20240329,怀柔,怀柔,101116513324,顶秀美泉小镇A区 小区中间位置 低楼层 可贷款,245万,27448元/平,中楼层 (共4层) | 2010年 | 2室1厅 | 89.26平米 | 南 北,https://ke-image.ljcdn.com/110000-inspection/64f8e0cf-06c9-4eff-84c3-30650fbdedb6_1000.jpg!m_fill,w_280,h_210,f_jpg?from=ke.com
20240329,怀柔,怀柔,101116496872,裕华园一区  有电梯 装修好 出行方便,130万,22341元/平,低楼层 (共16层) 1室1厅 | 58.19平米 | 南,https://ke-image.ljcdn.com/110000-inspection/pc1_H0SsSYjg5.jpg!m_fill,w_280,h_210,f_jpg?from=ke.com
20240329,怀柔,怀柔,101116471282,南华园一区 南北通透 大阳台 中间楼层,235万,26617元/平,中楼层 (共6层) 3室1厅 | 88.29平米 | 南 北,https://ke-image.ljcdn.com/110000-inspection/7de36ae4-5cc1-4968-87ac-b768b9ed8ecd_1000.jpg!m_fill,w_280,h_210,f_jpg?from=ke.com
20240329,怀柔,怀柔,101116468616,满五唯一南北通透配套齐全交通便利。,268万,30965元/平,顶层 (共6层) | 1995年 | 3室1厅 | 86.55平米 | 南 北,https://ke-image.ljcdn.com/110000-inspection/065a216c-086d-49b8-a9b4-72d7ea479301_1000.jpg!m_fill,w_280,h_210,f_jpg?from=ke.com
20240329,怀柔,怀柔,101116466363,成熟社区 精装修 低楼层 南北通透大三居  带地下室房主自荐,435万,37433元/平,中楼层 (共6层) | 1999年 | 3室2厅 | 116.21平米 | 南 北,https://ke-image.ljcdn.com/110000-inspection/pc1_xmNZetlNC.jpg!m_fill,w_280,h_210,f_jpg?from=ke.com
20240329,怀柔,怀柔,101116441901,房龄新电梯房小区环境好生活配套完善交通便利,252万,31520元/平,低楼层 (共15层) 2室1厅 | 79.95平米 | 西,https://ke-image.ljcdn.com/110000-inspection/pc1_eDWQZskzj.jpg!m_fill,w_280,h_210,f_jpg?from=ke.com
20240329,怀柔,怀柔,101116438291,梦想家园西区、满五唯一、诚心出售、看房方便,185万,21062元/平,低楼层 (共15层) | 2014年 | 2室1厅 | 87.84平米 | 南 北,https://ke-image.ljcdn.com/110000-inspection/4b4030d4-ae7b-42fe-a975-e85b2630f692_1000.jpg!m_fill,w_280,h_210,f_jpg?from=ke.com
20240329,怀柔,怀柔,101116435930,龙山御景 南向高楼层 观景南向两居室,362万,44659元/平,中楼层 (共24层) 2室1厅 | 81.06平米 | 南,https://ke-image.ljcdn.com/110000-inspection/c87ad67f-3e4f-46ca-8b72-a43293e5577f_1000.jpg!m_fill,w_280,h_210,f_jpg?from=ke.com
20240329,怀柔,怀柔,101116387373,龙祥小区 刚需人群 低价好房 诚心出售 价格可谈,138万,33326元/平,顶层 (共6层) 1室1厅 | 41.41平米 | 东北,https://ke-image.ljcdn.com/110000-inspection/3ecf78b8-9ac7-44f9-b12d-f2af385f6b47_1000.jpg!m_fill,w_280,h_210,f_jpg?from=ke.com
20240329,怀柔,怀柔,101116383624,梦想家园西区南北通透户型方正业主诚心出售,180万,20342元/平,顶层 (共14层) | 2014年 | 2室1厅 | 88.49平米 | 南 北,https://ke-image.ljcdn.com/110000-inspection/fbe7c455-3726-4c7f-8590-7d31e6eba7d8_1000.jpg!m_fill,w_280,h_210,f_jpg?from=ke.com
20240329,怀柔,怀柔,101116365213,八龙桥雅苑 一居室 精装修 大面宽采光好,127万,22134元/平,顶层 (共5层) 1室1厅 | 57.38平米 | 东北,https://ke-image.ljcdn.com/110000-inspection/51643776-6f40-42fb-ba69-3b60c89e9760_1000.jpg!m_fill,w_280,h_210,f_jpg?from=ke.com
20240329,怀柔,怀柔,101116350370,东关一区满五唯一南北通透中楼层,315万,32078元/平,中楼层 (共6层) | 2005年 | 3室1厅 | 98.2平米 | 南 北,https://ke-image.ljcdn.com/110000-inspection/8a5134c4-e0da-48dd-b2fb-b769012ae650_1000.jpg!m_fill,w_280,h_210,f_jpg?from=ke.com
20240329,怀柔,怀柔,101116310820,两 居 室   装 修 好   视 野 好,180万,25975元/平,高楼层 (共6层) 2室1厅 | 69.3平米 | 南,https://ke-image.ljcdn.com/110000-inspection/20962c30-25fd-4a34-b7de-cace66d8077f_1000.jpg!m_fill,w_280,h_210,f_jpg?from=ke.com
20240329,怀柔,怀柔,101116298546,此房满五唯一南北通透三居室阳光充裕,230万,21617元/平,中楼层 (共5层) 3室1厅 | 106.4平米 | 南 北,https://ke-image.ljcdn.com/110000-inspection/pc1_k8KiDlyJ3.jpg!m_fill,w_280,h_210,f_jpg?from=ke.com
20240329,怀柔,怀柔,101116297228,新新家园 环境优美 交通便利 视野开阔,370万,38878元/平,低楼层 (共11层) | 2015年 | 3室1厅 | 95.17平米 | 南 北,https://ke-image.ljcdn.com/110000-inspection/3b72282c-66eb-4b05-a0e2-cadddc994b41_1000.jpg!m_fill,w_280,h_210,f_jpg?from=ke.com
20240329,怀柔,怀柔,101116296658,富乐小区北里 南北通透 交通便利 停车位充足,310万,27239元/平,顶层 (共6层) | 2000年 | 3室2厅 | 113.81平米 | 南 北,https://ke-image.ljcdn.com/110000-inspection/dfe4ca94-b008-46e5-ab6e-e48af57b984d_1000.jpg!m_fill,w_280,h_210,f_jpg?from=ke.com
20240329,怀柔,怀柔,101116283222,北京城建·胜悦居开放西路14号院,265万,35894元/平,低楼层 (共15层) | 2018年 | 2室1厅 | 73.83平米 | 南,https://ke-image.ljcdn.com/110000-inspection/dc4c1797-5760-487b-bb20-61f0844d964e_1000.jpg!m_fill,w_280,h_210,f_jpg?from=ke.com
20240329,怀柔,怀柔,101116283034,北京城建·胜悦居开放西路14号院,265万,35894元/平,低楼层 (共15层) | 2018年 | 2室1厅 | 73.83平米 | 南,https://ke-image.ljcdn.com/110000-inspection/813a6940-4e2c-4ed1-86e3-29f1a696a4ca_1000.jpg!m_fill,w_280,h_210,f_jpg?from=ke.com
20240329,怀柔,怀柔,101116235711,总价底3居室坐公交到太阳公地铁站和望京西公交站。,198万,17597元/平,顶层 (共6层) 3室2厅 | 112.52平米 | 东 南 北,https://ke-image.ljcdn.com/110000-inspection/0483e502-c2f4-4830-96d3-a1aab16eb164_1000.jpg!m_fill,w_280,h_210,f_jpg?from=ke.com
20240329,怀柔,怀柔,101116223355,富乐大街9号院满五唯一看房方便,410万,26933元/平,顶层 (共6层) | 2004年 | 4室2厅 | 152.23平米 | 南 北,https://ke-image.ljcdn.com/110000-inspection/52e8d207-92ef-4b51-8c1a-944db07c4de6_1000.jpg!m_fill,w_280,h_210,f_jpg?from=ke.com
20240329,怀柔,怀柔,101116208773,怀柔城区 青春路东 七院 低层两居,175万,33616元/平,中楼层 (共5层) | 1985年 | 2室1厅 | 52.06平米 | 南,https://ke-image.ljcdn.com/110000-inspection/pc1_9sUezQB6w_1.jpg!m_fill,w_280,h_210,f_jpg?from=ke.com
20240329,怀柔,怀柔,101116206186,裕华园一区电梯房采光充足。,135万,23184元/平,中楼层 (共14层) | 2013年 | 1室1厅 | 58.23平米 | 南,https://ke-image.ljcdn.com/110000-inspection/36a9de27-0aa0-46c2-8f7f-39cad891ded7_1000.jpg!m_fill,w_280,h_210,f_jpg?from=ke.com
20240329,怀柔,怀柔,101116194647,金台园 低层 南北通透三居室 满五年唯一,239万,32736元/平,底层 (共6层) | 2006年 | 3室1厅 | 73.01平米 | 南 北,https://ke-image.ljcdn.com/110000-inspection/pc1_svVdqbJto_1.jpg!m_fill,w_280,h_210,f_jpg?from=ke.com
20240329,怀柔,怀柔,101116168311,梦想家园东区南北通透三居看房方便业主诚意出售,248万,22953元/平,高楼层 (共15层) 3室2厅 | 108.05平米 | 南 北,https://ke-image.ljcdn.com/110000-inspection/5a6f3e30-217a-4854-aa39-96a7cd90cfec_1000.jpg!m_fill,w_280,h_210,f_jpg?from=ke.com
20240329,怀柔,怀柔,101116167831,郑重庄637号 1室1厅 南,120万,22557元/平,低楼层 (共3层) | 1994年 | 1室1厅 | 53.2平米 | 南,https://ke-image.ljcdn.com/110000-inspection/pc1_Xm3MkvmPR_1.jpg!m_fill,w_280,h_210,f_jpg?from=ke.com
20240329,怀柔,怀柔,101116149822,汇都家园顶层四居室 南北通透 采光好房主自荐,456万,24874元/平,顶层 (共6层) 4室3厅 | 183.33平米 | 南 北,https://ke-image.ljcdn.com/110000-inspection/fdfd65e2-a4ac-4c78-97b0-fb285dfb501e_1000.jpg!m_fill,w_280,h_210,f_jpg?from=ke.com
20240329,怀柔,怀柔,101116149325,此房不满二唯一。。。。看房方便,190万,31276元/平,高楼层 (共6层) | 1989年 | 2室1厅 | 60.75平米 | 南 北,https://ke-image.ljcdn.com/110000-inspection/b70f9fe6-4721-435d-9e66-65caf4cfb428_1000.jpg!m_fill,w_280,h_210,f_jpg?from=ke.com
20240329,怀柔,怀柔,101116128282,柏泉庄园雁鸣园B区 小区环境优美周边交通便利,138万,23967元/平,中楼层 (共15层) 1室1厅 | 57.58平米 | 南 北,https://ke-image.ljcdn.com/110000-inspection/pc1_1mL1urAx8.jpg!m_fill,w_280,h_210,f_jpg?from=ke.com
20240329,怀柔,怀柔,101116127753,富乐社区一号院 满五年唯一 南北通透,160万,25519元/平,顶层 (共6层) | 1991年 | 2室1厅 | 62.7平米 | 南 北,https://ke-image.ljcdn.com/110000-inspection/e4a4aebc-14f9-4163-a2d3-0aab3d35ebf7_1000.jpg!m_fill,w_280,h_210,f_jpg?from=ke.com
20240329,怀柔,怀柔,101116120241,青春路31号院满五唯一 南北通透中间楼层房主自荐,290万,29747元/平,中楼层 (共6层) 3室1厅 | 97.49平米 | 南 北,https://ke-image.ljcdn.com/110000-inspection/pc1_DJ9CcmgDF_1.jpg!m_fill,w_280,h_210,f_jpg?from=ke.com
20240329,怀柔,怀柔,101116104645,此房满五唯一业主诚心出售看房方便,219万,22582元/平,顶层 (共6层) 3室1厅 | 96.98平米 | 南 北,https://ke-image.ljcdn.com/110000-inspection/pc1_Hkc3l8YEA_1.jpg!m_fill,w_280,h_210,f_jpg?from=ke.com
20240329,怀柔,怀柔,101116086059,龙山御景 观景房 看房方便 宽敞大三居,475万,37329元/平,中楼层 (共26层) 3室2厅 | 127.25平米 | 南 北,https://ke-image.ljcdn.com/110000-inspection/66960434-e064-4a08-be00-4ada910377fd_1000.jpg!m_fill,w_280,h_210,f_jpg?from=ke.com
20240329,怀柔,怀柔,101116082139,金台园满五唯一中间楼层看房随时,219万,28237元/平,高楼层 (共6层) | 1995年 | 3室1厅 | 77.56平米 | 南 北,https://ke-image.ljcdn.com/110000-inspection/103d3655-d0d6-40df-9eda-db3202ddb1ad_1000.jpg!m_fill,w_280,h_210,f_jpg?from=ke.com
20240329,怀柔,怀柔,101116055537,四季花园 精装修两居 中间层 南北通透 花园洋房,228万,23117元/平,中楼层 (共8层) | 2012年 | 2室1厅 | 98.63平米 | 南 北,https://ke-image.ljcdn.com/110000-inspection/pc1_9gDUaTYsT_1.jpg!m_fill,w_280,h_210,f_jpg?from=ke.com
20240329,怀柔,怀柔,101116043663,优质好房干净整洁业主诚心出售南北通透。,275万,23920元/平,高楼层 (共6层) | 1995年 | 4室1厅 | 114.97平米 | 南 北,https://ke-image.ljcdn.com/110000-inspection/93487d8c-e530-4ea0-950d-99ff500a7205_1000.jpg!m_fill,w_280,h_210,f_jpg?from=ke.com
20240329,怀柔,怀柔,101116028244,本房南北通透精装修方便出行。,239万,27538元/平,高楼层 (共6层) | 1995年 | 3室1厅 | 86.79平米 | 南 北,https://ke-image.ljcdn.com/110000-inspection/pc1_iwxCC0eGe_1.jpg!m_fill,w_280,h_210,f_jpg?from=ke.com
20240329,怀柔,怀柔,101116014807,满五唯一南北通透格局楼层好南北通透无遮挡,440万,28819元/平,中楼层 (共8层) | 2012年 | 4室1厅 | 152.68平米 | 南 北,https://ke-image.ljcdn.com/110000-inspection/d1f5843f-1f6e-4609-992b-dbb4f94c2bab_1000.jpg!m_fill,w_280,h_210,f_jpg?from=ke.com
20240329,怀柔,怀柔,101116014025,梦想家园 正规三居室 户型方正 带电梯 精装修,350万,28465元/平,中楼层 (共14层) | 2014年 | 3室2厅 | 122.96平米 | 南 北,https://ke-image.ljcdn.com/110000-inspection/440dd59d-5832-4be6-b01f-2f23cac302d8_1000.jpg!m_fill,w_280,h_210,f_jpg?from=ke.com
20240329,怀柔,怀柔,101116012653,小区中间 满五年唯一 4/6层 客厅通阳台,156万,22369元/平,中楼层 (共6层) 2室1厅 | 69.74平米 | 南 北,https://ke-image.ljcdn.com/110000-inspection/4e5c4529-8166-47c9-9a22-d6e098c6f3f0_1000.jpg!m_fill,w_280,h_210,f_jpg?from=ke.com
20240329,怀柔,怀柔,101115999023,八龙桥雅苑 满五唯一 南北通透三居室,221万,21070元/平,顶层 (共5层) | 2006年 | 3室1厅 | 104.89平米 | 南 北,https://ke-image.ljcdn.com/110000-inspection/6b54950c-ddb4-44c3-a9b9-24f9ea16af79_1000.jpg!m_fill,w_280,h_210,f_jpg?from=ke.com
20240329,怀柔,怀柔,101115996486,怀柔水库 高层电梯 观景房  四居复式,665万,36941元/平,高楼层 (共10层) | 2002年 | 4室3厅 | 180.02平米 | 南 北,https://ke-image.ljcdn.com/110000-inspection/26d279a3-de15-4d95-b287-21e48978cca6_1000.jpg!m_fill,w_280,h_210,f_jpg?from=ke.com
20240329,怀柔,怀柔,101115980561,楼龄新带电梯精装修视野开阔,193万,33282元/平,高楼层 (共12层) | 2018年 | 1室1厅 | 57.99平米 | 南,https://ke-image.ljcdn.com/110000-inspection/pc1_OcBZZkJAo_1.jpg!m_fill,w_280,h_210,f_jpg?from=ke.com
20240329,怀柔,怀柔,101115965627,怀柔新新家园三居室装修好楼龄新有电梯房主自荐,452万,33629元/平,底层 (共16层) 3室2厅 | 134.41平米 | 南 西 北,https://ke-image.ljcdn.com/110000-inspection/de5a6add-e78c-42c6-9c77-45b84fc0a371_1000.jpg!m_fill,w_280,h_210,f_jpg?from=ke.com
20240329,怀柔,怀柔,101115940150,南华大街  次顶层 视野无遮挡 采光充足,245万,28602元/平,高楼层 (共6层) | 1997年 | 3室1厅 | 85.66平米 | 南 北,https://ke-image.ljcdn.com/110000-inspection/72eeb68a-612f-4ffe-a7d6-9334dd8da2dd_1000.jpg!m_fill,w_280,h_210,f_jpg?from=ke.com
20240329,怀柔,怀柔,101115938578,北京城建胜悦居 电梯房 正规一居室,199万,30944元/平,中楼层 (共11层) 1室1厅 | 64.31平米 | 南,https://ke-image.ljcdn.com/110000-inspection/e38f3162-caff-4385-b7f1-338a76210184_1000.jpg!m_fill,w_280,h_210,f_jpg?from=ke.com
20240329,怀柔,怀柔,101115932845,此房精装修可以拎包入住业主诚心出售看房方便,260万,26108元/平,中楼层 (共7层) | 2012年 | 2室2厅 | 99.59平米 | 南 北,https://ke-image.ljcdn.com/110000-inspection/d63e2d1f-9e38-4277-bad9-6b16ffd71fc7_1000.jpg!m_fill,w_280,h_210,f_jpg?from=ke.com
20240329,怀柔,怀柔,101115918407,青春苑 两居室 99年小区 停车方便,205万,29282元/平,高楼层 (共6层) 2室1厅 | 70.01平米 | 南 北,https://ke-image.ljcdn.com/110000-inspection/b816ecc6-e9c2-4a08-81e8-a81939798961_1000.jpg!m_fill,w_280,h_210,f_jpg?from=ke.com
20240329,怀柔,怀柔,101115875462,益田影人四季花园小区中间位置南北通透三居室,430万,27604元/平,中楼层 (共8层) | 2012年 | 3室2厅 | 155.78平米 | 南 北,https://ke-image.ljcdn.com/110000-inspection/353c0066-58a3-4dd0-b9a3-db3c0e09e324_1000.jpg!m_fill,w_280,h_210,f_jpg?from=ke.com
20240329,怀柔,怀柔,101115870190,视野宽阔采光好配套设施齐全交通便利。,265万,29289元/平,中楼层 (共6层) 3室1厅 | 90.48平米 | 南 北,https://ke-image.ljcdn.com/110000-inspection/pc1_5id2mU8nI.jpg!m_fill,w_280,h_210,f_jpg?from=ke.com
20240329,怀柔,怀柔,101115861761,：满五唯一 商品房 高楼层 南北通透,175万,26392元/平,高楼层 (共6层) 2室1厅 | 66.31平米 | 南 北,https://ke-image.ljcdn.com/110000-inspection/132b17ce-307e-47b9-8fe1-e5c47bfdda1a_1000.jpg!m_fill,w_280,h_210,f_jpg?from=ke.com
20240329,怀柔,怀柔,101115852568,杨家园小区 2室1厅 南 北房主自荐,202万,30477元/平,中楼层 (共6层) 2室1厅 | 66.28平米 | 南 北,https://ke-image.ljcdn.com/110000-inspection/0a94ebe5-727f-4bc2-8a58-bf68bfb44965_1000.jpg!m_fill,w_280,h_210,f_jpg?from=ke.com
20240329,怀柔,怀柔,101115844453,南北大平米的三居 精装修 中间楼层 品牌家电 装修新,350万,26506元/平,中楼层 (共5层) | 2010年 | 3室1厅 | 132.05平米 | 南 北,https://ke-image.ljcdn.com/110000-inspection/pc1_B8QM3WIw7.jpg!m_fill,w_280,h_210,f_jpg?from=ke.com
20240329,怀柔,怀柔,101115802266,益田影人四季花园带电梯次顶层精装修拎包住。,580万,30865元/平,高楼层 (共8层) | 2012年 | 3室2厅 | 187.92平米 | 南 北,https://ke-image.ljcdn.com/110000-inspection/1eed8505-4a68-458e-a773-1f13ca343a93_1000.jpg!m_fill,w_280,h_210,f_jpg?from=ke.com
20240329,怀柔,怀柔,101115784875,科学城电梯房 花园小区 两口之家温馨小窝房主自荐,145万,25091元/平,底层 (共15层) | 2013年 | 1室1厅 | 57.79平米 | 南 北,https://ke-image.ljcdn.com/110000-inspection/18a23d98-3c13-4366-aa2b-c0b23d7a9bc6_1000.jpg!m_fill,w_280,h_210,f_jpg?from=ke.com
20240329,怀柔,怀柔,101115775800,南华园三区南北通透阳光充足,290万,25024元/平,中楼层 (共6层) | 2002年 | 3室2厅 | 115.89平米 | 东 南 北,https://ke-image.ljcdn.com/110000-inspection/89b7c541-0980-4dbf-ac19-86b9d5803139_1000.jpg!m_fill,w_280,h_210,f_jpg?from=ke.com
20240329,怀柔,怀柔,101115760751,怀柔高尔夫庄园里的电梯洋房  宜居,308万,21189元/平,中楼层 (共5层) | 2007年 | 2室2厅 | 145.36平米 | 东 西 北,https://ke-image.ljcdn.com/110000-inspection/pc1_ZCQQc50mW_1.jpg!m_fill,w_280,h_210,f_jpg?from=ke.com
20240329,怀柔,怀柔,101115753648,房子是南北通透低楼层 南边是公园 有地下室 诚意出售,320万,27078元/平,底层 (共5层) | 2015年 | 3室1厅 | 118.18平米 | 南 北,https://ke-image.ljcdn.com/110000-inspection/dcb0ed58-dc66-42c8-a3ce-39279269dd3f_1000.jpg!m_fill,w_280,h_210,f_jpg?from=ke.com
20240329,怀柔,怀柔,101115724560,怀柔新新家园 精装修 高楼层 电梯房,245万,32416元/平,高楼层 (共15层) | 2017年 | 2室1厅 | 75.58平米 | 东,https://ke-image.ljcdn.com/110000-inspection/04344eae-a2a9-43de-be67-4a3b65135efc_1000.jpg!m_fill,w_280,h_210,f_jpg?from=ke.com
20240329,怀柔,怀柔,101115698658,世嘉光织谷东区满五唯一精装修,217万,31432元/平,低楼层 (共6层) | 2013年 | 1室2厅 | 69.04平米 | 南,https://ke-image.ljcdn.com/110000-inspection/c8b3554c-c175-4d4b-be66-a4ef297ddb13_1000.jpg!m_fill,w_280,h_210,f_jpg?from=ke.com
20240329,怀柔,怀柔,101115659547,东园南区、满五唯一、南北通透、采光充足,220万,22151元/平,顶层 (共6层) | 1993年 | 3室1厅 | 99.32平米 | 南 北,https://ke-image.ljcdn.com/110000-inspection/0b83cea2-915e-4076-8054-c9e18e0a2da1_1000.jpg!m_fill,w_280,h_210,f_jpg?from=ke.com
20240329,怀柔,怀柔,101115642425,育龙铭居 满2年商品房 精装修 有电梯 诚心出售,150万,22704元/平,高楼层 (共8层) | 2012年 | 2室1厅 | 66.07平米 | 南 北,https://ke-image.ljcdn.com/110000-inspection/e14aebfb-95b2-4a26-8ecf-6d1812e8eef4_1000.jpg!m_fill,w_280,h_210,f_jpg?from=ke.com
20240329,怀柔,怀柔,101115641002,富乐小区北里 3室1厅 南 北,215万,30949元/平,中楼层 (共5层) | 1993年 | 3室1厅 | 69.47平米 | 南 北,https://ke-image.ljcdn.com/110000-inspection/pc1_Fk60WZIiA_1.jpg!m_fill,w_280,h_210,f_jpg?from=ke.com
20240329,怀柔,怀柔,101115613358,莲馨苑 南北通透三居室 低楼层,329万,29571元/平,低楼层 (共6层) | 2004年 | 3室2厅 | 111.26平米 | 南 北,https://ke-image.ljcdn.com/110000-inspection/pc1_zu6FZGLet_1.jpg!m_fill,w_280,h_210,f_jpg?from=ke.com
20240329,怀柔,怀柔,101115597834,富乐大街满五唯一三居室 配套完善 交通便利,305万,24393元/平,顶层 (共6层) 3室2厅 | 125.04平米 | 南 北,https://ke-image.ljcdn.com/110000-inspection/d325ff3b-003e-4f2c-ae43-cb8d0af7e2a4_1000.jpg!m_fill,w_280,h_210,f_jpg?from=ke.com
20240329,怀柔,怀柔,101115585485,裕华园一区小区 环境优美  配套齐全,210万,26218元/平,低楼层 (共14层) | 2013年 | 2室2厅 | 80.1平米 | 南 北,https://ke-image.ljcdn.com/110000-inspection/8fbafe22-05b5-486a-a5c6-7489033f9449_1000.jpg!m_fill,w_280,h_210,f_jpg?from=ke.com
20240329,怀柔,怀柔,101115577640,东关二区小区  满五唯一 南北向三居室,210万,27178元/平,顶层 (共6层) | 2010年 | 3室1厅 | 77.27平米 | 南 北,https://ke-image.ljcdn.com/110000-inspection/pc1_zdRrwN9sJ_1.jpg!m_fill,w_280,h_210,f_jpg?from=ke.com
20240329,怀柔,怀柔,101115574155,世嘉光织谷东区满二唯一精装修,345万,28532元/平,底层 (共5层) | 2013年 | 2室2厅 | 120.92平米 | 南 北,https://ke-image.ljcdn.com/110000-inspection/2e5fc4f4-f30e-49f9-94a6-04143c4145d9_1000.jpg!m_fill,w_280,h_210,f_jpg?from=ke.com
20240329,怀柔,怀柔,101115549435,世嘉光织谷西区满五不唯一精装房房主自荐,269万,28879元/平,中楼层 (共6层) | 2012年 | 2室1厅 | 93.15平米 | 南,https://ke-image.ljcdn.com/110000-inspection/351da872-59cc-4039-8761-136fe8d2368d_1000.jpg!m_fill,w_280,h_210,f_jpg?from=ke.com
20240329,怀柔,怀柔,101115515797,富乐大街9号院 南北通透2居 楼层好 视野好 精装修,258万,34327元/平,顶层 (共3层) | 2004年 | 2室1厅 | 75.16平米 | 南 北,https://ke-image.ljcdn.com/110000-inspection/0a15b1f7-2d67-4322-a1e1-ee60075876f4_1000.jpg!m_fill,w_280,h_210,f_jpg?from=ke.com
20240329,怀柔,怀柔,101115513120,世嘉光织谷东区满五唯一精装房子,220万,27401元/平,中楼层 (共5层) | 2013年 | 1室1厅 | 80.29平米 | 南,https://ke-image.ljcdn.com/110000-inspection/695010ba-a55f-41a5-b9e4-83806f78ca74_1000.jpg!m_fill,w_280,h_210,f_jpg?from=ke.com
20240329,怀柔,怀柔,101115445362,满五唯一南北通透采光充足无遮挡,180万,21100元/平,顶层 (共6层) 2室1厅 | 85.31平米 | 南 北,https://ke-image.ljcdn.com/110000-inspection/979192fe-d422-49c8-a890-eb32233d1ee8_1000.jpg!m_fill,w_280,h_210,f_jpg?from=ke.com
20240329,怀柔,怀柔,101115437892,融城园 北 区 低 楼 层 无 遮 挡,235万,22450元/平,中楼层 (共6层) 3室2厅 | 104.68平米 | 南 北,https://ke-image.ljcdn.com/110000-inspection/6c17b879-cabc-4c3c-bd01-8766dc2e4103_1000.jpg!m_fill,w_280,h_210,f_jpg?from=ke.com
20240329,怀柔,怀柔,101115416707,兴怀大街14号院 南北通透 户型方正 前后无遮挡,292万,26248元/平,中楼层 (共6层) 3室1厅 | 111.25平米 | 南 北,https://ke-image.ljcdn.com/110000-inspection/pc1_5pCOfMHm5_1.jpg!m_fill,w_280,h_210,f_jpg?from=ke.com
20240329,怀柔,怀柔,101115378485,富乐小区北里 南北通透 中间楼层,245万,28545元/平,低楼层 (共6层) 3室1厅 | 85.83平米 | 南 北,https://ke-image.ljcdn.com/110000-inspection/dcd627be-5501-428d-aedc-3e1ef5713ad4_1000.jpg!m_fill,w_280,h_210,f_jpg?from=ke.com
20240329,怀柔,怀柔,101115359805,南华园二区 看房方便 小区停车位充足 南北通透,270万,29551元/平,中楼层 (共6层) 3室2厅 | 91.37平米 | 南 北,https://ke-image.ljcdn.com/110000-inspection/a8b7795a-384c-4c39-9a1e-9abc692cf6a8_1000.jpg!m_fill,w_280,h_210,f_jpg?from=ke.com
20240329,怀柔,怀柔,101115329650,富乐社区一号院事业宽阔采光充足 房子通透,185万,24661元/平,高楼层 (共6层) | 1990年 | 3室1厅 | 75.02平米 | 南 北,https://ke-image.ljcdn.com/110000-inspection/ec398e03-94d9-4cb4-9daf-72623f17493a_1000.jpg!m_fill,w_280,h_210,f_jpg?from=ke.com
20240329,怀柔,怀柔,101115269780,南华园一区 南北大两居低楼层,329万,30248元/平,底层 (共6层) | 1995年 | 3室2厅 | 108.77平米 | 南 北,https://ke-image.ljcdn.com/110000-inspection/be5f43b5-d0f7-4a32-b21c-92820c3b49fd_1000.jpg!m_fill,w_280,h_210,f_jpg?from=ke.com
20240329,怀柔,怀柔,101115266687,融城园南区 诚心出售 低价好房,169万,20955元/平,顶层 (共6层) | 2010年 | 3室1厅 | 80.65平米 | 南 北,https://ke-image.ljcdn.com/110000-inspection/9b9c89e5-ba4d-4f41-abf3-fd8ad79f924f_1000.jpg!m_fill,w_280,h_210,f_jpg?from=ke.com
20240329,怀柔,怀柔,101115251354,府前东街13号院 一层 采光好 满五唯一,270万,35125元/平,底层 (共6层) 3室1厅 | 76.87平米 | 南 北,https://ke-image.ljcdn.com/110000-inspection/c33a16c8-25b1-4dbe-8a1e-54682c90d1b4_1000.jpg!m_fill,w_280,h_210,f_jpg?from=ke.com
20240329,怀柔,怀柔,101115226026,于家园园二区南院  温馨三居视野开阔,249万,28947元/平,底层 (共6层) 3室1厅 | 86.02平米 | 南 北,https://ke-image.ljcdn.com/110000-inspection/30f5d564-867f-41ab-a549-c703c5311022_1000.jpg!m_fill,w_280,h_210,f_jpg?from=ke.com
20240329,怀柔,怀柔,101115160686,融城园北区精装修两居室南北通透次顶层采光无遮挡,208万,24354元/平,中楼层 (共6层) | 2003年 | 2室2厅 | 85.41平米 | 南 北,https://ke-image.ljcdn.com/110000-inspection/c637a53b-c4fb-4acf-aaab-86a5fb3f6928_1000.jpg!m_fill,w_280,h_210,f_jpg?from=ke.com
20240329,怀柔,怀柔,101115143047,金台园 中低楼层有一个15平米的地下室,310万,32275元/平,低楼层 (共6层) | 2006年 | 3室2厅 | 96.05平米 | 南 北,https://ke-image.ljcdn.com/110000-inspection/4cbefbfe-83e7-4d79-8e5c-19fd3f327ee7_1000.jpg!m_fill,w_280,h_210,f_jpg?from=ke.com
20240329,怀柔,怀柔,101115126628,优质楼房户型方正低层3楼业主诚心出售,260万,29234元/平,中楼层 (共6层) 3室1厅 | 88.94平米 | 南 北,https://ke-image.ljcdn.com/110000-inspection/2656c6b3-9fe3-41f0-8988-224c5e5fa035_1000.jpg!m_fill,w_280,h_210,f_jpg?from=ke.com
20240329,怀柔,怀柔,101115110124,新元居小区南北通透高层三居两厅两卫边单元房主自荐,277万,25068元/平,顶层 (共6层) | 2002年 | 3室2厅 | 110.5平米 | 南 北,https://ke-image.ljcdn.com/110000-inspection/fcf7583e-42cf-406a-8bf5-ade1638c2452_1000.jpg!m_fill,w_280,h_210,f_jpg?from=ke.com
20240329,怀柔,怀柔,101115109704,低楼层成熟社区配套完善南北通透小3居.,184万,26487元/平,中楼层 (共5层) 3室1厅 | 69.47平米 | 南 北,https://ke-image.ljcdn.com/110000-inspection/91a063a8-d972-4066-ae28-baf2eeadad9f_1000.jpg!m_fill,w_280,h_210,f_jpg?from=ke.com
20240329,怀柔,怀柔,101115087385,府前觀邸 精装修电梯房 采光好 无遮挡 动静分离双卫,410万,36604元/平,低楼层 (共9层) 2室2厅 | 112.01平米 | 南 北,https://ke-image.ljcdn.com/110000-inspection/49a4cc9a-46d1-49ad-a0d0-22b093a458de_1000.jpg!m_fill,w_280,h_210,f_jpg?from=ke.com
20240329,怀柔,怀柔,101114996711,商业街 南北三居室 满五年家住房,255万,28591元/平,低楼层 (共6层) | 1994年 | 3室1厅 | 89.19平米 | 南 北,https://ke-image.ljcdn.com/110000-inspection/444c822d-1369-4e5d-99c2-ce620a6661e8_1000.jpg!m_fill,w_280,h_210,f_jpg?from=ke.com
20240329,怀柔,怀柔,101114975773,青春路九院 通透 诚意出售 视野好,190万,26825元/平,顶层 (共6层) 3室1厅 | 70.83平米 | 东 西,https://ke-image.ljcdn.com/110000-inspection/pc1_Vp2Qs9lJx_1.jpg!m_fill,w_280,h_210,f_jpg?from=ke.com
20240329,怀柔,怀柔,101114940073,迎宾中路 优质楼房 业主诚心出售,235万,25043元/平,高楼层 (共6层) | 2000年 | 3室1厅 | 93.84平米 | 东 西,https://ke-image.ljcdn.com/110000-inspection/584b15ad-d8f2-4527-b5cc-87dc85d51861_1000.jpg!m_fill,w_280,h_210,f_jpg?from=ke.com
20240329,怀柔,怀柔,101114920116,天韵家园大平层南北通透大三居看房方便,505万,35195元/平,中楼层 (共6层) | 2004年 | 3室2厅 | 143.49平米 | 南 北,https://ke-image.ljcdn.com/110000-inspection/2b000dd8-fe47-491c-8960-5d5b6a6fb823_1000.jpg!m_fill,w_280,h_210,f_jpg?from=ke.com
20240329,怀柔,怀柔,101114911869,八龙桥雅苑 4室2厅 南 北,220万,24516元/平,顶层 (共5层) | 2008年 | 4室2厅 | 89.74平米 | 南 北,https://ke-image.ljcdn.com/110000-inspection/pc1_Ez3iY5mfi_1.jpg!m_fill,w_280,h_210,f_jpg?from=ke.com
20240329,怀柔,怀柔,101114900512,光织谷 精装修两居室 带电梯出行方便 小区景色优美,240万,25606元/平,顶层 (共5层) | 2012年 | 2室1厅 | 93.73平米 | 南 北,https://ke-image.ljcdn.com/110000-inspection/pc1_fe4q5zjsk.jpg!m_fill,w_280,h_210,f_jpg?from=ke.com
20240329,怀柔,怀柔,101114868656,梦想家园西区  满五年唯一  南北通透,235万,26548元/平,中楼层 (共14层) | 2014年 | 2室2厅 | 88.52平米 | 南 北,https://ke-image.ljcdn.com/110000-inspection/pc1_H6RBf5DvK_1.jpg!m_fill,w_280,h_210,f_jpg?from=ke.com
20240329,怀柔,怀柔,101114817602,美丽家园 满五年唯一 南北通透 采光好视野开阔,220万,23888元/平,顶层 (共6层) | 2000年 | 2室1厅 | 92.1平米 | 南 北,https://ke-image.ljcdn.com/110000-inspection/11c2cf77-1487-4943-b435-3a7a304e1f2a_1000.jpg!m_fill,w_280,h_210,f_jpg?from=ke.com
20240329,怀柔,怀柔,101114778948,漪澜鑫筑  电梯房 朝西向  三室双卫,369万,26689元/平,低楼层 (共24层) 3室2厅 | 138.26平米 | 西,https://ke-image.ljcdn.com/110000-inspection/eeaf617f-8221-49bd-ac11-4e0c644efc8e_1000.jpg!m_fill,w_280,h_210,f_jpg?from=ke.com
20240329,怀柔,怀柔,101114759334,诚售 满2年 1层 南北向 户型方正 无浪费房主自荐,310万,28504元/平,底层 (共6层) | 1993年 | 3室1厅 | 108.76平米 | 南 北,https://ke-image.ljcdn.com/110000-inspection/ae189005-05c8-4524-8290-b18cd5fb83b8_1000.jpg!m_fill,w_280,h_210,f_jpg?from=ke.com
20240329,怀柔,怀柔,101114727969,美丽家园 中间楼层 采光好 南北通透 精装修,366万,30863元/平,中楼层 (共6层) | 2002年 | 3室2厅 | 118.59平米 | 南 北,https://ke-image.ljcdn.com/110000-inspection/pc1_3BZBOaw7O.jpg!m_fill,w_280,h_210,f_jpg?from=ke.com
20240329,怀柔,怀柔,101114721876,世嘉光织谷西区 满五唯一花园洋房,255万,26809元/平,中楼层 (共6层) | 2012年 | 2室1厅 | 95.12平米 | 南 北,https://ke-image.ljcdn.com/110000-inspection/pc1_sTFhnn8di_1.jpg!m_fill,w_280,h_210,f_jpg?from=ke.com
20240329,怀柔,怀柔,101114721685,交通便利独栋别墅小区环境好空气好房主自荐,900万,54589元/平,底层 (共2层) 5室4厅 | 164.87平米 | 东 南 北,https://ke-image.ljcdn.com/110000-inspection/0a024ccd-37ec-4d3c-8440-2aed4cfac697_1000.jpg!m_fill,w_280,h_210,f_jpg?from=ke.com
20240329,怀柔,怀柔,101114695345,新贤家园中间楼层采光充足。,278万,39216元/平,中楼层 (共11层) | 2013年 | 1室1厅 | 70.89平米 | 南 北,https://ke-image.ljcdn.com/110000-inspection/83b0feb4-b91e-43e1-b9d8-4e022eaadd3f_1000.jpg!m_fill,w_280,h_210,f_jpg?from=ke.com
20240329,怀柔,怀柔,101114662648,科学城里面的小区满五唯一出行方便,181万,25729元/平,底层 (共6层) | 2008年 | 2室1厅 | 70.35平米 | 南 北,https://ke-image.ljcdn.com/110000-inspection/0191fe47-18bc-4828-abe9-ef3b44a15cb5_1000.jpg!m_fill,w_280,h_210,f_jpg?from=ke.com
20240329,怀柔,怀柔,101114643751,馥郁苑次顶层三居、满五唯一、南北通透,375万,28084元/平,高楼层 (共6层) 3室2厅 | 133.53平米 | 南 北,https://ke-image.ljcdn.com/110000-inspection/5b245f3a-8be5-4d99-b992-41c386e62ee6_1000.jpg!m_fill,w_280,h_210,f_jpg?from=ke.com
20240329,怀柔,怀柔,101114643271,世嘉光织谷东区 满五年商品房 电梯花园洋房。,135万,26534元/平,低楼层 (共7层) | 2013年 | 1室1厅 | 50.88平米 | 西,https://ke-image.ljcdn.com/110000-inspection/ddd32c6f-799b-4fd6-8e7c-49422a315185_1000.jpg!m_fill,w_280,h_210,f_jpg?from=ke.com
20240329,怀柔,怀柔,101114642541,翠竹园小区2002年小区 迎宾路上  中层 全明格局 满五,385万,35685元/平,中楼层 (共6层) 3室2厅 | 107.89平米 | 南 北,https://ke-image.ljcdn.com/110000-inspection/c72f9022-af38-4856-8dbf-3d616c5944af_1000.jpg!m_fill,w_280,h_210,f_jpg?from=ke.com
20240329,怀柔,怀柔,101114635517,兴怀大街14号院 南北通透 正规三居 中间楼层 房子优质,219万,27246元/平,高楼层 (共6层) | 1998年 | 2室2厅 | 80.38平米 | 南 北,https://ke-image.ljcdn.com/110000-inspection/2d55a057-ae04-4d21-9e81-c92aee812e60_1000.jpg!m_fill,w_280,h_210,f_jpg?from=ke.com
20240329,怀柔,怀柔,101114625943,小区东侧北侧有大片花海风景宜人北影附近环境好,156万,17174元/平,高楼层 (共12层) | 2018年 | 2室1厅 | 90.84平米 | 南 北,https://ke-image.ljcdn.com/110000-inspection/71590731-bbbc-4fcb-baa6-bfe2d7fb0958_1000.jpg!m_fill,w_280,h_210,f_jpg?from=ke.com
20240329,怀柔,怀柔,101114621982,汇都家园正规三居室满五唯一南北通透诚心出售！房主自荐,416万,38955元/平,中楼层 (共6层) | 2004年 | 3室1厅 | 106.79平米 | 南 北,https://ke-image.ljcdn.com/110000-inspection/93f2bb8b-0286-4829-9e1e-a52a6cea986d_1000.jpg!m_fill,w_280,h_210,f_jpg?from=ke.com
20240329,怀柔,怀柔,101114616286,北京城建胜悦居2019年的小区所在位置好交通便利,280万,37925元/平,顶层 (共15层) | 2019年 | 2室1厅 | 73.83平米 | 南,https://ke-image.ljcdn.com/110000-inspection/94d9dd6c-36a6-4539-be9e-0285c8d1f9cd_1000.jpg!m_fill,w_280,h_210,f_jpg?from=ke.com
20240329,怀柔,怀柔,101114613101,93年楼龄 中间3层 3室1厅 生活便利,199万,27506元/平,中楼层 (共6层) | 1993年 | 3室1厅 | 72.35平米 | 南 北,https://ke-image.ljcdn.com/110000-inspection/ae1b014c-1ae7-4eac-9b14-98a3d65fc879_1000.jpg!m_fill,w_280,h_210,f_jpg?from=ke.com
20240329,怀柔,怀柔,101114606413,开放路2003年楼龄可以开店铺+居住两不耽误,215万,27505元/平,底层 (共6层) | 1998年 | 2室1厅 | 78.17平米 | 南 北,https://ke-image.ljcdn.com/110000-inspection/pc1_vR1W6wz1j_1.jpg!m_fill,w_280,h_210,f_jpg?from=ke.com
20240329,怀柔,怀柔,101114595223,本房房主诚心出售精装房源看房也很方便,210万,38682元/平,底层 (共5层) | 1986年 | 2室1厅 | 54.29平米 | 南 北,https://ke-image.ljcdn.com/110000-inspection/6670c8bc-30f1-43fa-8efb-65ea6605e342_1000.jpg!m_fill,w_280,h_210,f_jpg?from=ke.com
20240329,怀柔,怀柔,101114520462,龙湖花园 南北通透 满五唯一  楼层好 无遮挡,210万,27358元/平,中楼层 (共6层) | 1995年 | 3室1厅 | 76.76平米 | 南 北,https://ke-image.ljcdn.com/110000-inspection/b34ee980-dfb6-4cbb-ba62-e422ac33a165_1000.jpg!m_fill,w_280,h_210,f_jpg?from=ke.com
20240329,怀柔,怀柔,101114477171,美丽家园 南北通透 中间楼层 满五唯一,249万,27481元/平,高楼层 (共6层) | 2002年 | 2室1厅 | 90.61平米 | 南 北,https://ke-image.ljcdn.com/110000-inspection/126e50c2-454d-4d3e-a567-503795812879_1000.jpg!m_fill,w_280,h_210,f_jpg?from=ke.com
20240329,怀柔,怀柔,101114465699,怀柔区青春路小区楼层好装修好,240万,28681元/平,中楼层 (共6层) 3室1厅 | 83.68平米 | 南 北,https://ke-image.ljcdn.com/110000-inspection/64e96951-5d17-4b90-96f6-2c3ffe7c6004_1000.jpg!m_fill,w_280,h_210,f_jpg?from=ke.com
20240329,怀柔,怀柔,101114446562,乐红园 复式满五一套看房方便,430万,25452元/平,顶层 (共6层) | 2007年 | 4室2厅 | 168.95平米 | 东 南 北,https://ke-image.ljcdn.com/110000-inspection/fdb28988-9d8b-478e-82d2-7b2b70151fa7_1000.jpg!m_fill,w_280,h_210,f_jpg?from=ke.com
20240329,怀柔,怀柔,101114431302,新新家园 电梯房 客厅通阳台 精装修 诚意出售,455万,33852元/平,顶层 (共16层) | 2017年 | 3室2厅 | 134.41平米 | 南 西 北,https://ke-image.ljcdn.com/110000-inspection/8fb0d83f-0612-4cbf-912e-51f00c6ad6f1_1000.jpg!m_fill,w_280,h_210,f_jpg?from=ke.com
20240329,怀柔,怀柔,101114422692,富乐小区南里 看房方便 出行方便 诚心卖,225万,26452元/平,高楼层 (共6层) | 1999年 | 2室1厅 | 85.06平米 | 南 北,https://ke-image.ljcdn.com/110000-inspection/9aa9ee8f-9e4e-414e-925a-4325c4c3f615_1000.jpg!m_fill,w_280,h_210,f_jpg?from=ke.com
20240329,怀柔,怀柔,101114421798,南 北 通 透     采光好,180万,31008元/平,中楼层 (共6层) | 1992年 | 2室1厅 | 58.05平米 | 南 北,https://ke-image.ljcdn.com/110000-inspection/9a4c5b0c-0122-46ff-bb1c-7f8958ae0f60_1000.jpg!m_fill,w_280,h_210,f_jpg?from=ke.com
20240329,怀柔,怀柔,101114408870,青春路九院 满五年唯一住房 诚意出售,176万,24849元/平,高楼层 (共6层) | 1992年 | 3室1厅 | 70.83平米 | 东 西,https://ke-image.ljcdn.com/110000-inspection/bf578a11-b36f-4995-8d59-1298b2935ab4_1000.jpg!m_fill,w_280,h_210,f_jpg?from=ke.com
20240329,怀柔,怀柔,101114387438,青春路九院温馨两居南北通透满五唯一住房,168万,28509元/平,中楼层 (共6层) | 1992年 | 2室1厅 | 58.93平米 | 南 北,https://ke-image.ljcdn.com/110000-inspection/b4173b14-1aca-49ea-b1a2-d291fb7e67a9_1000.jpg!m_fill,w_280,h_210,f_jpg?from=ke.com
20240329,怀柔,怀柔,101114385274,镜春园宜居温馨大三居电梯次顶层,565万,39256元/平,中楼层 (共7层) | 2007年 | 3室2厅 | 143.93平米 | 南 北,https://ke-image.ljcdn.com/110000-inspection/dbd5a747-b068-4ad0-9844-e8ca370d9354_1000.jpg!m_fill,w_280,h_210,f_jpg?from=ke.com
20240329,怀柔,怀柔,101114381689,北大街1号院 高楼层 采光好 南北通透 户型方正,290万,26082元/平,顶层 (共6层) | 1995年 | 3室1厅 | 111.19平米 | 南 北,https://ke-image.ljcdn.com/110000-inspection/e9b2e081-055a-48d7-9f2e-775e5537b1fc_1000.jpg!m_fill,w_280,h_210,f_jpg?from=ke.com
20240329,怀柔,怀柔,101114380051,融城园南区 精装修 三室双卫 次顶层 采光好楼层好,235万,20229元/平,高楼层 (共6层) | 2006年 | 3室2厅 | 116.17平米 | 南 北,https://ke-image.ljcdn.com/110000-inspection/pc1_7vcK4G2jL_1.jpg!m_fill,w_280,h_210,f_jpg?from=ke.com
20240329,怀柔,怀柔,101114372156,小中富乐二区南北通透三居 精装修 满五唯一着急卖,236万,30176元/平,低楼层 (共6层) | 2000年 | 3室1厅 | 78.21平米 | 南 北,https://ke-image.ljcdn.com/110000-inspection/dfad2be6-4fcd-4a57-9f65-271dfe2ccf67_1000.jpg!m_fill,w_280,h_210,f_jpg?from=ke.com
20240329,怀柔,怀柔,101114367092,于家园二区南院楼层低装修设施齐全成熟小区,170万,33757元/平,低楼层 (共6层) | 1998年 | 2室1厅 | 50.36平米 | 南,https://ke-image.ljcdn.com/110000-inspection/7b80257a-b00f-42bf-9314-92392e383776_1000.jpg!m_fill,w_280,h_210,f_jpg?from=ke.com
20240329,怀柔,怀柔,101114363730,北京城建·胜悦居 南北通透格局人车分流高品质小区房主自荐,399万,42743元/平,低楼层 (共15层) | 2019年 | 2室2厅 | 93.35平米 | 南 北,https://ke-image.ljcdn.com/110000-inspection/pc1_gtWdNb0Ni.jpg!m_fill,w_280,h_210,f_jpg?from=ke.com
20240329,怀柔,怀柔,101114363646,龙山东路2号院满五年唯一 南北通透格局 视野宽阔,520万,38668元/平,低楼层 (共26层) 3室2厅 | 134.48平米 | 东 南 北,https://ke-image.ljcdn.com/110000-inspection/2e83d414-8d49-4e42-a2ee-3f53b91fb7fb_1000.jpg!m_fill,w_280,h_210,f_jpg?from=ke.com
20240329,怀柔,怀柔,101114362280,乐红园 低楼层 南北三居室 采光好 带地下室,330万,34483元/平,低楼层 (共6层) | 2008年 | 3室2厅 | 95.7平米 | 南 北,https://ke-image.ljcdn.com/110000-inspection/pc1_edPepMUZv.jpg!m_fill,w_280,h_210,f_jpg?from=ke.com
20240329,怀柔,怀柔,101114358708,此房满二年南北通透 采光无遮挡 无抵押 无贷款,330万,32312元/平,高楼层 (共6层) | 2013年 | 3室1厅 | 102.13平米 | 南 北,https://ke-image.ljcdn.com/110000-inspection/8f5f9e78-3b3f-48b4-8ccc-3af22c4c4307_1000.jpg!m_fill,w_280,h_210,f_jpg?from=ke.com
20240329,怀柔,怀柔,101114298481,滨湖小区 满五唯一五十平两居 中楼层,149万,26852元/平,中楼层 (共5层) | 1987年 | 2室1厅 | 55.49平米 | 东南,https://ke-image.ljcdn.com/110000-inspection/pc1_53e0VDzVv_1.jpg!m_fill,w_280,h_210,f_jpg?from=ke.com
20240329,怀柔,怀柔,101114290449,科技城里面的小区没有物业费停车位充足。,120万,20548元/平,中楼层 (共6层) 1室1厅 | 58.4平米 | 南 北,https://ke-image.ljcdn.com/110000-inspection/a6d9a036-66e2-4752-bbe7-f7e2e8cd34fa_1000.jpg!m_fill,w_280,h_210,f_jpg?from=ke.com
20240329,怀柔,怀柔,101114286707,馥郁苑一期 诚心出售 户型方正 满五年唯一,323万,28446元/平,顶层 (共6层) | 2010年 | 3室2厅 | 113.55平米 | 南 北,https://ke-image.ljcdn.com/110000-inspection/37157c8b-a813-4e15-94be-96ccc1044bac_1000.jpg!m_fill,w_280,h_210,f_jpg?from=ke.com
20240329,怀柔,怀柔,101114285552,于家园二区南院南北向两居室急售房主自荐,188万,25656元/平,高楼层 (共6层) 2室1厅 | 73.28平米 | 南 北,https://ke-image.ljcdn.com/110000-inspection/ff7a8300-d13e-47e9-8c4a-02a5013aab5d_1000.jpg!m_fill,w_280,h_210,f_jpg?from=ke.com
20240329,怀柔,怀柔,101114282901,府前觀邸 满五唯一 有产权车位,520万,38853元/平,中楼层 (共7层) | 2013年 | 3室2厅 | 133.84平米 | 南 北,https://ke-image.ljcdn.com/110000-inspection/8530adad-5d6e-4879-9b0f-d971c7a59fa2_1000.jpg!m_fill,w_280,h_210,f_jpg?from=ke.com
20240329,怀柔,怀柔,101114227566,南 华 园 三 区 采 光 好 视 野 好,205万,24206元/平,顶层 (共6层) | 2020年 | 3室1厅 | 84.69平米 | 南 北,https://ke-image.ljcdn.com/110000-inspection/pc1_wA2HqMFDb_1.jpg!m_fill,w_280,h_210,f_jpg?from=ke.com
20240329,怀柔,怀柔,101114214795,龍祥小區 大三居  南北通透 诚意出售,345万,27545元/平,高楼层 (共6层) 3室2厅 | 125.25平米 | 南 北,https://ke-image.ljcdn.com/110000-inspection/75031846-8205-4292-a80f-9fd21c265897_1000.jpg!m_fill,w_280,h_210,f_jpg?from=ke.com
20240329,怀柔,怀柔,101114206045,天韵家园南北通透三居室 精装修视野开阔 采光充足,430万,29304元/平,顶层 (共6层) | 2004年 | 3室2厅 | 146.74平米 | 南 北,https://ke-image.ljcdn.com/110000-inspection/f17ecf42-b977-4f04-a65c-f4bfb12f955f_1000.jpg!m_fill,w_280,h_210,f_jpg?from=ke.com
20240329,怀柔,怀柔,101114199831,怀柔教委南边 独院管理 水库边 环境好 生活便利,169万,29770元/平,顶层 (共5层) 2室1厅 | 56.77平米 | 南 北,https://ke-image.ljcdn.com/110000-inspection/9e849687-58c4-4916-8524-66f76b0b2cff_1000.jpg!m_fill,w_280,h_210,f_jpg?from=ke.com
20240329,怀柔,怀柔,101114181523,顶  秀 美   小  镇  A  区,334万,25032元/平,中楼层 (共4层) | 2010年 | 3室2厅 | 133.43平米 | 南 北,https://ke-image.ljcdn.com/110000-inspection/6e1b846d-1bdd-4548-8f9c-b90080907163_1000.jpg!m_fill,w_280,h_210,f_jpg?from=ke.com
20240329,怀柔,怀柔,101114104867,东关二区三居室南北通透交通、购物便利,179万,22545元/平,顶层 (共6层) | 1995年 | 3室1厅 | 79.4平米 | 南 北,https://ke-image.ljcdn.com/110000-inspection/pc1_RTPPkGrOp_1.jpg!m_fill,w_280,h_210,f_jpg?from=ke.com
20240329,怀柔,怀柔,101114099119,采光好 视野宽阔 精装修 拎包入住,390万,37901元/平,高楼层 (共15层) | 2014年 | 3室2厅 | 102.9平米 | 南 北,https://ke-image.ljcdn.com/110000-inspection/3c357158-5524-48e5-8dba-07de0d357e98_1000.jpg!m_fill,w_280,h_210,f_jpg?from=ke.com
20240329,怀柔,怀柔,101114046367,此房满五年家庭名下唯一住房诚意出售。,450万,43903元/平,顶层 (共9层) 2室1厅 | 102.5平米 | 南 北,https://ke-image.ljcdn.com/110000-inspection/pc1_IC4MfP6y4_1.jpg!m_fill,w_280,h_210,f_jpg?from=ke.com
20240329,怀柔,怀柔,101114046019,富乐社区一号院 全明格局 中间楼层,170万,27620元/平,中楼层 (共6层) 2室1厅 | 61.55平米 | 西 东,https://ke-image.ljcdn.com/110000-inspection/ded7b62f-f9d9-4de4-80fc-0da3520cd1f8_1000.jpg!m_fill,w_280,h_210,f_jpg?from=ke.com
20240329,怀柔,怀柔,101114036293,益田·影人四季花园 京承高速15出口,280万,26616元/平,中楼层 (共7层) | 2012年 | 2室2厅 | 105.2平米 | 南 北,https://ke-image.ljcdn.com/110000-inspection/cdc283cd-f119-487d-b2e8-e6163bc2b376_1000.jpg!m_fill,w_280,h_210,f_jpg?from=ke.com
20240329,怀柔,怀柔,101114035792,茶坞铁路复式带40平阳台洋房五居老中青三代居住,230万,14793元/平,顶层 (共5层) 4室2厅 | 155.48平米 | 南 北,https://ke-image.ljcdn.com/110000-inspection/c7ea86eb-2916-4fea-955e-c2ada98280b5_1000.jpg!m_fill,w_280,h_210,f_jpg?from=ke.com
20240329,怀柔,怀柔,101114020610,杨家园小区、满五唯一、南北通透、中间楼层,210万,29131元/平,中楼层 (共6层) | 1994年 | 3室1厅 | 72.09平米 | 南 北,https://ke-image.ljcdn.com/110000-inspection/efbe0e2b-286f-436c-bfb9-9c3614a0d76a_1000.jpg!m_fill,w_280,h_210,f_jpg?from=ke.com
20240329,怀柔,怀柔,101114011451,柏泉庄园雁鸣园B区 纯南采光充足两居诚意出售,181万,26282元/平,中楼层 (共13层) | 2013年 | 2室1厅 | 68.87平米 | 西 南,https://ke-image.ljcdn.com/110000-inspection/93785c84-aa03-4a1b-8695-b9e7c12096ec_1000.jpg!m_fill,w_280,h_210,f_jpg?from=ke.com
20240329,怀柔,怀柔,101114006910,怀柔北大街青春路和北大街交汇处,295万,24893元/平,中楼层 (共6层) | 1996年 | 3室2厅 | 118.51平米 | 南 北,https://ke-image.ljcdn.com/110000-inspection/7598dc0f-6c96-45bd-8a3f-e815d895d80b_1000.jpg!m_fill,w_280,h_210,f_jpg?from=ke.com
20240329,怀柔,怀柔,101113992343,世嘉光织谷西区 满五唯一 电梯花园洋房,350万,28852元/平,中楼层 (共7层) | 2012年 | 3室1厅 | 121.31平米 | 南 北,https://ke-image.ljcdn.com/110000-inspection/271e871f-a91e-44a5-8aab-db44a8847ca8_1000.jpg!m_fill,w_280,h_210,f_jpg?from=ke.com
20240329,怀柔,怀柔,101113991134,满五唯一  次顶层 视野宽阔 采光充足 精装修,133万,22841元/平,中楼层 (共14层) | 2013年 | 1室1厅 | 58.23平米 | 南 西,https://ke-image.ljcdn.com/110000-inspection/b313898b-b1e5-4e88-acfe-d2f2bc061158_1000.jpg!m_fill,w_280,h_210,f_jpg?from=ke.com
20240329,怀柔,怀柔,101113961462,富乐小区南里 中间楼层 采光好 南北通透,255万,29979元/平,中楼层 (共6层) | 1995年 | 3室1厅 | 85.06平米 | 南 北,https://ke-image.ljcdn.com/110000-inspection/e64adfc0-6edc-4a57-93ef-c37b08599dfc_1000.jpg!m_fill,w_280,h_210,f_jpg?from=ke.com
20240329,怀柔,怀柔,101113954406,益田影人四季花园 满五唯一 南北通透 全明格局,270万,27342元/平,中楼层 (共8层) | 2012年 | 2室1厅 | 98.75平米 | 南 北,https://ke-image.ljcdn.com/110000-inspection/5dd93eb2-3c15-4f7e-833c-0e564661cd34_1000.jpg!m_fill,w_280,h_210,f_jpg?from=ke.com
20240329,怀柔,怀柔,101113947343,育龙馨居  2室1厅  南 北,179万,21551元/平,中楼层 (共11层) | 2013年 | 2室1厅 | 83.06平米 | 南 北,https://ke-image.ljcdn.com/110000-inspection/pc1_L3o1HMMRz_1.jpg!m_fill,w_280,h_210,f_jpg?from=ke.com
20240329,怀柔,怀柔,101113945358,育龙馨居电梯房 3室2厅  南北通透 拎包入住 着急出售,265万,25350元/平,低楼层 (共14层) 3室2厅 | 104.54平米 | 南 北,https://ke-image.ljcdn.com/110000-inspection/5ec19a58-0418-4fef-90c1-71f48d018ed5_1000.jpg!m_fill,w_280,h_210,f_jpg?from=ke.com
20240329,怀柔,怀柔,101113892693,满五年 唯一住房 南北通透 户型方正,202万,26604元/平,顶层 (共6层) | 1993年 | 3室1厅 | 75.93平米 | 南 北,https://ke-image.ljcdn.com/110000-inspection/12cd34d7-4d21-4fdb-83f2-ed7ef1b7b716_1000.jpg!m_fill,w_280,h_210,f_jpg?from=ke.com
20240329,怀柔,怀柔,101113875165,富乐社区一号院北大街怀柔月亮门,155万,25390元/平,顶层 (共6层) | 1991年 | 2室1厅 | 61.05平米 | 南 北,https://ke-image.ljcdn.com/110000-inspection/ab068f9c-4b8c-4abf-87e5-3f5211178546_1000.jpg!m_fill,w_280,h_210,f_jpg?from=ke.com
20240329,怀柔,怀柔,101113857173,迎宾中路 南北通透  户型方正  交通便利,361万,29815元/平,中楼层 (共6层) 3室2厅 | 121.08平米 | 南 北,https://ke-image.ljcdn.com/110000-inspection/cf1aff1a-6bfc-4c7a-a47e-b7a1d35ce423_1000.jpg!m_fill,w_280,h_210,f_jpg?from=ke.com
20240329,怀柔,怀柔,101113835081,北园小区、南北通透、满五唯一、明厨明卫,278万,29062元/平,高楼层 (共6层) | 1993年 | 3室1厅 | 95.66平米 | 南 北,https://ke-image.ljcdn.com/110000-inspection/f9eaa3d7-2d4e-4706-a09d-b80732351e20_1000.jpg!m_fill,w_280,h_210,f_jpg?from=ke.com
20240329,怀柔,怀柔,101113833365,此房户型好视野开阔周边配套设施齐全交通便利,260万,25568元/平,顶层 (共6层) | 1997年 | 3室2厅 | 101.69平米 | 南 北,https://ke-image.ljcdn.com/110000-inspection/246f8785-17e6-45c0-ade3-72645b10dfe6_1000.jpg!m_fill,w_280,h_210,f_jpg?from=ke.com
20240329,怀柔,怀柔,101113800807,龙湖花园地理位置好满五年商品房,165万,31537元/平,顶层 (共6层) | 1995年 | 1室1厅 | 52.32平米 | 南,https://ke-image.ljcdn.com/110000-inspection/pc1_uLZ81Z8VF_1.jpg!m_fill,w_280,h_210,f_jpg?from=ke.com
20240329,怀柔,怀柔,101113767578,府前官邸 电梯房 装修好 户型方正南北通透 诚意出售,560万,39546元/平,中楼层 (共7层) | 2013年 | 3室2厅 | 141.61平米 | 北 南,https://ke-image.ljcdn.com/110000-inspection/pc1_4sZrzweok_1.jpg!m_fill,w_280,h_210,f_jpg?from=ke.com
20240329,怀柔,怀柔,101113749843,梦想家园 北影旁边 电梯洋房 采光好 南北通透,220万,24862元/平,中楼层 (共14层) | 2014年 | 2室2厅 | 88.49平米 | 南 北,https://ke-image.ljcdn.com/110000-inspection/b60beb43-a88f-4542-a332-23e714592a12_1000.jpg!m_fill,w_280,h_210,f_jpg?from=ke.com
20240329,怀柔,怀柔,101113718039,滨湖万米公园 于家园三区 精装修 诚心出售,300万,25811元/平,底层 (共6层) | 2003年 | 3室2厅 | 116.23平米 | 东 西,https://ke-image.ljcdn.com/110000-inspection/d20de1fb-bb3e-4a5d-8d5d-b092540e9f0c_1000.jpg!m_fill,w_280,h_210,f_jpg?from=ke.com
20240329,怀柔,怀柔,101113691914,华欣湾小区A区  纯南向 采光好 交通便利 电梯房 高层,215万,16128元/平,高楼层 (共10层) 3室2厅 | 133.31平米 | 南 西南,https://ke-image.ljcdn.com/110000-inspection/9b2570d5-ab6f-48bb-9633-1034b7097704_1000.jpg!m_fill,w_280,h_210,f_jpg?from=ke.com
20240329,怀柔,怀柔,101113663390,怀柔 科学城  顶秀美泉小镇A区 三居室 中间楼层,410万,30724元/平,中楼层 (共4层) 3室2厅 | 133.45平米 | 南 北,https://ke-image.ljcdn.com/110000-inspection/28204c0c-030c-46c4-b1b3-d1b11a7129c9_1000.jpg!m_fill,w_280,h_210,f_jpg?from=ke.com
20240329,怀柔,怀柔,101113638372,融城园南区 客厅通阳台格局 落地窗 满五唯一看房方便,340万,21630元/平,高楼层 (共6层) | 2006年 | 3室2厅 | 157.19平米 | 南 北,https://ke-image.ljcdn.com/110000-inspection/pc1_n6raNpJwf_1.jpg!m_fill,w_280,h_210,f_jpg?from=ke.com
20240329,怀柔,怀柔,101113631991,凤瑞二园业主诚意出售可以随时签约看房房本,165万,18938元/平,顶层 (共6层) | 2003年 | 3室1厅 | 87.13平米 | 南 北,https://ke-image.ljcdn.com/110000-inspection/6aeda9f3-75eb-47df-b966-a3337dfe32ce_1000.jpg!m_fill,w_280,h_210,f_jpg?from=ke.com
20240329,怀柔,怀柔,101113626157,安乐馨居不唯一精装房子楼龄新,190万,21989元/平,低楼层 (共17层) | 2019年 | 2室1厅 | 86.41平米 | 南 北,https://ke-image.ljcdn.com/110000-inspection/37f5a1d7-9270-4455-855b-92f6ee355370_1000.jpg!m_fill,w_280,h_210,f_jpg?from=ke.com
20240329,怀柔,怀柔,101113599549,梦想家园南北2居全明格局视野无遮挡。,269万,29893元/平,中楼层 (共15层) | 2014年 | 2室1厅 | 89.99平米 | 南 北,https://ke-image.ljcdn.com/110000-inspection/08231f65-23f9-4ce9-8a87-d7b690fb89f2_1000.jpg!m_fill,w_280,h_210,f_jpg?from=ke.com
20240329,怀柔,怀柔,101113579680,怀柔顶秀美泉家园电梯房南北通透,320万,36024元/平,中楼层 (共5层) | 2015年 | 2室1厅 | 88.83平米 | 南 北,https://ke-image.ljcdn.com/110000-inspection/pc1_zJD8AzAc1.jpg!m_fill,w_280,h_210,f_jpg?from=ke.com
20240329,怀柔,怀柔,101113553650,此房满五唯一南北通透楼层低采光充足。,169万,28993元/平,底层 (共6层) | 1995年 | 2室1厅 | 58.29平米 | 南 北,https://ke-image.ljcdn.com/110000-inspection/pc1_g93DSaDr0_1.jpg!m_fill,w_280,h_210,f_jpg?from=ke.com
20240329,怀柔,怀柔,101113545275,南北通透 满五唯一 精装修 业主诚意出售,379万,22761元/平,低楼层 (共8层) | 2009年 | 3室2厅 | 166.52平米 | 南 北,https://ke-image.ljcdn.com/110000-inspection/pc1_xThTIGAo9.jpg!m_fill,w_280,h_210,f_jpg?from=ke.com
20240329,怀柔,怀柔,101113529982,小中富乐二区 南北通透 前后无遮挡 采光好,290万,23715元/平,顶层 (共6层) | 1996年 | 3室2厅 | 122.29平米 | 南 北,https://ke-image.ljcdn.com/110000-inspection/951b6766-02c5-402c-a80d-6e9e5874a7d0_1000.jpg!m_fill,w_280,h_210,f_jpg?from=ke.com
20240329,怀柔,怀柔,101113459806,幸福东园1号院 南北朝向两居室 诚心出售,129万,20490元/平,底层 (共6层) 2室1厅 | 62.96平米 | 南 北,https://ke-image.ljcdn.com/110000-inspection/53d3f223-3327-445b-93db-6f1a00629d11_1000.jpg!m_fill,w_280,h_210,f_jpg?from=ke.com
20240329,怀柔,怀柔,101113396954,满五年唯一南北通透采光好2室1厅,175万,26681元/平,顶层 (共6层) | 1992年 | 2室1厅 | 65.59平米 | 南 北,https://ke-image.ljcdn.com/110000-inspection/ae0cde74-e1b8-400f-bd4d-c7b673a6fd41_1000.jpg!m_fill,w_280,h_210,f_jpg?from=ke.com
20240329,怀柔,怀柔,101113389124,翠竹园小区 南北通透 满五唯一,393万,31504元/平,高楼层 (共6层) | 2000年 | 3室1厅 | 124.75平米 | 东 南 北,https://ke-image.ljcdn.com/110000-inspection/6d0be555-5317-4ebb-ba22-a22f703f0e6a_1000.jpg!m_fill,w_280,h_210,f_jpg?from=ke.com
20240329,怀柔,怀柔,101113389048,湖光 小区 南 北 通 透  满五唯一,170万,28184元/平,顶层 (共6层) | 1989年 | 2室1厅 | 60.32平米 | 南 北,https://ke-image.ljcdn.com/110000-inspection/a673b584-52fa-4f18-8290-c4bba4cefe46_1000.jpg!m_fill,w_280,h_210,f_jpg?from=ke.com
20240329,怀柔,怀柔,101113334428,融城园南区南北向三居室小区车位充足,185万,20827元/平,底层 (共6层) 3室1厅 | 88.83平米 | 南 北,https://ke-image.ljcdn.com/110000-inspection/0e56bcc6-a5a6-4701-b320-7fe400df1d55_1000.jpg!m_fill,w_280,h_210,f_jpg?from=ke.com
20240329,怀柔,怀柔,101113313530,府前东街13号院3室1厅双阳台满五唯一南北通透,220万,28620元/平,中楼层 (共6层) 3室1厅 | 76.87平米 | 南 北,https://ke-image.ljcdn.com/110000-inspection/c6079aa7-3ebd-497b-af0a-4e146471ec7c_1000.jpg!m_fill,w_280,h_210,f_jpg?from=ke.com
20240329,怀柔,怀柔,101113220053,南北通透满五年唯一可随时签约,230万,19917元/平,高楼层 (共6层) | 2003年 | 3室2厅 | 115.48平米 | 南 北,https://ke-image.ljcdn.com/110000-inspection/7990fdb4-8f6c-4d2a-b215-1aa55557233c_1000.jpg!m_fill,w_280,h_210,f_jpg?from=ke.com
20240329,怀柔,怀柔,101113184910,南华大街满五唯一南北通透正规三居室,220万,29795元/平,顶层 (共6层) | 1998年 | 3室1厅 | 73.84平米 | 南 北,https://ke-image.ljcdn.com/110000-inspection/pc1_eSJu0iLfR_1.jpg!m_fill,w_280,h_210,f_jpg?from=ke.com
20240329,怀柔,怀柔,101113138214,泉河园二区中间层位置好视野开阔,308万,30203元/平,中楼层 (共6层) | 2003年 | 3室2厅 | 101.98平米 | 南 北,https://ke-image.ljcdn.com/110000-inspection/1bec35eb-b35f-4fd2-ae53-b552dad9702c_1000.jpg!m_fill,w_280,h_210,f_jpg?from=ke.com
20240329,怀柔,怀柔,101113132192,金善名居客厅通阳台两居室南北通透满五唯一,190万,22595元/平,高楼层 (共6层) | 2009年 | 2室2厅 | 84.09平米 | 南 北,https://ke-image.ljcdn.com/110000-inspection/pc1_hGrWJg0ay_1.jpg!m_fill,w_280,h_210,f_jpg?from=ke.com
20240329,怀柔,怀柔,101113128126,于家园三区中间层106平三居室、满五,265万,24839元/平,中楼层 (共6层) 3室1厅 | 106.69平米 | 东 西,https://ke-image.ljcdn.com/110000-inspection/10587b0c-61dc-4487-8903-8715286b4c5a_1000.jpg!m_fill,w_280,h_210,f_jpg?from=ke.com
20240329,怀柔,怀柔,101113085274,青春路七院 南北通透 满五唯一,200万,27518元/平,高楼层 (共6层) | 1991年 | 3室1厅 | 72.68平米 | 南 北,https://ke-image.ljcdn.com/110000-inspection/66b0adca-2d99-4c11-9ceb-2662bce7659a_1000.jpg!m_fill,w_280,h_210,f_jpg?from=ke.com
20240329,怀柔,怀柔,101113037624,梅苑花园 南北通透 怀柔老格局三居室,270万,30430元/平,高楼层 (共6层) | 1998年 | 3室1厅 | 88.73平米 | 南 北,https://ke-image.ljcdn.com/110000-inspection/pc1_cXMcOcMQD_1.jpg!m_fill,w_280,h_210,f_jpg?from=ke.com
20240329,怀柔,怀柔,101112981940,府东一条 南北通过 前后无遮挡 诚意出售,183万,29323元/平,高楼层 (共6层) | 1991年 | 2室1厅 | 62.41平米 | 南 北,https://ke-image.ljcdn.com/110000-inspection/pc1_IKCORtjYT_1.jpg!m_fill,w_280,h_210,f_jpg?from=ke.com
20240329,怀柔,怀柔,101112978916,府前东街13号院南北通透三居室精装修,280万,36426元/平,低楼层 (共6层) 3室1厅 | 76.87平米 | 南 北,https://ke-image.ljcdn.com/110000-inspection/pc1_tsNTg9VYy_1.jpg!m_fill,w_280,h_210,f_jpg?from=ke.com
20240329,怀柔,怀柔,101112974263,梦想家园西区 电梯洋房 拎包入住 边户全明格局,215万,24120元/平,低楼层 (共14层) | 2014年 | 2室1厅 | 89.14平米 | 南 北,https://ke-image.ljcdn.com/110000-inspection/01375e2b-088b-4c50-bfef-5bfda753a10c_1000.jpg!m_fill,w_280,h_210,f_jpg?from=ke.com
20240329,怀柔,怀柔,101112968242,迎宾中路总价180万房子诚意出售,150万,26479元/平,顶层 (共5层) | 1982年 | 2室1厅 | 56.65平米 | 南 北,https://ke-image.ljcdn.com/110000-inspection/429bd308-67ce-48e0-9eda-c0c7b596e9cc_1000.jpg!m_fill,w_280,h_210,f_jpg?from=ke.com
20240329,怀柔,怀柔,101112960079,府前觀邸怀柔城区电梯房南北通透看房有钥匙,730万,37209元/平,高楼层 (共11层) | 2013年 | 4室2厅 | 196.19平米 | 南 北,https://ke-image.ljcdn.com/110000-inspection/d34279b7-a355-459f-a012-7a4cd9d229a3_1000.jpg!m_fill,w_280,h_210,f_jpg?from=ke.com
20240329,怀柔,怀柔,101112925093,东关二区小区不临街一层精装修看房随时,228万,29902元/平,底层 (共6层) | 2010年 | 3室1厅 | 76.25平米 | 南 北,https://ke-image.ljcdn.com/110000-inspection/fb727ef6-b1d9-46db-9cd3-fdb381a9343e_1000.jpg!m_fill,w_280,h_210,f_jpg?from=ke.com
20240329,怀柔,怀柔,101112921172,此房是朝南户型 精装修 采光充足户型方正 。,260万,28271元/平,中楼层 (共7层) | 2013年 | 2室2厅 | 91.97平米 | 南,https://ke-image.ljcdn.com/110000-inspection/7af9f351-537b-4a9b-b558-6cd065f9b220_1000.jpg!m_fill,w_280,h_210,f_jpg?from=ke.com
20240329,怀柔,怀柔,101112915028,茶坞铁路楼龄比较新商品房大三居,248万,15951元/平,中楼层 (共5层) | 2005年 | 3室2厅 | 155.48平米 | 南 北,https://ke-image.ljcdn.com/110000-inspection/9109ee45-8438-4c77-ad47-dc2ec9710c5f_1000.jpg!m_fill,w_280,h_210,f_jpg?from=ke.com
20240329,怀柔,怀柔,101112912072,莲 馨 苑 南 北 通 透  格局好,288万,25886元/平,底层 (共6层) | 2004年 | 3室2厅 | 111.26平米 | 南 北,https://ke-image.ljcdn.com/110000-inspection/f1f282b9-65fa-4dc8-9f75-2bcc41949c5c_1000.jpg!m_fill,w_280,h_210,f_jpg?from=ke.com
20240329,怀柔,怀柔,101112890098,小 中 富 乐 二 区  配套齐全,239万,25908元/平,高楼层 (共6层) | 1993年 | 2室1厅 | 92.25平米 | 南 北,https://ke-image.ljcdn.com/110000-inspection/069c7707-84df-4661-b7a1-667736f68952_1000.jpg!m_fill,w_280,h_210,f_jpg?from=ke.com
20240329,怀柔,怀柔,101112865680,凤瑞二园  南北通透 采光好  户型方正,195万,21100元/平,低楼层 (共6层) | 1996年 | 2室2厅 | 92.42平米 | 南 北,https://ke-image.ljcdn.com/110000-inspection/pc1_YgxuHyz7d_1.jpg!m_fill,w_280,h_210,f_jpg?from=ke.com
20240329,怀柔,怀柔,101112853199,龙祥小区南北通透中间楼层采光好,370万,31517元/平,中楼层 (共7层) | 2007年 | 3室1厅 | 117.4平米 | 南 北,https://ke-image.ljcdn.com/110000-inspection/pc1_DQXgrA8uS_1.jpg!m_fill,w_280,h_210,f_jpg?from=ke.com
20240329,怀柔,怀柔,101112834683,八龙桥雅苑 南北通透大三居 客厅通阳台,278万,26504元/平,中楼层 (共5层) | 2006年 | 3室2厅 | 104.89平米 | 南 北,https://ke-image.ljcdn.com/110000-inspection/58a5467f-2b74-4f19-861b-a0edc5190359_1000.jpg!m_fill,w_280,h_210,f_jpg?from=ke.com
20240329,怀柔,怀柔,101112830775,富 乐 家 园   采光好  格局好,235万,23536元/平,中楼层 (共5层) | 2007年 | 3室1厅 | 99.85平米 | 东 西,https://ke-image.ljcdn.com/110000-inspection/9c311bcb-12d6-42d2-8733-18a2f848f006_1000.jpg!m_fill,w_280,h_210,f_jpg?from=ke.com
20240329,怀柔,怀柔,101112829345,益田影人四季花园 舒适两居 环境优美,265万,25191元/平,中楼层 (共8层) | 2012年 | 2室1厅 | 105.2平米 | 南 北,https://ke-image.ljcdn.com/110000-inspection/pc1_KmWAxCNVr_1.jpg!m_fill,w_280,h_210,f_jpg?from=ke.com
20240329,怀柔,怀柔,101112793034,世嘉光织谷西区两室满五唯一。,280万,29928元/平,中楼层 (共5层) | 2013年 | 2室2厅 | 93.56平米 | 南,https://ke-image.ljcdn.com/110000-inspection/pc1_8Ftcg7QPO_1.jpg!m_fill,w_280,h_210,f_jpg?from=ke.com
20240329,怀柔,怀柔,101112780567,南北通透三居室双卧朝南板楼2层采光无遮挡！房主自荐,245万,28469元/平,顶层 (共6层) 3室1厅 | 86.06平米 | 南 北,https://ke-image.ljcdn.com/110000-inspection/7f62b149-174f-4631-9e71-278ddc6594d7_1000.jpg!m_fill,w_280,h_210,f_jpg?from=ke.com
20240329,怀柔,怀柔,101112766465,世嘉光织谷东区满五唯一急售,275万,29902元/平,中楼层 (共7层) | 2013年 | 2室2厅 | 91.97平米 | 南,https://ke-image.ljcdn.com/110000-inspection/48406083-e3d4-46d0-ae84-41dcc1e97b61_1000.jpg!m_fill,w_280,h_210,f_jpg?from=ke.com
20240329,怀柔,怀柔,101112757542,府前觀邸  带电梯 南北向 满五年住房,380万,38061元/平,高楼层 (共9层) | 2013年 | 2室1厅 | 99.84平米 | 南 北,https://ke-image.ljcdn.com/110000-inspection/pc1_UGlK1CzF6_1.jpg!m_fill,w_280,h_210,f_jpg?from=ke.com
20240329,怀柔,怀柔,101112725259,小中富乐一个城区北边清静优美的家,295万,27986元/平,高楼层 (共6层) 3室2厅 | 105.41平米 | 南 北,https://ke-image.ljcdn.com/110000-inspection/3893d17d-26d3-45f4-9541-1f64e9a7ecc0_1000.jpg!m_fill,w_280,h_210,f_jpg?from=ke.com
20240329,怀柔,怀柔,101112716712,成熟社区 精装修 电梯房 带产权车位带地下室 随时签约,405万,34619元/平,高楼层 (共9层) | 2015年 | 3室2厅 | 116.99平米 | 东南,https://ke-image.ljcdn.com/110000-inspection/pc1_GhNVJ1czu_1.jpg!m_fill,w_280,h_210,f_jpg?from=ke.com
20240329,怀柔,怀柔,101112673905,北京城建胜悦居采光充足南向两居室,282万,38181元/平,中楼层 (共15层) | 2019年 | 2室1厅 | 73.86平米 | 南,https://ke-image.ljcdn.com/110000-inspection/69fc418f-e9c6-4ea1-8beb-0ee192a2f69b_1000.jpg!m_fill,w_280,h_210,f_jpg?from=ke.com
20240329,怀柔,怀柔,101112610409,天韵家园 满五年唯一 南北通透大两居室,329万,36020元/平,中楼层 (共6层) | 2004年 | 2室2厅 | 91.34平米 | 北 南,https://ke-image.ljcdn.com/110000-inspection/31ae0fb1-955f-48f0-9391-616e93f1882d_1000.jpg!m_fill,w_280,h_210,f_jpg?from=ke.com
20240329,怀柔,怀柔,101112578282,兆龙居小区环境好低楼层看房方便业主诚意出售,212万,26051元/平,低楼层 (共6层) | 1993年 | 3室1厅 | 81.38平米 | 南 北,https://ke-image.ljcdn.com/110000-inspection/667d9bbd-09ae-47af-99bc-34fa8bbd7a5b_1000.jpg!m_fill,w_280,h_210,f_jpg?from=ke.com
20240329,怀柔,怀柔,101112548749,南华园一区 西南北朝向 满五年,315万,31136元/平,底层 (共6层) | 1998年 | 3室1厅 | 101.17平米 | 南 北,https://ke-image.ljcdn.com/110000-inspection/964878bc-1e54-485e-b0db-8cd5abf838b0_1000.jpg!m_fill,w_280,h_210,f_jpg?from=ke.com
20240329,怀柔,怀柔,101112446444,北 京 城 建 胜 悦 居 随时可看,221万,38236元/平,中楼层 (共11层) | 2019年 | 1室1厅 | 57.8平米 | 南,https://ke-image.ljcdn.com/110000-inspection/b8506a20-c1f6-49db-a4f8-c3ae7f93d33f_1000.jpg!m_fill,w_280,h_210,f_jpg?from=ke.com
20240329,怀柔,怀柔,101112391654,梦想家园西区 电梯观景房 边户全明有窗户 采光好,188万,21091元/平,顶层 (共14层) | 2014年 | 2室1厅 | 89.14平米 | 南 西 北,https://ke-image.ljcdn.com/110000-inspection/126e53a2-02db-486a-8ca5-196d931723d1_1000.jpg!m_fill,w_280,h_210,f_jpg?from=ke.com
20240329,怀柔,怀柔,101112329293,府前觀邸小户型 大一居 南北通透,275万,39427元/平,顶层 (共9层) | 2013年 | 1室1厅 | 69.75平米 | 南 北,https://ke-image.ljcdn.com/110000-inspection/4a3735e1-ab62-412e-b7e2-c222e49ac04a_1000.jpg!m_fill,w_280,h_210,f_jpg?from=ke.com
20240329,怀柔,怀柔,101112316184,4/6层  满五唯一 南北双阳台  全明格局,320万,23470元/平,中楼层 (共6层) | 1993年 | 3室2厅 | 136.35平米 | 南 北,https://ke-image.ljcdn.com/110000-inspection/0b2cd18a-5bf8-46f1-9081-777ce921f635_1000.jpg!m_fill,w_280,h_210,f_jpg?from=ke.com
20240329,怀柔,怀柔,101112219216,湖光小区 南北通透 格局方正 采光好,169万,30179元/平,中楼层 (共5层) | 1982年 | 2室1厅 | 56平米 | 南 北,https://ke-image.ljcdn.com/110000-inspection/9bb964d9-6c04-4735-bf85-ee9bbaf5a1b1_1000.jpg!m_fill,w_280,h_210,f_jpg?from=ke.com
20240329,怀柔,怀柔,101112213702,滨湖小区纯南户型二居室卧室很大客厅明亮,168万,26744元/平,顶层 (共5层) 2室1厅 | 62.82平米 | 南 北,https://ke-image.ljcdn.com/110000-inspection/2fcf7e33-f164-4148-9b5f-fbd9928438b0_1000.jpg!m_fill,w_280,h_210,f_jpg?from=ke.com
20240329,怀柔,怀柔,101112099873,顶秀美泉小镇B区 带电梯三居 南北通透 精装 双卫,440万,34723元/平,中楼层 (共5层) | 2015年 | 3室2厅 | 126.72平米 | 南 北,https://ke-image.ljcdn.com/110000-inspection/d3e716e1-9c34-4b38-92a3-fa10733bdf37_1000.jpg!m_fill,w_280,h_210,f_jpg?from=ke.com
20240329,怀柔,怀柔,101112074192,东关一区  电梯房  满五唯一  诚心出售房主自荐,366万,26960元/平,中楼层 (共6层) | 2012年 | 3室2厅 | 135.76平米 | 南 北,https://ke-image.ljcdn.com/110000-inspection/pc1_T1gXpoG75_1.jpg!m_fill,w_280,h_210,f_jpg?from=ke.com
20240329,怀柔,怀柔,101112051651,小中富乐二区 南北通透  楼层采光视野好,290万,23715元/平,顶层 (共6层) | 1996年 | 3室2厅 | 122.29平米 | 南 北,https://ke-image.ljcdn.com/110000-inspection/85a18c6d-d6d4-4dae-819e-1acb877248e8_1000.jpg!m_fill,w_280,h_210,f_jpg?from=ke.com
20240329,怀柔,怀柔,101112041017,融城园南区 南北向三居室 小区车位充足,198万,22290元/平,高楼层 (共6层) 3室1厅 | 88.83平米 | 南 北,https://ke-image.ljcdn.com/110000-inspection/a90ecc4f-a73e-403f-a12c-610706088d32_1000.jpg!m_fill,w_280,h_210,f_jpg?from=ke.com
20240329,怀柔,怀柔,101111815178,茶坞铁路南北通透复式结构业主诚意出售,280万,12231元/平,顶层 (共5层) | 2005年 | 5室3厅 | 228.93平米 | 南 北,https://ke-image.ljcdn.com/110000-inspection/pc1_SaD90WVrB_1.jpg!m_fill,w_280,h_210,f_jpg?from=ke.com
20240329,怀柔,怀柔,101111810888,成熟社区配套完善精装修拎包入住,230万,24724元/平,顶层 (共6层) | 1992年 | 2室2厅 | 93.03平米 | 西 北,https://ke-image.ljcdn.com/110000-inspection/pc1_nRNrPAQER_1.jpg!m_fill,w_280,h_210,f_jpg?from=ke.com
20240329,怀柔,怀柔,101111775737,顶秀美泉小镇A区南北通透满五唯一,310万,35608元/平,顶层 (共4层) | 2010年 | 2室2厅 | 87.06平米 | 南 北,https://ke-image.ljcdn.com/110000-inspection/14d2fd47-7b03-46b6-a8bd-050d9cafa02e_1000.jpg!m_fill,w_280,h_210,f_jpg?from=ke.com
20240329,怀柔,怀柔,101111771075,80平米通透两居室此房不临街诚意出售,238万,29628元/平,中楼层 (共6层) 2室1厅 | 80.33平米 | 南 北,https://ke-image.ljcdn.com/110000-inspection/f4ce2f6a-8fa1-42cf-9522-a4fa7dfaac53_1000.jpg!m_fill,w_280,h_210,f_jpg?from=ke.com
20240329,怀柔,怀柔,101111732617,4/6层 厅厨卫带窗 南北两个阳台 满五年唯一,258万,26971元/平,中楼层 (共6层) 3室2厅 | 95.66平米 | 南 西 北,https://ke-image.ljcdn.com/110000-inspection/ea3efc0f-0da3-4c48-ba5d-e9aa37f14e26_1000.jpg!m_fill,w_280,h_210,f_jpg?from=ke.com
20240329,怀柔,怀柔,101111646862,迎宾北路9号院满五唯一南北通透,299万,25881元/平,高楼层 (共7层) | 2000年 | 3室2厅 | 115.53平米 | 南 北,https://ke-image.ljcdn.com/110000-inspection/cd73ad8a-1543-41d0-9d5d-21f3fb03f1c1_1000.jpg!m_fill,w_280,h_210,f_jpg?from=ke.com
20240329,怀柔,怀柔,101111581191,东关二区老三居格局 采光通透 格局方正 看房方便,212万,27479元/平,顶层 (共6层) 3室1厅 | 77.15平米 | 南 北,https://ke-image.ljcdn.com/110000-inspection/pc1_oItO5rVgu_1.jpg!m_fill,w_280,h_210,f_jpg?from=ke.com
20240329,怀柔,怀柔,101111483385,怀柔新新家园总高6层带电梯。2015年社区。,228万,32595元/平,中楼层 (共6层) | 2015年 | 2室1厅 | 69.95平米 | 南 北,https://ke-image.ljcdn.com/110000-inspection/58ccd5d4-783b-44ab-8889-552a746a81d2_1000.jpg!m_fill,w_280,h_210,f_jpg?from=ke.com
20240329,怀柔,怀柔,101111478316,新元居小区  南北通透三居室 四层 看房方便,240万,27070元/平,中楼层 (共5层) | 2002年 | 3室1厅 | 88.66平米 | 南 北,https://ke-image.ljcdn.com/110000-inspection/9ad728e7-16b7-4f0f-bb09-e524bf57fe79_1000.jpg!m_fill,w_280,h_210,f_jpg?from=ke.com
20240329,怀柔,怀柔,101111375388,融城园南区 南北通透 采光好 户型方正,175万,22005元/平,底层 (共6层) | 2010年 | 3室1厅 | 79.53平米 | 南 北,https://ke-image.ljcdn.com/110000-inspection/pc1_9z1Dg6t1K_1.jpg!m_fill,w_280,h_210,f_jpg?from=ke.com
20240329,怀柔,怀柔,101111346715,怀柔新新家园  南北向两居室  中层电梯,345万,38347元/平,低楼层 (共15层) | 2017年 | 2室1厅 | 89.97平米 | 南 北,https://ke-image.ljcdn.com/110000-inspection/22b29355-098d-4df1-a860-ffd34008e55c_1000.jpg!m_fill,w_280,h_210,f_jpg?from=ke.com
20240329,怀柔,怀柔,101111299937,幸福东园3号院。南北通透两居室。,140万,21139元/平,顶层 (共7层) 2室1厅 | 66.23平米 | 南 北,https://ke-image.ljcdn.com/110000-inspection/f5265cd0-bc3c-4778-925e-8c1d62993780_1000.jpg!m_fill,w_280,h_210,f_jpg?from=ke.com
20240329,怀柔,怀柔,101111213618,北京市怀柔区湖光小区优质2居室,168万,29814元/平,顶层 (共5层) | 1982年 | 2室1厅 | 56.35平米 | 南 北,https://ke-image.ljcdn.com/110000-inspection/842ea88d-9a31-48b8-a6a0-0d3a4e65ccef_1000.jpg!m_fill,w_280,h_210,f_jpg?from=ke.com
20240329,怀柔,怀柔,101111191751,业主诚意出售采光好看房提前联系,360万,33321元/平,高楼层 (共6层) 3室2厅 | 108.04平米 | 南 北,https://ke-image.ljcdn.com/110000-inspection/pc1_SPCml8TYk_1.jpg!m_fill,w_280,h_210,f_jpg?from=ke.com
20240329,怀柔,怀柔,101111113947,无遮挡满五唯一居家干净装修观景水库,450万,30988元/平,低楼层 (共24层) 3室2厅 | 145.22平米 | 西北,https://ke-image.ljcdn.com/110000-inspection/9066cb4e-ed63-4c3e-83d7-6f365c5534c6_1000.jpg!m_fill,w_280,h_210,f_jpg?from=ke.com
20240329,怀柔,怀柔,101111040028,迎宾中路满五唯一精装修业主自住,290万,26741元/平,高楼层 (共6层) | 1997年 | 3室2厅 | 108.45平米 | 南 北,https://ke-image.ljcdn.com/110000-inspection/pc1_9SOgjrkxl_1.jpg!m_fill,w_280,h_210,f_jpg?from=ke.com
20240329,怀柔,怀柔,101111017706,欧郡香水城 电梯洋房 南北通透 采光好 看房方便,235万,24103元/平,底层 (共3层) | 2012年 | 2室2厅 | 97.5平米 | 南 北,https://ke-image.ljcdn.com/110000-inspection/8f831ca3-1003-44f2-ab2d-f04348c0c9fe_1000.jpg!m_fill,w_280,h_210,f_jpg?from=ke.com
20240329,怀柔,怀柔,101111003308,世嘉光织谷东区 花园洋房 采光好 装修好 拎包入住,225万,29336元/平,高楼层 (共6层) | 2013年 | 1室2厅 | 76.7平米 | 南,https://ke-image.ljcdn.com/110000-inspection/b96ef7ba-0732-4cb1-9659-a9259795de5a_1000.jpg!m_fill,w_280,h_210,f_jpg?from=ke.com
20240329,怀柔,怀柔,101110940360,怀柔新新家园 2室1厅 中间楼层 东西通透 着急出售,279万,32285元/平,中楼层 (共15层) | 2017年 | 2室1厅 | 86.42平米 | 东 西,https://ke-image.ljcdn.com/110000-inspection/5533c707-675d-417d-a9bf-cf6e67445cda_1000.jpg!m_fill,w_280,h_210,f_jpg?from=ke.com
20240329,怀柔,怀柔,101110937039,迎宾北路小区 满五唯一 五层三居,265万,27816元/平,高楼层 (共6层) 3室1厅 | 95.27平米 | 南 北,https://ke-image.ljcdn.com/110000-inspection/b24614dd-be97-4fe1-a6c9-98e894d327c6_1000.jpg!m_fill,w_280,h_210,f_jpg?from=ke.com
20240329,怀柔,怀柔,101110906844,怀柔凤瑞二园两居室满五年唯一看房基本随时房主自荐,220万,22000元/平,顶层 (共4层) | 2000年 | 2室1厅 | 100平米 | 南,https://ke-image.ljcdn.com/110000-inspection/pc1_HaKKyLziV_1.jpg!m_fill,w_280,h_210,f_jpg?from=ke.com
20240329,怀柔,怀柔,101110887681,世嘉光织谷东区精装修满五年唯一花园面积63.7㎡。,577万,33236元/平,底层 (共6层) 4室2厅 | 173.61平米 | 南,https://ke-image.ljcdn.com/110000-inspection/pc1_hgYmWsw1p_1.jpg!m_fill,w_280,h_210,f_jpg?from=ke.com
20240329,怀柔,怀柔,101110738334,下楼遛弯就到水库无遮挡单价低马上满五唯一,419万,30306元/平,低楼层 (共24层) | 2001年 | 3室2厅 | 138.26平米 | 南 西,https://ke-image.ljcdn.com/110000-inspection/pc1_afhm0qKNK_1.jpg!m_fill,w_280,h_210,f_jpg?from=ke.com
20240329,怀柔,怀柔,101110695185,此房满五唯一南北通透格局楼层高视野宽阔,188万,16029元/平,中楼层 (共5层) 2室2厅 | 117.29平米 | 南 北,https://ke-image.ljcdn.com/110000-inspection/pc1_XqQoTHBa7_1.jpg!m_fill,w_280,h_210,f_jpg?from=ke.com
20240329,怀柔,怀柔,101110682232,顶秀美泉小镇B区花园洋房社区 此楼号电梯刷卡直接入户,470万,34733元/平,中楼层 (共7层) | 2015年 | 3室1厅 | 135.32平米 | 南 北,https://ke-image.ljcdn.com/110000-inspection/a5621104-6f68-4d2c-8c4a-619062c0283a_1000.jpg!m_fill,w_280,h_210,f_jpg?from=ke.com
20240329,怀柔,怀柔,101110681667,八龙桥雅苑 满五唯一 宽沟九号院房主自荐,299万,33390元/平,底层 (共5层) 3室1厅 | 89.55平米 | 南 北,https://ke-image.ljcdn.com/110000-inspection/pc1_6o61H6NWK_1.jpg!m_fill,w_280,h_210,f_jpg?from=ke.com
20240329,怀柔,怀柔,101110610137,科学城 世嘉光织谷西区  两居室  看房方便,275万,29977元/平,中楼层 (共7层) | 2012年 | 2室1厅 | 91.74平米 | 南,https://ke-image.ljcdn.com/110000-inspection/pc1_h3oeey3Lf_1.jpg!m_fill,w_280,h_210,f_jpg?from=ke.com
20240329,怀柔,怀柔,101110561959,融城园南区 3居 总价便宜 适合易居 拎包入住,206万,25049元/平,顶层 (共3层) | 1998年 | 3室1厅 | 82.24平米 | 南 北,https://ke-image.ljcdn.com/110000-inspection/pc1_kxAllWGrc_1.jpg!m_fill,w_280,h_210,f_jpg?from=ke.com
20240329,怀柔,怀柔,101110550176,怀柔妇幼医院附近的一个有电梯的新小区,298万,31172元/平,底层 (共7层) 3室1厅 | 95.6平米 | 南 北,https://ke-image.ljcdn.com/110000-inspection/pc1_FsqjYXucX_1.jpg!m_fill,w_280,h_210,f_jpg?from=ke.com
20240329,怀柔,怀柔,101110530732,融城园南区 正规三居室 双卫 诚心出售,270万,23005元/平,底层 (共6层) 3室2厅 | 117.37平米 | 南 北,https://ke-image.ljcdn.com/110000-inspection/pc1_eT3Et8XVd_1.jpg!m_fill,w_280,h_210,f_jpg?from=ke.com
20240329,怀柔,怀柔,101110512310,于家园三区满五唯一南北通透,365万,26540元/平,中楼层 (共6层) | 1993年 | 4室2厅 | 137.53平米 | 南 北,https://ke-image.ljcdn.com/110000-inspection/pc1_Zbxov2XMB_1.jpg!m_fill,w_280,h_210,f_jpg?from=ke.com
20240329,怀柔,怀柔,101110498934,安乐馨居  满二不唯一   精装房,188万,23375元/平,低楼层 (共12层) | 2018年 | 2室1厅 | 80.43平米 | 南 北,https://ke-image.ljcdn.com/110000-inspection/pc1_2j2twXvwh_1.jpg!m_fill,w_280,h_210,f_jpg?from=ke.com
20240329,怀柔,怀柔,101110485754,美丽家园 南北通透三居室 高楼层视野好,260万,25207元/平,顶层 (共5层) 3室1厅 | 103.15平米 | 南 北,https://ke-image.ljcdn.com/110000-inspection/f9304570-682f-4888-a05e-dea44251df0c_1000.jpg!m_fill,w_280,h_210,f_jpg?from=ke.com
20240329,怀柔,怀柔,101110466937,北大街1号院 满五唯一 南北通透 交通便利 停车方便,280万,29195元/平,高楼层 (共6层) 2室1厅 | 95.91平米 | 南 北,https://ke-image.ljcdn.com/110000-inspection/pc1_gyL0TiOoR_1.jpg!m_fill,w_280,h_210,f_jpg?from=ke.com
20240329,怀柔,怀柔,101110445400,满五唯一 南北通透 提前预约 诚意出售 中间楼层,350万,26289元/平,高楼层 (共6层) | 1998年 | 3室2厅 | 133.14平米 | 南 北,https://ke-image.ljcdn.com/110000-inspection/a80df3f9-57f7-4ff2-8fcf-7c3ea1edfb2a_1000.jpg!m_fill,w_280,h_210,f_jpg?from=ke.com
20240329,怀柔,怀柔,101110427340,馥郁苑 满两年商品房 南北两居室 客厅通阳台,299万,33763元/平,中楼层 (共6层) 2室1厅 | 88.56平米 | 南 北,https://ke-image.ljcdn.com/110000-inspection/pc1_yeRfZhDox_2.jpg!m_fill,w_280,h_210,f_jpg?from=ke.com
20240329,怀柔,怀柔,101110426218,富乐小区北里业主诚意出售交通便利。,348万,36733元/平,顶层 (共7层) | 2002年 | 2室2厅 | 94.74平米 | 东 西,https://ke-image.ljcdn.com/110000-inspection/299c503b-5909-4168-80ee-6b50380fec8c_1000.jpg!m_fill,w_280,h_210,f_jpg?from=ke.com
20240329,怀柔,怀柔,101110416843,世嘉光织谷东区  三居  看房方便 1.6低密度洋房,340万,27544元/平,中楼层 (共7层) | 2013年 | 3室2厅 | 123.44平米 | 南 北,https://ke-image.ljcdn.com/110000-inspection/pc1_hX9zMM6of_2.jpg!m_fill,w_280,h_210,f_jpg?from=ke.com
20240329,怀柔,怀柔,101110409538,北京市怀柔区顶秀美泉小镇B区优质两居室,305万,34417元/平,底层 (共5层) | 2015年 | 2室1厅 | 88.62平米 | 南 北,https://ke-image.ljcdn.com/110000-inspection/db525aaa-8986-41c3-8006-b5e4b27f93c7_1000.jpg!m_fill,w_280,h_210,f_jpg?from=ke.com
20240329,怀柔,怀柔,101110389768,湖光小区32号院 南边通透三居 怀柔体育场北侧,460万,39169元/平,中楼层 (共6层) | 1994年 | 3室2厅 | 117.44平米 | 南 北,https://ke-image.ljcdn.com/110000-inspection/pc1_SPsRrr30B_2.jpg!m_fill,w_280,h_210,f_jpg?from=ke.com
20240329,怀柔,怀柔,101110377736,开放路 南北通透 大三居 采光好房主自荐,225万,23808元/平,顶层 (共6层) 3室1厅 | 94.51平米 | 南 北,https://ke-image.ljcdn.com/110000-inspection/pc1_jCMWbg7ns_1.jpg!m_fill,w_280,h_210,f_jpg?from=ke.com
20240329,怀柔,怀柔,101110284140,小中富乐二区中间楼层满五唯一诚意出售房主自荐,328万,26724元/平,中楼层 (共6层) 3室2厅 | 122.74平米 | 南 北,https://ke-image.ljcdn.com/110000-inspection/pc1_6q5rkFhoE_1.jpg!m_fill,w_280,h_210,f_jpg?from=ke.com
20240329,怀柔,怀柔,101110283738,商业街三居室封闭式小区交通便利,242万,28582元/平,高楼层 (共6层) | 1998年 | 3室1厅 | 84.67平米 | 南 北,https://ke-image.ljcdn.com/110000-inspection/pc1_dHsl0IMx7_1.jpg!m_fill,w_280,h_210,f_jpg?from=ke.com
20240329,怀柔,怀柔,101110272028,南北通透 阳光充足  环境优美  不临街  交通便利,258万,36282元/平,底层 (共5层) 3室1厅 | 71.11平米 | 南 北,https://ke-image.ljcdn.com/110000-inspection/d66d4984-78b8-4745-ba03-813ea7f7ddd0_1000.jpg!m_fill,w_280,h_210,f_jpg?from=ke.com
20240329,怀柔,怀柔,101110266754,栖美园小区停车方便全明格局。,212万,21596元/平,高楼层 (共6层) | 2005年 | 2室2厅 | 98.17平米 | 东 西,https://ke-image.ljcdn.com/110000-inspection/pc1_hOM2V2KIS_1.jpg!m_fill,w_280,h_210,f_jpg?from=ke.com
20240329,怀柔,怀柔,101110209216,世嘉光织谷西区优质一居室诚意出售,135万,26113元/平,中楼层 (共6层) | 2012年 | 1室1厅 | 51.7平米 | 南,https://ke-image.ljcdn.com/110000-inspection/pc1_KCShuLqIl_1.jpg!m_fill,w_280,h_210,f_jpg?from=ke.com
20240329,怀柔,怀柔,101110191777,南华园四区 中间位置 明厨明卫 南北三居室,245万,27156元/平,顶层 (共6层) | 1998年 | 3室1厅 | 90.22平米 | 南 北,https://ke-image.ljcdn.com/110000-inspection/f23f4cd2-95ce-4313-b4cd-81fc19291fef_1000.jpg!m_fill,w_280,h_210,f_jpg?from=ke.com
20240329,怀柔,怀柔,101110179949,怀柔南站 北京电影学院 14年洋房板楼 12月26满五唯一,182万,20720元/平,底层 (共15层) | 2014年 | 2室1厅 | 87.84平米 | 南 北,https://ke-image.ljcdn.com/110000-inspection/e1507199-12ba-47e9-a1f9-9f3490fb25ae_1000.jpg!m_fill,w_280,h_210,f_jpg?from=ke.com
20240329,怀柔,怀柔,101110176208,融城园南区两居室看房方便诚意出售,212万,22072元/平,高楼层 (共6层) | 2006年 | 2室1厅 | 96.05平米 | 南 北,https://ke-image.ljcdn.com/110000-inspection/006cb604-d4b3-48fe-8a08-eaa7b9f0a2a8_1000.jpg!m_fill,w_280,h_210,f_jpg?from=ke.com
20240329,怀柔,怀柔,101110126927,916快 北大街 于家园一区 4/6层 满五年唯一 精装修,250万,27896元/平,中楼层 (共6层) | 2010年 | 2室1厅 | 89.62平米 | 东 西,https://ke-image.ljcdn.com/110000-inspection/ef9dd01f-e376-49f4-8253-bad668da44b1_1000.jpg!m_fill,w_280,h_210,f_jpg?from=ke.com
20240329,怀柔,怀柔,101110079061,满五唯一  南北通透 提前预约  诚意出售 中间楼层,298万,22860元/平,中楼层 (共6层) | 2001年 | 3室2厅 | 130.36平米 | 南 北,https://ke-image.ljcdn.com/110000-inspection/2a7c4db0-c3d2-4957-9aed-a8ad04a4754d_1000.jpg!m_fill,w_280,h_210,f_jpg?from=ke.com
20240329,怀柔,怀柔,101110046523,幸福东园2号院  南北通透  采光好,236万,23591元/平,中楼层 (共6层) | 2001年 | 3室2厅 | 100.04平米 | 南 北,https://ke-image.ljcdn.com/110000-inspection/3ed0a373-ea5c-40e4-803a-7cad8fbc2791_1000.jpg!m_fill,w_280,h_210,f_jpg?from=ke.com
20240329,怀柔,怀柔,101109539982,东光一区104㎡东南2居室260万,182万,17367元/平,顶层 (共6层) 2室1厅 | 104.8平米 | 东南,https://ke-image.ljcdn.com/110000-inspection/4b10f06c-711b-4e90-994c-20a12b6aefda_1000.jpg!m_fill,w_280,h_210,f_jpg?from=ke.com
20240329,怀柔,怀柔,101123640726,泉河园二区 3室2厅 南 北新上,350万,35591元/平,低楼层 (共6层) 3室2厅 | 98.34平米 | 南 北,https://ke-image.ljcdn.com/110000-inspection/aa3af94a-4933-4020-8c3b-d3bd9ccee91b_1000.jpg!m_fill,w_280,h_210,f_jpg?from=ke.com
20240329,怀柔,怀柔,101123631449,新樂園 3室1厅 南 北新上,300万,27518元/平,高楼层 (共6层) 3室1厅 | 109.02平米 | 南 北,https://ke-image.ljcdn.com/110000-inspection/8ebdb631-4e6e-48e7-b0da-7b5331d75547_1000.jpg!m_fill,w_280,h_210,f_jpg?from=ke.com
20240329,怀柔,怀柔,101123629940,馥郁苑 3室2厅 南 北新上,350万,37350元/平,低楼层 (共6层) 3室2厅 | 93.71平米 | 南 北,https://ke-image.ljcdn.com/110000-inspection/1efb6d2a-dbdf-4884-96c1-b3239e99a36d_1000.jpg!m_fill,w_280,h_210,f_jpg?from=ke.com
20240329,怀柔,怀柔,101123627818,于家园三区 南北通透中间层 两居室新上,235万,27844元/平,中楼层 (共6层) | 1993年 | 2室2厅 | 84.4平米 | 南 北,https://ke-image.ljcdn.com/110000-inspection/pc1_e4Fp0uGL1_1.jpg!m_fill,w_280,h_210,f_jpg?from=ke.com
20240329,怀柔,怀柔,101123621775,丽湖馨居 满五唯一  全明格局两居 电梯低层 有车位新上,310万,34334元/平,底层 (共9层) 2室2厅 | 90.29平米 | 南 北,https://ke-image.ljcdn.com/110000-inspection/pc1_IzFyhOZA8.jpg!m_fill,w_280,h_210,f_jpg?from=ke.com
20240329,怀柔,怀柔,101123620677,湖光小区精装修采光充足楼层好新上,155万,33148元/平,中楼层 (共6层) 1室1厅 | 46.76平米 | 南,https://ke-image.ljcdn.com/110000-inspection/pc1_d2sNSWaHj.jpg!m_fill,w_280,h_210,f_jpg?from=ke.com
20240329,怀柔,怀柔,101123613877,丽湖馨居 电梯房 南北通透 看房方便 可随时签约新上,480万,37109元/平,低楼层 (共9层) | 2004年 | 3室2厅 | 129.35平米 | 南 北,https://ke-image.ljcdn.com/110000-inspection/d90be368-37e9-4458-b446-be19e0448bd0_1000.jpg!m_fill,w_280,h_210,f_jpg?from=ke.com
20240329,怀柔,怀柔,101123610135,红螺家园 2室1厅 南 北新上,285万,31791元/平,中楼层 (共5层) 2室1厅 | 89.65平米 | 南 北,https://ke-image.ljcdn.com/110000-inspection/f28e2607-75a7-468b-a415-e3e519234cf7_1000.jpg!m_fill,w_280,h_210,f_jpg?from=ke.com
20240329,怀柔,怀柔,101123607057,世嘉光织谷西区 满五唯一 南北通透 大两居 次顶层新上,220万,23715元/平,高楼层 (共6层) 2室1厅 | 92.77平米 | 南 北,https://ke-image.ljcdn.com/110000-inspection/3cccf5bf-0ca9-4a82-acb6-7cf049968db7_1000.jpg!m_fill,w_280,h_210,f_jpg?from=ke.com
20240329,怀柔,怀柔,101123606426,精装修前后都没有遮挡采光和视野很好新上,328万,27193元/平,中楼层 (共6层) | 1999年 | 3室2厅 | 120.62平米 | 南 北,https://ke-image.ljcdn.com/110000-inspection/13ba5fd0-3f1e-412b-84a7-aacc745ad518_1000.jpg!m_fill,w_280,h_210,f_jpg?from=ke.com
20240329,怀柔,怀柔,101123605790,府前观邸  电梯房楼龄新  南北通透新上,375万,41410元/平,低楼层 (共9层) 2室1厅 | 90.56平米 | 南 北,https://ke-image.ljcdn.com/110000-inspection/pc1_8RTVNzS9H.jpg!m_fill,w_280,h_210,f_jpg?from=ke.com
20240329,怀柔,怀柔,101123592173,青春苑西区满五唯一带电梯。新上,270万,33984元/平,顶层 (共6层) 2室1厅 | 79.45平米 | 南 北,https://ke-image.ljcdn.com/110000-inspection/3eb42f56-1843-44d7-8e11-2d07f9723fd3_1000.jpg!m_fill,w_280,h_210,f_jpg?from=ke.com
20240329,怀柔,怀柔,101123589808,安乐馨居 2室1厅 南 北新上,165万,19283元/平,高楼层 (共17层) 2室1厅 | 85.57平米 | 南 北,https://ke-image.ljcdn.com/110000-inspection/3838d36e-3736-4177-9f15-e09a32e75598_1000.jpg!m_fill,w_280,h_210,f_jpg?from=ke.com
20240329,怀柔,怀柔,101123583509,金善名居 2室1厅 南 北新上,205万,26978元/平,顶层 (共6层) | 2009年 | 2室1厅 | 75.99平米 | 南 北,https://ke-image.ljcdn.com/110000-inspection/3a714294-9ba7-4b12-a609-1131b9a6f471_1000.jpg!m_fill,w_280,h_210,f_jpg?from=ke.com
20240329,怀柔,怀柔,101123574640,北京城建胜悦居 2室1厅 北新上,285万,34842元/平,顶层 (共15层) | 2018年 | 2室1厅 | 81.8平米 | 北,https://ke-image.ljcdn.com/110000-inspection/aa444153-7e55-4808-a10b-4d69e513c7ba_1000.jpg!m_fill,w_280,h_210,f_jpg?from=ke.com
20240329,怀柔,怀柔,101123573778,电梯房中高楼层采光好诚意出售看房方便。新上,435万,37212元/平,中楼层 (共12层) 2室2厅 | 116.9平米 | 南 北,https://ke-image.ljcdn.com/110000-inspection/pc1_jjkAk1VlB.jpg!m_fill,w_280,h_210,f_jpg?from=ke.com
20240329,怀柔,怀柔,101123571538,育龙馨居 3室2厅 南 北新上,238万,22828元/平,顶层 (共14层) | 2013年 | 3室2厅 | 104.26平米 | 南 北,https://ke-image.ljcdn.com/110000-inspection/pc1_UZoRLsqGa_1.jpg!m_fill,w_280,h_210,f_jpg?from=ke.com
20240329,怀柔,怀柔,101123564052,乐红园 3室2厅 南 北新上,370万,29846元/平,中楼层 (共6层) 3室2厅 | 123.97平米 | 南 北,https://ke-image.ljcdn.com/110000-inspection/2553f668-5e7a-4021-ad61-b141ddba22c8_1000.jpg!m_fill,w_280,h_210,f_jpg?from=ke.com
20240329,怀柔,怀柔,101123559193,世嘉光织谷西区 1室1厅 南新上,224万,29638元/平,底层 (共6层) | 2012年 | 1室1厅 | 75.58平米 | 南,https://ke-image.ljcdn.com/110000-inspection/08b94498-44f6-4f8d-b9a7-9b38a3ab60c7_1000.jpg!m_fill,w_280,h_210,f_jpg?from=ke.com
20240329,怀柔,怀柔,101123558033,雁栖一品园B区 1室1厅 南新上,205万,34190元/平,高楼层 (共14层) 1室1厅 | 59.96平米 | 南,https://ke-image.ljcdn.com/110000-inspection/01a986fa-2d00-41ad-b04f-9bb81f1e1c52_1000.jpg!m_fill,w_280,h_210,f_jpg?from=ke.com
20240329,怀柔,怀柔,101123558006,育龙馨居 2室1厅 南 北新上,149万,20790元/平,中楼层 (共11层) 2室1厅 | 71.67平米 | 南 北,https://ke-image.ljcdn.com/110000-inspection/pc1_522heOVzg.jpg!m_fill,w_280,h_210,f_jpg?from=ke.com
20240329,怀柔,怀柔,101123551754,顶秀美泉带二楼 满五唯一南北通透精装修 拎包入住新上,360万,30873元/平,顶层 (共4层) 3室2厅 | 116.61平米 | 南 北,https://ke-image.ljcdn.com/110000-inspection/pc1_Zb13ZX313.jpg!m_fill,w_280,h_210,f_jpg?from=ke.com
20240329,怀柔,怀柔,101123528638,万通龙山新新小镇景观双拼西边户通透性好户型方正新上,630万,26457元/平,底层 (共3层) | 2002年 | 4室2厅 | 238.13平米 | 东南,https://ke-image.ljcdn.com/110000-inspection/pc1_l1417myk7.jpg!m_fill,w_280,h_210,f_jpg?from=ke.com
20240329,怀柔,怀柔,101123508047,怀柔新新家园商品房中高楼层采光好人车分流新上,235万,33339元/平,中楼层 (共16层) 2室1厅 | 70.49平米 | 东,https://ke-image.ljcdn.com/110000-inspection/pc1_awyJGVMyL_1.jpg!m_fill,w_280,h_210,f_jpg?from=ke.com
20240329,怀柔,怀柔,101123506194,柏泉庄园雁鸣园B区   二居室 业主诚意出售  看房方便,179万,21134元/平,中楼层 (共12层) 2室1厅 | 84.7平米 | 南 北,https://ke-image.ljcdn.com/110000-inspection/pc1_RDwOkqCub_1.jpg!m_fill,w_280,h_210,f_jpg?from=ke.com
20240329,怀柔,怀柔,101123504802,青春路七院 3室1厅 南 北新上,208万,28619元/平,底层 (共6层) 3室1厅 | 72.68平米 | 南 北,https://ke-image.ljcdn.com/110000-inspection/8e3b04f4-fba3-4124-99b5-5a6190fe087a_1000.jpg!m_fill,w_280,h_210,f_jpg?from=ke.com
20240329,怀柔,怀柔,101123499842,天韵家园 3室2厅 南 北,350万,35279元/平,顶层 (共6层) 3室2厅 | 99.21平米 | 南 北,https://ke-image.ljcdn.com/110000-inspection/ed1a3c6d-f8d9-4d0f-942a-63bd06441e8b_1000.jpg!m_fill,w_280,h_210,f_jpg?from=ke.com
20240329,怀柔,怀柔,101123496871,府前观邸 精装修 电梯中间楼层把边采光好 拎包入住,365万,35417元/平,中楼层 (共10层) 3室1厅 | 103.06平米 | 南 西,https://ke-image.ljcdn.com/110000-inspection/pc1_IllN4MrQW_1.jpg!m_fill,w_280,h_210,f_jpg?from=ke.com
20240329,怀柔,怀柔,101123490504,世嘉光织谷西区相当于满五唯一顶层有50平米不在房本内,376万,35522元/平,顶层 (共6层) 4室1厅 | 105.85平米 | 南 北,https://ke-image.ljcdn.com/110000-inspection/7a3c7426-366e-468f-93f7-364a382b9909_1000.jpg!m_fill,w_280,h_210,f_jpg?from=ke.com
20240329,怀柔,怀柔,101123468561,万通龙山新新小镇 6室4厅 北 南,1590万,29385元/平,底层 (共2层) 6室4厅 | 541.11平米 | 北 南,https://ke-image.ljcdn.com/110000-inspection/3159b5e9-67ce-45ca-8f75-8359a1cfd1fa_1000.jpg!m_fill,w_280,h_210,f_jpg?from=ke.com
20240329,怀柔,怀柔,101123466210,家天下次顶层三居楼层高视野好看房方便,450万,35303元/平,高楼层 (共6层) 3室2厅 | 127.47平米 | 南 北,https://ke-image.ljcdn.com/110000-inspection/82709974-e8e5-4678-84e6-ff823fdf8749_1000.jpg!m_fill,w_280,h_210,f_jpg?from=ke.com
20240329,怀柔,怀柔,101123460904,满五唯一南北通透格局楼层好采光充足,205万,21982元/平,高楼层 (共7层) 3室1厅 | 93.26平米 | 南 北,https://ke-image.ljcdn.com/110000-inspection/pc1_6fnOXpbIZ_1.jpg!m_fill,w_280,h_210,f_jpg?from=ke.com
20240329,怀柔,怀柔,101123450503,滨湖小区 2室1厅 南 北,158万,28551元/平,中楼层 (共5层) 2室1厅 | 55.34平米 | 南 北,https://ke-image.ljcdn.com/110000-inspection/pc1_HHl8JAeaI.jpg!m_fill,w_280,h_210,f_jpg?from=ke.com
20240329,怀柔,怀柔,101123439747,顶秀A区精装修三居室顶层带隔层全明格局拎包入住房主自荐,350万,33564元/平,顶层 (共4层) 3室1厅 | 104.28平米 | 南 北,https://ke-image.ljcdn.com/110000-inspection/pc1_d5Pdo9R8D.jpg!m_fill,w_280,h_210,f_jpg?from=ke.com
20240329,怀柔,怀柔,101123414489,新新小镇 南北通透 独栋别墅 有花园,850万,30199元/平,底层 (共3层) 4室2厅 | 281.47平米 | 南 北,https://ke-image.ljcdn.com/110000-inspection/72b19eb5-b8db-4d60-98bb-df7c43f7fb5f_1000.jpg!m_fill,w_280,h_210,f_jpg?from=ke.com
20240329,怀柔,怀柔,101123413346,育龙铭居 采光好 高楼层 满五唯一,160万,24130元/平,高楼层 (共9层) 2室1厅 | 66.31平米 | 南,https://ke-image.ljcdn.com/110000-inspection/060b6401-ca8d-4d6a-88a4-ce3fe2b464ac_1000.jpg!m_fill,w_280,h_210,f_jpg?from=ke.com
20240329,怀柔,怀柔,101123402208,万通龙山新新小镇 8室2厅 南 北,1349万,27418元/平,底层 (共1层) | 2008年 | 8室2厅 | 492.02平米 | 南 北,https://ke-image.ljcdn.com/110000-inspection/866a383d-d80c-49f1-b1ee-9b0cdb1e44c4_1000.jpg!m_fill,w_280,h_210,f_jpg?from=ke.com
20240329,怀柔,怀柔,101123397362,府前东街13号院 3室1厅 南 北,200万,26018元/平,顶层 (共6层) 3室1厅 | 76.87平米 | 南 北,https://ke-image.ljcdn.com/110000-inspection/e2798d66-2c58-4d1b-aca5-69b2672ee7de_1000.jpg!m_fill,w_280,h_210,f_jpg?from=ke.com
20240329,怀柔,怀柔,101123386348,于家园一区 2室1厅 西 东,149万,24863元/平,高楼层 (共6层) 2室1厅 | 59.93平米 | 西 东,https://ke-image.ljcdn.com/110000-inspection/e80ffbb4-4d65-4afd-a0cb-59e9d0a888dd_1000.jpg!m_fill,w_280,h_210,f_jpg?from=ke.com
20240329,怀柔,怀柔,101123375634,塞班假日青春路61号精装修联排别墅,958万,29160元/平,底层 (共3层) 9室1厅 | 328.54平米 | 南 北,https://ke-image.ljcdn.com/110000-inspection/3d745fe0-6469-4894-b6b3-59872737d629_1000.jpg!m_fill,w_280,h_210,f_jpg?from=ke.com
20240329,怀柔,怀柔,101123353877,南华园一区 3室1厅 南 北,276万,31261元/平,高楼层 (共6层) 3室1厅 | 88.29平米 | 南 北,https://ke-image.ljcdn.com/110000-inspection/pc1_JKjbB81QK.jpg!m_fill,w_280,h_210,f_jpg?from=ke.com
20240329,怀柔,怀柔,101123350862,万通龙山新新小镇 4室2厅 南 北,750万,36157元/平,底层 (共2层) | 2008年 | 4室2厅 | 207.43平米 | 南 北,https://ke-image.ljcdn.com/110000-inspection/pc1_NJlIfqate_1.jpg!m_fill,w_280,h_210,f_jpg?from=ke.com
20240329,怀柔,怀柔,101123350487,家天下 客厅通阳台 双卧朝南 房龄新 满五唯一,259万,26649元/平,高楼层 (共6层) | 2007年 | 2室1厅 | 97.19平米 | 南 西 北,https://ke-image.ljcdn.com/110000-inspection/pc1_E60QdRs1V_1.jpg!m_fill,w_280,h_210,f_jpg?from=ke.com
20240329,怀柔,怀柔,101123347713,中间楼层 按满五唯一出售 总价优惠,142万,22837元/平,中楼层 (共6层) 2室1厅 | 62.18平米 | 东 西,https://ke-image.ljcdn.com/110000-inspection/dd8dc331-23b0-4259-9821-24faf39d22d1_1000.jpg!m_fill,w_280,h_210,f_jpg?from=ke.com
20240329,怀柔,怀柔,101123316148,怀柔水库旁精装修电梯房漪澜鑫筑,330万,30187元/平,中楼层 (共24层) 2室2厅 | 109.32平米 | 南,https://ke-image.ljcdn.com/110000-inspection/pc1_kWeaBZuU3_1.jpg!m_fill,w_280,h_210,f_jpg?from=ke.com
20240329,怀柔,怀柔,101123304080,2013年电梯房社区南北通透把西边户满五唯一,292万,22591元/平,低楼层 (共6层) 3室2厅 | 129.26平米 | 南 西 北,https://ke-image.ljcdn.com/110000-inspection/b4296de4-87f4-4de1-bf02-728d52cb9fc0_1000.jpg!m_fill,w_280,h_210,f_jpg?from=ke.com
20240329,怀柔,怀柔,101123274088,南北大两居 精装修  精装修  房龄新电梯洋房 房龄新,280万,31507元/平,中楼层 (共5层) | 2015年 | 2室1厅 | 88.87平米 | 南 北,https://ke-image.ljcdn.com/110000-inspection/f93582e7-60cc-4953-b572-c96ea06983ec_1000.jpg!m_fill,w_280,h_210,f_jpg?from=ke.com
20240329,怀柔,怀柔,101123266681,金台园  高楼层大三居 楼龄2002年 采光充足 双卧朝南,310万,25935元/平,顶层 (共6层) | 2006年 | 3室1厅 | 119.53平米 | 南 北,https://ke-image.ljcdn.com/110000-inspection/fde38566-86ed-4f45-aebb-05ebc9b0daa7_1000.jpg!m_fill,w_280,h_210,f_jpg?from=ke.com
20240329,怀柔,怀柔,101123264954,杨家园小区 3室1厅 南 北,180万,24928元/平,高楼层 (共6层) 3室1厅 | 72.21平米 | 南 北,https://ke-image.ljcdn.com/110000-inspection/403ca96a-31fe-40c2-8f25-32041fa0da33_1000.jpg!m_fill,w_280,h_210,f_jpg?from=ke.com
20240329,怀柔,怀柔,101123257144,泉河园二区 3室1厅 南 北,399万,35763元/平,中楼层 (共5层) 3室1厅 | 111.57平米 | 南 北,https://ke-image.ljcdn.com/110000-inspection/pc1_2Df2eRJKG.jpg!m_fill,w_280,h_210,f_jpg?from=ke.com
20240329,怀柔,怀柔,101123221865,顶秀美泉4+1大三居两层大面积可以使用,430万,27183元/平,顶层 (共4层) | 2012年 | 3室2厅 | 158.19平米 | 南 西 北,https://ke-image.ljcdn.com/110000-inspection/pc1_gUiFyIH7p_1.jpg!m_fill,w_280,h_210,f_jpg?from=ke.com
20240329,怀柔,怀柔,101123220860,滨河馨居 2室1厅 南 北,145万,20351元/平,中楼层 (共11层) 2室1厅 | 71.25平米 | 南 北,https://ke-image.ljcdn.com/110000-inspection/613aecf1-d629-4a51-8225-f1b5e2bf7efa_1000.jpg!m_fill,w_280,h_210,f_jpg?from=ke.com
20240329,怀柔,怀柔,101123208748,此房房主诚心出售看房方便随时可以签约,137万,27750元/平,中楼层 (共5层) 2室0厅 | 49.37平米 | 西南,https://ke-image.ljcdn.com/110000-inspection/b21b7d70-bf95-4c84-bc6c-da7d8a25e62e_1000.jpg!m_fill,w_280,h_210,f_jpg?from=ke.com
20240329,怀柔,怀柔,101123198757,杨家园小区 2室1厅 南 北,173万,28222元/平,中楼层 (共6层) 2室1厅 | 61.3平米 | 南 北,https://ke-image.ljcdn.com/110000-inspection/779636f7-a2b6-4cdf-b48c-dc219d5803af_1000.jpg!m_fill,w_280,h_210,f_jpg?from=ke.com
20240329,怀柔,怀柔,101123123108,小中富乐二区 3室1厅 南 北,205万,24045元/平,高楼层 (共6层) 3室1厅 | 85.26平米 | 南 北,https://ke-image.ljcdn.com/110000-inspection/pc1_oDSxWwRJJ.jpg!m_fill,w_280,h_210,f_jpg?from=ke.com
20240329,怀柔,怀柔,101123122880,凤瑞二园 南北通透 视野开阔 采光好,210万,21000元/平,顶层 (共4层) | 2009年 | 2室1厅 | 100平米 | 南 北,https://ke-image.ljcdn.com/110000-inspection/pc1_uNHpxbZRt_1.jpg!m_fill,w_280,h_210,f_jpg?from=ke.com
20240329,怀柔,怀柔,101123122766,龙湖花园 5室2厅 南 北,440万,24238元/平,中楼层 (共6层) | 1995年 | 5室2厅 | 181.54平米 | 南 北,https://ke-image.ljcdn.com/110000-inspection/pc1_vVsvHPFKp_1.jpg!m_fill,w_280,h_210,f_jpg?from=ke.com
20240329,怀柔,怀柔,101123103089,迎宾中路  精装修 南北通透 采光好,320万,24035元/平,高楼层 (共6层) 3室2厅 | 133.14平米 | 南 北,https://ke-image.ljcdn.com/110000-inspection/d6a2b9c8-ec64-4d6c-a33c-7c18974a0244_1000.jpg!m_fill,w_280,h_210,f_jpg?from=ke.com
20240329,怀柔,怀柔,101123102128,东园北区 南北通透 采光充足 交通便利,275万,25351元/平,顶层 (共6层) | 2001年 | 3室2厅 | 108.48平米 | 南 北,https://ke-image.ljcdn.com/110000-inspection/pc1_vOC8dPS4F_1.jpg!m_fill,w_280,h_210,f_jpg?from=ke.com
20240329,怀柔,怀柔,101123102042,礼贤街 采光好 视野开阔 满五唯一,315万,30231元/平,顶层 (共6层) | 2003年 | 3室2厅 | 104.2平米 | 南 北,https://ke-image.ljcdn.com/110000-inspection/pc1_t4Sm64qvK_1.jpg!m_fill,w_280,h_210,f_jpg?from=ke.com
20240329,怀柔,怀柔,101123083567,怀柔科学城 顶秀美泉小镇B区 精装电梯南北两居室,276万,31057元/平,中楼层 (共5层) | 2015年 | 2室1厅 | 88.87平米 | 南 北,https://ke-image.ljcdn.com/110000-inspection/8a00c682-c46b-4460-903b-f0399040703a_1000.jpg!m_fill,w_280,h_210,f_jpg?from=ke.com
20240329,怀柔,怀柔,101123083083,融城园南区 南北通透采光好没遮挡,184万,22815元/平,高楼层 (共6层) 3室1厅 | 80.65平米 | 南 北,https://ke-image.ljcdn.com/110000-inspection/820debfd-0336-44b4-b7e8-8986aa3fd179_1000.jpg!m_fill,w_280,h_210,f_jpg?from=ke.com
20240329,怀柔,怀柔,101123080314,北大街1号院   南北通透  低楼层,285万,30291元/平,低楼层 (共6层) | 1995年 | 2室2厅 | 94.09平米 | 南 北,https://ke-image.ljcdn.com/110000-inspection/pc1_nz63iBqfb.jpg!m_fill,w_280,h_210,f_jpg?from=ke.com
20240329,怀柔,怀柔,101123077705,凤瑞二园 一层 精装修 满五唯一,258万,23208元/平,底层 (共6层) | 1996年 | 3室2厅 | 111.17平米 | 南 北,https://ke-image.ljcdn.com/110000-inspection/pc1_kJiogyTXy_1.jpg!m_fill,w_280,h_210,f_jpg?from=ke.com
20240329,怀柔,怀柔,101123071358,南华园三区 3室1厅 南 北,205万,24258元/平,中楼层 (共6层) | 2002年 | 3室1厅 | 84.51平米 | 南 北,https://ke-image.ljcdn.com/110000-inspection/pc1_voywmFWt4_1.jpg!m_fill,w_280,h_210,f_jpg?from=ke.com
20240329,怀柔,怀柔,101123071271,于家园三区 2室1厅 南 北,185万,23227元/平,高楼层 (共6层) | 2001年 | 2室1厅 | 79.65平米 | 南 北,https://ke-image.ljcdn.com/110000-inspection/742b6ba9-e095-4106-9121-f52199f6c24a_1000.jpg!m_fill,w_280,h_210,f_jpg?from=ke.com
20240329,怀柔,怀柔,101123064075,龍祥小區 3室2厅 南 北,345万,29387元/平,中楼层 (共7层) 3室2厅 | 117.4平米 | 南 北,https://ke-image.ljcdn.com/110000-inspection/3b044fdc-c6e2-4108-a485-fc017acc8f1b_1000.jpg!m_fill,w_280,h_210,f_jpg?from=ke.com
20240329,怀柔,怀柔,101123025382,世嘉光织谷东区精装修采光好,207万,29992元/平,顶层 (共6层) 2室1厅 | 69.02平米 | 南 北,https://ke-image.ljcdn.com/110000-inspection/pc1_UiP3m7IgY.jpg!m_fill,w_280,h_210,f_jpg?from=ke.com
20240329,怀柔,怀柔,101123023414,本房可俯视怀柔水库视野好地处怀柔地势高地,489万,29785元/平,顶层 (共24层) | 2001年 | 3室2厅 | 164.18平米 | 西 南,https://ke-image.ljcdn.com/110000-inspection/bebb3562-2ab0-4fef-ab45-9f05859351ea_1000.jpg!m_fill,w_280,h_210,f_jpg?from=ke.com
20240329,怀柔,怀柔,101123022341,京承高速13出口洋房社区停车位免费随时看,208万,21336元/平,顶层 (共5层) | 2008年 | 3室2厅 | 97.49平米 | 南 西 北,https://ke-image.ljcdn.com/110000-inspection/2106e3ff-039c-41f8-8c72-0bcd86cf3172_1000.jpg!m_fill,w_280,h_210,f_jpg?from=ke.com
20240329,怀柔,怀柔,101123017956,诚心出售怀柔别墅万通新新小镇交通便利,920万,27247元/平,底层 (共2层) 5室2厅 | 337.66平米 | 南 北,https://ke-image.ljcdn.com/110000-inspection/pc1_4ZqJKw9B6_1.jpg!m_fill,w_280,h_210,f_jpg?from=ke.com
20240329,怀柔,怀柔,101123003383,东关一区 3室1厅 南 北,279万,28058元/平,顶层 (共6层) 3室1厅 | 99.44平米 | 南 北,https://ke-image.ljcdn.com/110000-inspection/c49b0188-e215-4746-8690-72aea6806513_1000.jpg!m_fill,w_280,h_210,f_jpg?from=ke.com
20240329,怀柔,怀柔,101122984293,城区内房龄五年多的电梯房精装修拎包入住,310万,34240元/平,高楼层 (共16层) 2室1厅 | 90.54平米 | 南,https://ke-image.ljcdn.com/110000-inspection/2c6b2490-acfd-41c5-b34a-16a0039a4418_1000.jpg!m_fill,w_280,h_210,f_jpg?from=ke.com
20240329,怀柔,怀柔,101122981500,府东一条小区 两室 一厅 南北。,215万,34450元/平,中楼层 (共6层) | 1998年 | 2室1厅 | 62.41平米 | 南 北,https://ke-image.ljcdn.com/110000-inspection/f81b7e7c-c69e-4e48-97ef-cba56ed15b17_1000.jpg!m_fill,w_280,h_210,f_jpg?from=ke.com
20240329,怀柔,怀柔,101122966639,府前观邸商品房社区有电梯满五唯一,208万,38075元/平,中楼层 (共11层) | 2013年 | 1室1厅 | 54.63平米 | 西北,https://ke-image.ljcdn.com/110000-inspection/23188a95-3323-4280-8d7d-331772ebaada_1000.jpg!m_fill,w_280,h_210,f_jpg?from=ke.com
20240329,怀柔,怀柔,101122949357,金台园 2001年社区 环境好 南北通透,360万,30736元/平,底层 (共6层) | 2001年 | 3室2厅 | 117.13平米 | 南 北,https://ke-image.ljcdn.com/110000-inspection/pc1_B9XlPbHRt_1.jpg!m_fill,w_280,h_210,f_jpg?from=ke.com
20240329,怀柔,怀柔,101122948623,影人峰汇 精装修  4室1厅1厨1卫,175万,26100元/平,顶层 (共16层) 4室1厅 | 67.05平米 | 南,https://ke-image.ljcdn.com/110000-inspection/15044065-b83e-4a62-ad14-4e690113b7c3_1000.jpg!m_fill,w_280,h_210,f_jpg?from=ke.com
20240329,怀柔,怀柔,101122887184,湖光山舍07年左右的小区精装修有地下储藏室。,880万,30325元/平,底层 (共2层) 5室3厅 | 290.19平米 | 南 北,https://ke-image.ljcdn.com/110000-inspection/7a1a1ea9-bc2b-4cb3-ae08-84bdac5cb955_1000.jpg!m_fill,w_280,h_210,f_jpg?from=ke.com
20240329,怀柔,怀柔,101122873685,怀柔新新家园不临街精装修的全南向,315万,35000元/平,低楼层 (共16层) | 2017年 | 2室1厅 | 90平米 | 南,https://ke-image.ljcdn.com/110000-inspection/pc1_6DPriHf5X_1.jpg!m_fill,w_280,h_210,f_jpg?from=ke.com
20240329,怀柔,怀柔,101122835909,天恒半山世家 位置好 地势平 保持很好 拎包入住房主自荐,1100万,56634元/平,底层 (共3层) 5室2厅 | 194.23平米 | 南 北,https://ke-image.ljcdn.com/110000-inspection/6ba1d0fc-ca3b-4aa4-8df2-679a14610d04_1000.jpg!m_fill,w_280,h_210,f_jpg?from=ke.com
20240329,怀柔,怀柔,101122832843,欧郡香水城北区双拼别墅业主诚意出售,630万,20956元/平,底层 (共2层) | 2010年 | 4室2厅 | 300.63平米 | 南 北,https://ke-image.ljcdn.com/110000-inspection/39598b8e-7f2f-4a33-b703-e341aa70b70e_1000.jpg!m_fill,w_280,h_210,f_jpg?from=ke.com
20240329,怀柔,怀柔,101122813402,怡安园   中间楼层  三居室,175万,23161元/平,低楼层 (共6层) 3室1厅 | 75.56平米 | 南 北,https://ke-image.ljcdn.com/110000-inspection/pc1_K7CHTsNFV_1.jpg!m_fill,w_280,h_210,f_jpg?from=ke.com
20240329,怀柔,怀柔,101122806811,益田影人四季花园 电梯洋房次顶层 满五唯一 楼龄新,460万,24895元/平,高楼层 (共8层) | 2012年 | 3室2厅 | 184.78平米 | 东 南 北,https://ke-image.ljcdn.com/110000-inspection/0a06ce3d-3e5f-4524-baf3-614b49403ee4_1000.jpg!m_fill,w_280,h_210,f_jpg?from=ke.com
20240329,怀柔,怀柔,101122804791,青春苑2院 正规三居 全明格局 采光好 南北通透 房龄新,248万,31609元/平,高楼层 (共6层) 3室1厅 | 78.46平米 | 南 北,https://ke-image.ljcdn.com/110000-inspection/57faba54-6afb-4097-b5f3-a31691855c06_1000.jpg!m_fill,w_280,h_210,f_jpg?from=ke.com
20240329,怀柔,怀柔,101122757407,开放路 3室1厅 南 北,240万,24211元/平,低楼层 (共7层) 3室1厅 | 99.13平米 | 南 北,https://ke-image.ljcdn.com/110000-inspection/pc1_eXQwJ40Ch_1.jpg!m_fill,w_280,h_210,f_jpg?from=ke.com
20240329,怀柔,怀柔,101122720133,欧郡香水城此房满五年唯一别墅区里的小洋楼,245万,25204元/平,低楼层 (共3层) | 2011年 | 2室1厅 | 97.21平米 | 南 北,https://ke-image.ljcdn.com/110000-inspection/pc1_UoVNKd3Ir_1.jpg!m_fill,w_280,h_210,f_jpg?from=ke.com
20240329,怀柔,怀柔,101122719875,满五唯一南北通透。楼层好采光充足,305万,22785元/平,中楼层 (共6层) 4室2厅 | 133.86平米 | 南 北,https://ke-image.ljcdn.com/110000-inspection/pc1_yyj3JqpXS_1.jpg!m_fill,w_280,h_210,f_jpg?from=ke.com
20240329,怀柔,怀柔,101122719462,青春路六院城区电梯房配套成熟出行方便,251万,32012元/平,低楼层 (共9层) | 2015年 | 3室1厅 | 78.41平米 | 南 北,https://ke-image.ljcdn.com/110000-inspection/556d750e-bf9c-4ec8-b3a3-49a4c0243cdf_1000.jpg!m_fill,w_280,h_210,f_jpg?from=ke.com
20240329,怀柔,怀柔,101122715471,漪澜鑫筑 观怀柔水库全景洋房 转角飘窗 视野开阔,450万,30988元/平,中楼层 (共24层) 3室2厅 | 145.22平米 | 东南 南 北,https://ke-image.ljcdn.com/110000-inspection/bbb5f8f6-ffb5-4eff-9d27-9e0a46f25fd6_1000.jpg!m_fill,w_280,h_210,f_jpg?from=ke.com
20240329,怀柔,怀柔,101122697721,富乐社区一号院 2室1厅 南 北,172万,25951元/平,中楼层 (共6层) 2室1厅 | 66.28平米 | 南 北,https://ke-image.ljcdn.com/110000-inspection/27dce96d-45a3-43df-91ba-fedd57f597c4_1000.jpg!m_fill,w_280,h_210,f_jpg?from=ke.com
20240329,怀柔,怀柔,101122692100,龙山御景高层观景房看房方便业主诚意出售,550万,35459元/平,中楼层 (共25层) | 2014年 | 4室1厅 | 155.11平米 | 南 北,https://ke-image.ljcdn.com/110000-inspection/a8ced526-63ac-431c-97be-74c5e276aa09_1000.jpg!m_fill,w_280,h_210,f_jpg?from=ke.com
20240329,怀柔,怀柔,101122683904,北京城建·府前龙樾 一层带下跃 精装修,588万,37145元/平,底层 (共12层) | 2022年 | 3室2厅 | 158.3平米 | 南 北,https://ke-image.ljcdn.com/110000-inspection/221489af-bf64-4f43-9e9e-f5681096982e_1000.jpg!m_fill,w_280,h_210,f_jpg?from=ke.com
20240329,怀柔,怀柔,101122682693,万通龙山新新小镇 满五唯一  把边大院,680万,23456元/平,底层 (共2层) 5室2厅 | 289.91平米 | 南 北,https://ke-image.ljcdn.com/110000-inspection/1199b7cb-6aba-4be6-90f9-c7c512579d39_1000.jpg!m_fill,w_280,h_210,f_jpg?from=ke.com
20240329,怀柔,怀柔,101122673560,全明格局 四居两卫多阳台 有电梯 南北通透 满五唯一,380万,24897元/平,低楼层 (共8层) | 2012年 | 4室1厅 | 152.63平米 | 南 北,https://ke-image.ljcdn.com/110000-inspection/3c7a16c8-a6d8-4fb1-a41c-3addd1d48ab9_1000.jpg!m_fill,w_280,h_210,f_jpg?from=ke.com
20240329,怀柔,怀柔,101122665709,顶秀美泉小镇A区 3室1厅 南 北,270万,30334元/平,顶层 (共4层) 3室1厅 | 89.01平米 | 南 北,https://ke-image.ljcdn.com/110000-inspection/2aa0a3a2-2b7d-415b-9348-36b65a8a760a_1000.jpg!m_fill,w_280,h_210,f_jpg?from=ke.com
20240329,怀柔,怀柔,101122665136,怀柔科学城 水岸雁栖 电梯房  精装修两居 小复式,298万,36791元/平,顶层 (共4层) 2室1厅 | 81平米 | 东 西,https://ke-image.ljcdn.com/110000-inspection/10f39fd0-906b-44a4-8546-971d29fb3558_1000.jpg!m_fill,w_280,h_210,f_jpg?from=ke.com
20240329,怀柔,怀柔,101122654439,交通便利高楼层视野开阔采光充足有超市,245万,32676元/平,顶层 (共6层) 2室1厅 | 74.98平米 | 南 北,https://ke-image.ljcdn.com/110000-inspection/8e9a0ef5-5e05-44bc-b73c-5ab085bc7015_1000.jpg!m_fill,w_280,h_210,f_jpg?from=ke.com
20240329,怀柔,怀柔,101122636877,红螺家园近邻红螺寺景区依山傍水两居室一梯两户,204万,22710元/平,高楼层 (共6层) | 2007年 | 2室1厅 | 89.83平米 | 南 北,https://ke-image.ljcdn.com/110000-inspection/e996a4e2-4ff6-4122-be7f-dbe66001e0e2_1000.jpg!m_fill,w_280,h_210,f_jpg?from=ke.com
20240329,怀柔,怀柔,101122633432,满五唯一青春苑西区南北通透大四居采光充足,540万,26531元/平,顶层 (共6层) 4室3厅 | 203.54平米 | 南 北,https://ke-image.ljcdn.com/110000-inspection/pc1_xPS7vMdwj_1.jpg!m_fill,w_280,h_210,f_jpg?from=ke.com
20240329,怀柔,怀柔,101122632298,世嘉光织谷东区 4室2厅 南 北,460万,23951元/平,底层 (共5层) | 2013年 | 4室2厅 | 192.06平米 | 南 北,https://ke-image.ljcdn.com/110000-inspection/pc1_u5dGZSoNd.jpg!m_fill,w_280,h_210,f_jpg?from=ke.com
20240329,怀柔,怀柔,101122624002,世嘉光织谷东区 南北通透 视野开阔,242万,29738元/平,顶层 (共7层) | 2013年 | 3室1厅 | 81.38平米 | 南 北,https://ke-image.ljcdn.com/110000-inspection/pc1_LnixSqVqU.jpg!m_fill,w_280,h_210,f_jpg?from=ke.com
20240329,怀柔,怀柔,101122601645,万通龙山逸墅 位置好边户大花园 楼间距60米前排可停车,800万,25266元/平,底层 (共3层) 5室2厅 | 316.64平米 | 东 南 北,https://ke-image.ljcdn.com/110000-inspection/39ff8938-aac9-420d-b6b9-c249fead97b8_1000.jpg!m_fill,w_280,h_210,f_jpg?from=ke.com
20240329,怀柔,怀柔,101122587068,青春苑西区 南北通透 客厅朝南 无遮挡 采光充足,510万,35987元/平,底层 (共6层) 3室2厅 | 141.72平米 | 南 北,https://ke-image.ljcdn.com/110000-inspection/1a251792-4fea-44a5-9fea-df5ccf64a700_1000.jpg!m_fill,w_280,h_210,f_jpg?from=ke.com
20240329,怀柔,怀柔,101122570816,铁路小区 南北双阳台 大两居 客厅卧室宽敞,200万,22287元/平,高楼层 (共6层) 2室1厅 | 89.74平米 | 南 北,https://ke-image.ljcdn.com/110000-inspection/pc1_K2x1OSDF3.jpg!m_fill,w_280,h_210,f_jpg?from=ke.com
20240329,怀柔,怀柔,101122548409,北京城建胜悦居 2室1厅 南,275万,33038元/平,低楼层 (共15层) 2室1厅 | 83.24平米 | 南,https://ke-image.ljcdn.com/110000-inspection/339b0f47-2617-4591-943d-862fac3bea13_1000.jpg!m_fill,w_280,h_210,f_jpg?from=ke.com
20240329,怀柔,怀柔,101122488981,滨河馨居 2室1厅 南,145万,20351元/平,中楼层 (共11层) 2室1厅 | 71.25平米 | 南,https://ke-image.ljcdn.com/110000-inspection/daea0c61-bc97-454b-9ef6-098361d2fbc2_1000.jpg!m_fill,w_280,h_210,f_jpg?from=ke.com
20240329,怀柔,怀柔,101122459443,八龙桥雅苑 宽沟9号院 一层无遮挡采光好,275万,30710元/平,底层 (共5层) | 2008年 | 3室1厅 | 89.55平米 | 南 北,https://ke-image.ljcdn.com/110000-inspection/13db444c-4842-4220-953b-19f06f8e0c42_1000.jpg!m_fill,w_280,h_210,f_jpg?from=ke.com
20240329,怀柔,怀柔,101122427191,世嘉光织谷东区花园式洋房跃层。,550万,34226元/平,高楼层 (共7层) 3室2厅 | 160.7平米 | 南 北,https://ke-image.ljcdn.com/110000-inspection/fb30c511-0024-4277-ad42-2f4d8ab8f81d_1000.jpg!m_fill,w_280,h_210,f_jpg?from=ke.com
20240329,怀柔,怀柔,101122393283,城区里电梯房中间楼层房龄新两梯六户,255万,33566元/平,低楼层 (共15层) 2室1厅 | 75.97平米 | 南 西,https://ke-image.ljcdn.com/110000-inspection/pc1_xfNXQ5Q6I_1.jpg!m_fill,w_280,h_210,f_jpg?from=ke.com
20240329,怀柔,怀柔,101122390888,南华园四区临河地上两层地下一层独栋别墅 风景优美,1500万,35088元/平,底层 (共2层) 5室4厅 | 427.5平米 | 南 北,https://ke-image.ljcdn.com/110000-inspection/pc1_2Do1gBDDP_1.jpg!m_fill,w_280,h_210,f_jpg?from=ke.com
20240329,怀柔,怀柔,101122385401,家天下   精装两居室落地窗户,215万,31980元/平,顶层 (共6层) | 2007年 | 2室1厅 | 67.23平米 | 南 北,https://ke-image.ljcdn.com/110000-inspection/7f9215a6-e33b-4c5c-bcf3-f12c4968ed46_1000.jpg!m_fill,w_280,h_210,f_jpg?from=ke.com
20240329,怀柔,怀柔,101122380337,南华园三区小区管理好看房方便业主诚意出售,253万,24381元/平,顶层 (共5层) 3室2厅 | 103.77平米 | 南 北,https://ke-image.ljcdn.com/110000-inspection/44d3cfea-7e4d-43fd-8aef-b74271a9c42c_1000.jpg!m_fill,w_280,h_210,f_jpg?from=ke.com
20240329,怀柔,怀柔,101122372039,馥郁苑 南北通透 低楼层精装修拎包入住,410万,37280元/平,低楼层 (共6层) 3室1厅 | 109.98平米 | 南 北,https://ke-image.ljcdn.com/110000-inspection/5b7f5297-ab48-40d6-a43b-af0195069db1_1000.jpg!m_fill,w_280,h_210,f_jpg?from=ke.com
20240329,怀柔,怀柔,101122368785,电梯花园洋房 满五唯一 新小区,260万,27841元/平,底层 (共5层) | 2015年 | 2室2厅 | 93.39平米 | 南 北,https://ke-image.ljcdn.com/110000-inspection/037d4c3f-8686-4133-a191-e4bbfab72808_1000.jpg!m_fill,w_280,h_210,f_jpg?from=ke.com
20240329,怀柔,怀柔,101122368758,万通龙山新新小镇 4室2厅 南 北,635万,22941元/平,底层 (共3层) 4室2厅 | 276.8平米 | 南 北,https://ke-image.ljcdn.com/110000-inspection/3cb00d2f-2cad-42ff-893e-752aa4238c3a_1000.jpg!m_fill,w_280,h_210,f_jpg?from=ke.com
20240329,怀柔,怀柔,101122341742,怀柔科学城 栖美园 舒适小区 低楼层南北两居室,218万,22521元/平,底层 (共6层) | 2006年 | 2室2厅 | 96.8平米 | 南 北,https://ke-image.ljcdn.com/110000-inspection/f509a6b3-5c87-4f0a-8604-40a720ac76d6_1000.jpg!m_fill,w_280,h_210,f_jpg?from=ke.com
20240329,怀柔,怀柔,101122339060,欧郡香水城 宜居 精装修 满五年,898万,25965元/平,底层 (共2层) | 2008年 | 5室3厅 | 345.86平米 | 南 北,https://ke-image.ljcdn.com/110000-inspection/pc1_YlqdX3YJR_1.jpg!m_fill,w_280,h_210,f_jpg?from=ke.com
20240329,怀柔,怀柔,101122322927,金 善 名 居   大 三 居 室   南 北 通 透,235万,21652元/平,顶层 (共5层) 3室2厅 | 108.54平米 | 南 西 北,https://ke-image.ljcdn.com/110000-inspection/pc1_WhcC6Mf9M_1.jpg!m_fill,w_280,h_210,f_jpg?from=ke.com
20240329,怀柔,怀柔,101122299564,镜春园 5室2厅 南 北,960万,36837元/平,高楼层 (共7层) 5室2厅 | 260.61平米 | 南 北,https://ke-image.ljcdn.com/110000-inspection/pc1_X74fxWFVh_1.jpg!m_fill,w_280,h_210,f_jpg?from=ke.com
20240329,怀柔,怀柔,101122270908,融城园北区南北通透格局好交通便利,190万,23774元/平,低楼层 (共6层) | 2004年 | 2室1厅 | 79.92平米 | 南 北,https://ke-image.ljcdn.com/110000-inspection/7c5e4380-ff47-42b4-b39a-ccdb5392d34a_1000.jpg!m_fill,w_280,h_210,f_jpg?from=ke.com
20240329,怀柔,怀柔,101122269436,南北通透采光充足视野开阔配套设施齐交通便利,450万,26828元/平,顶层 (共6层) 4室2厅 | 167.74平米 | 南 北,https://ke-image.ljcdn.com/110000-inspection/c1211de2-53fa-4eb3-b900-85ccdb449504_1000.jpg!m_fill,w_280,h_210,f_jpg?from=ke.com
20240329,怀柔,怀柔,101122253862,翠竹园小区南北通透交通便利,275万,32164元/平,顶层 (共5层) 2室1厅 | 85.5平米 | 南 北,https://ke-image.ljcdn.com/110000-inspection/8d79f5c7-28cf-4eb8-9f07-61f7d0a0445f_1000.jpg!m_fill,w_280,h_210,f_jpg?from=ke.com
20240329,怀柔,怀柔,101122252296,青春苑西区 3室1厅 南 北,280万,29781元/平,高楼层 (共7层) | 1999年 | 3室1厅 | 94.02平米 | 南 北,https://ke-image.ljcdn.com/110000-inspection/pc1_4bmXaxYZ2_1.jpg!m_fill,w_280,h_210,f_jpg?from=ke.com
20240329,怀柔,怀柔,101122243316,世嘉光织谷西区满屋不唯一采光充足房主自荐,220万,24235元/平,中楼层 (共7层) 2室1厅 | 90.78平米 | 南 北,https://ke-image.ljcdn.com/110000-inspection/56647bd1-f814-49fc-b300-52b8db7db8a6_1000.jpg!m_fill,w_280,h_210,f_jpg?from=ke.com
20240329,怀柔,怀柔,101122240851,11层电梯房户型通透无遮挡业主诚心卖看房方便,220万,24706元/平,高楼层 (共15层) | 2013年 | 2室1厅 | 89.05平米 | 南 北,https://ke-image.ljcdn.com/110000-inspection/pc1_hSXN1HOQd_1.jpg!m_fill,w_280,h_210,f_jpg?from=ke.com
20240329,怀柔,怀柔,101122229975,南华园四区看房方便业主稳定出售,850万,33717元/平,底层 (共2层) 6室1厅 | 252.1平米 | 南 北,https://ke-image.ljcdn.com/110000-inspection/bc554024-5e18-4cc9-8fa1-0c9419537550_1000.jpg!m_fill,w_280,h_210,f_jpg?from=ke.com
20240329,怀柔,怀柔,101122224251,滨湖小区 次顶层 视野开阔 业主诚心出售,230万,25236元/平,高楼层 (共6层) 3室1厅 | 91.14平米 | 南 北,https://ke-image.ljcdn.com/110000-inspection/pc1_PmI2kF6Kd_1.jpg!m_fill,w_280,h_210,f_jpg?from=ke.com
20240329,怀柔,怀柔,101122217893,开放路 精装修 大居室 满五唯一,239万,24028元/平,低楼层 (共7层) 3室1厅 | 99.47平米 | 南 北,https://ke-image.ljcdn.com/110000-inspection/pc1_LkYBMUYFb_1.jpg!m_fill,w_280,h_210,f_jpg?from=ke.com
20240329,怀柔,怀柔,101122208649,世嘉光织谷西区  南北通透   电梯房,420万,27250元/平,高楼层 (共7层) | 2012年 | 5室2厅 | 154.13平米 | 南 北,https://ke-image.ljcdn.com/110000-inspection/cde305c8-32fd-448f-bfd4-70c196ab2185_1000.jpg!m_fill,w_280,h_210,f_jpg?from=ke.com
20240329,怀柔,怀柔,101122197844,南华园四区 4室2厅 南 北,820万,44445元/平,底层 (共2层) 4室2厅 | 184.5平米 | 南 北,https://ke-image.ljcdn.com/110000-inspection/pc1_we9SmpnN4_1.jpg!m_fill,w_280,h_210,f_jpg?from=ke.com
20240329,怀柔,怀柔,101122195129,南华园三区顶层采光好视野开阔,230万,19847元/平,顶层 (共6层) | 2002年 | 3室2厅 | 115.89平米 | 南 北,https://ke-image.ljcdn.com/110000-inspection/pc1_OlG5nqZgd_1.jpg!m_fill,w_280,h_210,f_jpg?from=ke.com
20240329,怀柔,怀柔,101122187998,怀柔城区 汇都家园 三居室 精装修,330万,28609元/平,顶层 (共6层) 3室2厅 | 115.35平米 | 南 北,https://ke-image.ljcdn.com/110000-inspection/pc1_bOl5CesLf_1.jpg!m_fill,w_280,h_210,f_jpg?from=ke.com
20240329,怀柔,怀柔,101122186771,顶秀美泉小镇A区满五唯一精装修采光充足,290万,23818元/平,顶层 (共4层) 4室2厅 | 121.76平米 | 南 北,https://ke-image.ljcdn.com/110000-inspection/pc1_7GP1JkL2n_1.jpg!m_fill,w_280,h_210,f_jpg?from=ke.com
20240329,怀柔,怀柔,101122184693,南华大街 南北通透 采光充足 视野好房主自荐,175万,26722元/平,高楼层 (共6层) 2室2厅 | 65.49平米 | 南 北,https://ke-image.ljcdn.com/110000-inspection/b053a6b6-3071-47b9-90e7-314d40761e2a_1000.jpg!m_fill,w_280,h_210,f_jpg?from=ke.com
20240329,怀柔,怀柔,101122144649,小中富乐二区 小区很干净 安静 满五唯一 户型方正,310万,32976元/平,底层 (共6层) 3室1厅 | 94.01平米 | 南 北,https://ke-image.ljcdn.com/110000-inspection/pc1_FeAgePg1N_1.jpg!m_fill,w_280,h_210,f_jpg?from=ke.com
20240329,怀柔,怀柔,101122138796,高层 电梯房 精装修 客厅通阳台 诚意卖,370万,33250元/平,顶层 (共11层) | 2013年 | 2室2厅 | 111.28平米 | 南 北,https://ke-image.ljcdn.com/110000-inspection/d07092de-e894-482b-ad83-6ebdc95289d7_1000.jpg!m_fill,w_280,h_210,f_jpg?from=ke.com
20240329,怀柔,怀柔,101122128302,本房是电梯住房精装修拎包入住,115万,19750元/平,高楼层 (共14层) 1室1厅 | 58.23平米 | 南,https://ke-image.ljcdn.com/110000-inspection/pc1_QuaVgdB44_1.jpg!m_fill,w_280,h_210,f_jpg?from=ke.com
20240329,怀柔,怀柔,101122095939,顶秀美泉小镇A区 两居室 看房方便 停车位充足,260万,28960元/平,中楼层 (共4层) | 2010年 | 2室1厅 | 89.78平米 | 南 北,https://ke-image.ljcdn.com/110000-inspection/666dd788-3a33-4474-9723-146d6a9fe2d7_1000.jpg!m_fill,w_280,h_210,f_jpg?from=ke.com
20240329,怀柔,怀柔,101122093745,金善名居 楼层高 视野开阔 南北通透两居室,175万,23030元/平,顶层 (共6层) | 2009年 | 2室1厅 | 75.99平米 | 南 北,https://ke-image.ljcdn.com/110000-inspection/pc1_ibP8zgSOE_2.jpg!m_fill,w_280,h_210,f_jpg?from=ke.com
20240329,怀柔,怀柔,101122082896,家天下带二十平米楼上和九平米储藏室的两室两卫,256万,26551元/平,顶层 (共6层) 2室2厅 | 96.42平米 | 南 北,https://ke-image.ljcdn.com/110000-inspection/cc430f24-f8fd-4521-8188-0a6b7fc0dca3_1000.jpg!m_fill,w_280,h_210,f_jpg?from=ke.com
20240329,怀柔,怀柔,101122082567,育龙铭居采光充足视野宽阔停车方便。,153万,23158元/平,中楼层 (共8层) 2室1厅 | 66.07平米 | 南 北,https://ke-image.ljcdn.com/110000-inspection/pc1_NkESiiN7G_1.jpg!m_fill,w_280,h_210,f_jpg?from=ke.com
20240329,怀柔,怀柔,101122059236,南大街25号 3室2厅 南 北,390万,30257元/平,中楼层 (共6层) | 2007年 | 3室2厅 | 128.9平米 | 南 北,https://ke-image.ljcdn.com/110000-inspection/9e1471e3-e776-4a7c-973e-9007127da468_1000.jpg!m_fill,w_280,h_210,f_jpg?from=ke.com
20240329,怀柔,怀柔,101122058266,北大街1号院 2室1厅 南 北,225万,26574元/平,顶层 (共6层) | 1995年 | 2室1厅 | 84.67平米 | 南 北,https://ke-image.ljcdn.com/110000-inspection/pc1_GJhJ4Ppt8_1.jpg!m_fill,w_280,h_210,f_jpg?from=ke.com
20240329,怀柔,怀柔,101122058059,库上一层 有地下室 诚心出售 看房随时有钥匙,249万,27987元/平,底层 (共4层) | 2010年 | 2室1厅 | 88.97平米 | 南 北,https://ke-image.ljcdn.com/110000-inspection/8b3e1bdd-1e8c-4471-bdb3-784affc1e2aa_1000.jpg!m_fill,w_280,h_210,f_jpg?from=ke.com
20240329,怀柔,怀柔,101122057865,低楼层  成熟社区  配套完善 看房随时  随时签约！,239万,26770元/平,低楼层 (共6层) | 2006年 | 2室1厅 | 89.28平米 | 东 西,https://ke-image.ljcdn.com/110000-inspection/pc1_hH7ngIixs.jpg!m_fill,w_280,h_210,f_jpg?from=ke.com
20240329,怀柔,怀柔,101122043716,天恒半山世家有钥匙随时看价钱能谈毛坯省装修款。,1600万,38581元/平,底层 (共3层) 8室4厅 | 414.72平米 | 南 北,https://ke-image.ljcdn.com/110000-inspection/pc1_SVyBHO22p_1.jpg!m_fill,w_280,h_210,f_jpg?from=ke.com
20240329,怀柔,怀柔,101122001371,茶坞铁路南北通透复式看房方便业主诚意出售,290万,17160元/平,顶层 (共5层) 4室2厅 | 169平米 | 南 北,https://ke-image.ljcdn.com/110000-inspection/6f8956cf-bd55-40ec-a974-0557cc9ed629_1000.jpg!m_fill,w_280,h_210,f_jpg?from=ke.com
20240329,怀柔,怀柔,101121976409,泊岸 4室2厅 南 北,758万,37190元/平,底层 (共6层) | 2012年 | 4室2厅 | 203.82平米 | 南 北,https://ke-image.ljcdn.com/110000-inspection/d84bb9a4-1a5c-4ff2-a1b6-778e2c3dae7d_1000.jpg!m_fill,w_280,h_210,f_jpg?from=ke.com
20240329,怀柔,怀柔,101121960921,顶秀美泉小镇A区 顶层带隔层视野开阔户型方正,336万,26292元/平,顶层 (共5层) 3室2厅 | 127.8平米 | 南 北,https://ke-image.ljcdn.com/110000-inspection/pc1_ZoLjWcN3b_1.jpg!m_fill,w_280,h_210,f_jpg?from=ke.com
20240329,怀柔,怀柔,101121954994,此房精装修可以拎包入住业主诚心出售看房方便,560万,30800元/平,高楼层 (共8层) 3室2厅 | 181.82平米 | 南 北,https://ke-image.ljcdn.com/110000-inspection/b88beee6-fa0d-4865-aa1b-f01e97288f5c_1000.jpg!m_fill,w_280,h_210,f_jpg?from=ke.com
20240329,怀柔,怀柔,101121911872,城区青春路以北别墅配套齐全南侧50平米可以种花,650万,28385元/平,底层 (共3层) 5室1厅 | 229平米 | 南 北,https://ke-image.ljcdn.com/110000-inspection/pc1_iO4jBv7y5.jpg!m_fill,w_280,h_210,f_jpg?from=ke.com
20240329,怀柔,怀柔,101121887952,电梯房 精装修 跃层 客厅通阳台 四室两厅三卫 随时看,490万,26026元/平,高楼层 (共6层) 4室2厅 | 188.28平米 | 南 北,https://ke-image.ljcdn.com/110000-inspection/4857a639-de3a-40c0-8340-d6a73affe649_1000.jpg!m_fill,w_280,h_210,f_jpg?from=ke.com
20240329,怀柔,怀柔,101121865125,丽湖馨居   三居室     精装修   有地下室,469万,36259元/平,中楼层 (共9层) 3室2厅 | 129.35平米 | 南 北,https://ke-image.ljcdn.com/110000-inspection/f3d912bf-5058-4cdb-8b73-ed3947f6b375_1000.jpg!m_fill,w_280,h_210,f_jpg?from=ke.com
20240329,怀柔,怀柔,101121857022,新村   大两居室    满五唯一,140万,20943元/平,低楼层 (共7层) | 2012年 | 2室1厅 | 66.85平米 | 南 北,https://ke-image.ljcdn.com/110000-inspection/pc1_YbQSY8aVy.jpg!m_fill,w_280,h_210,f_jpg?from=ke.com
20240329,怀柔,怀柔,101121831541,龙湖花园南北通透精装中楼层近水库,160万,30740元/平,中楼层 (共6层) 1室1厅 | 52.05平米 | 南 北,https://ke-image.ljcdn.com/110000-inspection/pc1_lmpBQZCvp_1.jpg!m_fill,w_280,h_210,f_jpg?from=ke.com
20240329,怀柔,怀柔,101121820429,顶秀美泉欧式洋房 南北通透4层两居 环境安静 居住舒适,254万,28301元/平,中楼层 (共5层) | 2012年 | 2室1厅 | 89.75平米 | 南 北,https://ke-image.ljcdn.com/110000-inspection/pc1_09i8gsswA_1.jpg!m_fill,w_280,h_210,f_jpg?from=ke.com
20240329,怀柔,怀柔,101121820166,水岸雁栖新房 大四居 南北通透,520万,36142元/平,中楼层 (共6层) | 2021年 | 4室1厅 | 143.88平米 | 南 北,https://ke-image.ljcdn.com/110000-inspection/pc1_53hsHYqZB.jpg!m_fill,w_280,h_210,f_jpg?from=ke.com
20240329,怀柔,怀柔,101121798358,怀柔 科学城 欧式风情小镇 顶秀美泉小镇B区精装两居房主自荐,263万,29389元/平,中楼层 (共5层) | 2015年 | 2室1厅 | 89.49平米 | 南 北,https://ke-image.ljcdn.com/110000-inspection/23bf1fe1-2c08-492c-936c-44bf3a6684a7_1000.jpg!m_fill,w_280,h_210,f_jpg?from=ke.com
20240329,怀柔,怀柔,101121775291,天韵家园24h物业管理南北通透装修全留（除冰X）房主自荐,660万,28667元/平,中楼层 (共6层) | 2004年 | 5室3厅 | 230.23平米 | 南 北,https://ke-image.ljcdn.com/110000-inspection/56244b77-d43b-46b4-8b03-c200efe31527_1000.jpg!m_fill,w_280,h_210,f_jpg?from=ke.com
20240329,怀柔,怀柔,101121774582,新贤家园南北三居业主诚意出售不临街诚售,480万,37562元/平,底层 (共11层) 3室1厅 | 127.79平米 | 南 东 北,https://ke-image.ljcdn.com/110000-inspection/25bef536-97cf-4ba7-a82b-cac4419fa24a_1000.jpg!m_fill,w_280,h_210,f_jpg?from=ke.com
20240329,怀柔,怀柔,101121766444,梦想家园西区 2室2厅 南 北,194万,21870元/平,顶层 (共15层) | 2014年 | 2室2厅 | 88.71平米 | 南 北,https://ke-image.ljcdn.com/110000-inspection/pc1_4Jx9bUIBT_1.jpg!m_fill,w_280,h_210,f_jpg?from=ke.com
20240329,怀柔,怀柔,101121729345,后横街小区 3室1厅 南 北,190万,29209元/平,中楼层 (共6层) | 1986年 | 3室1厅 | 65.05平米 | 南 北,https://ke-image.ljcdn.com/110000-inspection/4ec8bde4-3fb2-4012-9ca2-e358410c0897_1000.jpg!m_fill,w_280,h_210,f_jpg?from=ke.com
20240329,怀柔,怀柔,101121724238,天恒半山世家 5室2厅 东 南 西 北,1730万,56770元/平,底层 (共2层) | 2012年 | 5室2厅 | 304.74平米 | 东 南 西 北,https://ke-image.ljcdn.com/110000-inspection/51f17dbd-1d3f-4bad-bb89-7b1697b894fa_1000.jpg!m_fill,w_280,h_210,f_jpg?from=ke.com
20240329,怀柔,怀柔,101121637898,金台园楼龄新中间楼层满五唯一大三局,368万,28468元/平,中楼层 (共6层) | 2006年 | 3室2厅 | 129.27平米 | 南 北,https://ke-image.ljcdn.com/110000-inspection/5569491b-1711-465e-9f4f-82337c399551_1000.jpg!m_fill,w_280,h_210,f_jpg?from=ke.com
20240329,怀柔,怀柔,101121609641,小中富乐二区 精装修三居室  楼下好停车,235万,30048元/平,中楼层 (共6层) | 2000年 | 3室1厅 | 78.21平米 | 南 北,https://ke-image.ljcdn.com/110000-inspection/87d2321f-b1ca-458c-a80e-d419ff6dcab0_1000.jpg!m_fill,w_280,h_210,f_jpg?from=ke.com
20240329,怀柔,怀柔,101121589426,天韵家园 南北通透两居 采光好 诚意卖,280万,30655元/平,高楼层 (共6层) | 2004年 | 2室1厅 | 91.34平米 | 南 北,https://ke-image.ljcdn.com/110000-inspection/294fefcf-6117-480b-9a37-d73a2d3181b6_1000.jpg!m_fill,w_280,h_210,f_jpg?from=ke.com
20240329,怀柔,怀柔,101121589238,益田影人四季花园 能种菜花样洋房  环境优美,485万,29020元/平,底层 (共8层) | 2012年 | 3室2厅 | 167.13平米 | 南 北,https://ke-image.ljcdn.com/110000-inspection/e4f2fb5a-d423-4f8f-97b5-365a1b26d863_1000.jpg!m_fill,w_280,h_210,f_jpg?from=ke.com
20240329,怀柔,怀柔,101121586440,下辛庄239号院 4室2厅 东 南 西 北,1200万,49752元/平,底层 (共2层) 4室2厅 | 241.2平米 | 东 南 西 北,https://ke-image.ljcdn.com/110000-inspection/pc1_T9RGfN6jy_1.jpg!m_fill,w_280,h_210,f_jpg?from=ke.com
20240329,怀柔,怀柔,101121585450,龙山新新小镇独栋别墅占地面积接近1亩地看房随时。,1520万,27327元/平,底层 (共2层) 5室2厅 | 556.23平米 | 东 南 西 北,https://ke-image.ljcdn.com/110000-inspection/pc1_81tUEZ2Qy_1.jpg!m_fill,w_280,h_210,f_jpg?from=ke.com
20240329,怀柔,怀柔,101121584059,小中富乐二区 南北三居室 诚心出售 看房方便,275万,31368元/平,顶层 (共6层) 3室2厅 | 87.67平米 | 南 北,https://ke-image.ljcdn.com/110000-inspection/23f497e9-20b1-4295-a7c2-7aeb7b3dd748_1000.jpg!m_fill,w_280,h_210,f_jpg?from=ke.com
20240329,怀柔,怀柔,101121581708,湖光小区 南北通透采光好交通便利。,340万,29430元/平,中楼层 (共6层) 3室2厅 | 115.53平米 | 南 北,https://ke-image.ljcdn.com/110000-inspection/7630802d-349c-4b9a-889e-657ee3d17e4c_1000.jpg!m_fill,w_280,h_210,f_jpg?from=ke.com
20240329,怀柔,怀柔,101121574583,新新小镇    独栋别墅      装修好拎包入住,880万,26062元/平,地下室 (共3层) 5室3厅 | 337.66平米 | 东南 西南 西北 东北,https://ke-image.ljcdn.com/110000-inspection/pc1_PiFKPMSzW_1.jpg!m_fill,w_280,h_210,f_jpg?from=ke.com
20240329,怀柔,怀柔,101121572128,怀柔育龙铭居小区本房是商品房大两居拎包入住,163万,21795元/平,高楼层 (共9层) | 2012年 | 2室1厅 | 74.79平米 | 东南,https://ke-image.ljcdn.com/110000-inspection/71d07f85-cdb1-44dd-b60a-40ff196f88d1_1000.jpg!m_fill,w_280,h_210,f_jpg?from=ke.com
20240329,怀柔,怀柔,101121564302,镜春园 精心设计师设计装修 四居室跃层电梯房,798万,31068元/平,中楼层 (共6层) 4室3厅 | 256.86平米 | 南 北,https://ke-image.ljcdn.com/110000-inspection/pc1_dWVGH3xTZ.jpg!m_fill,w_280,h_210,f_jpg?from=ke.com
20240329,怀柔,怀柔,101121555493,开利园小区新上4居室房源满五唯一高层急售房主自荐,325万,27660元/平,顶层 (共6层) | 1995年 | 4室2厅 | 117.5平米 | 南 北,https://ke-image.ljcdn.com/110000-inspection/20a2679b-0d58-4d8c-b04f-1fdec6265577_1000.jpg!m_fill,w_280,h_210,f_jpg?from=ke.com
20240329,怀柔,怀柔,101121539233,新村 复式 南北通透 单价低 诚意出售,195万,20787元/平,顶层 (共6层) 4室2厅 | 93.81平米 | 南 北,https://ke-image.ljcdn.com/110000-inspection/08f20e28-8876-4ce6-ad63-55cbf9f8a5cb_1000.jpg!m_fill,w_280,h_210,f_jpg?from=ke.com
20240329,怀柔,怀柔,101121518731,金善顶层带楼上采光居住两无忧全屋精装,198万,26057元/平,顶层 (共6层) | 2009年 | 2室1厅 | 75.99平米 | 南 北,https://ke-image.ljcdn.com/110000-inspection/pc1_NMpfA4FBc.jpg!m_fill,w_280,h_210,f_jpg?from=ke.com
20240329,怀柔,怀柔,101121518406,金善名居 3室1厅 南 北,220万,22929元/平,顶层 (共6层) | 2009年 | 3室1厅 | 95.95平米 | 南 北,https://ke-image.ljcdn.com/110000-inspection/pc1_NEES4yIzU_1.jpg!m_fill,w_280,h_210,f_jpg?from=ke.com
20240329,怀柔,怀柔,101121509979,顶秀美泉小镇A区 顶层带隔层视野开阔户型方正,340万,26406元/平,顶层 (共5层) 3室2厅 | 128.76平米 | 南 北,https://ke-image.ljcdn.com/110000-inspection/pc1_F4s2aho6D_1.jpg!m_fill,w_280,h_210,f_jpg?from=ke.com
20240329,怀柔,怀柔,101121506009,馥郁苑 精装3居2卫 满五唯一,395万,33932元/平,中楼层 (共6层) 3室2厅 | 116.41平米 | 南 北,https://ke-image.ljcdn.com/110000-inspection/pc1_HsMDYTFoa_1.jpg!m_fill,w_280,h_210,f_jpg?from=ke.com
20240329,怀柔,怀柔,101121502179,东亚华欣湾东户阳光好业主诚意出售,139万,13109元/平,低楼层 (共9层) 3室2厅 | 106.04平米 | 东,https://ke-image.ljcdn.com/110000-inspection/pc1_ceebPJ9eZ_1.jpg!m_fill,w_280,h_210,f_jpg?from=ke.com
20240329,怀柔,怀柔,101121484342,新兴居 满五唯一 客厅通阳台 南北通透两居,220万,23308元/平,顶层 (共6层) | 2002年 | 2室1厅 | 94.39平米 | 南 北,https://ke-image.ljcdn.com/110000-inspection/f179d9be-7a24-4cf4-be82-813847c2cc78_1000.jpg!m_fill,w_280,h_210,f_jpg?from=ke.com
20240329,怀柔,怀柔,101121469031,天恒半山世家 5室2厅 南 北,1100万,56402元/平,底层 (共2层) 5室2厅 | 195.03平米 | 南 北,https://ke-image.ljcdn.com/110000-inspection/pc1_AJb0MbH3Y_1.jpg!m_fill,w_280,h_210,f_jpg?from=ke.com
20240329,怀柔,怀柔,101121467266,欧郡香水城 毛坯房    满五唯一  看房方便,810万,23414元/平,底层 (共2层) 4室4厅 | 345.96平米 | 南 北,https://ke-image.ljcdn.com/110000-inspection/pc1_IqETWmGcY_1.jpg!m_fill,w_280,h_210,f_jpg?from=ke.com
20240329,怀柔,怀柔,101121461332,顶秀美泉小镇A区 4+1三居室精装修,350万,31340元/平,顶层 (共4层) | 2010年 | 3室2厅 | 111.68平米 | 南 北,https://ke-image.ljcdn.com/110000-inspection/38100aa6-da0f-4a14-ab89-c4a16b907d95_1000.jpg!m_fill,w_280,h_210,f_jpg?from=ke.com
20240329,怀柔,怀柔,101121459417,怀柔影都欧郡香水城独栋别墅 院落 精装修,870万,25149元/平,底层 (共2层) | 2008年 | 6室3厅 | 345.94平米 | 东 南 西 北,https://ke-image.ljcdn.com/110000-inspection/e6eac7dc-64ad-440b-9ec6-c811265f204a_1000.jpg!m_fill,w_280,h_210,f_jpg?from=ke.com
20240329,怀柔,怀柔,101121451409,湖光小区32号院      大三居室     小区停车位充足房主自荐,325万,27674元/平,中楼层 (共6层) | 1994年 | 3室2厅 | 117.44平米 | 南 北,https://ke-image.ljcdn.com/110000-inspection/pc1_mBNMVRrgf_1.jpg!m_fill,w_280,h_210,f_jpg?from=ke.com
20240329,怀柔,怀柔,101121444795,幸福东园3号院 南北双阳台两居室,125万,17991元/平,顶层 (共7层) | 2003年 | 2室2厅 | 69.48平米 | 南 西 北,https://ke-image.ljcdn.com/110000-inspection/5d81c417-e08c-4982-9fd6-06f49111c0d1_1000.jpg!m_fill,w_280,h_210,f_jpg?from=ke.com
20240329,怀柔,怀柔,101121444629,万通龙山新新小镇 4室2厅 南 北,660万,26565元/平,底层 (共2层) 4室2厅 | 248.45平米 | 南 北,https://ke-image.ljcdn.com/110000-inspection/af58425f-2694-4e47-bfef-dd72ecb8e358_1000.jpg!m_fill,w_280,h_210,f_jpg?from=ke.com
20240329,怀柔,怀柔,101121419464,顶秀美泉欧式洋房三居室采光视野好 有车库 拎包入住,310万,26658元/平,中楼层 (共4层) 3室2厅 | 116.29平米 | 南 北,https://ke-image.ljcdn.com/110000-inspection/pc1_9RFtVEPmw.jpg!m_fill,w_280,h_210,f_jpg?from=ke.com
20240329,怀柔,怀柔,101121418095,东亚尚院 环境安静 采光好 南北通透,1200万,20948元/平,底层 (共3层) 6室2厅 | 572.87平米 | 东 南 西 北,https://ke-image.ljcdn.com/110000-inspection/pc1_z4E2sAGNe.jpg!m_fill,w_280,h_210,f_jpg?from=ke.com
20240329,怀柔,怀柔,101121384999,西园 满五唯一 怀柔水库观景房,145万,23376元/平,中楼层 (共5层) | 1986年 | 2室1厅 | 62.03平米 | 南 西,https://ke-image.ljcdn.com/110000-inspection/pc1_GApyRBeHk.jpg!m_fill,w_280,h_210,f_jpg?from=ke.com
20240329,怀柔,怀柔,101121374683,湖光山舍 4室2厅 南 北,880万,29799元/平,底层 (共2层) 4室2厅 | 295.32平米 | 南 北,https://ke-image.ljcdn.com/110000-inspection/pc1_GqMLgwFli_1.jpg!m_fill,w_280,h_210,f_jpg?from=ke.com
20240329,怀柔,怀柔,101121364085,礼贤街 中间楼层 精装修 拎包入住 诚意出售 随时可看,158万,31011元/平,中楼层 (共6层) | 2001年 | 2室1厅 | 50.95平米 | 南,https://ke-image.ljcdn.com/110000-inspection/0e68f4e0-bd65-4acb-a874-8c9029bfc0f9_1000.jpg!m_fill,w_280,h_210,f_jpg?from=ke.com
20240329,怀柔,怀柔,101121341226,镜春园小区电梯房落地窗空气好位置好。,560万,39420元/平,低楼层 (共7层) 3室2厅 | 142.06平米 | 南 北,https://ke-image.ljcdn.com/110000-inspection/c76b4654-192b-423e-adec-5f3704e553c6_1000.jpg!m_fill,w_280,h_210,f_jpg?from=ke.com
20240329,怀柔,怀柔,101121283660,电梯观景房   成熟社区   配套完善  随时签约,499万,37855元/平,中楼层 (共9层) 3室2厅 | 131.82平米 | 南 北,https://ke-image.ljcdn.com/110000-inspection/pc1_jQVTqCYcx_1.jpg!m_fill,w_280,h_210,f_jpg?from=ke.com
20240329,怀柔,怀柔,101121264474,北京城建胜悦居 3室2厅 南 北,403万,36670元/平,高楼层 (共15层) | 2018年 | 3室2厅 | 109.9平米 | 南 北,https://ke-image.ljcdn.com/110000-inspection/pc1_NKKAXDVVF_1.jpg!m_fill,w_280,h_210,f_jpg?from=ke.com
20240329,怀柔,怀柔,101121258469,美丽家园大三室南北通透客厅通阳台适合居住,308万,24012元/平,高楼层 (共6层) 3室2厅 | 128.27平米 | 南 北,https://ke-image.ljcdn.com/110000-inspection/364b13a1-3cb2-47fb-975a-05bfd4034d6a_1000.jpg!m_fill,w_280,h_210,f_jpg?from=ke.com
20240329,怀柔,怀柔,101121224509,丽湖馨居   大三居室   观景房子     业主诚意出售,550万,35969元/平,高楼层 (共12层) 3室2厅 | 152.91平米 | 南 北,https://ke-image.ljcdn.com/110000-inspection/14f7be41-9e68-4d13-bf0f-dd2146c3cc83_1000.jpg!m_fill,w_280,h_210,f_jpg?from=ke.com
20240329,怀柔,怀柔,101121223280,顶秀美泉电梯房 5+1 两层 精装修带车库带地下室,410万,34302元/平,顶层 (共5层) | 2015年 | 4室2厅 | 119.53平米 | 南 北,https://ke-image.ljcdn.com/110000-inspection/c22dd5d5-4207-40b9-ab89-d13d1bc8f8c6_1000.jpg!m_fill,w_280,h_210,f_jpg?from=ke.com
20240329,怀柔,怀柔,101121207682,凤瑞二园全明格局满五唯一商品房房主自荐,255万,22901元/平,顶层 (共6层) 3室2厅 | 111.35平米 | 南 北,https://ke-image.ljcdn.com/110000-inspection/7d235a5a-0e7e-4dca-b09c-4d1b2deb14a3_1000.jpg!m_fill,w_280,h_210,f_jpg?from=ke.com
20240329,怀柔,怀柔,101121192728,怀柔区水岸雁栖电梯房低层通透能看山,302万,34444元/平,底层 (共6层) | 2021年 | 2室1厅 | 87.68平米 | 东 西,https://ke-image.ljcdn.com/110000-inspection/pc1_xikcUdIWN.jpg!m_fill,w_280,h_210,f_jpg?from=ke.com
20240329,怀柔,怀柔,101121190257,滨河馨居精装修两居室电梯房采光好房主自荐,164万,23018元/平,中楼层 (共11层) 2室1厅 | 71.25平米 | 南 北,https://ke-image.ljcdn.com/110000-inspection/pc1_yeIG9WIOr_1.jpg!m_fill,w_280,h_210,f_jpg?from=ke.com
20240329,怀柔,怀柔,101121184130,鸿翔花园双拼别墅前后有花园范崎路8号院房主自荐,1380万,47967元/平,底层 (共2层) 6室3厅 | 287.7平米 | 南 北,https://ke-image.ljcdn.com/110000-inspection/pc1_Nv0pTQ9RP_1.jpg!m_fill,w_280,h_210,f_jpg?from=ke.com
20240329,怀柔,怀柔,101121158473,后横街小区 2室1厅 南 北,220万,30757元/平,中楼层 (共5层) | 1987年 | 2室1厅 | 71.53平米 | 南 北,https://ke-image.ljcdn.com/110000-inspection/2f38e3cb-d2b8-4cc9-9c98-1783a6cf81a0_1000.jpg!m_fill,w_280,h_210,f_jpg?from=ke.com
20240329,怀柔,怀柔,101121146272,兴怀大街小区 2室1厅 南,179万,25830元/平,顶层 (共6层) 2室1厅 | 69.3平米 | 南,https://ke-image.ljcdn.com/110000-inspection/7e002b2e-5516-4ac2-8a69-ffc290d3f3c8_1000.jpg!m_fill,w_280,h_210,f_jpg?from=ke.com
20240329,怀柔,怀柔,101121141155,滨湖小区 2室1厅 南 北,190万,29106元/平,底层 (共6层) | 1993年 | 2室1厅 | 65.28平米 | 南 北,https://ke-image.ljcdn.com/110000-inspection/ee9d1e04-08b7-4bda-a817-86dfd96998ec_1000.jpg!m_fill,w_280,h_210,f_jpg?from=ke.com
20240329,怀柔,怀柔,101121139059,富乐小区一号院 满五唯一 诚意出售,160万,25118元/平,高楼层 (共6层) 2室1厅 | 63.7平米 | 南 北,https://ke-image.ljcdn.com/110000-inspection/pc1_fopxXXuLV_1.jpg!m_fill,w_280,h_210,f_jpg?from=ke.com
20240329,怀柔,怀柔,101121138833,府前观邸 电梯房 南北通透 配套齐全,375万,37059元/平,低楼层 (共9层) 2室2厅 | 101.19平米 | 南 北,https://ke-image.ljcdn.com/110000-inspection/pc1_qRXVFMdJN_1.jpg!m_fill,w_280,h_210,f_jpg?from=ke.com
20240329,怀柔,怀柔,101121136968,世嘉光织谷东区 南北朝向 挑空客厅,245万,27644元/平,顶层 (共6层) 2室1厅 | 88.63平米 | 南 北,https://ke-image.ljcdn.com/110000-inspection/pc1_p0Xo8LRQV_1.jpg!m_fill,w_280,h_210,f_jpg?from=ke.com
20240329,怀柔,怀柔,101121128279,金善名居满五唯一采光充足南北通透。,160万,21056元/平,顶层 (共6层) 2室1厅 | 75.99平米 | 南 北,https://ke-image.ljcdn.com/110000-inspection/pc1_1MYI7q2XL.jpg!m_fill,w_280,h_210,f_jpg?from=ke.com
20240329,怀柔,怀柔,101121120136,小中富乐二区 3室2厅 南 北,690万,35338元/平,底层 (共2层) 3室2厅 | 195.26平米 | 南 北,https://ke-image.ljcdn.com/110000-inspection/a0011f89-532f-458c-9376-e4527b08b1be_1000.jpg!m_fill,w_280,h_210,f_jpg?from=ke.com
20240329,怀柔,怀柔,101121118213,70年产权南北通透三居室采光充足,380万,28186元/平,中楼层 (共5层) | 2010年 | 3室2厅 | 134.82平米 | 南 北,https://ke-image.ljcdn.com/110000-inspection/pc1_ZYILvjrze.jpg!m_fill,w_280,h_210,f_jpg?from=ke.com
20240329,怀柔,怀柔,101121112063,业主诚意出售有客户价格可议户型好采光好,290万,26501元/平,顶层 (共6层) | 2002年 | 3室2厅 | 109.43平米 | 南 北,https://ke-image.ljcdn.com/110000-inspection/pc1_3yT1fJKa2_2.jpg!m_fill,w_280,h_210,f_jpg?from=ke.com
20240329,怀柔,怀柔,101121099701,此房满五唯一中间楼层南北通透户型采光通风好。,340万,29055元/平,高楼层 (共7层) 3室2厅 | 117.02平米 | 南 北,https://ke-image.ljcdn.com/110000-inspection/pc1_CfNZcF1bM_1.jpg!m_fill,w_280,h_210,f_jpg?from=ke.com
20240329,怀柔,怀柔,101121094739,独栋别墅精装修采光好视野开阔,905万,43418元/平,底层 (共2层) 5室2厅 | 208.44平米 | 南 北,https://ke-image.ljcdn.com/110000-inspection/pc1_VZjXHnUAw_1.jpg!m_fill,w_280,h_210,f_jpg?from=ke.com
20240329,怀柔,怀柔,101121036751,新新小镇  联排别墅  小区中间位置 满五唯一,530万,21744元/平,底层 (共2层) 4室3厅 | 243.75平米 | 南 北,https://ke-image.ljcdn.com/110000-inspection/pc1_Bnf1P5izH_1.jpg!m_fill,w_280,h_210,f_jpg?from=ke.com
20240329,怀柔,怀柔,101121027454,世嘉光织谷东区满五唯一精装修花园洋房,410万,32223元/平,底层 (共7层) | 2013年 | 3室1厅 | 127.24平米 | 南 北,https://ke-image.ljcdn.com/110000-inspection/63c35093-c7df-4d96-8369-f668c361f223_1000.jpg!m_fill,w_280,h_210,f_jpg?from=ke.com
20240329,怀柔,怀柔,101121002232,顶秀美泉小镇A区 4室2厅 南 北,360万,28296元/平,顶层 (共5层) | 2010年 | 4室2厅 | 127.23平米 | 南 北,https://ke-image.ljcdn.com/110000-inspection/pc1_MovhDRz6U_1.jpg!m_fill,w_280,h_210,f_jpg?from=ke.com
20240329,怀柔,怀柔,101120991585,世嘉光织谷西区   低楼层把边户   精装修两居室,260万,27566元/平,中楼层 (共6层) | 2012年 | 2室1厅 | 94.32平米 | 南 北,https://ke-image.ljcdn.com/110000-inspection/pc1_ym6fy9d8a_1.jpg!m_fill,w_280,h_210,f_jpg?from=ke.com
20240329,怀柔,怀柔,101120991022,满五唯一精装修顶层复式精装修南北通透,235万,21380元/平,顶层 (共6层) 3室2厅 | 109.92平米 | 南 北,https://ke-image.ljcdn.com/110000-inspection/bd62eab4-ce15-4969-8ea6-ee1c040baf55_1000.jpg!m_fill,w_280,h_210,f_jpg?from=ke.com
20240329,怀柔,怀柔,101120985032,潘家园小区 2室1厅 南 北,260万,34252元/平,中楼层 (共5层) 2室1厅 | 75.91平米 | 南 北,https://ke-image.ljcdn.com/110000-inspection/pc1_pQrVueMJI_1.jpg!m_fill,w_280,h_210,f_jpg?from=ke.com
20240329,怀柔,怀柔,101120971835,龙山御景 近怀柔水库 南北通透三居 全明格局房主自荐,685万,49968元/平,底层 (共18层) 3室2厅 | 137.09平米 | 东 南 北,https://ke-image.ljcdn.com/110000-inspection/5188d7c1-5602-4a85-b3f2-39120fe4feb3_1000.jpg!m_fill,w_280,h_210,f_jpg?from=ke.com
20240329,怀柔,怀柔,101120965508,开放路 满五唯一 次顶层 精装修 加大版老三居,220万,23278元/平,高楼层 (共6层) 3室1厅 | 94.51平米 | 南 北,https://ke-image.ljcdn.com/110000-inspection/8d7bb8c4-8ef6-4bc9-b7d3-5ce16f548252_1000.jpg!m_fill,w_280,h_210,f_jpg?from=ke.com
20240329,怀柔,怀柔,101120963370,开放路满五唯一精装修采光充足,235万,23707元/平,中楼层 (共7层) 3室2厅 | 99.13平米 | 东 西,https://ke-image.ljcdn.com/110000-inspection/pc1_O0KC38Dlf_1.jpg!m_fill,w_280,h_210,f_jpg?from=ke.com
20240329,怀柔,怀柔,101120953187,茶坞铁路复式业主诚心出售。,220万,12635元/平,顶层 (共5层) | 2005年 | 4室3厅 | 174.13平米 | 南 北,https://ke-image.ljcdn.com/110000-inspection/dc277b6a-c403-4619-a8b3-906f5f71a962_1000.jpg!m_fill,w_280,h_210,f_jpg?from=ke.com
20240329,怀柔,怀柔,101120939603,满五唯一 精装联排别墅 诚意出售,730万,30211元/平,底层 (共3层) 4室2厅 | 241.64平米 | 南 北,https://ke-image.ljcdn.com/110000-inspection/pc1_jGOS2nE8f_1.jpg!m_fill,w_280,h_210,f_jpg?from=ke.com
20240329,怀柔,怀柔,101120910535,益田·影人四季花园 南北通透三居室,520万,26653元/平,底层 (共8层) | 2012年 | 4室2厅 | 195.1平米 | 南 北,https://ke-image.ljcdn.com/110000-inspection/40b9e864-5a68-496f-bdbd-52bac372b48a_1000.jpg!m_fill,w_280,h_210,f_jpg?from=ke.com
20240329,怀柔,怀柔,101120908195,兴怀大街小区 3室1厅 南 北,230万,27795元/平,中楼层 (共6层) 3室1厅 | 82.75平米 | 南 北,https://ke-image.ljcdn.com/110000-inspection/pc1_oaVSvzG8K_1.jpg!m_fill,w_280,h_210,f_jpg?from=ke.com
20240329,怀柔,怀柔,101120903315,金台园 精装精装精装 拎包住 4层 南北通透,205万,31942元/平,中楼层 (共6层) | 2006年 | 2室1厅 | 64.18平米 | 南 北,https://ke-image.ljcdn.com/110000-inspection/422d73c8-21ea-4f66-984e-dca98b8e8080_1000.jpg!m_fill,w_280,h_210,f_jpg?from=ke.com
20240329,怀柔,怀柔,101120898004,乐园西大街13号3-1-1一层的有花园,410万,36901元/平,底层 (共5层) 3室2厅 | 111.11平米 | 南 北,https://ke-image.ljcdn.com/110000-inspection/pc1_JWxowgCfB.jpg!m_fill,w_280,h_210,f_jpg?from=ke.com
20240329,怀柔,怀柔,101120882798,南华园二区 3室1厅 南 北,190万,28431元/平,顶层 (共5层) | 1993年 | 3室1厅 | 66.83平米 | 南 北,https://ke-image.ljcdn.com/110000-inspection/35ed5979-0f7c-4f2a-82ef-668d0ccbd8f1_1000.jpg!m_fill,w_280,h_210,f_jpg?from=ke.com
20240329,怀柔,怀柔,101120839062,红螺路39号院    天恒半山世家  独栋别墅,2997万,60056元/平,底层 (共2层) 5室3厅 | 499.04平米 | 南 北,https://ke-image.ljcdn.com/110000-inspection/pc1_lJV2lgNiH_1.jpg!m_fill,w_280,h_210,f_jpg?from=ke.com
20240329,怀柔,怀柔,101120820784,怡安园小区 高楼层 采光视野好,140万,19311元/平,顶层 (共6层) 3室1厅 | 72.5平米 | 南 北,https://ke-image.ljcdn.com/110000-inspection/d72296b3-7bbc-4413-86a8-25ecf90d6945_1000.jpg!m_fill,w_280,h_210,f_jpg?from=ke.com
20240329,怀柔,怀柔,101120804364,光织谷东区 乐园西大街13号  电梯房 精装修,700万,34788元/平,底层 (共4层) | 2013年 | 4室2厅 | 201.22平米 | 南 北,https://ke-image.ljcdn.com/110000-inspection/pc1_lJO93voNN_1.jpg!m_fill,w_280,h_210,f_jpg?from=ke.com
20240329,怀柔,怀柔,101120792922,产权清晰随时签约走手续看房需要提前联系业主,930万,47887元/平,底层 (共2层) | 2008年 | 5室2厅 | 194.21平米 | 东 南 西 北,https://ke-image.ljcdn.com/110000-inspection/pc1_eDqwN9X26.jpg!m_fill,w_280,h_210,f_jpg?from=ke.com
20240329,怀柔,怀柔,101120786863,双拼别墅 2020年第二次装修 花园面积大 户型方正,828万,48583元/平,底层 (共3层) 4室2厅 | 170.43平米 | 南 北,https://ke-image.ljcdn.com/110000-inspection/pc1_NUmD1lPFq.jpg!m_fill,w_280,h_210,f_jpg?from=ke.com
20240329,怀柔,怀柔,101120780940,万通龙山新新小镇看房方便业主诚意出售,810万,27865元/平,底层 (共3层) | 2005年 | 6室3厅 | 290.69平米 | 南 北,https://ke-image.ljcdn.com/110000-inspection/63172c81-9b3c-4859-b75a-513e172f2662_1000.jpg!m_fill,w_280,h_210,f_jpg?from=ke.com
20240329,怀柔,怀柔,101120778087,小中富乐二区 3室2厅 南 北,245万,23495元/平,顶层 (共6层) 3室2厅 | 104.28平米 | 南 北,https://ke-image.ljcdn.com/110000-inspection/5b92c60c-60f7-4661-9d25-3cdba21e22f0_1000.jpg!m_fill,w_280,h_210,f_jpg?from=ke.com
20240329,怀柔,怀柔,101120774015,青春路南北通透两居室低楼层精装修,169万,29438元/平,中楼层 (共4层) 2室1厅 | 57.41平米 | 南 北,https://ke-image.ljcdn.com/110000-inspection/pc1_BCRs9VwLY.jpg!m_fill,w_280,h_210,f_jpg?from=ke.com
20240329,怀柔,怀柔,101120770914,万通龙山新新小镇  精装联排别墅,700万,25104元/平,底层 (共2层) 4室2厅 | 278.85平米 | 南 北,https://ke-image.ljcdn.com/110000-inspection/pc1_4tikzWlqn.jpg!m_fill,w_280,h_210,f_jpg?from=ke.com
20240329,怀柔,怀柔,101120768750,顶秀美泉家园顶秀美泉小镇顶秀美,350万,39495元/平,顶层 (共5层) | 2015年 | 2室1厅 | 88.62平米 | 南 北,https://ke-image.ljcdn.com/110000-inspection/pc1_DTe5NvUju_1.jpg!m_fill,w_280,h_210,f_jpg?from=ke.com
20240329,怀柔,怀柔,101120757594,南华大街29号楼  观景水路空景色 把边全明格局 视野好,163万,21473元/平,顶层 (共6层) 3室1厅 | 75.91平米 | 南 北,https://ke-image.ljcdn.com/110000-inspection/42f57383-38df-430d-83f0-f331c599a39a_1000.jpg!m_fill,w_280,h_210,f_jpg?from=ke.com
20240329,怀柔,怀柔,101120748793,万通龙山新新小镇  满五唯一 位置好 诚意出售,580万,32697元/平,底层 (共3层) | 2001年 | 4室1厅 | 177.39平米 | 南 北,https://ke-image.ljcdn.com/110000-inspection/e84214e5-a964-45cc-a993-17fea42125b2_1000.jpg!m_fill,w_280,h_210,f_jpg?from=ke.com
20240329,怀柔,怀柔,101120684643,房子是独栋别墅边户停车方便个人购买只有契税,887万,42643元/平,底层 (共2层) 4室3厅 | 208.01平米 | 南 北,https://ke-image.ljcdn.com/110000-inspection/pc1_o0kyopDzR_1.jpg!m_fill,w_280,h_210,f_jpg?from=ke.com
20240329,怀柔,怀柔,101120678153,育龙铭居   户型方正合理低楼层采光好,160万,22966元/平,底层 (共6层) | 2011年 | 2室1厅 | 69.67平米 | 东 西,https://ke-image.ljcdn.com/110000-inspection/pc1_jIy3uuunz.jpg!m_fill,w_280,h_210,f_jpg?from=ke.com
20240329,怀柔,怀柔,101120674090,红螺湖 独栋别墅业主自住装修保养好,1450万,32720元/平,底层 (共2层) | 2006年 | 4室3厅 | 443.16平米 | 南 北 东 西,https://ke-image.ljcdn.com/110000-inspection/pc1_ouKTFY6AU_1.jpg!m_fill,w_280,h_210,f_jpg?from=ke.com
20240329,怀柔,怀柔,101120665127,万通龙山新新小镇 4室1厅 南 北,700万,42840元/平,底层 (共2层) 4室1厅 | 163.4平米 | 南 北,https://ke-image.ljcdn.com/110000-inspection/pc1_TOqpPaBqa_1.jpg!m_fill,w_280,h_210,f_jpg?from=ke.com
20240329,怀柔,怀柔,101120662871,美式独栋别墅 三区位置好 花园360平 半山别墅,1380万,51267元/平,底层 (共3层) 5室2厅 | 269.18平米 | 南 北,https://ke-image.ljcdn.com/110000-inspection/pc1_TnPvdMKHL_1.jpg!m_fill,w_280,h_210,f_jpg?from=ke.com
20240329,怀柔,怀柔,101120662821,独栋别墅  花园面积大 天恒半山世家,1069万,51380元/平,底层 (共3层) 5室2厅 | 208.06平米 | 南 北,https://ke-image.ljcdn.com/110000-inspection/pc1_8VsFuzCH4_1.jpg!m_fill,w_280,h_210,f_jpg?from=ke.com
20240329,怀柔,怀柔,101120645464,万通龙山新新小镇 shou山坊15号,650万,26251元/平,底层 (共2层) 5室2厅 | 247.61平米 | 南 北,https://ke-image.ljcdn.com/110000-inspection/pc1_10tAdxuPD_1.jpg!m_fill,w_280,h_210,f_jpg?from=ke.com
20240329,怀柔,怀柔,101120659332,于家园一区精装四层出行方便周边齐全,220万,24612元/平,中楼层 (共6层) | 2001年 | 2室2厅 | 89.39平米 | 东 西,https://ke-image.ljcdn.com/110000-inspection/1a5d5b60-b846-4119-9c31-2bc7a7153f51_1000.jpg!m_fill,w_280,h_210,f_jpg?from=ke.com
20240329,怀柔,怀柔,101120654971,青春路滨湖小区南北通透满五唯一两居全明格局,179万,23785元/平,中楼层 (共5层) | 1990年 | 2室1厅 | 75.26平米 | 南 北,https://ke-image.ljcdn.com/110000-inspection/b10cca32-1bff-4826-8890-340d6aac62af_1000.jpg!m_fill,w_280,h_210,f_jpg?from=ke.com
20240329,怀柔,怀柔,101120649005,新贤家园 2室1厅 南 北,310万,37305元/平,低楼层 (共11层) 2室1厅 | 83.1平米 | 南 北,https://ke-image.ljcdn.com/110000-inspection/pc1_z4EUH9XrQ.jpg!m_fill,w_280,h_210,f_jpg?from=ke.com
20240329,怀柔,怀柔,101120620533,此房南向客厅通阳台厨房带窗户中高视野宽阔,340万,41945元/平,高楼层 (共24层) | 2013年 | 2室2厅 | 81.06平米 | 南,https://ke-image.ljcdn.com/110000-inspection/be935fb9-1c01-4d80-bb60-77527e50ced8_1000.jpg!m_fill,w_280,h_210,f_jpg?from=ke.com
20240329,怀柔,怀柔,101120605710,和泰家园 3室2厅 东南 西北,519万,33748元/平,低楼层 (共6层) 3室2厅 | 153.79平米 | 东南 西北,https://ke-image.ljcdn.com/110000-inspection/pc1_Fx30aDKJV_1.jpg!m_fill,w_280,h_210,f_jpg?from=ke.com
20240329,怀柔,怀柔,101120580334,塞班假日青春路61号院290平别墅精装修,680万,22735元/平,底层 (共2层) 6室2厅 | 299.1平米 | 南 北,https://ke-image.ljcdn.com/110000-inspection/pc1_1Y1RL8HV1_1.jpg!m_fill,w_280,h_210,f_jpg?from=ke.com
20240329,怀柔,怀柔,101120564582,万通龙山新新小镇 4室2厅 南 北,770万,28504元/平,底层 (共2层) 4室2厅 | 270.14平米 | 南 北,https://ke-image.ljcdn.com/110000-inspection/b66d0e01-38b4-4240-9d74-d4f1a1a9778c_1000.jpg!m_fill,w_280,h_210,f_jpg?from=ke.com
20240329,怀柔,怀柔,101120546061,南华园四区南北通透联排别墅业主诚意出售,800万,30615元/平,底层 (共2层) 7室2厅 | 261.31平米 | 南 北,https://ke-image.ljcdn.com/110000-inspection/pc1_ZKWkUw8zw_1.jpg!m_fill,w_280,h_210,f_jpg?from=ke.com
20240329,怀柔,怀柔,101120530730,满五唯一楼层好格局好采光好视野佳,350万,24102元/平,低楼层 (共24层) | 2000年 | 3室2厅 | 145.22平米 | 东 北,https://ke-image.ljcdn.com/110000-inspection/pc1_taW45KeqF_1.jpg!m_fill,w_280,h_210,f_jpg?from=ke.com
20240329,怀柔,怀柔,101120528537,钓鱼台小区 3室2厅 南 北,510万,32472元/平,顶层 (共6层) | 2006年 | 3室2厅 | 157.06平米 | 南 北,https://ke-image.ljcdn.com/110000-inspection/pc1_g0M6E1HEc_1.jpg!m_fill,w_280,h_210,f_jpg?from=ke.com
20240329,怀柔,怀柔,101120522803,馥郁苑二期  南北通透大三居双卫中间楼层采光充足,468万,34649元/平,中楼层 (共7层) | 2017年 | 3室1厅 | 135.07平米 | 南 北,https://ke-image.ljcdn.com/110000-inspection/pc1_bWLGGweX5_1.jpg!m_fill,w_280,h_210,f_jpg?from=ke.com
20240329,怀柔,怀柔,101120522013,龙山御景 精装修 南北通透 满五唯一,498万,37506元/平,中楼层 (共20层) 3室2厅 | 132.78平米 | 南 北,https://ke-image.ljcdn.com/110000-inspection/f354f590-225a-41d9-a967-9f1fbc50033c_1000.jpg!m_fill,w_280,h_210,f_jpg?from=ke.com
20240329,怀柔,怀柔,101120504725,小中富乐二区联排停车方便位置不临街,770万,39435元/平,底层 (共2层) 3室3厅 | 195.26平米 | 南 北,https://ke-image.ljcdn.com/110000-inspection/pc1_aPhEKj0eb_1.jpg!m_fill,w_280,h_210,f_jpg?from=ke.com
20240329,怀柔,怀柔,101120471531,新兴居 3室1厅 南 北,455万,35157元/平,中楼层 (共7层) | 2001年 | 3室1厅 | 129.42平米 | 南 北,https://ke-image.ljcdn.com/110000-inspection/pc1_QADquqBdH_1.jpg!m_fill,w_280,h_210,f_jpg?from=ke.com
20240329,怀柔,怀柔,101120467242,迎宾中路2号院 2室1厅 南 北,210万,28456元/平,中楼层 (共6层) 2室1厅 | 73.8平米 | 南 北,https://ke-image.ljcdn.com/110000-inspection/pc1_Kkc6RQcZY_1.jpg!m_fill,w_280,h_210,f_jpg?from=ke.com
20240329,怀柔,怀柔,101120463552,怡成园高层电梯三居怡成园高层电梯三居,470万,35323元/平,高楼层 (共12层) 3室1厅 | 133.06平米 | 南 北,https://ke-image.ljcdn.com/110000-inspection/pc1_YbMVMLETL_1.jpg!m_fill,w_280,h_210,f_jpg?from=ke.com
20240329,怀柔,怀柔,101120403788,府前东街西区满五唯一商品房低楼层,195万,28455元/平,底层 (共6层) 2室1厅 | 68.53平米 | 东北,https://ke-image.ljcdn.com/110000-inspection/pc1_miJrKyd12_1.jpg!m_fill,w_280,h_210,f_jpg?from=ke.com
20240329,怀柔,怀柔,101120360918,世嘉光织谷东区精装修全南电梯房一居室交易只有契税,200万,29887元/平,顶层 (共6层) | 2013年 | 1室1厅 | 66.92平米 | 南,https://ke-image.ljcdn.com/110000-inspection/pc1_nDDSiO9Ah_1.jpg!m_fill,w_280,h_210,f_jpg?from=ke.com
20240329,怀柔,怀柔,101120320321,红螺路的高品质别墅区坐在庭院赏花看河水溪流,1230万,63327元/平,底层 (共2层) | 2008年 | 5室2厅 | 194.23平米 | 南 北,https://ke-image.ljcdn.com/110000-inspection/pc1_9StUstg4W_1.jpg!m_fill,w_280,h_210,f_jpg?from=ke.com
20240329,怀柔,怀柔,101120318820,顶秀美泉欧式小镇 电梯房 客厅通阳台 南北通透 精装,323万,36370元/平,顶层 (共5层) | 2015年 | 2室1厅 | 88.81平米 | 南 北,https://ke-image.ljcdn.com/110000-inspection/pc1_JMx5p22TI_1.jpg!m_fill,w_280,h_210,f_jpg?from=ke.com
20240329,怀柔,怀柔,101120311600,育龙馨居 科学城高层电梯 楼龄新 视野好,288万,23937元/平,顶层 (共14层) | 2013年 | 3室2厅 | 120.32平米 | 南 北,https://ke-image.ljcdn.com/110000-inspection/65908693-0022-41be-a976-42475ee9ac1c_1000.jpg!m_fill,w_280,h_210,f_jpg?from=ke.com
20240329,怀柔,怀柔,101120297471,2000年社区楼间距大采光好精装,300万,32196元/平,中楼层 (共6层) 3室1厅 | 93.18平米 | 南 北,https://ke-image.ljcdn.com/110000-inspection/pc1_6IXxqPjiU_1.jpg!m_fill,w_280,h_210,f_jpg?from=ke.com
20240329,怀柔,怀柔,101120292746,兴怀大街14号院 中间层四居 满五唯一 前后通阳台,310万,22083元/平,中楼层 (共6层) | 1998年 | 4室2厅 | 140.38平米 | 南 北,https://ke-image.ljcdn.com/110000-inspection/pc1_bom12qnuu_2.jpg!m_fill,w_280,h_210,f_jpg?from=ke.com
20240329,怀柔,怀柔,101120280746,南华园二区南北通透三居室精装修看房随时,240万,26267元/平,顶层 (共6层) 3室2厅 | 91.37平米 | 南 北,https://ke-image.ljcdn.com/110000-inspection/pc1_599C8XOHc_1.jpg!m_fill,w_280,h_210,f_jpg?from=ke.com
20240329,怀柔,怀柔,101120265283,世家光织谷东区4居精装修5跃6复式,500万,29586元/平,高楼层 (共6层) | 2013年 | 4室2厅 | 169平米 | 南 北,https://ke-image.ljcdn.com/110000-inspection/aa94fbe4-603b-4295-af90-df39c6310a4d_1000.jpg!m_fill,w_280,h_210,f_jpg?from=ke.com
20240329,怀柔,怀柔,101120254319,八龙桥雅苑 4室4厅 南 北,580万,25897元/平,底层 (共2层) | 2008年 | 4室4厅 | 223.97平米 | 南 北,https://ke-image.ljcdn.com/110000-inspection/pc1_cbJzzQM0t_1.jpg!m_fill,w_280,h_210,f_jpg?from=ke.com
20240329,怀柔,怀柔,101120251222,融城园南区 南北通透小区环境好房主自荐,210万,22348元/平,中楼层 (共6层) 3室1厅 | 93.97平米 | 南 北,https://ke-image.ljcdn.com/110000-inspection/pc1_lvyrVlMIg.jpg!m_fill,w_280,h_210,f_jpg?from=ke.com
20240329,怀柔,怀柔,101120250652,安乐馨居 全南朝向采光好 自主型精装修标准 诚心出售,145万,20641元/平,低楼层 (共17层) 1室1厅 | 70.25平米 | 南,https://ke-image.ljcdn.com/110000-inspection/6837b7a9-6e16-42dc-9791-b5809f90eb9e_1000.jpg!m_fill,w_280,h_210,f_jpg?from=ke.com
20240329,怀柔,怀柔,101120202109,南华大街中层三居室适合年轻人居住的宽敞住宅。,215万,25100元/平,中楼层 (共6层) 3室1厅 | 85.66平米 | 南 北,https://ke-image.ljcdn.com/110000-inspection/c98f862d-a31d-4ad2-b8d4-366f6146c809_1000.jpg!m_fill,w_280,h_210,f_jpg?from=ke.com
20240329,怀柔,怀柔,101120178643,70年产权精装修有电梯顶层带阁南北通透,325万,38362元/平,顶层 (共6层) | 2021年 | 2室2厅 | 84.72平米 | 南 北,https://ke-image.ljcdn.com/110000-inspection/pc1_rGRXKWd1F_1.jpg!m_fill,w_280,h_210,f_jpg?from=ke.com
20240329,怀柔,怀柔,101120175600,京承高速怀柔14出口别墅社区精装修五居室。房主自荐,780万,26960元/平,底层 (共3层) 5室2厅 | 289.32平米 | 南 北,https://ke-image.ljcdn.com/110000-inspection/pc1_Mbqpw1vnJ.jpg!m_fill,w_280,h_210,f_jpg?from=ke.com
20240329,怀柔,怀柔,101120151791,顶秀美泉小镇B区 5+1层大三居 满五唯一 无抵押,470万,37934元/平,顶层 (共5层) | 2015年 | 3室2厅 | 123.9平米 | 南 北 西,https://ke-image.ljcdn.com/110000-inspection/pc1_dNBPF4yto_1.jpg!m_fill,w_280,h_210,f_jpg?from=ke.com
20240329,怀柔,怀柔,101120145302,科学城新村小区小区安静楼道干净南北通透,172万,22940元/平,顶层 (共6层) | 2012年 | 2室1厅 | 74.98平米 | 南 北,https://ke-image.ljcdn.com/110000-inspection/e1a91c94-bab0-4753-b7b1-d49910bea1d4_1000.jpg!m_fill,w_280,h_210,f_jpg?from=ke.com
20240329,怀柔,怀柔,101120129741,青山绿水空气清新休闲度假宜居,260万,16199元/平,顶层 (共5层) 3室2厅 | 160.51平米 | 东 西,https://ke-image.ljcdn.com/110000-inspection/pc1_2OpkMPwjh_1.jpg!m_fill,w_280,h_210,f_jpg?from=ke.com
20240329,怀柔,怀柔,101120080253,馥郁苑顶层    全明格局   视线宽广,399万,26618元/平,顶层 (共6层) 4室2厅 | 149.9平米 | 南 北 东,https://ke-image.ljcdn.com/110000-inspection/pc1_Q94Z4houW_1.jpg!m_fill,w_280,h_210,f_jpg?from=ke.com
20240329,怀柔,怀柔,101120026662,万通龙山新新小镇精装联排别墅装修品质高,628万,21731元/平,底层 (共3层) 4室3厅 | 289平米 | 东 西,https://ke-image.ljcdn.com/110000-inspection/pc1_USzwrLxUC_1.jpg!m_fill,w_280,h_210,f_jpg?from=ke.com
20240329,怀柔,怀柔,101120005459,满五唯一电梯房南北通透环境好！,556万,29063元/平,高楼层 (共6层) 5室3厅 | 191.31平米 | 南 北,https://ke-image.ljcdn.com/110000-inspection/pc1_W1VbzoL5m_1.jpg!m_fill,w_280,h_210,f_jpg?from=ke.com
20240329,怀柔,怀柔,101120003493,金泰苑小区  满五唯一   健身楼层房主自荐,385万,24791元/平,顶层 (共6层) | 2005年 | 3室3厅 | 155.3平米 | 南 北,https://ke-image.ljcdn.com/110000-inspection/pc1_A6YNxX4LS.jpg!m_fill,w_280,h_210,f_jpg?from=ke.com
20240329,怀柔,怀柔,101119975389,裕华园转商的大两居可以贷款可以把户口迁入,172万,21474元/平,底层 (共14层) | 2013年 | 2室1厅 | 80.1平米 | 南 北,https://ke-image.ljcdn.com/110000-inspection/pc1_QKkbg1PDE.jpg!m_fill,w_280,h_210,f_jpg?from=ke.com
20240329,怀柔,怀柔,101119926502,诚信出售 楼层好视野好 全屋精装拎包入住,165万,25207元/平,中楼层 (共17层) | 2018年 | 1室1厅 | 65.46平米 | 南,https://ke-image.ljcdn.com/110000-inspection/pc1_g2VuRtPSx_1.jpg!m_fill,w_280,h_210,f_jpg?from=ke.com
20240329,怀柔,怀柔,101119848736,泉河街道北园社区 南北朝向 诚意出售,215万,29684元/平,高楼层 (共6层) 2室1厅 | 72.43平米 | 南 北,https://ke-image.ljcdn.com/110000-inspection/554e225c-f4e4-424b-bfe7-4387b6b5f5cb_1000.jpg!m_fill,w_280,h_210,f_jpg?from=ke.com
20240329,怀柔,怀柔,101119840433,顶秀美泉小镇C区 3室1厅 南 北,345万,29632元/平,中楼层 (共4层) | 2012年 | 3室1厅 | 116.43平米 | 南 北,https://ke-image.ljcdn.com/110000-inspection/pc1_ZHZgKGZ8Z_1.jpg!m_fill,w_280,h_210,f_jpg?from=ke.com
20240329,怀柔,怀柔,101119840007,南华园一区   满五唯一 精装修,145万,27515元/平,中楼层 (共5层) 1室1厅 | 52.7平米 | 东 西,https://ke-image.ljcdn.com/110000-inspection/pc1_PLPqkl9UD_1.jpg!m_fill,w_280,h_210,f_jpg?from=ke.com
20240329,怀柔,怀柔,101119824868,房子采光好  南北通透 复式房 看房方便诚意出售,330万,20147元/平,顶层 (共6层) | 1999年 | 4室2厅 | 163.8平米 | 南 北,https://ke-image.ljcdn.com/110000-inspection/pc1_uZQNO5lfT_1.jpg!m_fill,w_280,h_210,f_jpg?from=ke.com
20240329,怀柔,怀柔,101119823854,青春路一院2000年楼龄新 南北通透 楼层好 采光好。,335万,30372元/平,高楼层 (共6层) 3室2厅 | 110.3平米 | 南 北,https://ke-image.ljcdn.com/110000-inspection/pc1_xffr2zjax_1.jpg!m_fill,w_280,h_210,f_jpg?from=ke.com
20240329,怀柔,怀柔,101119823723,满五 唯一 复式结构 南北通透 精装修 诚意出售,438万,26112元/平,顶层 (共6层) 4室2厅 | 167.74平米 | 南 北,https://ke-image.ljcdn.com/110000-inspection/pc1_iuUFNTzRY_1.jpg!m_fill,w_280,h_210,f_jpg?from=ke.com
20240329,怀柔,怀柔,101119769240,世嘉光织谷东区4居室6跃7精装修,409万,25936元/平,高楼层 (共7层) 4室2厅 | 157.7平米 | 南 北,https://ke-image.ljcdn.com/110000-inspection/pc1_zzfgUkTaz_1.jpg!m_fill,w_280,h_210,f_jpg?from=ke.com
20240329,怀柔,怀柔,101119762851,下辛庄239号院 5室1厅 东 南 西 北,660万,31399元/平,底层 (共2层) 5室1厅 | 210.2平米 | 东 南 西 北,https://ke-image.ljcdn.com/110000-inspection/5a40d091-6519-4324-9e9e-16b80b97c29d_1000.jpg!m_fill,w_280,h_210,f_jpg?from=ke.com
20240329,怀柔,怀柔,101119756085,东关二区小区满五唯一价格合适,199万,20280元/平,顶层 (共6层) 3室2厅 | 98.13平米 | 南 北,https://ke-image.ljcdn.com/110000-inspection/0ce06cab-560c-4bcf-8353-f201b64003fd_1000.jpg!m_fill,w_280,h_210,f_jpg?from=ke.com
20240329,怀柔,怀柔,101119747877,湖光山舍全新精装修独栋别墅院前花园位置好。,820万,28258元/平,底层 (共2层) 5室2厅 | 290.19平米 | 南 北,https://ke-image.ljcdn.com/110000-inspection/pc1_a5nLNxrEJ.jpg!m_fill,w_280,h_210,f_jpg?from=ke.com
20240329,怀柔,怀柔,101119726720,八龙桥雅苑  花园小区  格局方正 南北通透 诚意出售,798万,28251元/平,中楼层 (共4层) 5室3厅 | 282.47平米 | 南 北,https://ke-image.ljcdn.com/110000-inspection/pc1_NeDEyU2LF_1.jpg!m_fill,w_280,h_210,f_jpg?from=ke.com
20240329,怀柔,怀柔,101119651210,此房满五唯一南北通透下跃有阳台采光充足,440万,26953元/平,底层 (共6层) | 2012年 | 3室2厅 | 163.25平米 | 南 北,https://ke-image.ljcdn.com/110000-inspection/pc1_MYiWKKdpp_1.jpg!m_fill,w_280,h_210,f_jpg?from=ke.com
20240329,怀柔,怀柔,101119598031,独栋别墅精装修满五唯一不临火车道,700万,42974元/平,底层 (共2层) 5室2厅 | 162.89平米 | 南 北,https://ke-image.ljcdn.com/110000-inspection/pc1_kGJveUnX7_1.jpg!m_fill,w_280,h_210,f_jpg?from=ke.com
20240329,怀柔,怀柔,101119587769,青春路一院诚意出售看房方便随时签约楼龄新。,599万,25014元/平,顶层 (共6层) 6室3厅 | 239.47平米 | 南 北,https://ke-image.ljcdn.com/110000-inspection/pc1_uDHwO7xyT_1.jpg!m_fill,w_280,h_210,f_jpg?from=ke.com
20240329,怀柔,怀柔,101119548794,丽湖馨居满五年唯一业主诚意出售可以随时签约,550万,35553元/平,高楼层 (共10层) | 2002年 | 6室2厅 | 154.7平米 | 南 西 北,https://ke-image.ljcdn.com/110000-inspection/pc1_GmhnGltJz_1.jpg!m_fill,w_280,h_210,f_jpg?from=ke.com
20240329,怀柔,怀柔,101119521258,新 兴 居    南  北 三 居 室房主自荐,320万,26968元/平,高楼层 (共6层) 3室2厅 | 118.66平米 | 南 北,https://ke-image.ljcdn.com/110000-inspection/af02d5fd-3bb1-4963-a053-60eadd7598ce_1000.jpg!m_fill,w_280,h_210,f_jpg?from=ke.com
20240329,怀柔,怀柔,101119493921,滨河馨居、电梯两居、价低格局可动非承重墙体多,135万,18948元/平,底层 (共11层) 2室1厅 | 71.25平米 | 南 北,https://ke-image.ljcdn.com/110000-inspection/pc1_UDaFjCicE.jpg!m_fill,w_280,h_210,f_jpg?from=ke.com
20240329,怀柔,怀柔,101119484718,益田影人四季花园电梯洋房南北通透视野好次顶层,280万,27611元/平,高楼层 (共8层) 2室1厅 | 101.41平米 | 南 北,https://ke-image.ljcdn.com/110000-inspection/pc1_31RIUUmFX_1.jpg!m_fill,w_280,h_210,f_jpg?from=ke.com
20240329,怀柔,怀柔,101119418128,八龙桥雅苑看房方便有钥匙随时业主诚意出售,245万,27302元/平,顶层 (共5层) 3室1厅 | 89.74平米 | 南 北,https://ke-image.ljcdn.com/110000-inspection/pc1_QFM2kGUsd.jpg!m_fill,w_280,h_210,f_jpg?from=ke.com
20240329,怀柔,怀柔,101119414242,裕华园一区 高楼层 南向精装修一居室,110万,18891元/平,中楼层 (共14层) 1室1厅 | 58.23平米 | 南,https://ke-image.ljcdn.com/110000-inspection/5725fdc5-5b7c-4d6d-8c71-1251ceed27dd_1000.jpg!m_fill,w_280,h_210,f_jpg?from=ke.com
20240329,怀柔,怀柔,101119317810,天恒半山世家 5室2厅 东 东南,1300万,51676元/平,底层 (共2层) 5室2厅 | 251.57平米 | 东 东南,https://ke-image.ljcdn.com/110000-inspection/pc1_bpVFTqJmr_1.jpg!m_fill,w_280,h_210,f_jpg?from=ke.com
20240329,怀柔,怀柔,101119290966,南北通透 有钥匙 可随时看房 业主诚意出售,189万,25912元/平,高楼层 (共6层) | 2006年 | 3室1厅 | 72.94平米 | 南 北,https://ke-image.ljcdn.com/110000-inspection/eee8c9dc-e6b3-4032-81d2-6c114cb642d6_1000.jpg!m_fill,w_280,h_210,f_jpg?from=ke.com
20240329,怀柔,怀柔,101119287518,塞班假日 风情别墅 精装修 业主诚售,980万,30876元/平,底层 (共3层) 6室2厅 | 317.4平米 | 南 北,https://ke-image.ljcdn.com/110000-inspection/pc1_1P2t6l7NT_1.jpg!m_fill,w_280,h_210,f_jpg?from=ke.com
20240329,怀柔,怀柔,101119285631,世嘉光织谷东区5居室双卫还有书房房子满五年唯一,459万,27061元/平,中楼层 (共5层) | 2013年 | 5室2厅 | 169.62平米 | 南 北,https://ke-image.ljcdn.com/110000-inspection/pc1_tHpAr0Ng3_1.jpg!m_fill,w_280,h_210,f_jpg?from=ke.com
20240329,怀柔,怀柔,101119243128,富乐小区南里 南北通透交通便利诚意出售,325万,28557元/平,中楼层 (共6层) 3室1厅 | 113.81平米 | 南 北,https://ke-image.ljcdn.com/110000-inspection/pc1_dt7GYDuyN_1.jpg!m_fill,w_280,h_210,f_jpg?from=ke.com
20240329,怀柔,怀柔,101119233200,于家园二区南院 高层南北通透小三居 采光好无遮挡,169万,26924元/平,顶层 (共6层) 2室1厅 | 62.77平米 | 南 北,https://ke-image.ljcdn.com/110000-inspection/pc1_gavL0KEVV.jpg!m_fill,w_280,h_210,f_jpg?from=ke.com
20240329,怀柔,怀柔,101119214377,新兴居 楼龄新 交通便利 3层 得房率超高,248万,26177元/平,中楼层 (共7层) 2室1厅 | 94.74平米 | 东 西 北,https://ke-image.ljcdn.com/110000-inspection/pc1_62lrqTEAu_1.jpg!m_fill,w_280,h_210,f_jpg?from=ke.com
20240329,怀柔,怀柔,101119198863,融城园北区 南北通透 采光充足,188万,23524元/平,顶层 (共6层) 2室2厅 | 79.92平米 | 南 北,https://ke-image.ljcdn.com/110000-inspection/pc1_pr6xNAyWb_1.jpg!m_fill,w_280,h_210,f_jpg?from=ke.com
20240329,怀柔,怀柔,101119137656,兆龙居小区 南北3居室 中间层 临近水库 采光好,210万,25805元/平,中楼层 (共6层) | 1993年 | 3室1厅 | 81.38平米 | 南 北,https://ke-image.ljcdn.com/110000-inspection/276abae1-aac2-412e-a142-7ea8efd89100_1000.jpg!m_fill,w_280,h_210,f_jpg?from=ke.com
20240329,怀柔,怀柔,101119125968,天恒半山世家 独栋别墅 四区三期 大花园,2550万,94291元/平,底层 (共3层) 5室2厅 | 270.44平米 | 南 北,https://ke-image.ljcdn.com/110000-inspection/pc1_2b6pXI4oW_1.jpg!m_fill,w_280,h_210,f_jpg?from=ke.com
20240329,怀柔,怀柔,101119124171,水库边 观景房 满五唯一 急售,550万,32016元/平,顶层 (共24层) 5室3厅 | 171.79平米 | 南 西,https://ke-image.ljcdn.com/110000-inspection/13417f9b-e826-43b4-9e87-17620baf27d7_1000.jpg!m_fill,w_280,h_210,f_jpg?from=ke.com
20240329,怀柔,怀柔,101119094689,八龙桥雅苑满五年唯一看房提前业主稳定出售,245万,27229元/平,顶层 (共5层) 3室2厅 | 89.98平米 | 南 北,https://ke-image.ljcdn.com/110000-inspection/a5d123bc-b436-4b47-8b72-e8d02b87d54f_1000.jpg!m_fill,w_280,h_210,f_jpg?from=ke.com
20240329,怀柔,怀柔,101119093376,想要品质三居看过来 私家电梯入户7+1两层格局,585万,49131元/平,顶层 (共7层) | 2015年 | 3室2厅 | 119.07平米 | 南 北 东,https://ke-image.ljcdn.com/110000-inspection/pc1_GrF1CEbhn_1.jpg!m_fill,w_280,h_210,f_jpg?from=ke.com
20240329,怀柔,怀柔,101119087126,天恒别墅山天恒半山世家精装修独栋别墅房主自荐,1950万,72443元/平,底层 (共2层) 6室3厅 | 269.18平米 | 南 北,https://ke-image.ljcdn.com/110000-inspection/pc1_NB8E3wMzC_1.jpg!m_fill,w_280,h_210,f_jpg?from=ke.com
20240329,怀柔,怀柔,101119084858,泊岸 低密度小区 人车分流 下跃花园 精装修 车位入户房主自荐,950万,30430元/平,底层 (共4层) | 2012年 | 3室2厅 | 312.2平米 | 南 北,https://ke-image.ljcdn.com/110000-inspection/6dd5f3a6-00d5-4a6c-8450-78649aaf325a_1000.jpg!m_fill,w_280,h_210,f_jpg?from=ke.com
20240329,怀柔,怀柔,101119059250,青春路一院 5室3厅 南 北房主自荐,526万,26806元/平,顶层 (共6层) 5室3厅 | 196.23平米 | 南 北,https://ke-image.ljcdn.com/110000-inspection/pc1_jazfiz2PW_1.jpg!m_fill,w_280,h_210,f_jpg?from=ke.com
20240329,怀柔,怀柔,101119024344,南华园四区 采光好 视野好南北通透,195万,25282元/平,顶层 (共6层) | 1998年 | 2室1厅 | 77.13平米 | 南 北,https://ke-image.ljcdn.com/110000-inspection/pc1_FkXjNhHr5_1.jpg!m_fill,w_280,h_210,f_jpg?from=ke.com
20240329,怀柔,怀柔,101118939392,独栋别墅精装修户型方正业主诚心出售,750万,36194元/平,底层 (共2层) 4室2厅 | 207.22平米 | 南 北,https://ke-image.ljcdn.com/110000-inspection/60950646-9968-44db-9095-af5eef815223_1000.jpg!m_fill,w_280,h_210,f_jpg?from=ke.com
20240329,怀柔,怀柔,101118937975,丽湖馨居 带电梯  三室2卫 客厅带阳台 位于小区中间,510万,33957元/平,中楼层 (共12层) 3室2厅 | 150.19平米 | 南 北 东,https://ke-image.ljcdn.com/110000-inspection/188b3563-d05a-4931-8556-45a9d961a814_1000.jpg!m_fill,w_280,h_210,f_jpg?from=ke.com
20240329,怀柔,怀柔,101118935888,顶秀美泉7+1大三居南北通透精装修,580万,42897元/平,顶层 (共7层) | 2015年 | 3室2厅 | 135.21平米 | 东 南 北,https://ke-image.ljcdn.com/110000-inspection/505dff8e-4f19-44f1-b4e1-4049483c1fd4_1000.jpg!m_fill,w_280,h_210,f_jpg?from=ke.com
20240329,怀柔,怀柔,101118933597,此房满五唯一南北通透 明厨明卫,365万,21498元/平,顶层 (共6层) 5室2厅 | 169.79平米 | 南 北,https://ke-image.ljcdn.com/110000-inspection/c4769088-5ec9-42bc-8fa2-121a44c3a9b4_1000.jpg!m_fill,w_280,h_210,f_jpg?from=ke.com
20240329,怀柔,怀柔,101118884318,新新小镇德园独栋别墅拎包入住精装修南院诚意出售,680万,33553元/平,底层 (共2层) 4室1厅 | 202.67平米 | 南 北,https://ke-image.ljcdn.com/110000-inspection/4f35061d-8f0d-4d79-84e3-f33d5eb04931_1000.jpg!m_fill,w_280,h_210,f_jpg?from=ke.com
20240329,怀柔,怀柔,101118875681,泊岸花园洋房精装四居满五唯一环境环境好,720万,35291元/平,底层 (共6层) | 2012年 | 4室2厅 | 204.02平米 | 南 北,https://ke-image.ljcdn.com/110000-inspection/947bd744-2a71-4b97-82a1-ed31b54dc04c_1000.jpg!m_fill,w_280,h_210,f_jpg?from=ke.com
20240329,怀柔,怀柔,101118850459,东园南区南北通透两居室户型方正不临街。,220万,28008元/平,高楼层 (共6层) | 2002年 | 2室1厅 | 78.55平米 | 南 北,https://ke-image.ljcdn.com/110000-inspection/954c63d9-e997-49f8-9b11-fda5e0534c2d_1000.jpg!m_fill,w_280,h_210,f_jpg?from=ke.com
20240329,怀柔,怀柔,101118830567,顶秀美泉小镇A区满五唯一南北通透采光充足精装修,430万,33534元/平,顶层 (共4层) 3室2厅 | 128.23平米 | 南 北,https://ke-image.ljcdn.com/110000-inspection/pc1_Agwb6iPtI.jpg!m_fill,w_280,h_210,f_jpg?from=ke.com
20240329,怀柔,怀柔,101118818166,东关一区楼层好采光充足格局好,240万,25735元/平,中楼层 (共7层) | 2012年 | 3室2厅 | 93.26平米 | 南 北,https://ke-image.ljcdn.com/110000-inspection/pc1_7dl9NKx2G_1.jpg!m_fill,w_280,h_210,f_jpg?from=ke.com
20240329,怀柔,怀柔,101118817263,业主诚心出售价格可以聊看房提前联系,300万,33644元/平,顶层 (共4层) 4室2厅 | 89.17平米 | 南 北,https://ke-image.ljcdn.com/110000-inspection/961de5bc-c61d-49c0-9c4c-f34b2a42df15_1000.jpg!m_fill,w_280,h_210,f_jpg?from=ke.com
20240329,怀柔,怀柔,101118712754,于家园一区南北通透地理位置好大三居,269万,26122元/平,顶层 (共6层) | 2001年 | 3室1厅 | 102.98平米 | 南 北,https://ke-image.ljcdn.com/110000-inspection/e4093ed5-7a42-43d1-be04-3a4569e2f62f_1000.jpg!m_fill,w_280,h_210,f_jpg?from=ke.com
20240329,怀柔,怀柔,101118679784,新贤家园电梯房精装修两居室急售房源,270万,38088元/平,中楼层 (共11层) | 2013年 | 2室1厅 | 70.89平米 | 南,https://ke-image.ljcdn.com/110000-inspection/052bea6e-f2bc-40d8-9704-109213ca879c_1000.jpg!m_fill,w_280,h_210,f_jpg?from=ke.com
20240329,怀柔,怀柔,101118679637,房主诚意出售电梯房温馨两居室适合一家人采光好,265万,37293元/平,中楼层 (共10层) | 2013年 | 2室1厅 | 71.06平米 | 南,https://ke-image.ljcdn.com/110000-inspection/d03d6323-355b-48de-b60b-143ddd6cd3aa_1000.jpg!m_fill,w_280,h_210,f_jpg?from=ke.com
20240329,怀柔,怀柔,101118672118,梦想家园 眼镜户型 双卧朝南 客厅通阳台 全明格局,300万,24186元/平,中楼层 (共14层) | 2014年 | 3室1厅 | 124.04平米 | 南 北,https://ke-image.ljcdn.com/110000-inspection/aeae0318-747a-4e52-b753-9b3e9ad53968_1000.jpg!m_fill,w_280,h_210,f_jpg?from=ke.com
20240329,怀柔,怀柔,101118668428,红螺家园建于2007年楼龄很新格局很好,325万,36048元/平,高楼层 (共6层) 2室1厅 | 90.16平米 | 南 北,https://ke-image.ljcdn.com/110000-inspection/44158075-43da-4b97-81dc-746bbd6c8e77_1000.jpg!m_fill,w_280,h_210,f_jpg?from=ke.com
20240329,怀柔,怀柔,101118667890,社区成熟环境优美周边配套齐全交通便利。房主自荐,395万,26484元/平,中楼层 (共6层) | 1996年 | 4室2厅 | 149.15平米 | 南 北,https://ke-image.ljcdn.com/110000-inspection/eeb3deed-9999-40c2-b0c6-12227b74feef_1000.jpg!m_fill,w_280,h_210,f_jpg?from=ke.com
20240329,怀柔,怀柔,101118655820,双拼别墅东边户有电梯井地上三层视野开阔,900万,30907元/平,底层 (共2层) 4室2厅 | 291.2平米 | 南 北,https://ke-image.ljcdn.com/110000-inspection/4236868f-e4bb-4f4f-b1b6-a0c1b308472d_1000.jpg!m_fill,w_280,h_210,f_jpg?from=ke.com
20240329,怀柔,怀柔,101118568934,欧郡香水城独栋别墅精装修带车库看房方便业主诚意出售,1160万,26340元/平,底层 (共2层) 5室2厅 | 440.41平米 | 南 北,https://ke-image.ljcdn.com/110000-inspection/pc1_YFxpYqxRb_1.jpg!m_fill,w_280,h_210,f_jpg?from=ke.com
20240329,怀柔,怀柔,101118567659,：满五年 唯一南北通透！户型好业主诚意出售,190万,27987元/平,低楼层 (共6层) | 1992年 | 3室1厅 | 67.89平米 | 南 北,https://ke-image.ljcdn.com/110000-inspection/43c5cfed-82e5-4338-845f-d8bc5f8b281d_1000.jpg!m_fill,w_280,h_210,f_jpg?from=ke.com
20240329,怀柔,怀柔,101118564678,万通龙山新新小镇边户看房方便业主稳定出售,678万,23281元/平,底层 (共3层) 5室2厅 | 291.23平米 | 南 北,https://ke-image.ljcdn.com/110000-inspection/pc1_C3cRkrbbC_1.jpg!m_fill,w_280,h_210,f_jpg?from=ke.com
20240329,怀柔,怀柔,101118564299,世嘉光织谷东区满五唯一精装修采光充足房主自荐,260万,27073元/平,高楼层 (共6层) | 2013年 | 2室1厅 | 96.04平米 | 南,https://ke-image.ljcdn.com/110000-inspection/37ccbc4e-d970-4298-8211-65ae7851ce6a_1000.jpg!m_fill,w_280,h_210,f_jpg?from=ke.com
20240329,怀柔,怀柔,101118562509,世嘉光织谷西区 满五唯一次顶层 采光好,230万,24801元/平,中楼层 (共7层) | 2012年 | 2室1厅 | 92.74平米 | 南 北,https://ke-image.ljcdn.com/110000-inspection/ce67974f-3a58-428c-ae0f-7b78feb77775_1000.jpg!m_fill,w_280,h_210,f_jpg?from=ke.com
20240329,怀柔,怀柔,101118531797,此房满五唯一 采光通风好 南北通透 三居格局房主自荐,298万,26584元/平,高楼层 (共6层) 3室2厅 | 112.1平米 | 南 北,https://ke-image.ljcdn.com/110000-inspection/5fdf0f98-2f95-49f1-9f41-8e2633ff59f8_1000.jpg!m_fill,w_280,h_210,f_jpg?from=ke.com
20240329,怀柔,怀柔,101118531321,丽湖馨居 顶层大复式 业主自住 看房方便,500万,35321元/平,顶层 (共9层) 3室3厅 | 141.56平米 | 南 北,https://ke-image.ljcdn.com/110000-inspection/27db957c-47b9-46f5-9dc8-4eea64008af6_1000.jpg!m_fill,w_280,h_210,f_jpg?from=ke.com
20240329,怀柔,怀柔,101118524899,西园单价低满五唯一采光好,220万,25624元/平,顶层 (共5层) 2室1厅 | 85.86平米 | 南 北,https://ke-image.ljcdn.com/110000-inspection/67ec8808-19f5-42e4-a69a-377547f06edb_1000.jpg!m_fill,w_280,h_210,f_jpg?from=ke.com
20240329,怀柔,怀柔,101118523071,龙湖花园 三室  南北通透  交通便利 采光好,230万,26440元/平,中楼层 (共6层) 3室1厅 | 86.99平米 | 南 北,https://ke-image.ljcdn.com/110000-inspection/pc1_J2jSXIeaS.jpg!m_fill,w_280,h_210,f_jpg?from=ke.com
20240329,怀柔,怀柔,101118519635,此房满五年唯一南北通透全明格局无遮挡光线足。,210万,23946元/平,顶层 (共6层) | 1996年 | 3室1厅 | 87.7平米 | 南 北,https://ke-image.ljcdn.com/110000-inspection/a04c8d8f-6fbe-41ea-bb2b-2e84b445efe7_1000.jpg!m_fill,w_280,h_210,f_jpg?from=ke.com
20240329,怀柔,怀柔,101118512536,万通龙山新新小镇 把边儿联排别墅房主自荐,695万,39180元/平,底层 (共3层) 4室2厅 | 177.39平米 | 南 北,https://ke-image.ljcdn.com/110000-inspection/pc1_b0iWM86dM.jpg!m_fill,w_280,h_210,f_jpg?from=ke.com
20240329,怀柔,怀柔,101118488255,泊岸湖光小区甲26号院泊岸湖光小区甲26号院,990万,33451元/平,底层 (共4层) 5室3厅 | 295.96平米 | 南 北,https://ke-image.ljcdn.com/110000-inspection/pc1_Apo49Kh7t_1.jpg!m_fill,w_280,h_210,f_jpg?from=ke.com
20240329,怀柔,怀柔,101118439407,联排西边户精装修视野宽阔采光充足配套齐全,698万,23968元/平,底层 (共2层) 5室2厅 | 291.23平米 | 南 北,https://ke-image.ljcdn.com/110000-inspection/pc1_t4dwZNRbj.jpg!m_fill,w_280,h_210,f_jpg?from=ke.com
20240329,怀柔,怀柔,101118434680,此房满五年精装修南北通透看房提前约,500万,31520元/平,顶层 (共5层) 3室2厅 | 158.63平米 | 南 北,https://ke-image.ljcdn.com/110000-inspection/pc1_dwhmlEPpZ_1.jpg!m_fill,w_280,h_210,f_jpg?from=ke.com
20240329,怀柔,怀柔,101118416525,怀柔区镜春园南北通透格局好视野开阔,850万,33026元/平,顶层 (共6层) 4室2厅 | 257.38平米 | 南 北,https://ke-image.ljcdn.com/110000-inspection/24945553-ba7f-4dc2-bc32-3728266464d2_1000.jpg!m_fill,w_280,h_210,f_jpg?from=ke.com
20240329,怀柔,怀柔,101118377393,八龙桥雅苑南北通透下叠拼业主诚意出售,620万,27761元/平,底层 (共4层) 4室2厅 | 223.34平米 | 南 北,https://ke-image.ljcdn.com/110000-inspection/pc1_Ca2AysNA0_1.jpg!m_fill,w_280,h_210,f_jpg?from=ke.com
20240329,怀柔,怀柔,101118371587,青春苑西区 南北通透 顶层复式,365万,21498元/平,顶层 (共6层) 5室2厅 | 169.79平米 | 南 北,https://ke-image.ljcdn.com/110000-inspection/pc1_BuOuAc9Kh.jpg!m_fill,w_280,h_210,f_jpg?from=ke.com
20240329,怀柔,怀柔,101118366991,镜春园 电梯 复式 满五唯一 拎包入住 户型方正,750万,29882元/平,顶层 (共6层) 5室2厅 | 250.99平米 | 南 北,https://ke-image.ljcdn.com/110000-inspection/pc1_4Fzgf40WD.jpg!m_fill,w_280,h_210,f_jpg?from=ke.com
20240329,怀柔,怀柔,101118366857,梦想家园东区 三室两厅  百平方正户型,260万,25268元/平,高楼层 (共15层) 3室2厅 | 102.9平米 | 南,https://ke-image.ljcdn.com/110000-inspection/pc1_t0fqEPVdP.jpg!m_fill,w_280,h_210,f_jpg?from=ke.com
20240329,怀柔,怀柔,101118362749,怀柔 科学城 顶秀美泉小镇B区  三居室 电梯房 精装修,410万,34644元/平,中楼层 (共5层) | 2015年 | 3室2厅 | 118.35平米 | 南 北,https://ke-image.ljcdn.com/110000-inspection/pc1_O8OtSerEU_1.jpg!m_fill,w_280,h_210,f_jpg?from=ke.com
20240329,怀柔,怀柔,101118356655,顶秀美泉的电梯房 5+1两层 此房是满五唯一精装修,410万,35112元/平,顶层 (共5层) | 2015年 | 3室2厅 | 116.77平米 | 南 北,https://ke-image.ljcdn.com/110000-inspection/pc1_4F7cUxbu3_1.jpg!m_fill,w_280,h_210,f_jpg?from=ke.com
20240329,怀柔,怀柔,101118356429,龙山逸墅 边户 装修好 京城高速边,720万,22770元/平,底层 (共2层) | 2012年 | 4室2厅 | 316.21平米 | 南 北,https://ke-image.ljcdn.com/110000-inspection/e084e484-ff1d-4703-b007-e0f45caac2e3_1000.jpg!m_fill,w_280,h_210,f_jpg?from=ke.com
20240329,怀柔,怀柔,101118340621,鸿翔花园独栋别墅采光好居住舒适,1500万,42125元/平,底层 (共3层) 4室3厅 | 356.09平米 | 南 北,https://ke-image.ljcdn.com/110000-inspection/6a875ea0-3bf9-4b6d-bff8-80ddd61ca205_1000.jpg!m_fill,w_280,h_210,f_jpg?from=ke.com
20240329,怀柔,怀柔,101118336401,顶秀美泉小镇B区明厨明卫精装修满五唯一带电梯。,310万,34727元/平,中楼层 (共5层) | 2015年 | 2室1厅 | 89.27平米 | 南 北,https://ke-image.ljcdn.com/110000-inspection/1dd4aa6b-49b9-4995-8a55-543c11c1c75d_1000.jpg!m_fill,w_280,h_210,f_jpg?from=ke.com
20240329,怀柔,怀柔,101118335733,美丽家园小面积标准一居室精装好楼层房主自荐,120万,22477元/平,中楼层 (共4层) | 2000年 | 1室1厅 | 53.39平米 | 东,https://ke-image.ljcdn.com/110000-inspection/dedcf8b8-3176-40ea-9abd-1e1871b9985c_1000.jpg!m_fill,w_280,h_210,f_jpg?from=ke.com
20240329,怀柔,怀柔,101118307770,联排东边户精装修拎包入住采光好视野宽阔房主自荐,695万,23817元/平,底层 (共2层) 4室2厅 | 291.81平米 | 南 北,https://ke-image.ljcdn.com/110000-inspection/4108a035-4fa3-424a-9cf8-76aa8d5e6a00_1000.jpg!m_fill,w_280,h_210,f_jpg?from=ke.com
20240329,怀柔,怀柔,101118270357,顶秀美泉小镇C区2012年楼龄欧式独特风格 4+1两层设计,335万,38025元/平,顶层 (共4层) | 2012年 | 3室2厅 | 88.1平米 | 南 北,https://ke-image.ljcdn.com/110000-inspection/eac557d5-4e60-4bb3-ab4f-9870402cf0df_1000.jpg!m_fill,w_280,h_210,f_jpg?from=ke.com
20240329,怀柔,怀柔,101118254513,价格低的两居室在这里130万的两居室,125万,18127元/平,底层 (共12层) | 2013年 | 2室1厅 | 68.96平米 | 南,https://ke-image.ljcdn.com/110000-inspection/7f26159a-aba5-4702-9ada-618a41225e6b_1000.jpg!m_fill,w_280,h_210,f_jpg?from=ke.com
20240329,怀柔,怀柔,101118245286,康馨家园 顶层 精装修 楼上有卫生间,333万,33053元/平,顶层 (共6层) 3室1厅 | 100.75平米 | 南 北,https://ke-image.ljcdn.com/110000-inspection/df46793b-6b46-4175-8124-cc9b77c3ebea_1000.jpg!m_fill,w_280,h_210,f_jpg?from=ke.com
20240329,怀柔,怀柔,101118235129,金善名居 满五年唯一 顶层复式南北通透,208万,25604元/平,顶层 (共5层) | 2009年 | 2室1厅 | 81.24平米 | 南 北,https://ke-image.ljcdn.com/110000-inspection/pc1_3LGHwHqJK_1.jpg!m_fill,w_280,h_210,f_jpg?from=ke.com
20240329,怀柔,怀柔,101118231881,世嘉光织谷西区全明格局南北通透精装修满五,225万,23985元/平,中楼层 (共6层) | 2012年 | 2室1厅 | 93.81平米 | 南 北,https://ke-image.ljcdn.com/110000-inspection/f6a38264-837e-4431-83ab-b3ac118f2c6c_1000.jpg!m_fill,w_280,h_210,f_jpg?from=ke.com
20240329,怀柔,怀柔,101118228600,天韵家园 地暖小区 04年楼龄 采光好,310万,30197元/平,顶层 (共6层) | 2004年 | 3室2厅 | 102.66平米 | 南 北,https://ke-image.ljcdn.com/110000-inspection/a68daaaa-50b4-4c8e-9651-ba1375f87b45_1000.jpg!m_fill,w_280,h_210,f_jpg?from=ke.com
20240329,怀柔,怀柔,101118227608,万通龙山逸墅别墅 花园70平 诚意出售,675万,21050元/平,底层 (共3层) | 2012年 | 4室2厅 | 320.68平米 | 南 北,https://ke-image.ljcdn.com/110000-inspection/pc1_eI3PNXBTS_1.jpg!m_fill,w_280,h_210,f_jpg?from=ke.com
20240329,怀柔,怀柔,101118221759,建筑年代稍远属于成熟小区配套成熟交通便利。,460万,38813元/平,中楼层 (共6层) 3室1厅 | 118.52平米 | 南 北,https://ke-image.ljcdn.com/110000-inspection/9e5a0640-ca53-4df0-ae36-5ca1a6a0c979_1000.jpg!m_fill,w_280,h_210,f_jpg?from=ke.com
20240329,怀柔,怀柔,101118217782,欧郡香水城精装修四室两厅优质房源房主自荐,305万,39058元/平,顶层 (共3层) | 2010年 | 4室2厅 | 78.09平米 | 南 北,https://ke-image.ljcdn.com/110000-inspection/c4034afa-1d24-45b9-979f-44acc1622a18_1000.jpg!m_fill,w_280,h_210,f_jpg?from=ke.com
20240329,怀柔,怀柔,101118213316,金善名居 顶层复式 南北通透精装修保持好 可拎包入住,180万,23472元/平,顶层 (共6层) 2室1厅 | 76.69平米 | 南 北,https://ke-image.ljcdn.com/110000-inspection/a24f06f1-6074-4961-baf4-503fec365320_1000.jpg!m_fill,w_280,h_210,f_jpg?from=ke.com
20240329,怀柔,怀柔,101118204262,塞班假日青春路61号院塞班假日青春路61号院,640万,27944元/平,底层 (共1层) 4室2厅 | 229.03平米 | 南 北,https://ke-image.ljcdn.com/110000-inspection/pc1_GRMyzzS44.jpg!m_fill,w_280,h_210,f_jpg?from=ke.com
20240329,怀柔,怀柔,101118182843,万通龙山新新小镇独栋别墅看房方便业主诚意出售,829万,24552元/平,底层 (共3层) | 2006年 | 4室2厅 | 337.66平米 | 南 北,https://ke-image.ljcdn.com/110000-inspection/e46a038b-a844-4a47-b25e-9fe7ee60d2ed_1000.jpg!m_fill,w_280,h_210,f_jpg?from=ke.com
20240329,怀柔,怀柔,101118182408,位置好交通方便毛坯可以根据自己风格装饰房主自荐,595万,20469元/平,底层 (共2层) 5室2厅 | 290.69平米 | 南 北,https://ke-image.ljcdn.com/110000-inspection/1d37d03a-11b5-4310-9491-d11539c9a21e_1000.jpg!m_fill,w_280,h_210,f_jpg?from=ke.com
20240329,怀柔,怀柔,101118159055,莲馨苑 城南 顶层边户全明格局大三居 视野采光佳房主自荐,220万,18659元/平,顶层 (共6层) 3室1厅 | 117.91平米 | 南 北,https://ke-image.ljcdn.com/110000-inspection/deda361f-7858-4284-b166-7fb4bad0ff63_1000.jpg!m_fill,w_280,h_210,f_jpg?from=ke.com
20240329,怀柔,怀柔,101118157774,家天下小区中间位置 南北通透两居 业主诚意出售,290万,32187元/平,顶层 (共6层) 2室2厅 | 90.1平米 | 南 北,https://ke-image.ljcdn.com/110000-inspection/bbdface4-5459-41c0-9103-ff6537fe5199_1000.jpg!m_fill,w_280,h_210,f_jpg?from=ke.com
20240329,怀柔,怀柔,101118126909,丽湖馨居 近怀柔水库 花园洋房 三居 满五唯一,490万,36779元/平,底层 (共9层) | 2002年 | 3室2厅 | 133.23平米 | 南 北,https://ke-image.ljcdn.com/110000-inspection/pc1_5UnmxzkOw_1.jpg!m_fill,w_280,h_210,f_jpg?from=ke.com
20240329,怀柔,怀柔,101118122900,精装修独栋别墅位置好业主诚心出售,896万,26536元/平,底层 (共2层) 5室2厅 | 337.66平米 | 南 北,https://ke-image.ljcdn.com/110000-inspection/pc1_y3p29Uhvd_1.jpg!m_fill,w_280,h_210,f_jpg?from=ke.com
20240329,怀柔,怀柔,101118118134,龍祥小區 精装修三居室 中间楼层,430万,31553元/平,中楼层 (共7层) | 2007年 | 3室2厅 | 136.28平米 | 北 东南,https://ke-image.ljcdn.com/110000-inspection/pc1_ZdvRnqwuq_1.jpg!m_fill,w_280,h_210,f_jpg?from=ke.com
20240329,怀柔,怀柔,101118109832,于家园一区  低楼层 南北通透采光好,198万,27845元/平,底层 (共6层) | 1995年 | 2室1厅 | 71.11平米 | 南 北,https://ke-image.ljcdn.com/110000-inspection/pc1_va4CPG3pl_1.jpg!m_fill,w_280,h_210,f_jpg?from=ke.com
20240329,怀柔,怀柔,101118085402,八龙桥雅苑 环境好 复式 装修好 拎包入住,635万,27365元/平,中楼层 (共4层) 5室4厅 | 232.05平米 | 南 北,https://ke-image.ljcdn.com/110000-inspection/pc1_TjGzna0Ie_1.jpg!m_fill,w_280,h_210,f_jpg?from=ke.com
20240329,怀柔,怀柔,101118033646,开利园小区 南北通透四居室 满五年唯一 看房方便,315万,26850元/平,高楼层 (共6层) | 1995年 | 4室2厅 | 117.32平米 | 南 北,https://ke-image.ljcdn.com/110000-inspection/04a0b00a-236b-432b-bc76-8d185c335b09_1000.jpg!m_fill,w_280,h_210,f_jpg?from=ke.com
20240329,怀柔,怀柔,101117989385,香水城北区 联排别墅 精装修 看房方便,750万,24948元/平,底层 (共2层) 5室2厅 | 300.63平米 | 南 北,https://ke-image.ljcdn.com/110000-inspection/71a68332-5791-4c28-ae96-d3b2dd9087be_1000.jpg!m_fill,w_280,h_210,f_jpg?from=ke.com
20240329,怀柔,怀柔,101117968871,怀柔 红螺湖 独栋别墅 依山傍水环境好,2180万,37717元/平,底层 (共2层) 4室1厅 | 578平米 | 南 北,https://ke-image.ljcdn.com/110000-inspection/pc1_Kj5TFc0zN_1.jpg!m_fill,w_280,h_210,f_jpg?from=ke.com
20240329,怀柔,怀柔,101117939342,潘家园地理位置优越无遮挡采光好,440万,26858元/平,底层 (共5层) | 1997年 | 3室2厅 | 163.83平米 | 南 北,https://ke-image.ljcdn.com/110000-inspection/pc1_cITydD4WR.jpg!m_fill,w_280,h_210,f_jpg?from=ke.com
20240329,怀柔,怀柔,101117865567,青春路九院 3室1厅 南 北,320万,29102元/平,中楼层 (共6层) 3室1厅 | 109.96平米 | 南 北,https://ke-image.ljcdn.com/110000-inspection/pc1_40NpdZQrC.jpg!m_fill,w_280,h_210,f_jpg?from=ke.com
20240329,怀柔,怀柔,101117834899,后装电梯 两层  看房有钥匙 南北通透 采光好,485万,22909元/平,顶层 (共6层) 4室3厅 | 211.71平米 | 南 北,https://ke-image.ljcdn.com/110000-inspection/3583e199-4e6b-4468-b8c7-83781d310cf0_1000.jpg!m_fill,w_280,h_210,f_jpg?from=ke.com
20240329,怀柔,怀柔,101117776071,欧郡香水城 精装修双拼 集体供暖,1060万,34852元/平,地下室 (共2层) | 2012年 | 7室2厅 | 304.15平米 | 南 北,https://ke-image.ljcdn.com/110000-inspection/48163591-3934-4b60-a329-988965bfb8d6_1000.jpg!m_fill,w_280,h_210,f_jpg?from=ke.com
20240329,怀柔,怀柔,101117776036,顶秀美泉小镇A区南北通透格局楼层好采光充足,259万,29366元/平,顶层 (共4层) 2室1厅 | 88.2平米 | 南 北,https://ke-image.ljcdn.com/110000-inspection/77f92b9c-ba82-4f09-9629-a787415a2c4d_1000.jpg!m_fill,w_280,h_210,f_jpg?from=ke.com
20240329,怀柔,怀柔,101117769989,独栋别墅视野宽阔采光充足配套齐全交通便利,810万,23549元/平,地下室 (共2层) | 2010年 | 4室2厅 | 343.97平米 | 南 北,https://ke-image.ljcdn.com/110000-inspection/pc1_eB5fv40bF_1.jpg!m_fill,w_280,h_210,f_jpg?from=ke.com
20240329,怀柔,怀柔,101117749363,此房满五年唯一精装修低楼层方便出行。视野开阔,205万,19704元/平,低楼层 (共6层) 3室1厅 | 104.04平米 | 南 北,https://ke-image.ljcdn.com/110000-inspection/pc1_de6UNQpKN_1.jpg!m_fill,w_280,h_210,f_jpg?from=ke.com
20240329,怀柔,怀柔,101117734874,世嘉光织谷东区满五唯一毛坯,560万,29394元/平,高楼层 (共6层) 4室2厅 | 190.52平米 | 南 北,https://ke-image.ljcdn.com/110000-inspection/pc1_g9ITck59R.jpg!m_fill,w_280,h_210,f_jpg?from=ke.com
20240329,怀柔,怀柔,101117729182,天恒别墅山 双拼别墅 地上三层地下一层精装修,850万,51566元/平,底层 (共3层) 4室2厅 | 164.84平米 | 东 南 北,https://ke-image.ljcdn.com/110000-inspection/2fff19da-e663-4701-ab9a-3d57d3006b1f_1000.jpg!m_fill,w_280,h_210,f_jpg?from=ke.com
20240329,怀柔,怀柔,101117713194,青春路一院 南北通透三居室    精装修,275万,27009元/平,高楼层 (共6层) 3室2厅 | 101.82平米 | 南 北,https://ke-image.ljcdn.com/110000-inspection/7b08701d-44d3-4ba8-9338-4eaa51188b19_1000.jpg!m_fill,w_280,h_210,f_jpg?from=ke.com
20240329,怀柔,怀柔,101117687840,凤瑞二园客厅通阳台两居室中间层满五年唯一。,180万,26316元/平,中楼层 (共5层) | 2002年 | 2室1厅 | 68.4平米 | 南 北,https://ke-image.ljcdn.com/110000-inspection/0df62af7-d33b-466c-94eb-fa239e6e9282_1000.jpg!m_fill,w_280,h_210,f_jpg?from=ke.com
20240329,怀柔,怀柔,101117622457,家天下 南北通透两居 户型方正 采光充足,249万,31519元/平,顶层 (共5层) 2室1厅 | 79平米 | 南 北,https://ke-image.ljcdn.com/110000-inspection/pc1_xcqyu0zb7_1.jpg!m_fill,w_280,h_210,f_jpg?from=ke.com
20240329,怀柔,怀柔,101117614865,顶秀美泉小镇A区南北通透采光充足视野好,365万,28328元/平,顶层 (共5层) 3室2厅 | 128.85平米 | 南 北,https://ke-image.ljcdn.com/110000-inspection/f325ce3c-42ff-466f-8570-25746c38129c_1000.jpg!m_fill,w_280,h_210,f_jpg?from=ke.com
20240329,怀柔,怀柔,101117440135,世嘉光织谷西区楼龄新电梯房,145万,29371元/平,中楼层 (共7层) | 2012年 | 1室1厅 | 49.37平米 | 东,https://ke-image.ljcdn.com/110000-inspection/3d2253d2-9a53-4328-91ce-e16752ac6906_1000.jpg!m_fill,w_280,h_210,f_jpg?from=ke.com
20240329,怀柔,怀柔,101117429520,业主诚心出售 前后见景 好位置 好户型 诚意卖,540万,39642元/平,低楼层 (共25层) 3室2厅 | 136.22平米 | 南 北,https://ke-image.ljcdn.com/110000-inspection/d26ca204-fff6-498c-94b0-185161efd324_1000.jpg!m_fill,w_280,h_210,f_jpg?from=ke.com
20240329,怀柔,怀柔,101117406982,龙湖花园电梯房 客厅通阳台格局 三室双卫,439万,35017元/平,顶层 (共6层) | 1995年 | 3室2厅 | 125.37平米 | 南 北,https://ke-image.ljcdn.com/110000-inspection/03a7d27d-e851-4260-85be-e00657440589_1000.jpg!m_fill,w_280,h_210,f_jpg?from=ke.com
20240329,怀柔,怀柔,101117346996,万通龙山新新小镇联排别墅看房方便业主稳定出售,585万,23930元/平,底层 (共2层) 4室2厅 | 244.47平米 | 南 北,https://ke-image.ljcdn.com/110000-inspection/pc1_hAIS41L4y_1.jpg!m_fill,w_280,h_210,f_jpg?from=ke.com
20240329,怀柔,怀柔,101117278720,栖美园 交通便利 配套齐全 环境优美,230万,23837元/平,顶层 (共6层) | 2006年 | 2室1厅 | 96.49平米 | 南 北,https://ke-image.ljcdn.com/110000-inspection/46d05a51-27b2-4b1c-a098-6bb61e04e3f9_1000.jpg!m_fill,w_280,h_210,f_jpg?from=ke.com
20240329,怀柔,怀柔,101117117630,顶秀美泉花园洋房 高楼层视野宽阔7+1,500万,41940元/平,顶层 (共7层) | 2015年 | 3室2厅 | 119.22平米 | 南 北,https://ke-image.ljcdn.com/110000-inspection/b5f56293-bf4c-43e1-84bd-b04311d2d17b_1000.jpg!m_fill,w_280,h_210,f_jpg?from=ke.com
20240329,怀柔,怀柔,101117039782,泉河园二区大面积舒适三居室满五唯一房主自荐,390万,28216元/平,顶层 (共5层) 3室2厅 | 138.22平米 | 南 北,https://ke-image.ljcdn.com/110000-inspection/62b730c4-46cc-4f41-86e0-305458e436c1_1000.jpg!m_fill,w_280,h_210,f_jpg?from=ke.com
20240329,怀柔,怀柔,101117039094,南北通透格局精装修业主诚心出售,320万,30477元/平,底层 (共8层) 2室1厅 | 105平米 | 南 北,https://ke-image.ljcdn.com/110000-inspection/pc1_7hK62aSDt.jpg!m_fill,w_280,h_210,f_jpg?from=ke.com
20240329,怀柔,怀柔,101116990040,水岸雁栖新房 电梯洋房 即买即住 环境好 小区新,248万,44152元/平,顶层 (共6层) 1室1厅 | 56.17平米 | 西,https://ke-image.ljcdn.com/110000-inspection/1bfecd47-c46c-40ea-99fd-a2b8d2d3847c_1000.jpg!m_fill,w_280,h_210,f_jpg?from=ke.com
20240329,怀柔,怀柔,101116941536,下辛庄村239号大花园独栋别墅环境独特,4300万,64391元/平,底层 (共2层) 13室4厅 | 667.8平米 | 东 南 西 北,https://ke-image.ljcdn.com/110000-inspection/pc1_vggPrzWPK_1.jpg!m_fill,w_280,h_210,f_jpg?from=ke.com
20240329,怀柔,怀柔,101116923649,乐红园小区大平米四居20平米地下室,445万,22392元/平,顶层 (共6层) 4室2厅 | 198.74平米 | 南 北,https://ke-image.ljcdn.com/110000-inspection/7e86113f-5336-4abe-918b-e2b06a161190_1000.jpg!m_fill,w_280,h_210,f_jpg?from=ke.com
20240329,怀柔,怀柔,101116884675,欧郡香水城 房主诚心出售 精装修 看房方便,900万,27329元/平,底层 (共2层) | 2008年 | 6室3厅 | 329.33平米 | 南 北,https://ke-image.ljcdn.com/110000-inspection/pc1_Mz6qYvh1D_1.jpg!m_fill,w_280,h_210,f_jpg?from=ke.com
20240329,怀柔,怀柔,101116869756,万通龙山新新小镇小区位置出行便利小区绿化好,850万,24662元/平,底层 (共3层) | 2004年 | 5室2厅 | 344.67平米 | 东 南 北,https://ke-image.ljcdn.com/110000-inspection/1ef0c755-c7e2-4e16-8d20-12805b0ce305_1000.jpg!m_fill,w_280,h_210,f_jpg?from=ke.com
20240329,怀柔,怀柔,101116849838,汇都家园经典户型大三居诚意推荐,430万,33808元/平,高楼层 (共6层) | 2004年 | 3室1厅 | 127.19平米 | 南 西 北,https://ke-image.ljcdn.com/110000-inspection/2e616b18-2236-492a-9586-5f27aa4978dc_1000.jpg!m_fill,w_280,h_210,f_jpg?from=ke.com
20240329,怀柔,怀柔,101116580910,独栋别墅   毛坯房     诚意出售随时签,820万,23703元/平,地下室 (共2层) | 2008年 | 5室2厅 | 345.96平米 | 南 北,https://ke-image.ljcdn.com/110000-inspection/b16d92b7-9af7-41f5-b4f4-ede48bbcaa6e_1000.jpg!m_fill,w_280,h_210,f_jpg?from=ke.com
20240329,怀柔,怀柔,101116549641,南北通透采光好配套成熟交通方便房主自荐,778万,39455元/平,底层 (共6层) 4室3厅 | 197.19平米 | 南 北,https://ke-image.ljcdn.com/110000-inspection/7aee072f-9eb6-4b17-9a0b-9adc734afdf6_1000.jpg!m_fill,w_280,h_210,f_jpg?from=ke.com
20240329,怀柔,怀柔,101116481673,楼龄新带电梯格局合理业主诚心出售,350万,42574元/平,顶层 (共12层) 3室1厅 | 82.21平米 | 南 北,https://ke-image.ljcdn.com/110000-inspection/63e8800b-e8bb-4722-9c3f-2d50649798a2_1000.jpg!m_fill,w_280,h_210,f_jpg?from=ke.com
20240329,怀柔,怀柔,101116452564,金台园 南北通透三居室 安静不临街,258万,27641元/平,顶层 (共6层) | 2002年 | 3室2厅 | 93.34平米 | 南 北,https://ke-image.ljcdn.com/110000-inspection/b06362fa-3a64-4b3e-804c-1a08e17ae4f1_1000.jpg!m_fill,w_280,h_210,f_jpg?from=ke.com
20240329,怀柔,怀柔,101116448383,世嘉光织谷东区乐园西大街13号,500万,31045元/平,高楼层 (共7层) | 2013年 | 5室2厅 | 161.06平米 | 南 北,https://ke-image.ljcdn.com/110000-inspection/8e7c4c1f-5f82-41aa-ab9c-7b3290cecb5c_1000.jpg!m_fill,w_280,h_210,f_jpg?from=ke.com
20240329,怀柔,怀柔,101116429379,花园洋房 顶秀美泉小镇C区 五居室 两层 精装修,495万,27562元/平,顶层 (共4层) | 2012年 | 5室2厅 | 179.6平米 | 南 北,https://ke-image.ljcdn.com/110000-inspection/a928b434-0242-4fd8-8aea-18548ad31356_1000.jpg!m_fill,w_280,h_210,f_jpg?from=ke.com
20240329,怀柔,怀柔,101116295080,龙祥小区、满五唯一、采光充足、南北通透,580万,35410元/平,顶层 (共6层) 4室2厅 | 163.8平米 | 南 北,https://ke-image.ljcdn.com/110000-inspection/747cc330-d741-414c-a557-ef7c5379bb58_1000.jpg!m_fill,w_280,h_210,f_jpg?from=ke.com
20240329,怀柔,怀柔,101116237555,天恒半山世家四期三区 独栋别墅 大花园 毛坯设计空房主自荐,1910万,57166元/平,底层 (共2层) | 2012年 | 9室4厅 | 334.12平米 | 东 南 西 北,https://ke-image.ljcdn.com/110000-inspection/3603f48a-38ce-470b-8eb7-4180044d0a4c_1000.jpg!m_fill,w_280,h_210,f_jpg?from=ke.com
20240329,怀柔,怀柔,101116141245,富乐社区一号院 高楼层 南北通透小两居,167万,26217元/平,顶层 (共6层) | 1990年 | 2室1厅 | 63.7平米 | 南 北,https://ke-image.ljcdn.com/110000-inspection/23c5ee82-2b36-40a4-9fc3-498cc7743951_1000.jpg!m_fill,w_280,h_210,f_jpg?from=ke.com
20240329,怀柔,怀柔,101116035721,梅苑花园 南北通透 看房提前联系,535万,25886元/平,顶层 (共6层) | 1998年 | 5室3厅 | 206.68平米 | 南 北,https://ke-image.ljcdn.com/110000-inspection/af34e916-aed6-4aa0-81ef-3307207d6031_1000.jpg!m_fill,w_280,h_210,f_jpg?from=ke.com
20240329,怀柔,怀柔,101115937031,独栋别墅 有车位 精装修 视野开阔 采光充足房主自荐,1180万,60448元/平,底层 (共3层) | 2009年 | 5室2厅 | 195.21平米 | 南 北,https://ke-image.ljcdn.com/110000-inspection/e6f018cf-24f3-4bd6-963e-71e60ebbbc8d_1000.jpg!m_fill,w_280,h_210,f_jpg?from=ke.com
20240329,怀柔,怀柔,101115825687,独栋别墅园区中间位置绿化好人文素质高。,1620万,41038元/平,底层 (共2层) | 2007年 | 7室3厅 | 394.76平米 | 南 北,https://ke-image.ljcdn.com/110000-inspection/5f045f62-dbad-4c60-97be-cd014359abcf_1000.jpg!m_fill,w_280,h_210,f_jpg?from=ke.com
20240329,怀柔,怀柔,101115774946,万通龙山新新小镇南花园联排别墅户型好位置好,535万,30972元/平,底层 (共3层) 4室1厅 | 172.74平米 | 南 北,https://ke-image.ljcdn.com/110000-inspection/pc1_03cVFae7w_1.jpg!m_fill,w_280,h_210,f_jpg?from=ke.com
20240329,怀柔,怀柔,101115773807,满五唯一  生活便利出行方便,350万,29745元/平,底层 (共5层) 3室2厅 | 117.67平米 | 南 北,https://ke-image.ljcdn.com/110000-inspection/41ddcf70-2521-497f-a043-01a573184a99_1000.jpg!m_fill,w_280,h_210,f_jpg?from=ke.com
20240329,怀柔,怀柔,101115674055,怡成园 南北通透平层采光充足房主自荐,618万,32185元/平,顶层 (共12层) 5室1厅 | 192.02平米 | 南 北,https://ke-image.ljcdn.com/110000-inspection/pc1_0iUhrSJ8Z_1.jpg!m_fill,w_280,h_210,f_jpg?from=ke.com
20240329,怀柔,怀柔,101115601118,铁路小区 满五年唯一 高层复式南北通透采光好房主自荐,215万,19598元/平,顶层 (共6层) | 2003年 | 3室2厅 | 109.71平米 | 南 北,https://ke-image.ljcdn.com/110000-inspection/29c6b17b-d88e-465b-9ee2-a5a95a3d211d_1000.jpg!m_fill,w_280,h_210,f_jpg?from=ke.com
20240329,怀柔,怀柔,101115585059,天恒别墅山独栋别墅6室3厅,1460万,69827元/平,底层 (共2层) | 2009年 | 6室3厅 | 209.09平米 | 南 北,https://ke-image.ljcdn.com/110000-inspection/pc1_RK6DqSooC.jpg!m_fill,w_280,h_210,f_jpg?from=ke.com
20240329,怀柔,怀柔,101115448490,怀柔县杨宋镇和平路19号 4室3厅 南 北,580万,19783元/平,底层 (共3层) | 2003年 | 4室3厅 | 293.19平米 | 南 北,https://ke-image.ljcdn.com/110000-inspection/pc1_3t6NY2MTK_1.jpg!m_fill,w_280,h_210,f_jpg?from=ke.com
20240329,怀柔,怀柔,101115402957,北京后花园 怀柔  渡水山庄  独栋  别墅房主自荐,599万,27653元/平,底层 (共3层) | 2001年 | 6室2厅 | 216.62平米 | 南 北,https://ke-image.ljcdn.com/110000-inspection/2cabe025-fa52-426b-82dd-3b08e1d42137_1000.jpg!m_fill,w_280,h_210,f_jpg?from=ke.com
20240329,怀柔,怀柔,101115063913,小中富乐二区单独两栋楼安静不临街满五唯一次顶层,175万,21947元/平,高楼层 (共6层) | 2000年 | 3室1厅 | 79.74平米 | 南 北,https://ke-image.ljcdn.com/110000-inspection/pc1_FCYyAmhOv_1.jpg!m_fill,w_280,h_210,f_jpg?from=ke.com
20240329,怀柔,怀柔,101115063179,红螺湖  红螺路8号满五唯一,2090万,38158元/平,底层 (共2层) | 2008年 | 7室2厅 | 547.73平米 | 东 南 西 北,https://ke-image.ljcdn.com/110000-inspection/53bf2fd8-d76b-4873-b874-08def45f7c9c_1000.jpg!m_fill,w_280,h_210,f_jpg?from=ke.com
20240329,怀柔,怀柔,101115053856,下辛庄239号院 景区 独栋别墅 居住舒适 环境优美,2100万,87065元/平,底层 (共3层) | 1998年 | 4室2厅 | 241.2平米 | 南 北,https://ke-image.ljcdn.com/110000-inspection/pc1_i9uKitXJP.jpg!m_fill,w_280,h_210,f_jpg?from=ke.com
20240329,怀柔,怀柔,101115034094,世嘉光织谷西区阳光充足精装修。,190万,36794元/平,底层 (共7层) | 2012年 | 1室1厅 | 51.64平米 | 南,https://ke-image.ljcdn.com/110000-inspection/pc1_pvly8IpxE.jpg!m_fill,w_280,h_210,f_jpg?from=ke.com
20240329,怀柔,怀柔,101114881042,红螺湖 7室4厅 南 北,1500万,25357元/平,底层 (共2层) | 2008年 | 7室4厅 | 591.57平米 | 南 北,https://ke-image.ljcdn.com/110000-inspection/pc1_2zOxOft1o.jpg!m_fill,w_280,h_210,f_jpg?from=ke.com
20240329,怀柔,怀柔,101114840136,康馨家园 精装修 南北通透 客厅通阳台,300万,31277元/平,顶层 (共6层) | 2003年 | 3室2厅 | 95.92平米 | 南 北,https://ke-image.ljcdn.com/110000-inspection/dc9d07ad-0104-47e4-b848-6217d565aaa6_1000.jpg!m_fill,w_280,h_210,f_jpg?from=ke.com
20240329,怀柔,怀柔,101114832670,管 理 好      户 型 好        独     栋,2000万,26479元/平,底层 (共2层) 6室6厅 | 755.32平米 | 北 南,https://ke-image.ljcdn.com/110000-inspection/486c768c-5708-45e9-bf81-57e361be88c1_1000.jpg!m_fill,w_280,h_210,f_jpg?from=ke.com
20240329,怀柔,怀柔,101114811873,楼龄新视野好采光好业主诚心出售看房方便房主自荐,255万,30955元/平,高楼层 (共6层) | 2006年 | 2室1厅 | 82.38平米 | 南 北,https://ke-image.ljcdn.com/110000-inspection/305b192a-aeb7-4bfb-af9f-61c2915344fe_1000.jpg!m_fill,w_280,h_210,f_jpg?from=ke.com
20240329,怀柔,怀柔,101114770851,汇都家园  满五唯一   南北通透  精装修  客厅通阳台,296万,25662元/平,顶层 (共6层) | 2004年 | 3室2厅 | 115.35平米 | 南 北,https://ke-image.ljcdn.com/110000-inspection/pc1_nhxFPwQwJ.jpg!m_fill,w_280,h_210,f_jpg?from=ke.com
20240329,怀柔,怀柔,101114727559,汇都家园（于家园二区）精选好房,450万,21722元/平,顶层 (共6层) | 2004年 | 5室2厅 | 207.17平米 | 南 北,https://ke-image.ljcdn.com/110000-inspection/6a43d61e-b383-4d77-a27b-a9c4dc7a9c76_1000.jpg!m_fill,w_280,h_210,f_jpg?from=ke.com
20240329,怀柔,怀柔,101114719798,镜春园 带电梯 南北通透四居室 中间层采光好,715万,38868元/平,中楼层 (共6层) 4室2厅 | 183.96平米 | 南 北,https://ke-image.ljcdn.com/110000-inspection/a10ac595-1f4d-4111-91a2-b398da022de1_1000.jpg!m_fill,w_280,h_210,f_jpg?from=ke.com
20240329,怀柔,怀柔,101114620963,成熟社区低楼层南北通透精装修带地暖,235万,36616元/平,底层 (共6层) | 1995年 | 3室1厅 | 64.18平米 | 南 北,https://ke-image.ljcdn.com/110000-inspection/b18efb81-a60e-4852-ab77-b18c65de4bd5_1000.jpg!m_fill,w_280,h_210,f_jpg?from=ke.com
20240329,怀柔,怀柔,101114487615,于家园二区南院低楼层大客厅两居室出售满五年唯一。,268万,27587元/平,低楼层 (共6层) | 1999年 | 2室1厅 | 97.15平米 | 东 西,https://ke-image.ljcdn.com/110000-inspection/6050f8b9-cf38-40a2-ac59-f5dd2989b1c7_1000.jpg!m_fill,w_280,h_210,f_jpg?from=ke.com
20240329,怀柔,怀柔,101114379120,湖光山舍 双拼别墅 依山而建 地上三层有地下室,729万,34776元/平,底层 (共2层) 4室2厅 | 209.63平米 | 东 南 北,https://ke-image.ljcdn.com/110000-inspection/3b0fc537-5dd9-48c8-a082-aec1f7827a8b_1000.jpg!m_fill,w_280,h_210,f_jpg?from=ke.com
20240329,怀柔,怀柔,101114333133,顶秀美泉小镇C区 装修60万 拎包入住 小区里面位置好房主自荐,310万,34692元/平,顶层 (共4层) | 2012年 | 3室2厅 | 89.36平米 | 南 北,https://ke-image.ljcdn.com/110000-inspection/e8697b29-9c85-4a67-82e7-e05ffaa93f19_1000.jpg!m_fill,w_280,h_210,f_jpg?from=ke.com
20240329,怀柔,怀柔,101114258495,乐红园 南北通透三居室 满五唯一  诚意出售,355万,24098元/平,顶层 (共6层) 3室2厅 | 147.32平米 | 南 北,https://ke-image.ljcdn.com/110000-inspection/b8987933-d671-4268-87d7-2b13342ad60e_1000.jpg!m_fill,w_280,h_210,f_jpg?from=ke.com
20240329,怀柔,怀柔,101114238576,茶坞铁路 5室3厅 南 北,320万,13979元/平,顶层 (共5层) | 2005年 | 5室3厅 | 228.93平米 | 南 北,https://ke-image.ljcdn.com/110000-inspection/fa09ebf0-5729-4930-b542-6dc638075da1_1000.jpg!m_fill,w_280,h_210,f_jpg?from=ke.com
20240329,怀柔,怀柔,101114237192,观景房视野宽阔能看见水库风景秀丽景色宜人,572万,35009元/平,顶层 (共24层) | 2001年 | 3室2厅 | 163.39平米 | 东 西 北,https://ke-image.ljcdn.com/110000-inspection/05dbaf0c-eeef-403c-a3a9-52bb0157828e_1000.jpg!m_fill,w_280,h_210,f_jpg?from=ke.com
20240329,怀柔,怀柔,101114206990,此房满五年精装修南北通透看房提前约,460万,28977元/平,顶层 (共5层) 3室4厅 | 158.75平米 | 南 北,https://ke-image.ljcdn.com/110000-inspection/42f3ab1d-041f-4846-a699-fbd865c3a929_1000.jpg!m_fill,w_280,h_210,f_jpg?from=ke.com
20240329,怀柔,怀柔,101114107672,益田影人四季花园 京承高速15出口 满五唯一 舒适三居,400万,26282元/平,顶层 (共8层) | 2012年 | 3室2厅 | 152.2平米 | 南 北,https://ke-image.ljcdn.com/110000-inspection/4ec256b5-a101-40eb-b3ca-dae0fc863400_1000.jpg!m_fill,w_280,h_210,f_jpg?from=ke.com
20240329,怀柔,怀柔,101113990955,八龙桥雅苑顶层复式格局小区环境优美,205万,23078元/平,顶层 (共5层) 3室2厅 | 88.83平米 | 南 北,https://ke-image.ljcdn.com/110000-inspection/22c41f40-1a33-4224-965d-3597524b4faa_1000.jpg!m_fill,w_280,h_210,f_jpg?from=ke.com
20240329,怀柔,怀柔,101113912462,龙山御景顶层复式 精装修 视野景观优 满五唯一,1800万,60857元/平,顶层 (共18层) | 2014年 | 5室3厅 | 295.78平米 | 南 西 北,https://ke-image.ljcdn.com/110000-inspection/pc1_eBP6ECEMZ_1.jpg!m_fill,w_280,h_210,f_jpg?from=ke.com
20240329,怀柔,怀柔,101113885404,塞班假日 联排别墅 地上三层小区管理好,699万,28924元/平,底层 (共3层) | 2005年 | 4室2厅 | 241.67平米 | 南 北,https://ke-image.ljcdn.com/110000-inspection/3d62349e-6fd7-47a6-b00b-3034a5831d47_1000.jpg!m_fill,w_280,h_210,f_jpg?from=ke.com
20240329,怀柔,怀柔,101113852275,幸福东园3号院 南北通透 温馨两居 采光好 无遮挡,125万,18814元/平,顶层 (共6层) 2室1厅 | 66.44平米 | 南 北,https://ke-image.ljcdn.com/110000-inspection/pc1_5SXccBiMP_1.jpg!m_fill,w_280,h_210,f_jpg?from=ke.com
20240329,怀柔,怀柔,101113778475,此房满五唯一南北通透精装修全明格局。,410万,34594元/平,顶层 (共6层) | 2004年 | 3室1厅 | 118.52平米 | 南 北,https://ke-image.ljcdn.com/110000-inspection/62fd6a3e-d733-4cc4-a02d-b20a5925ec81_1000.jpg!m_fill,w_280,h_210,f_jpg?from=ke.com
20240329,怀柔,怀柔,101113714406,欧郡香水城 毛坯 独栋 有钥匙 采光好 安静宜居,980万,22987元/平,底层 (共2层) | 2009年 | 5室3厅 | 426.33平米 | 东 南 西 北,https://ke-image.ljcdn.com/110000-inspection/94022f50-6d23-4dc0-9779-dba7c42ea92f_1000.jpg!m_fill,w_280,h_210,f_jpg?from=ke.com
20240329,怀柔,怀柔,101113690390,青春苑西区一层南北通透4居室 精装修 有花园,560万,39515元/平,底层 (共6层) | 2005年 | 4室2厅 | 141.72平米 | 南 北,https://ke-image.ljcdn.com/110000-inspection/9780e0dd-0b43-4f1a-8cb5-ef41eb726108_1000.jpg!m_fill,w_280,h_210,f_jpg?from=ke.com
20240329,怀柔,怀柔,101113529236,世嘉光织谷东区上下两层出售有产权车位,640万,31293元/平,底层 (共4层) | 2013年 | 3室2厅 | 204.52平米 | 南 北,https://ke-image.ljcdn.com/110000-inspection/afc716fe-6ad8-4afd-9a9a-4ab6474aa84f_1000.jpg!m_fill,w_280,h_210,f_jpg?from=ke.com
20240329,怀柔,怀柔,101113341435,满五唯一 看房方便 户型方正 复式结构,433万,27635元/平,顶层 (共6层) | 2000年 | 4室3厅 | 156.69平米 | 南 北,https://ke-image.ljcdn.com/110000-inspection/pc1_Z6OS64qnf_1.jpg!m_fill,w_280,h_210,f_jpg?from=ke.com
20240329,怀柔,怀柔,101113291196,镜春园 中间层  无遮挡 精心装修,780万,32688元/平,中楼层 (共7层) | 2007年 | 4室2厅 | 238.62平米 | 南 北,https://ke-image.ljcdn.com/110000-inspection/79cdacec-1c6b-494b-adc1-70202447bcea_1000.jpg!m_fill,w_280,h_210,f_jpg?from=ke.com
20240329,怀柔,怀柔,101113169946,联排别墅精装修南北通透采光充足。房主自荐,920万,35980元/平,底层 (共2层) | 1995年 | 7室2厅 | 255.7平米 | 南 北,https://ke-image.ljcdn.com/110000-inspection/d5baa3a7-4bcd-462d-a09c-072d8f0067a9_1000.jpg!m_fill,w_280,h_210,f_jpg?from=ke.com
20240329,怀柔,怀柔,101113154581,杨宋镇和平路18号 业主诚心出售看房方便,650万,22558元/平,底层 (共3层) | 2003年 | 5室3厅 | 288.15平米 | 南 北,https://ke-image.ljcdn.com/110000-inspection/pc1_ewruzUyYs_1.jpg!m_fill,w_280,h_210,f_jpg?from=ke.com
20240329,怀柔,怀柔,101113084726,万通龙山新新小镇 诚心出售 看房方便房主自荐,730万,25169元/平,底层 (共3层) 3室2厅 | 290.04平米 | 南 北,https://ke-image.ljcdn.com/110000-inspection/b35a31a1-d202-4b67-a3ae-f7a8dd67306d_1000.jpg!m_fill,w_280,h_210,f_jpg?from=ke.com
20240329,怀柔,怀柔,101113036716,万通龙山逸墅 联排别墅 看房方便 有钥匙 毛坯,700万,22098元/平,底层 (共2层) 4室1厅 | 316.78平米 | 南 北,https://ke-image.ljcdn.com/110000-inspection/b163c2af-df61-4bbb-83e1-1a4ac80e2f6e_1000.jpg!m_fill,w_280,h_210,f_jpg?from=ke.com
20240329,怀柔,怀柔,101112685647,南北通透 越层大平米 四居两卫两厅,399万,20077元/平,顶层 (共6层) | 2006年 | 4室2厅 | 198.74平米 | 南 北,https://ke-image.ljcdn.com/110000-inspection/d989ec38-511c-4813-84f3-cfbac1fadfd1_1000.jpg!m_fill,w_280,h_210,f_jpg?from=ke.com
20240329,怀柔,怀柔,101112211029,怀柔区  独栋别墅 景观好 小区环境好看房方便,4180万,97650元/平,底层 (共2层) | 2011年 | 5室3厅 | 428.06平米 | 南 北 东 西,https://ke-image.ljcdn.com/110000-inspection/27d532e9-dd6a-483a-8a37-95351348b8aa_1000.jpg!m_fill,w_280,h_210,f_jpg?from=ke.com
20240329,怀柔,怀柔,101112155981,万通龙山逸墅 联排别墅 毛坯随意装修 看房方便,830万,26230元/平,底层 (共3层) | 2012年 | 6室1厅 | 316.44平米 | 南 西 北,https://ke-image.ljcdn.com/110000-inspection/pc1_isrqNkGcg_1.jpg!m_fill,w_280,h_210,f_jpg?from=ke.com
20240329,怀柔,怀柔,101111950187,泊岸一个怀柔的e美的绿堤香廊美景胜收,898万,27653元/平,底层 (共6层) | 2012年 | 4室3厅 | 324.75平米 | 南 北,https://ke-image.ljcdn.com/110000-inspection/pc1_PeGKfCtpG_1.jpg!m_fill,w_280,h_210,f_jpg?from=ke.com
20240329,怀柔,怀柔,101111917696,怀柔区庙城万通新新小镇  业主诚心出售,618万,24562元/平,底层 (共3层) | 2007年 | 3室2厅 | 251.61平米 | 南 北,https://ke-image.ljcdn.com/110000-inspection/pc1_vBfBs2B3n_1.jpg!m_fill,w_280,h_210,f_jpg?from=ke.com
20240329,怀柔,怀柔,101111668985,富乐大街 精装修 可免征增值税 小区中间跃层,435万,25322元/平,顶层 (共6层) | 2008年 | 4室3厅 | 171.79平米 | 南 北,https://ke-image.ljcdn.com/110000-inspection/58e85249-25ef-415d-9f73-bbc848889bbe_1000.jpg!m_fill,w_280,h_210,f_jpg?from=ke.com
20240329,怀柔,怀柔,101111633674,万通龙山新新小镇庙城村422号出售,645万,26297元/平,底层 (共2层) 5室2厅 | 245.28平米 | 南 北,https://ke-image.ljcdn.com/110000-inspection/4bbb3e4c-6458-41d9-90ab-734f6a52074f_1000.jpg!m_fill,w_280,h_210,f_jpg?from=ke.com
20240329,怀柔,怀柔,101111504391,迎宾中路 满五唯一 户型方正 看房随时,270万,21214元/平,高楼层 (共6层) | 2005年 | 3室2厅 | 127.28平米 | 南 西,https://ke-image.ljcdn.com/110000-inspection/pc1_hoSCEW5aY_1.jpg!m_fill,w_280,h_210,f_jpg?from=ke.com
20240329,怀柔,怀柔,101111231115,欧郡香水城  满五唯一  毛坯房,1010万,29195元/平,底层 (共2层) | 2008年 | 5室2厅 | 345.96平米 | 南 北,https://ke-image.ljcdn.com/110000-inspection/895a921d-487c-4ef2-8cb1-1a4eab6be64c_1000.jpg!m_fill,w_280,h_210,f_jpg?from=ke.com
20240329,怀柔,怀柔,101111183253,怀柔区精品上叠  八龙桥雅苑  2010年新社区 宜居别墅房主自荐,500万,21548元/平,中楼层 (共4层) 4室3厅 | 232.05平米 | 南 北,https://ke-image.ljcdn.com/110000-inspection/7e69f088-0bf6-4e99-a518-47abdd2510c5_1000.jpg!m_fill,w_280,h_210,f_jpg?from=ke.com
20240329,怀柔,怀柔,101121767084,影人峰会 电梯房 南北通透 户型方正,199万,15827元/平,低楼层 (共16层) 2室1厅 | 125.74平米 | 南 北,https://s1.ljcdn.com/pegasus/redskull/images/common/default_house_list.png?_v=20240306121103
20240329,怀柔,怀柔,101118846604,东亚华欣湾B区交通便利封闭式小区物业服务好,92万,12832元/平,低楼层 (共10层) | 2014年 | 2室1厅 | 71.7平米 | 南,https://s1.ljcdn.com/pegasus/redskull/images/common/default_house_list.png?_v=20240306121103
20240329,怀柔,怀柔,101114571090,东亚华欣湾 2014年楼龄新 满二年 可注册,110万,15550元/平,中楼层 (共12层) | 2016年 | 2室1厅 | 70.74平米 | 南 北,https://s1.ljcdn.com/pegasus/redskull/images/common/default_house_list.png?_v=20240306121103
20240329,怀柔,怀柔,101123646576,北园 3室1厅 南 北新上,170万,21706元/平,顶层 (共6层) 3室1厅 | 78.32平米 | 南 北,https://s1.ljcdn.com/pegasus/redskull/images/common/default_house_list.png?_v=20240306121103
20240329,怀柔,怀柔,101123641903,梦想家园西区 2室1厅 南 北新上,195万,22142元/平,高楼层 (共15层) 2室1厅 | 88.07平米 | 南 北,https://s1.ljcdn.com/pegasus/redskull/images/common/default_house_list.png?_v=20240306121103
20240329,怀柔,怀柔,101123625603,青春路一院 2室1厅 南 北新上,160万,26153元/平,顶层 (共6层) 2室1厅 | 61.18平米 | 南 北,https://s1.ljcdn.com/pegasus/redskull/images/common/default_house_list.png?_v=20240306121103
20240329,怀柔,怀柔,101123618360,青春路九院 2室1厅 南 北新上,140万,25144元/平,顶层 (共4层) 2室1厅 | 55.68平米 | 南 北,https://s1.ljcdn.com/pegasus/redskull/images/common/default_house_list.png?_v=20240306121103
20240329,怀柔,怀柔,101123603021,南华园二区 3室1厅 南 北新上,240万,26267元/平,顶层 (共6层) 3室1厅 | 91.37平米 | 南 北,https://s1.ljcdn.com/pegasus/redskull/images/common/default_house_list.png?_v=20240306121103
20240329,怀柔,怀柔,101123585235,湖光小区满五的南北通透的大三居室新上,350万,29920元/平,中楼层 (共4层) 3室1厅 | 116.98平米 | 南 北,https://s1.ljcdn.com/pegasus/redskull/images/common/default_house_list.png?_v=20240306121103
20240329,怀柔,怀柔,101123584285,金台园 3室1厅 南 北新上,280万,30834元/平,低楼层 (共6层) | 2006年 | 3室1厅 | 90.81平米 | 南 北,https://s1.ljcdn.com/pegasus/redskull/images/common/default_house_list.png?_v=20240306121103
20240329,怀柔,怀柔,101123568120,顶秀美泉小镇C区 3室2厅 南 北新上,310万,26644元/平,中楼层 (共4层) | 2012年 | 3室2厅 | 116.35平米 | 南 北,https://s1.ljcdn.com/pegasus/redskull/images/common/default_house_list.png?_v=20240306121103
20240329,怀柔,怀柔,101123554103,西园 3室1厅 南 北新上,230万,25922元/平,中楼层 (共6层) 3室1厅 | 88.73平米 | 南 北,https://s1.ljcdn.com/pegasus/redskull/images/common/default_house_list.png?_v=20240306121103
20240329,怀柔,怀柔,101123530326,开利园小区   低楼层   满五唯一   经典格局新上,215万,24954元/平,低楼层 (共6层) 3室1厅 | 86.16平米 | 南 北,https://s1.ljcdn.com/pegasus/redskull/images/common/default_house_list.png?_v=20240306121103
20240329,怀柔,怀柔,101123525971,西园 2室1厅 南 北新上,148万,26344元/平,中楼层 (共5层) 2室1厅 | 56.18平米 | 南 北,https://s1.ljcdn.com/pegasus/redskull/images/common/default_house_list.png?_v=20240306121103
20240329,怀柔,怀柔,101123499534,顶秀美泉小镇A区 2室1厅 南 北,245万,27335元/平,中楼层 (共4层) 2室1厅 | 89.63平米 | 南 北,https://s1.ljcdn.com/pegasus/redskull/images/common/default_house_list.png?_v=20240306121103
20240329,怀柔,怀柔,101123480987,青春苑四院 低楼层 出行方便 满五唯一,195万,27338元/平,底层 (共6层) 2室1厅 | 71.33平米 | 西,https://s1.ljcdn.com/pegasus/redskull/images/common/default_house_list.png?_v=20240306121103
20240329,怀柔,怀柔,101123473896,东亚华欣湾  电梯房  诚意出售  随时签约,85万,13187元/平,中楼层 (共10层) 1室1厅 | 64.46平米 | 东,https://s1.ljcdn.com/pegasus/redskull/images/common/default_house_list.png?_v=20240306121103
20240329,怀柔,怀柔,101123439252,顶秀美泉小镇C区 3室2厅 南 北,405万,25490元/平,顶层 (共4层) | 2012年 | 3室2厅 | 158.89平米 | 南 北,https://s1.ljcdn.com/pegasus/redskull/images/common/default_house_list.png?_v=20240306121103
20240329,怀柔,怀柔,101123373614,东亚尚院有地下车库视野宽阔采光充足。,1100万,19240元/平,底层 (共3层) 6室2厅 | 571.74平米 | 南 北,https://s1.ljcdn.com/pegasus/redskull/images/common/default_house_list.png?_v=20240306121103
20240329,怀柔,怀柔,101123369271,东关一区 3室2厅 南 北,330万,31056元/平,中楼层 (共6层) 3室2厅 | 106.26平米 | 南 北,https://s1.ljcdn.com/pegasus/redskull/images/common/default_house_list.png?_v=20240306121103
20240329,怀柔,怀柔,101123364366,此房满五唯一电梯房人车分流环境舒适,100万,13780元/平,中楼层 (共10层) | 2016年 | 2室1厅 | 72.57平米 | 南,https://s1.ljcdn.com/pegasus/redskull/images/common/default_house_list.png?_v=20240306121103
20240329,怀柔,怀柔,101123362737,兴怀大街14号院 3室2厅 南 北,235万,24282元/平,顶层 (共6层) 3室2厅 | 96.78平米 | 南 北,https://s1.ljcdn.com/pegasus/redskull/images/common/default_house_list.png?_v=20240306121103
20240329,怀柔,怀柔,101123343772,东亚华欣湾 电梯直达 精装修 诚意出售,96万,12029元/平,高楼层 (共12层) | 2016年 | 2室1厅 | 79.81平米 | 西,https://s1.ljcdn.com/pegasus/redskull/images/common/default_house_list.png?_v=20240306121103
20240329,怀柔,怀柔,101123267816,北京城建胜悦居南北通透一居室中楼层,198万,32566元/平,中楼层 (共11层) 1室1厅 | 60.8平米 | 南 北,https://s1.ljcdn.com/pegasus/redskull/images/common/default_house_list.png?_v=20240306121103
20240329,怀柔,怀柔,101123266739,北京城建胜悦居精品小区南北通透采光好,365万,39122元/平,中楼层 (共15层) 2室2厅 | 93.3平米 | 南 北,https://s1.ljcdn.com/pegasus/redskull/images/common/default_house_list.png?_v=20240306121103
20240329,怀柔,怀柔,101123266585,丽湖嘉园 3室2厅 南 北,460万,35290元/平,低楼层 (共6层) 3室2厅 | 130.35平米 | 南 北,https://s1.ljcdn.com/pegasus/redskull/images/common/default_house_list.png?_v=20240306121103
20240329,怀柔,怀柔,101123250533,东亚华欣湾 纯南向 采光好 诚意出售,105万,14602元/平,中楼层 (共10层) 2室1厅 | 71.91平米 | 南,https://s1.ljcdn.com/pegasus/redskull/images/common/default_house_list.png?_v=20240306121103
20240329,怀柔,怀柔,101123218620,凤翔四园业主诚心卖北面停车场通透无遮挡。,200万,21044元/平,中楼层 (共6层) 3室2厅 | 95.04平米 | 北 南,https://s1.ljcdn.com/pegasus/redskull/images/common/default_house_list.png?_v=20240306121103
20240329,怀柔,怀柔,101123194938,世嘉光织谷东区 1室1厅 南,220万,27951元/平,底层 (共7层) 1室1厅 | 78.71平米 | 南,https://s1.ljcdn.com/pegasus/redskull/images/common/default_house_list.png?_v=20240306121103
20240329,怀柔,怀柔,101123185350,青春路九院  满五唯一 业主诚意出售,170万,26823元/平,顶层 (共6层) 2室1厅 | 63.38平米 | 南 北,https://s1.ljcdn.com/pegasus/redskull/images/common/default_house_list.png?_v=20240306121103
20240329,怀柔,怀柔,101123120387,湖光小区 2室1厅 南 北,135万,28822元/平,高楼层 (共6层) 2室1厅 | 46.84平米 | 南 北,https://s1.ljcdn.com/pegasus/redskull/images/common/default_house_list.png?_v=20240306121103
20240329,怀柔,怀柔,101123088924,裕华园一区 1室1厅 南 北,115万,22214元/平,中楼层 (共14层) | 2014年 | 1室1厅 | 51.77平米 | 南 北,https://s1.ljcdn.com/pegasus/redskull/images/common/default_house_list.png?_v=20240306121103
20240329,怀柔,怀柔,101123084558,金台园小区南北通透户型方正格局好,205万,22768元/平,顶层 (共6层) | 2006年 | 3室1厅 | 90.04平米 | 南 北,https://s1.ljcdn.com/pegasus/redskull/images/common/default_house_list.png?_v=20240306121103
20240329,怀柔,怀柔,101123038184,金桥国际 3室2厅 南 北,290万,27367元/平,高楼层 (共6层) 3室2厅 | 105.97平米 | 南 北,https://s1.ljcdn.com/pegasus/redskull/images/common/default_house_list.png?_v=20240306121103
20240329,怀柔,怀柔,101123001562,天韵家园 06年左右小区位置好 不临街 南北通透,380万,35376元/平,高楼层 (共6层) | 2004年 | 3室1厅 | 107.42平米 | 南 北,https://s1.ljcdn.com/pegasus/redskull/images/common/default_house_list.png?_v=20240306121103
20240329,怀柔,怀柔,101122957572,东亚华欣湾 2室1厅 西,95万,12287元/平,中楼层 (共10层) | 2016年 | 2室1厅 | 77.32平米 | 西,https://s1.ljcdn.com/pegasus/redskull/images/common/default_house_list.png?_v=20240306121103
20240329,怀柔,怀柔,101122814362,东亚华欣湾 精装修 电梯房 随时可看,60万,16630元/平,中楼层 (共10层) | 2016年 | 1室1厅 | 36.08平米 | 西,https://s1.ljcdn.com/pegasus/redskull/images/common/default_house_list.png?_v=20240306121103
20240329,怀柔,怀柔,101122696951,东亚华欣湾 1室1厅 南,75万,17744元/平,中楼层 (共10层) | 2016年 | 1室1厅 | 42.27平米 | 南,https://s1.ljcdn.com/pegasus/redskull/images/common/default_house_list.png?_v=20240306121103
20240329,怀柔,怀柔,101122658734,东亚华欣湾 1室0厅 南,75万,18736元/平,低楼层 (共12层) | 2016年 | 1室0厅 | 40.03平米 | 南,https://s1.ljcdn.com/pegasus/redskull/images/common/default_house_list.png?_v=20240306121103
20240329,怀柔,怀柔,101122650683,东亚华欣湾 2室1厅 东北,120万,16369元/平,低楼层 (共12层) | 2016年 | 2室1厅 | 73.31平米 | 东北,https://s1.ljcdn.com/pegasus/redskull/images/common/default_house_list.png?_v=20240306121103
20240329,怀柔,怀柔,101122419515,东亚华欣湾华欣湾小区 两室三层,93万,12167元/平,低楼层 (共10层) | 2016年 | 2室1厅 | 76.44平米 | 西,https://s1.ljcdn.com/pegasus/redskull/images/common/default_house_list.png?_v=20240306121103
20240329,怀柔,怀柔,101122267743,东亚华欣湾采光充足简装修新式小区有电梯小区比较安全,106万,15000元/平,中楼层 (共12层) | 2016年 | 2室1厅 | 70.67平米 | 南,https://s1.ljcdn.com/pegasus/redskull/images/common/default_house_list.png?_v=20240306121103
20240329,怀柔,怀柔,101121990281,东亚华欣湾 6室2厅 南 北,1260万,22008元/平,底层 (共3层) 6室2厅 | 572.53平米 | 南 北,https://s1.ljcdn.com/pegasus/redskull/images/common/default_house_list.png?_v=20240306121103
20240329,怀柔,怀柔,101121386643,东亚华欣湾 南向  采光充足 电梯高层,67万,16560元/平,高楼层 (共10层) | 2016年 | 1室0厅 | 40.46平米 | 南,https://s1.ljcdn.com/pegasus/redskull/images/common/default_house_list.png?_v=20240306121103
20240329,怀柔,怀柔,101121221202,东亚华欣湾 电梯直达  环境安静,220万,16495元/平,顶层 (共9层) 3室2厅 | 133.38平米 | 南 西南,https://s1.ljcdn.com/pegasus/redskull/images/common/default_house_list.png?_v=20240306121103
20240329,怀柔,怀柔,101120825567,东亚华欣湾46号楼 精装修 视野开阔,179万,20005元/平,中楼层 (共10层) 2室1厅 | 89.48平米 | 东 南 北,https://s1.ljcdn.com/pegasus/redskull/images/common/default_house_list.png?_v=20240306121103
20240329,怀柔,怀柔,101120807153,东亚华欣湾 3室1厅 东 西,200万,14995元/平,中楼层 (共9层) 3室1厅 | 133.38平米 | 东 西,https://s1.ljcdn.com/pegasus/redskull/images/common/default_house_list.png?_v=20240306121103
20240329,怀柔,怀柔,101120157869,东亚华欣湾 东向 采光充足电梯房 诚意出售,98万,12688元/平,中楼层 (共10层) | 2016年 | 2室1厅 | 77.24平米 | 东,https://s1.ljcdn.com/pegasus/redskull/images/common/default_house_list.png?_v=20240306121103
20240329,怀柔,怀柔,101120075958,东亚华欣湾三室精装修次顶层看房方便,160万,15647元/平,高楼层 (共9层) 2室1厅 | 102.26平米 | 东 北,https://s1.ljcdn.com/pegasus/redskull/images/common/default_house_list.png?_v=20240306121103
20240329,怀柔,怀柔,101119880286,东亚华欣湾小区内都是电梯房位置就在怀柔城区南边,139万,16184元/平,中楼层 (共10层) | 2016年 | 2室1厅 | 85.89平米 | 东南,https://s1.ljcdn.com/pegasus/redskull/images/common/default_house_list.png?_v=20240306121103
20240329,怀柔,怀柔,101119607880,东亚华欣湾 电梯直达 交通便利,80万,18926元/平,高楼层 (共10层) | 2016年 | 1室0厅 | 42.27平米 | 南,https://s1.ljcdn.com/pegasus/redskull/images/common/default_house_list.png?_v=20240306121103
20240329,怀柔,怀柔,101119097633,东亚华欣湾  精装修 无抵押 产权清晰  随时签约,198万,14845元/平,中楼层 (共9层) | 2014年 | 3室2厅 | 133.38平米 | 南 北,https://s1.ljcdn.com/pegasus/redskull/images/common/default_house_list.png?_v=20240306121103
20240329,怀柔,怀柔,101118976463,电梯房精装修交通方便采光充足精装修,220万,17518元/平,低楼层 (共16层) 2室2厅 | 125.59平米 | 南 北,https://s1.ljcdn.com/pegasus/redskull/images/common/default_house_list.png?_v=20240306121103
20240329,怀柔,怀柔,101118792771,东亚华欣湾电梯房采光充足精装修,80万,19773元/平,高楼层 (共10层) | 2014年 | 1室0厅 | 40.46平米 | 南,https://s1.ljcdn.com/pegasus/redskull/images/common/default_house_list.png?_v=20240306121103
20240329,怀柔,怀柔,101118679523,华欣湾小区A区 产权清晰 无抵押 无贷款  可随时过户,100万,13090元/平,低楼层 (共10层) | 2016年 | 2室1厅 | 76.4平米 | 东,https://s1.ljcdn.com/pegasus/redskull/images/common/default_house_list.png?_v=20240306121103
20240329,怀柔,怀柔,101118586620,华欣湾小区A区  精装修   产权清晰   无抵押,178万,20708元/平,低楼层 (共10层) | 2016年 | 2室2厅 | 85.96平米 | 南 西,https://s1.ljcdn.com/pegasus/redskull/images/common/default_house_list.png?_v=20240306121103
20240329,怀柔,怀柔,101118554547,顶秀美泉环境优美格局合理视野宽阔采光充足,188万,34642元/平,中楼层 (共5层) 2室1厅 | 54.27平米 | 南 北,https://s1.ljcdn.com/pegasus/redskull/images/common/default_house_list.png?_v=20240306121103
20240329,怀柔,怀柔,101118489049,金桥国际 2室1厅 南 北,255万,29825元/平,低楼层 (共6层) 2室1厅 | 85.5平米 | 南 北,https://s1.ljcdn.com/pegasus/redskull/images/common/default_house_list.png?_v=20240306121103
20240329,怀柔,怀柔,101118211321,东亚华欣湾 2室1厅 东,128万,16706元/平,顶层 (共10层) 2室1厅 | 76.62平米 | 东,https://s1.ljcdn.com/pegasus/redskull/images/common/default_house_list.png?_v=20240306121103
20240329,怀柔,怀柔,101117952328,东亚尚院独栋别墅地上三层地下两层,1100万,19200元/平,底层 (共3层) 6室2厅 | 572.93平米 | 南 北,https://s1.ljcdn.com/pegasus/redskull/images/common/default_house_list.png?_v=20240306121103
20240329,怀柔,怀柔,101117527339,东亚华欣湾  环境优美 交通便利,110万,15158元/平,中楼层 (共10层) 2室1厅 | 72.57平米 | 南,https://s1.ljcdn.com/pegasus/redskull/images/common/default_house_list.png?_v=20240306121103
20240329,怀柔,怀柔,101117414967,交通方便京城15出口电梯房敬老院、中影,230万,17742元/平,低楼层 (共16层) 2室1厅 | 129.64平米 | 南 北,https://s1.ljcdn.com/pegasus/redskull/images/common/default_house_list.png?_v=20240306121103
20240329,怀柔,怀柔,101117339289,东亚华欣湾东亚华欣湾东亚华欣湾,118万,15234元/平,中楼层 (共9层) 2室1厅 | 77.46平米 | 东,https://s1.ljcdn.com/pegasus/redskull/images/common/default_house_list.png?_v=20240306121103
20240329,怀柔,怀柔,101117219776,东亚华欣湾低楼层大两室精装修环境好,158万,18210元/平,低楼层 (共9层) 2室1厅 | 86.77平米 | 西 北,https://s1.ljcdn.com/pegasus/redskull/images/common/default_house_list.png?_v=20240306121103
20240329,怀柔,怀柔,101116485770,东亚华欣湾 南北通透 视野开阔 采光好,115万,16248元/平,低楼层 (共12层) | 2016年 | 2室1厅 | 70.78平米 | 南 北,https://s1.ljcdn.com/pegasus/redskull/images/common/default_house_list.png?_v=20240306121103
20240329,怀柔,怀柔,101115785225,影人峰会 南北通透 采光无遮挡 户型方正,320万,25480元/平,高楼层 (共16层) | 2015年 | 3室1厅 | 125.59平米 | 南 北,https://s1.ljcdn.com/pegasus/redskull/images/common/default_house_list.png?_v=20240306121103
20240329,怀柔,怀柔,101115579605,影人峰汇 电梯房  南北通透 中影基地,300万,17772元/平,中楼层 (共10层) 3室1厅 | 168.81平米 | 南 北,https://s1.ljcdn.com/pegasus/redskull/images/common/default_house_list.png?_v=20240306121103
20240329,怀柔,怀柔,101115239476,东亚华欣湾 2014年楼龄新 满二年 可注册,119万,14877元/平,低楼层 (共12层) 2室2厅 | 79.99平米 | 东,https://s1.ljcdn.com/pegasus/redskull/images/common/default_house_list.png?_v=20240306121103
20240329,怀柔,怀柔,101114632051,华欣湾小区采光好东人车分流环境好,108万,13562元/平,低楼层 (共12层) | 2016年 | 2室1厅 | 79.64平米 | 东,https://s1.ljcdn.com/pegasus/redskull/images/common/default_house_list.png?_v=20240306121103
20240329,怀柔,怀柔,101114583307,东亚华欣湾 地暖中央空调全屋定制家具家电,149万,16881元/平,中楼层 (共12层) | 2016年 | 2室1厅 | 88.27平米 | 南 西,https://s1.ljcdn.com/pegasus/redskull/images/common/default_house_list.png?_v=20240306121103
20240329,怀柔,怀柔,101114404580,东亚华欣湾 2014年楼龄新 满二年 可注册,135万,13175元/平,中楼层 (共11层) | 2014年 | 3室1厅 | 102.47平米 | 东 北,https://s1.ljcdn.com/pegasus/redskull/images/common/default_house_list.png?_v=20240306121103
20240329,怀柔,怀柔,101113897556,华欣湾B区西向采光充足小区配套设施齐全人车分流,138万,13502元/平,高楼层 (共10层) 2室2厅 | 102.21平米 | 西,https://s1.ljcdn.com/pegasus/redskull/images/common/default_house_list.png?_v=20240306121103
20240329,怀柔,怀柔,101113855705,本小区是封闭式小区人车分流环境安静电梯直达.房主自荐,160万,15037元/平,高楼层 (共9层) | 2014年 | 3室1厅 | 106.41平米 | 西,https://s1.ljcdn.com/pegasus/redskull/images/common/default_house_list.png?_v=20240306121103
20240329,怀柔,怀柔,101113578635,东亚华欣湾B区电梯房东朝向,99万,15234元/平,低楼层 (共10层) | 2014年 | 1室1厅 | 64.99平米 | 东,https://s1.ljcdn.com/pegasus/redskull/images/common/default_house_list.png?_v=20240306121103
20240329,怀柔,怀柔,101113398897,府 前 街 小 区 位置好 有电梯,440万,31173元/平,中楼层 (共8层) | 2006年 | 3室1厅 | 141.15平米 | 南 北,https://s1.ljcdn.com/pegasus/redskull/images/common/default_house_list.png?_v=20240306121103
20240329,怀柔,怀柔,101112930328,东亚华欣湾 2室1厅 西,100万,13277元/平,高楼层 (共12层) | 2016年 | 2室1厅 | 75.32平米 | 西,https://s1.ljcdn.com/pegasus/redskull/images/common/default_house_list.png?_v=20240306121103
20240329,怀柔,怀柔,101112858991,东亚华欣湾 精装修电梯房好户型,112万,14460元/平,低楼层 (共10层) | 2016年 | 2室1厅 | 77.46平米 | 西,https://s1.ljcdn.com/pegasus/redskull/images/common/default_house_list.png?_v=20240306121103
