20240326,通州,大兴新机场洋房别墅区,101123438480,住总兴创如遇  纯南向  好楼层 精装修必看好房,145万,26917元/平,中楼层 (共20层) | 2022年 | 1室1厅 | 53.87平米 | 南,https://ke-image.ljcdn.com/110000-inspection/83d9e00e-23b9-4b71-a45b-5a182d8c25e0_1000.jpg!m_fill,w_280,h_210,f_jpg?from=ke.com
20240326,通州,大兴新机场洋房别墅区,101123437749,满五唯一  全明格局 卫生间有窗户 带电梯必看好房,175万,20361元/平,中楼层 (共6层) | 2010年 | 2室1厅 | 85.95平米 | 南 北,https://ke-image.ljcdn.com/110000-inspection/pc1_RW4jRAUid.jpg!m_fill,w_280,h_210,f_jpg?from=ke.com
20240326,通州,大兴新机场洋房别墅区,101123437252,恒盛波尔多小镇北区 满五唯一 楼层好采光好必看好房,188.8万,19743元/平,低楼层 (共7层) 3室1厅 | 95.63平米 | 南 北,https://ke-image.ljcdn.com/110000-inspection/pc1_3qiRp5OEQ.jpg!m_fill,w_280,h_210,f_jpg?from=ke.com
20240326,通州,大兴新机场洋房别墅区,101123378330,当代采育满庭春MOMA  精装修 全南户型必看好房,150万,15858元/平,低楼层 (共28层) 2室1厅 | 94.59平米 | 南,https://ke-image.ljcdn.com/110000-inspection/c33c2f5a-fa23-4954-8a01-f5bbf31bd411_1000.jpg!m_fill,w_280,h_210,f_jpg?from=ke.com
20240326,通州,大兴新机场洋房别墅区,101123339913,育新花园北里南北通透边户两居出售必看好房,150万,18699元/平,中楼层 (共16层) 2室1厅 | 80.22平米 | 南 北,https://ke-image.ljcdn.com/110000-inspection/pc1_6qFhVbnTa_1.jpg!m_fill,w_280,h_210,f_jpg?from=ke.com
20240326,通州,大兴新机场洋房别墅区,101123181977,当代采育满庭春MOMA  大两居 满五唯一 次顶层,137万,16175元/平,高楼层 (共18层) | 2015年 | 2室1厅 | 84.7平米 | 南,https://ke-image.ljcdn.com/110000-inspection/pc1_N5snOs18M.jpg!m_fill,w_280,h_210,f_jpg?from=ke.com
20240326,通州,大兴新机场洋房别墅区,101123171474,当代采育满庭春MOMA全明南北通透两居出售必看好房,135万,14916元/平,中楼层 (共18层) | 2015年 | 2室1厅 | 90.51平米 | 南 北,https://ke-image.ljcdn.com/110000-inspection/pc1_Bag47YC8o.jpg!m_fill,w_280,h_210,f_jpg?from=ke.com
20240326,通州,大兴新机场洋房别墅区,101123052054,当代采育满庭春MOMA高楼层两居出售必看好房,145万,15219元/平,顶层 (共28层) | 2015年 | 2室1厅 | 95.28平米 | 南,https://ke-image.ljcdn.com/110000-inspection/pc1_n1yrqIDgk.jpg!m_fill,w_280,h_210,f_jpg?from=ke.com
20240326,通州,大兴新机场洋房别墅区,101123038311,大兴区采育镇育新花园北里育林街1号院必看好房,169万,19862元/平,低楼层 (共18层) 3室1厅 | 85.09平米 | 南 北,https://ke-image.ljcdn.com/110000-inspection/bedb3d7c-6557-461a-b629-f4910823a35f_1000.jpg!m_fill,w_280,h_210,f_jpg?from=ke.com
20240326,通州,大兴新机场洋房别墅区,101122610164,育新花园南里  中高楼层  南北通透 周边配套齐全必看好房,159万,18205元/平,高楼层 (共15层) 2室1厅 | 87.34平米 | 南 北,https://ke-image.ljcdn.com/110000-inspection/91228180-4493-4964-b277-4e924fa4ff10_1000.jpg!m_fill,w_280,h_210,f_jpg?from=ke.com
20240326,通州,大兴新机场洋房别墅区,101122583073,育新花园北里小区育林街1号院小区必看好房,149万,18625元/平,高楼层 (共18层) 2室1厅 | 80平米 | 南 北,https://ke-image.ljcdn.com/110000-inspection/feee121b-6bd1-4c1b-b470-2aaae2f3d1cf_1000.jpg!m_fill,w_280,h_210,f_jpg?from=ke.com
20240326,通州,大兴新机场洋房别墅区,101122481147,亦庄南 别墅区里的全明两居 高楼层 阳光洒满卧室必看好房,200万,22435元/平,高楼层 (共11层) 2室1厅 | 89.15平米 | 南 北,https://ke-image.ljcdn.com/110000-inspection/pc1_NCOUp2FGX.jpg!m_fill,w_280,h_210,f_jpg?from=ke.com
20240326,通州,大兴新机场洋房别墅区,101122313488,当代采育满庭春MOMA 满五唯一 精装修必看好房,191万,15850元/平,中楼层 (共28层) | 2015年 | 3室1厅 | 120.51平米 | 南 北,https://ke-image.ljcdn.com/110000-inspection/2e727c55-2df0-49ed-b4bd-568ef5ff8a42_1000.jpg!m_fill,w_280,h_210,f_jpg?from=ke.com
20240326,通州,大兴新机场洋房别墅区,101122235754,育新花园北里好户型三居室楼层好必看好房,170万,18594元/平,中楼层 (共17层) 3室1厅 | 91.43平米 | 南 北,https://ke-image.ljcdn.com/110000-inspection/pc1_jPcFQnnHx.jpg!m_fill,w_280,h_210,f_jpg?from=ke.com
20240326,通州,大兴新机场洋房别墅区,101122123588,满庭春苑 电梯房 大三居 新社区,200万,14575元/平,中楼层 (共28层) 3室2厅 | 137.23平米 | 南 北,https://ke-image.ljcdn.com/110000-inspection/dd132700-5608-46d1-a463-5c00d7821239_1000.jpg!m_fill,w_280,h_210,f_jpg?from=ke.com
20240326,通州,大兴新机场洋房别墅区,101121665120,恒盛波尔多小镇北区 低密花园洋房 亦庄墅区 满五唯一,198万,21004元/平,中楼层 (共8层) 2室1厅 | 94.27平米 | 南 北,https://ke-image.ljcdn.com/110000-inspection/pc1_lPHGOpICn.jpg!m_fill,w_280,h_210,f_jpg?from=ke.com
20240326,通州,大兴新机场洋房别墅区,101121497834,恒盛小镇艺墅 可贷款大两居 精装修 全明格局必看好房,189万,21210元/平,中楼层 (共11层) 2室1厅 | 89.11平米 | 南 北,https://ke-image.ljcdn.com/110000-inspection/485f0515-a93c-4498-8ab8-33ef915406f0_1000.jpg!m_fill,w_280,h_210,f_jpg?from=ke.com
20240326,通州,大兴新机场洋房别墅区,101121064020,商品房一梯两户满五唯一没抵押没户口落地窗,120万,13267元/平,顶层 (共6层) 2室2厅 | 90.45平米 | 南 北,https://ke-image.ljcdn.com/110000-inspection/pc1_257fganIG.jpg!m_fill,w_280,h_210,f_jpg?from=ke.com
20240326,通州,大兴新机场洋房别墅区,101120954998,当代采育满庭春MOMA满五唯一南北通透,140万,15563元/平,中楼层 (共18层) 2室1厅 | 89.96平米 | 南 北,https://ke-image.ljcdn.com/110000-inspection/pc1_0ZZ8bmBDf.jpg!m_fill,w_280,h_210,f_jpg?from=ke.com
20240326,通州,大兴新机场洋房别墅区,101119970784,南北通透。楼层好采光无遮挡。配套齐全交通便利,135万,15049元/平,低楼层 (共18层) 2室1厅 | 89.71平米 | 南 北,https://ke-image.ljcdn.com/110000-inspection/pc1_Iq2Y22cox.jpg!m_fill,w_280,h_210,f_jpg?from=ke.com
20240326,通州,大兴新机场洋房别墅区,101119548944,波尔多南区 南北通透 满五唯一 精装修 卫生间有大窗户必看好房,179万,18339元/平,中楼层 (共6层) 2室2厅 | 97.61平米 | 南 北,https://ke-image.ljcdn.com/110000-inspection/pc1_879n90wms.jpg!m_fill,w_280,h_210,f_jpg?from=ke.com
20240326,通州,大兴新机场洋房别墅区,101123557816,当代采育满庭春MOMA 纯南两居 精装修 高楼层 视野开阔必看好房,159万,16474元/平,高楼层 (共27层) 2室1厅 | 96.52平米 | 南,https://ke-image.ljcdn.com/110000-inspection/pc1_O1LOprSsf.jpg!m_fill,w_280,h_210,f_jpg?from=ke.com
20240326,通州,大兴新机场洋房别墅区,101123353298,当代采育满庭春MOMA 2室1厅 南 北必看好房,145万,15949元/平,高楼层 (共18层) | 2015年 | 2室1厅 | 90.92平米 | 南 北,https://ke-image.ljcdn.com/110000-inspection/pc1_UHmFfifTh.jpg!m_fill,w_280,h_210,f_jpg?from=ke.com
20240326,通州,大兴新机场洋房别墅区,101123242961,育新花园北里 南向 楼层视野好 采光充足 交通方便必看好房,135万,18360元/平,低楼层 (共18层) 2室1厅 | 73.53平米 | 南,https://ke-image.ljcdn.com/110000-inspection/pc1_VkHkPXugy.jpg!m_fill,w_280,h_210,f_jpg?from=ke.com
20240326,通州,大兴新机场洋房别墅区,101123208871,蓝天花园 3室2厅 南 北必看好房,210万,16244元/平,高楼层 (共6层) 3室2厅 | 129.28平米 | 南 北,https://ke-image.ljcdn.com/110000-inspection/351400e1-3cd3-4a9a-a577-d60e02447ee5_1000.jpg!m_fill,w_280,h_210,f_jpg?from=ke.com
20240326,通州,大兴新机场洋房别墅区,101122373973,育新花园中里  满五唯一  南北通透 采光好,153万,17935元/平,低楼层 (共15层) 2室2厅 | 85.31平米 | 南 北,https://ke-image.ljcdn.com/110000-inspection/pc1_8ZWnvSD2j.jpg!m_fill,w_280,h_210,f_jpg?from=ke.com
20240326,通州,大兴新机场洋房别墅区,101120971863,满五唯一通风好顶层复式格局精装修采光好,215万,24519元/平,顶层 (共8层) 2室1厅 | 87.69平米 | 南,https://ke-image.ljcdn.com/110000-inspection/pc1_t8TAk6heC_1.jpg!m_fill,w_280,h_210,f_jpg?from=ke.com
20240326,通州,大兴新机场洋房别墅区,101120821433,恒盛波尔多小镇北区 满五唯一 拎包入住 楼层好采光好必看好房,208万,21667元/平,中楼层 (共8层) | 2012年 | 3室1厅 | 96平米 | 南 北,https://ke-image.ljcdn.com/110000-inspection/pc1_k17bBzUPZ.jpg!m_fill,w_280,h_210,f_jpg?from=ke.com
20240326,通州,大兴新机场洋房别墅区,101120583262,龙兴家园小区经典两居室诚心出售,125万,13840元/平,高楼层 (共6层) 2室2厅 | 90.32平米 | 南 北,https://ke-image.ljcdn.com/110000-inspection/pc1_cMy3wBFj7.jpg!m_fill,w_280,h_210,f_jpg?from=ke.com
20240326,通州,大兴新机场洋房别墅区,101118531784,南北通透满五唯一顶层复式花园洋房品质小区必看好房,188万,18356元/平,顶层 (共4层) | 2010年 | 2室1厅 | 102.42平米 | 南 北,https://ke-image.ljcdn.com/110000-inspection/pc1_tzqlzWVK8_1.jpg!m_fill,w_280,h_210,f_jpg?from=ke.com
20240326,通州,大兴新机场洋房别墅区,101123499413,亦庄南 波尔多小镇北区 满五唯一 南北通透 南北双阳台新上,205万,21366元/平,中楼层 (共8层) 2室2厅 | 95.95平米 | 南 北,https://ke-image.ljcdn.com/110000-inspection/pc1_3vviNcj2r.jpg!m_fill,w_280,h_210,f_jpg?from=ke.com
20240326,通州,大兴新机场洋房别墅区,101123482758,精装修前后无遮挡视野好采光好出入方便新上,146万,17324元/平,中楼层 (共15层) | 2014年 | 2室2厅 | 84.28平米 | 南 北,https://ke-image.ljcdn.com/110000-inspection/pc1_vbQX6rztl.jpg!m_fill,w_280,h_210,f_jpg?from=ke.com
20240326,通州,大兴新机场洋房别墅区,101123438194,育新花园中里 高楼层 毛坯 采光好视野好,170万,19516元/平,高楼层 (共15层) 2室1厅 | 87.11平米 | 南 北,https://ke-image.ljcdn.com/110000-inspection/pc1_nUyV19Bl6.jpg!m_fill,w_280,h_210,f_jpg?from=ke.com
20240326,通州,大兴新机场洋房别墅区,101123438158,育新花园中里 高楼层 毛坯 采光好视野好,170万,19516元/平,高楼层 (共15层) 2室1厅 | 87.11平米 | 南 北,https://ke-image.ljcdn.com/110000-inspection/dec81a20-213b-476d-9252-d0c4350f9a3b_1000.jpg!m_fill,w_280,h_210,f_jpg?from=ke.com
20240326,通州,大兴新机场洋房别墅区,101123342744,住总兴创如遇新小区配套好。,150万,27850元/平,顶层 (共20层) 1室1厅 | 53.86平米 | 南 北,https://ke-image.ljcdn.com/110000-inspection/aaa71eda-16cb-4c57-a2d2-f75c34a2b3de_1000.jpg!m_fill,w_280,h_210,f_jpg?from=ke.com
20240326,通州,大兴新机场洋房别墅区,101123341091,龙兴家园小区 大兴南 南北双通透 160万 诚售可谈,160万,17866元/平,顶层 (共6层) | 2008年 | 2室1厅 | 89.56平米 | 南,https://ke-image.ljcdn.com/110000-inspection/pc1_uFyVtBBmz.jpg!m_fill,w_280,h_210,f_jpg?from=ke.com
20240326,通州,大兴新机场洋房别墅区,101123332284,育新花园中里  满五唯一  正规三居室  装修好,220万,17075元/平,中楼层 (共15层) 3室2厅 | 128.85平米 | 南 北,https://ke-image.ljcdn.com/110000-inspection/pc1_Pg9OWGXhB.jpg!m_fill,w_280,h_210,f_jpg?from=ke.com
20240326,通州,大兴新机场洋房别墅区,101123319066,当代采育满庭春MOMA  精装修 楼层采光好 配套设施齐全,158万,16618元/平,中楼层 (共28层) | 2015年 | 2室1厅 | 95.08平米 | 南,https://ke-image.ljcdn.com/110000-inspection/pc1_AXZj0aGMv.jpg!m_fill,w_280,h_210,f_jpg?from=ke.com
20240326,通州,大兴新机场洋房别墅区,101123302362,中高楼层带电梯朝南采光好,159万,16474元/平,高楼层 (共28层) | 2015年 | 2室1厅 | 96.52平米 | 北 南,https://ke-image.ljcdn.com/110000-inspection/pc1_UbYUKLBsN.jpg!m_fill,w_280,h_210,f_jpg?from=ke.com
20240326,通州,大兴新机场洋房别墅区,101123302064,育新花园北里 纯南向方正格局 两个阳台 经典小户型,110万,20810元/平,高楼层 (共18层) 1室1厅 | 52.86平米 | 南,https://ke-image.ljcdn.com/110000-inspection/pc1_BhUhLB2EG.jpg!m_fill,w_280,h_210,f_jpg?from=ke.com
20240326,通州,大兴新机场洋房别墅区,101123298492,南北通透格局高楼层视野宽阔采光充足,329万,21928元/平,高楼层 (共6层) | 2010年 | 3室1厅 | 150.04平米 | 南 北,https://ke-image.ljcdn.com/110000-inspection/7c84e82e-f25d-4fb4-be0f-6ec29b560511_1000.jpg!m_fill,w_280,h_210,f_jpg?from=ke.com
20240326,通州,大兴新机场洋房别墅区,101123285649,育新花园北里 南北通透小2居室,140万,19111元/平,高楼层 (共18层) | 2013年 | 2室1厅 | 73.26平米 | 南 北,https://ke-image.ljcdn.com/110000-inspection/fad4e6c5-b7c7-42c0-879e-2903c505c3a7_1000.jpg!m_fill,w_280,h_210,f_jpg?from=ke.com
20240326,通州,大兴新机场洋房别墅区,101123281815,育新花园北里  南北两居室 装修好,135万,18514元/平,高楼层 (共16层) 2室1厅 | 72.92平米 | 南 北,https://ke-image.ljcdn.com/110000-inspection/5338e915-caf4-4495-b26a-abdc2c72e602_1000.jpg!m_fill,w_280,h_210,f_jpg?from=ke.com
20240326,通州,大兴新机场洋房别墅区,101123277179,育新花园中里 朝南向阳正规一居室,110万,17720元/平,底层 (共12层) | 2012年 | 1室1厅 | 62.08平米 | 南,https://ke-image.ljcdn.com/110000-inspection/pc1_RN3la2nzb.jpg!m_fill,w_280,h_210,f_jpg?from=ke.com
20240326,通州,大兴新机场洋房别墅区,101123262425,育新花园西里 纯南一居室 采光好 无遮挡 全明格局房主自荐,120万,19179元/平,低楼层 (共15层) 1室1厅 | 62.57平米 | 南,https://ke-image.ljcdn.com/110000-inspection/pc1_nIgyV7chn.jpg!m_fill,w_280,h_210,f_jpg?from=ke.com
20240326,通州,大兴新机场洋房别墅区,101123242818,育新花园北里 纯南向方正格局 两个阳台  经典格局,95万,17925元/平,低楼层 (共18层) 1室0厅 | 53平米 | 南,https://ke-image.ljcdn.com/110000-inspection/pc1_PwEcMTu8L.jpg!m_fill,w_280,h_210,f_jpg?from=ke.com
20240326,通州,大兴新机场洋房别墅区,101123225207,满五年南北通透格局楼层好视野宽阔采光充足,320万,18905元/平,低楼层 (共6层) | 2010年 | 4室2厅 | 169.27平米 | 南 北,https://ke-image.ljcdn.com/110000-inspection/pc1_i8AoVnj35.jpg!m_fill,w_280,h_210,f_jpg?from=ke.com
20240326,通州,大兴新机场洋房别墅区,101123219205,别墅区三居室中楼层精装电梯洋房总高9层,288万,32335元/平,中楼层 (共9层) | 2021年 | 3室2厅 | 89.07平米 | 南 北,https://ke-image.ljcdn.com/110000-inspection/be04b2fe-2a92-4130-9cf5-c9abc2afe2d6_1000.jpg!m_fill,w_280,h_210,f_jpg?from=ke.com
20240326,通州,大兴新机场洋房别墅区,101123210868,恒盛小镇艺墅波尔多小镇东区。房主自荐,199万,22332元/平,中楼层 (共11层) 2室1厅 | 89.11平米 | 南 北,https://ke-image.ljcdn.com/110000-inspection/pc1_JoVjsXYzk.jpg!m_fill,w_280,h_210,f_jpg?from=ke.com
20240326,通州,大兴新机场洋房别墅区,101123205672,育新花园中里满五唯一 全南户型电梯房,119万,19117元/平,低楼层 (共12层) | 2012年 | 1室1厅 | 62.25平米 | 南,https://ke-image.ljcdn.com/110000-inspection/089012fe-9a24-4486-b3cb-eb254db8dc6c_1000.jpg!m_fill,w_280,h_210,f_jpg?from=ke.com
20240326,通州,大兴新机场洋房别墅区,101123205030,当代采育满庭春MOMA 满五唯一 南北通透,219万,16021元/平,中楼层 (共28层) 3室1厅 | 136.7平米 | 南 北,https://ke-image.ljcdn.com/110000-inspection/105aa386-9a52-4e16-aa22-606b017eeb17_1000.jpg!m_fill,w_280,h_210,f_jpg?from=ke.com
20240326,通州,大兴新机场洋房别墅区,101123204410,育新花园中里 南北通透 位置好,168万,19756元/平,低楼层 (共15层) 2室1厅 | 85.04平米 | 南 北,https://ke-image.ljcdn.com/110000-inspection/6b50070f-f569-4ef5-a5dd-47ac3265dbc4_1000.jpg!m_fill,w_280,h_210,f_jpg?from=ke.com
20240326,通州,大兴新机场洋房别墅区,101123173530,当代采育满庭春MOMA  满五唯一全明格局,155万,17048元/平,高楼层 (共18层) | 2015年 | 2室1厅 | 90.92平米 | 南 北,https://ke-image.ljcdn.com/110000-inspection/71cd50a9-6fc4-4a79-8237-4d8031b5b219_1000.jpg!m_fill,w_280,h_210,f_jpg?from=ke.com
20240326,通州,大兴新机场洋房别墅区,101123161142,育新花园北里南北通透中高楼层大一居,130万,18644元/平,高楼层 (共18层) | 2013年 | 1室1厅 | 69.73平米 | 南 北,https://ke-image.ljcdn.com/110000-inspection/pc1_hoFmxRkwh.jpg!m_fill,w_280,h_210,f_jpg?from=ke.com
20240326,通州,大兴新机场洋房别墅区,101123072200,满五唯一 精装修全明格局 卫生间有窗户 带电梯,172万,19216元/平,中楼层 (共4层) 2室1厅 | 89.51平米 | 南 北,https://ke-image.ljcdn.com/110000-inspection/pc1_WNfFTmJEF.jpg!m_fill,w_280,h_210,f_jpg?from=ke.com
20240326,通州,大兴新机场洋房别墅区,101123039159,育新花园北里 南北通透两居 大客厅 好位置 业主诚心卖,152万,17408元/平,底层 (共18层) | 2013年 | 2室1厅 | 87.32平米 | 南 北,https://ke-image.ljcdn.com/110000-inspection/pc1_bOQ1yex00.jpg!m_fill,w_280,h_210,f_jpg?from=ke.com
20240326,通州,大兴新机场洋房别墅区,101123037526,住总兴创如遇 2室1厅 南 北,213万,27280元/平,中楼层 (共20层) 2室1厅 | 78.08平米 | 南 北,https://ke-image.ljcdn.com/110000-inspection/0763f3a3-1365-484c-8008-4c19c382c7e5_1000.jpg!m_fill,w_280,h_210,f_jpg?from=ke.com
20240326,通州,大兴新机场洋房别墅区,101123029809,当代采育满庭春MOMA 满五唯一 南北通透,146万,16230元/平,中楼层 (共18层) | 2015年 | 2室1厅 | 89.96平米 | 南 北,https://ke-image.ljcdn.com/110000-inspection/pc1_ByROkKQR2_1.jpg!m_fill,w_280,h_210,f_jpg?from=ke.com
20240326,通州,大兴新机场洋房别墅区,101123019512,高楼层大两居 采光事业好 精装保养好拎包住,199万,20618元/平,高楼层 (共28层) | 2015年 | 2室1厅 | 96.52平米 | 南 北,https://ke-image.ljcdn.com/110000-inspection/627b564e-b671-493f-9e15-34b9c6600e31_1000.jpg!m_fill,w_280,h_210,f_jpg?from=ke.com
20240326,通州,大兴新机场洋房别墅区,101123012158,育新花园北里  朝南向大开间双阳台,100万,18947元/平,中楼层 (共18层) 1室0厅 | 52.78平米 | 南,https://ke-image.ljcdn.com/110000-inspection/pc1_YQfwSsVNH.jpg!m_fill,w_280,h_210,f_jpg?from=ke.com
20240326,通州,大兴新机场洋房别墅区,101122974183,路劲·御合院  朝向南北通透小3居,249万,27816元/平,顶层 (共9层) | 2021年 | 3室1厅 | 89.52平米 | 南 北,https://ke-image.ljcdn.com/110000-inspection/8c24d9ea-aeca-435e-8812-80afb08426ba_1000.jpg!m_fill,w_280,h_210,f_jpg?from=ke.com
20240326,通州,大兴新机场洋房别墅区,101122955756,育新花园中里 南北通透2居室 直通户型,158万,18087元/平,中楼层 (共15层) | 2012年 | 2室1厅 | 87.36平米 | 南 北,https://ke-image.ljcdn.com/110000-inspection/79f2e330-259b-4252-959e-d90b5c9b0bce_1000.jpg!m_fill,w_280,h_210,f_jpg?from=ke.com
20240326,通州,大兴新机场洋房别墅区,101122934597,当代采育满庭春MOMA南北通透两居出售,145万,16021元/平,低楼层 (共18层) 2室1厅 | 90.51平米 | 南 北,https://ke-image.ljcdn.com/110000-inspection/33c538c4-5a49-4677-8f81-b3533236b293_1000.jpg!m_fill,w_280,h_210,f_jpg?from=ke.com
20240326,通州,大兴新机场洋房别墅区,101122916290,恒盛波尔多小镇南区满五唯一洋房,240万,27073元/平,中楼层 (共4层) | 2009年 | 2室1厅 | 88.65平米 | 南,https://ke-image.ljcdn.com/110000-inspection/a9bf4b2d-7494-4471-83a6-dbd4dd22a954_1000.jpg!m_fill,w_280,h_210,f_jpg?from=ke.com
20240326,通州,大兴新机场洋房别墅区,101122823717,育新花园北里 精装修 电梯房 满五唯一两居室 南北通透,185万,21023元/平,中楼层 (共18层) 2室1厅 | 88平米 | 南 北,https://ke-image.ljcdn.com/110000-inspection/pc1_PsJ1uu582_1.jpg!m_fill,w_280,h_210,f_jpg?from=ke.com
20240326,通州,大兴新机场洋房别墅区,101122632956,恒盛小镇艺墅 2室1厅 南 北,203万,22649元/平,高楼层 (共11层) 2室1厅 | 89.63平米 | 南 北,https://ke-image.ljcdn.com/110000-inspection/pc1_yYiVglvVN.jpg!m_fill,w_280,h_210,f_jpg?from=ke.com
20240326,通州,大兴新机场洋房别墅区,101122609732,恒盛波尔多小镇北区 低密花园洋房 亦庄墅区 满五唯一,195万,20686元/平,中楼层 (共8层) 2室1厅 | 94.27平米 | 南 北,https://ke-image.ljcdn.com/110000-inspection/b4fa1e86-c76b-4fa8-b73c-9c94dfaf8b64_1000.jpg!m_fill,w_280,h_210,f_jpg?from=ke.com
20240326,通州,大兴新机场洋房别墅区,101122565894,亦庄南 边户大三居  大客厅 南北双阳台 卫生间大窗户,330万,23222元/平,中楼层 (共8层) 3室2厅 | 142.11平米 | 南 北,https://ke-image.ljcdn.com/110000-inspection/83945a60-e359-4fa3-9b53-4c741cf60a95_1000.jpg!m_fill,w_280,h_210,f_jpg?from=ke.com
20240326,通州,大兴新机场洋房别墅区,101122558660,恒盛小镇艺墅  满五唯一 南北通透,195万,22044元/平,中楼层 (共11层) 2室1厅 | 88.46平米 | 南 北,https://ke-image.ljcdn.com/110000-inspection/780c835a-a248-450c-979b-2fa45bf3a6aa_1000.jpg!m_fill,w_280,h_210,f_jpg?from=ke.com
20240326,通州,大兴新机场洋房别墅区,101122554216,恒盛小镇艺墅 2室1厅 南 北,198万,22109元/平,中楼层 (共11层) 2室1厅 | 89.56平米 | 南 北,https://ke-image.ljcdn.com/110000-inspection/pc1_q2vubBqWO_1.jpg!m_fill,w_280,h_210,f_jpg?from=ke.com
20240326,通州,大兴新机场洋房别墅区,101122514168,育新花园中里中高楼层满五唯一,162万,18544元/平,中楼层 (共15层) | 1996年 | 2室1厅 | 87.36平米 | 南 北,https://ke-image.ljcdn.com/110000-inspection/pc1_SDa2OXP18.jpg!m_fill,w_280,h_210,f_jpg?from=ke.com
20240326,通州,大兴新机场洋房别墅区,101122513830,当代采育满庭春MOMA育胜街36号院,145万,15949元/平,高楼层 (共18层) | 2015年 | 2室1厅 | 90.92平米 | 南 北,https://ke-image.ljcdn.com/110000-inspection/3b273655-dd5b-46bd-8931-ecb20b46d8bb_1000.jpg!m_fill,w_280,h_210,f_jpg?from=ke.com
20240326,通州,大兴新机场洋房别墅区,101122491873,恒盛波尔多小镇南区满五唯一中高楼层采光好,165万,19225元/平,中楼层 (共6层) 2室2厅 | 85.83平米 | 南,https://ke-image.ljcdn.com/110000-inspection/35f924d0-5d78-4dd1-b6f6-9ca7d0d6ef7b_1000.jpg!m_fill,w_280,h_210,f_jpg?from=ke.com
20240326,通州,大兴新机场洋房别墅区,101122490891,龙兴家园 3室1厅 南 北,220万,18360元/平,底层 (共6层) 3室1厅 | 119.83平米 | 南 北,https://ke-image.ljcdn.com/110000-inspection/pc1_m6YXKIFZl.jpg!m_fill,w_280,h_210,f_jpg?from=ke.com
20240326,通州,大兴新机场洋房别墅区,101122467781,路劲·御合院 南北通透3居室 全明户型,245万,27473元/平,顶层 (共9层) | 2021年 | 3室1厅 | 89.18平米 | 南 北,https://ke-image.ljcdn.com/110000-inspection/f0dc06b2-e98c-4672-9441-3a152c1f4150_1000.jpg!m_fill,w_280,h_210,f_jpg?from=ke.com
20240326,通州,大兴新机场洋房别墅区,101122453073,育新花园北里 南北通透 楼层视野好 采光充足 交通方便,185万,20235元/平,高楼层 (共17层) 3室1厅 | 91.43平米 | 南 北,https://ke-image.ljcdn.com/110000-inspection/pc1_y7rzNNOxN.jpg!m_fill,w_280,h_210,f_jpg?from=ke.com
20240326,通州,大兴新机场洋房别墅区,101122447980,恒盛波尔多小镇南区 宽敞大两居 采光充足,170万,17641元/平,中楼层 (共4层) 2室1厅 | 96.37平米 | 南 北,https://ke-image.ljcdn.com/110000-inspection/9d652b9c-38cd-4ade-9f4f-9499f9450578_1000.jpg!m_fill,w_280,h_210,f_jpg?from=ke.com
20240326,通州,大兴新机场洋房别墅区,101122375213,育新花园西里 电梯房 南北通透 大两居 满五唯一,160万,18938元/平,低楼层 (共15层) 2室1厅 | 84.49平米 | 南 北,https://ke-image.ljcdn.com/110000-inspection/pc1_EyQBCC3Gw.jpg!m_fill,w_280,h_210,f_jpg?from=ke.com
20240326,通州,大兴新机场洋房别墅区,101122351629,育新花园南里  满五唯一 南北通透  可三居室,205万,19012元/平,高楼层 (共15层) 3室2厅 | 107.83平米 | 南 北,https://ke-image.ljcdn.com/110000-inspection/pc1_m7mvIUA1a.jpg!m_fill,w_280,h_210,f_jpg?from=ke.com
20240326,通州,大兴新机场洋房别墅区,101122289516,采育镇育新花园中里育林街2号院,149万,17360元/平,底层 (共9层) | 2012年 | 2室1厅 | 85.83平米 | 南 北,https://ke-image.ljcdn.com/110000-inspection/pc1_p0yFRHhuT.jpg!m_fill,w_280,h_210,f_jpg?from=ke.com
20240326,通州,大兴新机场洋房别墅区,101122268926,当代采育满庭春MOMA 电梯 大两居 满五唯一 南北通透,143万,15849元/平,中楼层 (共18层) | 2015年 | 2室1厅 | 90.23平米 | 南 北,https://ke-image.ljcdn.com/110000-inspection/pc1_EQH1f2oPb.jpg!m_fill,w_280,h_210,f_jpg?from=ke.com
20240326,通州,大兴新机场洋房别墅区,101122264683,南北通透 楼层好 视野开阔 采光好配套设施齐全,268万,29901元/平,低楼层 (共9层) | 2021年 | 3室1厅 | 89.63平米 | 南 北,https://ke-image.ljcdn.com/110000-inspection/pc1_O3sEwCZ7L_2.jpg!m_fill,w_280,h_210,f_jpg?from=ke.com
20240326,通州,大兴新机场洋房别墅区,101122220486,育新花园北里 纯南向 两个阳台 小户型,99万,18758元/平,顶层 (共18层) 1室0厅 | 52.78平米 | 南,https://ke-image.ljcdn.com/110000-inspection/pc1_6oHFHNZbq.jpg!m_fill,w_280,h_210,f_jpg?from=ke.com
20240326,通州,大兴新机场洋房别墅区,101122199466,此房满五年田园洋房社区公摊面积小有电梯,225万,25017元/平,低楼层 (共8层) 2室2厅 | 89.94平米 | 南 北,https://ke-image.ljcdn.com/110000-inspection/pc1_w97OjMrb9.jpg!m_fill,w_280,h_210,f_jpg?from=ke.com
20240326,通州,大兴新机场洋房别墅区,101122182494,恒盛波尔多小镇北区  自住大两居 干净拎包入住,200万,19997元/平,中楼层 (共5层) 2室1厅 | 100.02平米 | 南 北,https://ke-image.ljcdn.com/110000-inspection/f9c7c8f3-aee8-4440-9c17-d8a3d64f5b27_1000.jpg!m_fill,w_280,h_210,f_jpg?from=ke.com
20240326,通州,大兴新机场洋房别墅区,101122177387,当代采育满庭春MOMA 精装修 好楼层 满五年唯一,160万,16818元/平,高楼层 (共28层) | 2015年 | 2室1厅 | 95.14平米 | 南,https://ke-image.ljcdn.com/110000-inspection/pc1_TITkSUpOL.jpg!m_fill,w_280,h_210,f_jpg?from=ke.com
20240326,通州,大兴新机场洋房别墅区,101122079856,育新花园西里  大三居  电梯房 满五年唯一,195万,17807元/平,底层 (共15层) 3室2厅 | 109.51平米 | 南 北,https://ke-image.ljcdn.com/110000-inspection/pc1_PjbjFgC59.jpg!m_fill,w_280,h_210,f_jpg?from=ke.com
20240326,通州,大兴新机场洋房别墅区,101122076498,当代采育满庭春MOMA大三居诚心出售,192万,14138元/平,低楼层 (共28层) | 2015年 | 3室1厅 | 135.81平米 | 南 北,https://ke-image.ljcdn.com/110000-inspection/cb669e48-1355-456f-9eca-6b693f3ae41b_1000.jpg!m_fill,w_280,h_210,f_jpg?from=ke.com
20240326,通州,大兴新机场洋房别墅区,101122070955,别墅区花园洋房、南北通透三居室、精装修一手房,215万,24085元/平,高楼层 (共9层) | 2021年 | 3室2厅 | 89.27平米 | 南 北,https://ke-image.ljcdn.com/110000-inspection/pc1_HgWnzQ9eQ.jpg!m_fill,w_280,h_210,f_jpg?from=ke.com
20240326,通州,大兴新机场洋房别墅区,101122034638,南北通透 全明格局 中间楼层 一居室 视野采光好,136万,20735元/平,中楼层 (共6层) | 2008年 | 1室1厅 | 65.59平米 | 南 北,https://ke-image.ljcdn.com/110000-inspection/pc1_3bWesdbDQ.jpg!m_fill,w_280,h_210,f_jpg?from=ke.com
20240326,通州,大兴新机场洋房别墅区,101122010083,恒盛波尔多小镇北区 低密花园洋房 亦庄墅区 满五唯一,249万,47393元/平,顶层 (共6层) 2室1厅 | 52.54平米 | 南 北,https://ke-image.ljcdn.com/110000-inspection/pc1_AU0s1ZxbE_1.jpg!m_fill,w_280,h_210,f_jpg?from=ke.com
20240326,通州,大兴新机场洋房别墅区,101121993362,当代采育满庭春MOMA  全明格局 大两居 满五唯一房主自荐,140万,15535元/平,底层 (共18层) | 2015年 | 2室1厅 | 90.12平米 | 南 北,https://ke-image.ljcdn.com/110000-inspection/pc1_Oi7954uic.jpg!m_fill,w_280,h_210,f_jpg?from=ke.com
20240326,通州,大兴新机场洋房别墅区,101121948333,当代采育满庭春MOMA  大两居 满五唯一 中高好楼层,153万,16058元/平,高楼层 (共28层) | 2015年 | 2室1厅 | 95.28平米 | 南,https://ke-image.ljcdn.com/110000-inspection/pc1_HOJFAJIxp.jpg!m_fill,w_280,h_210,f_jpg?from=ke.com
20240326,通州,大兴新机场洋房别墅区,101121936394,育新花园中里 南北通透大三居 精装修 高楼层  电梯房,205万,15858元/平,高楼层 (共15层) 3室1厅 | 129.28平米 | 南 北,https://ke-image.ljcdn.com/110000-inspection/pc1_Fna3JopiA.jpg!m_fill,w_280,h_210,f_jpg?from=ke.com
20240326,通州,大兴新机场洋房别墅区,101121890173,龙兴家园小区满五唯一 纯南向 采光好,159万,17579元/平,中楼层 (共6层) | 2008年 | 2室1厅 | 90.45平米 | 南,https://ke-image.ljcdn.com/110000-inspection/pc1_p8T4wQqci.jpg!m_fill,w_280,h_210,f_jpg?from=ke.com
20240326,通州,大兴新机场洋房别墅区,101121879306,育新花园北里 南北通透 采光充足,136万,18651元/平,中楼层 (共16层) 2室1厅 | 72.92平米 | 南 北,https://ke-image.ljcdn.com/110000-inspection/pc1_3Z0orp5Kc.jpg!m_fill,w_280,h_210,f_jpg?from=ke.com
20240326,通州,大兴新机场洋房别墅区,101121874012,业主诚意出售看房方便满五唯一,198万,19797元/平,中楼层 (共5层) 2室1厅 | 100.02平米 | 南 北,https://ke-image.ljcdn.com/110000-inspection/542db677-0e77-4744-bd32-111bcf6cf223_1000.jpg!m_fill,w_280,h_210,f_jpg?from=ke.com
20240326,通州,大兴新机场洋房别墅区,101121844984,恒盛波尔多小镇北区  满五唯一  业主JI售,105万,17419元/平,低楼层 (共8层) 1室1厅 | 60.28平米 | 东北,https://ke-image.ljcdn.com/110000-inspection/pc1_vCkO69D34.jpg!m_fill,w_280,h_210,f_jpg?from=ke.com
20240326,通州,大兴新机场洋房别墅区,101121844888,恒盛波尔多小镇南区 南北通透大2居,196万,17375元/平,低楼层 (共6层) | 2010年 | 2室2厅 | 112.81平米 | 南 北,https://ke-image.ljcdn.com/110000-inspection/pc1_EamKzFsUN.jpg!m_fill,w_280,h_210,f_jpg?from=ke.com
20240326,通州,大兴新机场洋房别墅区,101121796673,恒盛波尔多小镇南区  大三居 楼层好,310万,20453元/平,中楼层 (共6层) | 2008年 | 3室1厅 | 151.57平米 | 南 北,https://ke-image.ljcdn.com/110000-inspection/pc1_kQX7dusDG.jpg!m_fill,w_280,h_210,f_jpg?from=ke.com
20240326,通州,大兴新机场洋房别墅区,101121785386,当代采育满庭春MOMA 南北通透两居室  电梯房,145万,16119元/平,中楼层 (共18层) | 2015年 | 2室1厅 | 89.96平米 | 南 北,https://ke-image.ljcdn.com/110000-inspection/pc1_oqC3V5COE.jpg!m_fill,w_280,h_210,f_jpg?from=ke.com
20240326,通州,大兴新机场洋房别墅区,101121761570,纯南朝向 格局方正楼层好视野开阔前后无遮挡,120万,22801元/平,低楼层 (共18层) 1室0厅 | 52.63平米 | 南,https://ke-image.ljcdn.com/110000-inspection/pc1_t1OvFUqf4.jpg!m_fill,w_280,h_210,f_jpg?from=ke.com
20240326,通州,大兴新机场洋房别墅区,101121613918,纯南向楼层好视野宽阔采光充足交通便利,165万,18588元/平,高楼层 (共8层) 2室1厅 | 88.77平米 | 南,https://ke-image.ljcdn.com/110000-inspection/pc1_BR1VNK7sU.jpg!m_fill,w_280,h_210,f_jpg?from=ke.com
20240326,通州,大兴新机场洋房别墅区,101121595402,满五唯一、南北通透格局2居室、首付少、总价不高。,150万,17616元/平,底层 (共9层) 2室1厅 | 85.15平米 | 南 北,https://ke-image.ljcdn.com/110000-inspection/pc1_szQ3QL2wM.jpg!m_fill,w_280,h_210,f_jpg?from=ke.com
20240326,通州,大兴新机场洋房别墅区,101121577226,当代采育满庭春MOMA 满五唯一 全明格局 南北通透两居,145万,16090元/平,低楼层 (共18层) | 2017年 | 2室1厅 | 90.12平米 | 南 北,https://ke-image.ljcdn.com/110000-inspection/pc1_SdezcdYyM.jpg!m_fill,w_280,h_210,f_jpg?from=ke.com
20240326,通州,大兴新机场洋房别墅区,101121545453,育新花园南里 电梯社区 南北向两居室 楼龄新,150万,17234元/平,低楼层 (共15层) 2室2厅 | 87.04平米 | 南 北,https://ke-image.ljcdn.com/110000-inspection/55d2910b-45ed-4497-ac80-cdbe772b80c4_1000.jpg!m_fill,w_280,h_210,f_jpg?from=ke.com
20240326,通州,大兴新机场洋房别墅区,101121544338,此房满五电梯房南北通透采光好交通便利,162万,18466元/平,高楼层 (共14层) 2室1厅 | 87.73平米 | 南 北,https://ke-image.ljcdn.com/110000-inspection/0ed95c5d-fa09-4254-b4e7-6f6fbd152679_1000.jpg!m_fill,w_280,h_210,f_jpg?from=ke.com
20240326,通州,大兴新机场洋房别墅区,101121506281,恒盛波尔多小镇北区  低密花园洋房 亦庄墅区 满五唯一,235万,21802元/平,低楼层 (共6层) 3室1厅 | 107.79平米 | 南 北,https://ke-image.ljcdn.com/110000-inspection/21d92865-6cc1-42e7-b0ae-2c65fb84bbf5_1000.jpg!m_fill,w_280,h_210,f_jpg?from=ke.com
20240326,通州,大兴新机场洋房别墅区,101121482869,当代采育满庭春MOMA  精装修 自主拎包入住,210万,17153元/平,高楼层 (共28层) 3室1厅 | 122.43平米 | 南 北,https://ke-image.ljcdn.com/110000-inspection/pc1_yjllqAHsi.jpg!m_fill,w_280,h_210,f_jpg?from=ke.com
20240326,通州,大兴新机场洋房别墅区,101121482414,恒盛波尔多小镇南区  低密花园洋房 亦庄墅区 满五唯一,101万,24896元/平,底层 (共5层) | 2008年 | 1室1厅 | 40.57平米 | 南,https://ke-image.ljcdn.com/110000-inspection/pc1_pO1K7yGN7.jpg!m_fill,w_280,h_210,f_jpg?from=ke.com
20240326,通州,大兴新机场洋房别墅区,101121455085,恒盛波尔多小镇南区  满五唯一  南北通透,190万,19673元/平,中楼层 (共4层) 2室1厅 | 96.58平米 | 南 北,https://ke-image.ljcdn.com/110000-inspection/pc1_9Uz7FHTQw.jpg!m_fill,w_280,h_210,f_jpg?from=ke.com
20240326,通州,大兴新机场洋房别墅区,101121430769,恒盛波尔多小镇南区满五唯一花园洋房,219万,22480元/平,低楼层 (共6层) | 2008年 | 2室1厅 | 97.42平米 | 南 北,https://ke-image.ljcdn.com/110000-inspection/933edc68-a533-45e9-b557-b937ee84f9c2_1000.jpg!m_fill,w_280,h_210,f_jpg?from=ke.com
20240326,通州,大兴新机场洋房别墅区,101121371455,育新花园北里  南北通透  业主诚售,165万,20852元/平,高楼层 (共18层) 2室1厅 | 79.13平米 | 南 北,https://ke-image.ljcdn.com/110000-inspection/pc1_YNJCc40Zp.jpg!m_fill,w_280,h_210,f_jpg?from=ke.com
20240326,通州,大兴新机场洋房别墅区,101121364718,育新花园北里 可以贷款 好楼层,165万,20818元/平,高楼层 (共16层) 2室1厅 | 79.26平米 | 南 北,https://ke-image.ljcdn.com/110000-inspection/e2cac8de-b312-49f0-9158-b09886173ec5_1000.jpg!m_fill,w_280,h_210,f_jpg?from=ke.com
20240326,通州,大兴新机场洋房别墅区,101121363458,恒盛波尔多小镇南区 低密花园洋房   机场别墅洋房商圈,290万,18918元/平,低楼层 (共6层) | 2009年 | 3室1厅 | 153.3平米 | 南 北,https://ke-image.ljcdn.com/110000-inspection/pc1_E9tk4ShA2.jpg!m_fill,w_280,h_210,f_jpg?from=ke.com
20240326,通州,大兴新机场洋房别墅区,101121339648,恒盛波尔多小镇南区南北通透采光好无遮挡,310万,19881元/平,中楼层 (共5层) 3室2厅 | 155.93平米 | 南 北,https://ke-image.ljcdn.com/110000-inspection/2266a149-01e5-450d-92ce-3c04bd5b7438_1000.jpg!m_fill,w_280,h_210,f_jpg?from=ke.com
20240326,通州,大兴新机场洋房别墅区,101121323521,路劲·御合院 南北通透3居室采光好,220万,24697元/平,中楼层 (共9层) | 2021年 | 3室2厅 | 89.08平米 | 南 北,https://ke-image.ljcdn.com/110000-inspection/pc1_RSTb5Y8Es_2.jpg!m_fill,w_280,h_210,f_jpg?from=ke.com
20240326,通州,大兴新机场洋房别墅区,101121317388,高楼层业主诚意出售看房方便有钥匙,175万,18367元/平,高楼层 (共28层) 2室1厅 | 95.28平米 | 南,https://ke-image.ljcdn.com/110000-inspection/pc1_BUL19MCMF_1.jpg!m_fill,w_280,h_210,f_jpg?from=ke.com
20240326,通州,大兴新机场洋房别墅区,101121239296,育新花园北里精装修诚心出售,152万,17883元/平,高楼层 (共18层) 2室1厅 | 85平米 | 南 北,https://ke-image.ljcdn.com/110000-inspection/pc1_U5oQw3P8n.jpg!m_fill,w_280,h_210,f_jpg?from=ke.com
20240326,通州,大兴新机场洋房别墅区,101121201742,恒盛波尔多小镇南区低密度花园洋房,175万,20304元/平,低楼层 (共6层) | 2009年 | 2室1厅 | 86.19平米 | 南 北,https://ke-image.ljcdn.com/110000-inspection/pc1_Ugwq3Sse4.jpg!m_fill,w_280,h_210,f_jpg?from=ke.com
20240326,通州,大兴新机场洋房别墅区,101121176815,龙兴家园商品房一梯两户满五唯一,189.5万,15788元/平,高楼层 (共6层) 3室1厅 | 120.03平米 | 南 北,https://ke-image.ljcdn.com/110000-inspection/7b23e7eb-06af-46e2-95d8-145c5c1445a3_1000.jpg!m_fill,w_280,h_210,f_jpg?from=ke.com
20240326,通州,大兴新机场洋房别墅区,101121171618,当代采育满庭春MOMA 小三居 满五唯一 周边配套好,180万,17712元/平,底层 (共28层) | 2015年 | 3室1厅 | 101.63平米 | 南 北,https://ke-image.ljcdn.com/110000-inspection/pc1_xUMIbjflf.jpg!m_fill,w_280,h_210,f_jpg?from=ke.com
20240326,通州,大兴新机场洋房别墅区,101121171299,当代采育满庭春MOMA户型方正三居诚心出售,200万,16573元/平,高楼层 (共28层) 3室2厅 | 120.68平米 | 南 北,https://ke-image.ljcdn.com/110000-inspection/pc1_8peLid5OB.jpg!m_fill,w_280,h_210,f_jpg?from=ke.com
20240326,通州,大兴新机场洋房别墅区,101121161728,住总兴创如遇 纯南一居室 高楼层 采光好,160万,29746元/平,高楼层 (共20层) | 2022年 | 1室0厅 | 53.79平米 | 南,https://ke-image.ljcdn.com/110000-inspection/40d29a55-8977-44c1-9f89-76e684b845f1_1000.jpg!m_fill,w_280,h_210,f_jpg?from=ke.com
20240326,通州,大兴新机场洋房别墅区,101121153115,育新花园北里好户型一居室楼层好,120万,17802元/平,高楼层 (共18层) 1室1厅 | 67.41平米 | 南 北,https://ke-image.ljcdn.com/110000-inspection/pc1_R72ykIjzw.jpg!m_fill,w_280,h_210,f_jpg?from=ke.com
20240326,通州,大兴新机场洋房别墅区,101121142100,恒盛波尔多小镇北区  低密花园洋房 亦庄墅区,168万,17135元/平,中楼层 (共5层) 2室1厅 | 98.05平米 | 南 北,https://ke-image.ljcdn.com/110000-inspection/pc1_sld5mThJY.jpg!m_fill,w_280,h_210,f_jpg?from=ke.com
20240326,通州,大兴新机场洋房别墅区,101121133736,电梯房南北通透无遮挡交通便利,141万,19297元/平,底层 (共16层) 2室1厅 | 73.07平米 | 南 北,https://ke-image.ljcdn.com/110000-inspection/pc1_mcRxGVUY3_1.jpg!m_fill,w_280,h_210,f_jpg?from=ke.com
20240326,通州,大兴新机场洋房别墅区,101121099504,住总兴创如遇 1室1厅 东 西房主自荐,170万,31199元/平,低楼层 (共20层) | 2022年 | 1室1厅 | 54.49平米 | 东 西,https://ke-image.ljcdn.com/110000-inspection/pc1_RSkI6WD2N.jpg!m_fill,w_280,h_210,f_jpg?from=ke.com
20240326,通州,大兴新机场洋房别墅区,101121046261,一梯两户落地窗采光好有钥匙诚心卖购房原价高,188万,15663元/平,顶层 (共6层) | 2008年 | 3室1厅 | 120.03平米 | 南 北,https://ke-image.ljcdn.com/110000-inspection/pc1_tIdj0KXNA_2.jpg!m_fill,w_280,h_210,f_jpg?from=ke.com
20240326,通州,大兴新机场洋房别墅区,101121028443,当代采育满庭春MOMA满五唯一南北通透,145万,16119元/平,低楼层 (共18层) | 2015年 | 2室1厅 | 89.96平米 | 南 北,https://ke-image.ljcdn.com/110000-inspection/pc1_7CDUUjVx4.jpg!m_fill,w_280,h_210,f_jpg?from=ke.com
20240326,通州,大兴新机场洋房别墅区,101121027975,育新花园北里  满五唯一  纯南向,102万,19246元/平,高楼层 (共18层) 1室1厅 | 53平米 | 南,https://ke-image.ljcdn.com/110000-inspection/pc1_8a4c1ZuIv.jpg!m_fill,w_280,h_210,f_jpg?from=ke.com
20240326,通州,大兴新机场洋房别墅区,101121024110,恒盛小镇艺墅满五唯一南北通透,310万,22941元/平,中楼层 (共11层) 3室2厅 | 135.13平米 | 南 北,https://ke-image.ljcdn.com/110000-inspection/845a68ea-be0a-4a06-959e-9f1442c17da5_1000.jpg!m_fill,w_280,h_210,f_jpg?from=ke.com
20240326,通州,大兴新机场洋房别墅区,101120979433,当代采育满庭春MOMA大两居无遮挡采光好,155万,16153元/平,低楼层 (共28层) 2室1厅 | 95.96平米 | 南,https://ke-image.ljcdn.com/110000-inspection/pc1_cifHigvMV_2.jpg!m_fill,w_280,h_210,f_jpg?from=ke.com
20240326,通州,大兴新机场洋房别墅区,101120972121,当代采育满庭春MOMA   满五唯一  南向两居,159万,18773元/平,高楼层 (共18层) 2室2厅 | 84.7平米 | 南,https://ke-image.ljcdn.com/110000-inspection/pc1_UxIGMZu13.jpg!m_fill,w_280,h_210,f_jpg?from=ke.com
20240326,通州,大兴新机场洋房别墅区,101120913700,当代采育满庭春MOMA 临河近公园 满五唯一,220万,15863元/平,中楼层 (共28层) | 2015年 | 3室2厅 | 138.69平米 | 南 北,https://ke-image.ljcdn.com/110000-inspection/pc1_0IhWsXbWy_1.jpg!m_fill,w_280,h_210,f_jpg?from=ke.com
20240326,通州,大兴新机场洋房别墅区,101120911375,蓝天花园  满五唯一  采光好,155万,17373元/平,顶层 (共6层) 2室2厅 | 89.22平米 | 南 北,https://ke-image.ljcdn.com/110000-inspection/db4878f5-83d9-4ec1-b394-ab800110b4ff_1000.jpg!m_fill,w_280,h_210,f_jpg?from=ke.com
20240326,通州,大兴新机场洋房别墅区,101120905526,恒盛波尔多小镇南区 南北通透  装修好  大阳台房主自荐,348万,22701元/平,低楼层 (共6层) 3室2厅 | 153.3平米 | 南 北,https://ke-image.ljcdn.com/110000-inspection/ca9a3f7d-06c0-41be-bcfa-50af7fa22026_1000.jpg!m_fill,w_280,h_210,f_jpg?from=ke.com
20240326,通州,大兴新机场洋房别墅区,101120892303,满五唯一、南北通透顶层复式格局、精装修采光好。,260万,27106元/平,顶层 (共8层) | 2011年 | 3室1厅 | 95.92平米 | 南 北,https://ke-image.ljcdn.com/110000-inspection/pc1_OV39I3wQE_2.jpg!m_fill,w_280,h_210,f_jpg?from=ke.com
20240326,通州,大兴新机场洋房别墅区,101120881324,商品房次顶层户型好诚心卖能谈,148万,16190元/平,高楼层 (共6层) | 2008年 | 2室2厅 | 91.42平米 | 南 北,https://ke-image.ljcdn.com/110000-inspection/d89099f3-8b6b-4688-8c79-fdf266095d12_1000.jpg!m_fill,w_280,h_210,f_jpg?from=ke.com
20240326,通州,大兴新机场洋房别墅区,101120858150,恒盛波尔多小镇南区 低密花园洋房 机场别墅洋房区,180万,20757元/平,低楼层 (共6层) 2室2厅 | 86.72平米 | 南 北,https://ke-image.ljcdn.com/110000-inspection/pc1_CGuuiiWu4_2.jpg!m_fill,w_280,h_210,f_jpg?from=ke.com
20240326,通州,大兴新机场洋房别墅区,101120854082,低密度洋房社区小户型装修好,121万,21177元/平,底层 (共6层) | 2012年 | 1室1厅 | 57.14平米 | 东 北,https://ke-image.ljcdn.com/110000-inspection/pc1_LvwZd0Acp.jpg!m_fill,w_280,h_210,f_jpg?from=ke.com
20240326,通州,大兴新机场洋房别墅区,101120777863,当代采育满庭春MOMA户型方正 好楼层 大三居出售,210万,17134元/平,高楼层 (共27层) 3室2厅 | 122.57平米 | 南 北,https://ke-image.ljcdn.com/110000-inspection/pc1_Wb8UmNRbi.jpg!m_fill,w_280,h_210,f_jpg?from=ke.com
20240326,通州,大兴新机场洋房别墅区,101120777241,装修好拎包入住 户型方正 业主诚售 看房方便,190万,22306元/平,高楼层 (共12层) 2室1厅 | 85.18平米 | 南 北,https://ke-image.ljcdn.com/110000-inspection/pc1_vMZX4daOi.jpg!m_fill,w_280,h_210,f_jpg?from=ke.com
20240326,通州,大兴新机场洋房别墅区,101120754855,恒盛小镇艺墅诚心出售看房方便,215万,23956元/平,中楼层 (共11层) 2室1厅 | 89.75平米 | 南 北,https://ke-image.ljcdn.com/110000-inspection/pc1_ClWyJTVes.jpg!m_fill,w_280,h_210,f_jpg?from=ke.com
20240326,通州,大兴新机场洋房别墅区,101120711087,南北通透小三居出行方便业主诚意出售,168万,18525元/平,低楼层 (共17层) 3室1厅 | 90.69平米 | 南 北,https://ke-image.ljcdn.com/110000-inspection/pc1_8ahHZfmxw.jpg!m_fill,w_280,h_210,f_jpg?from=ke.com
20240326,通州,大兴新机场洋房别墅区,101120678200,育新花园西里 机场洋房别墅区 满五唯一 共享墅质配套,155万,17691元/平,底层 (共15层) 2室1厅 | 87.62平米 | 南 北,https://ke-image.ljcdn.com/110000-inspection/pc1_O3pRFthb1.jpg!m_fill,w_280,h_210,f_jpg?from=ke.com
20240326,通州,大兴新机场洋房别墅区,101120666950,2015年电梯房精装修纯南两居室满五唯一无遮挡,152万,15953元/平,高楼层 (共28层) | 2015年 | 2室1厅 | 95.28平米 | 南,https://ke-image.ljcdn.com/110000-inspection/89fa997c-4570-43ee-8619-f691d25f9f5d_1000.jpg!m_fill,w_280,h_210,f_jpg?from=ke.com
20240326,通州,大兴新机场洋房别墅区,101120646416,高楼层边户满五唯一业主诚意出售,170万,21301元/平,中楼层 (共16层) 2室1厅 | 79.81平米 | 南 北,https://ke-image.ljcdn.com/110000-inspection/pc1_TmmnsL9zi.jpg!m_fill,w_280,h_210,f_jpg?from=ke.com
20240326,通州,大兴新机场洋房别墅区,101120446911,当代采育满庭春MOMA小区房源,175万,19454元/平,中楼层 (共18层) 2室1厅 | 89.96平米 | 南 北,https://ke-image.ljcdn.com/110000-inspection/pc1_FskxAWHOv.jpg!m_fill,w_280,h_210,f_jpg?from=ke.com
20240326,通州,大兴新机场洋房别墅区,101120382475,恒盛波尔多小镇南区满五年唯一电梯房南北通透,198万,22467元/平,低楼层 (共6层) 2室1厅 | 88.13平米 | 南 北,https://ke-image.ljcdn.com/110000-inspection/pc1_MMEb0WVOa.jpg!m_fill,w_280,h_210,f_jpg?from=ke.com
20240326,通州,大兴新机场洋房别墅区,101120163290,当代采育满庭春MOMA 南北通透 满五唯一,192万,15798元/平,低楼层 (共27层) 3室1厅 | 121.54平米 | 南 北,https://ke-image.ljcdn.com/110000-inspection/pc1_m2MRS1W2A.jpg!m_fill,w_280,h_210,f_jpg?from=ke.com
20240326,通州,大兴新机场洋房别墅区,101120078202,恒盛波尔多小镇南区 南北通透 精装修,200万,22041元/平,中楼层 (共5层) 2室1厅 | 90.74平米 | 南 北,https://ke-image.ljcdn.com/110000-inspection/pc1_w7KPpVUsK.jpg!m_fill,w_280,h_210,f_jpg?from=ke.com
20240326,通州,大兴新机场洋房别墅区,101120075363,育新花园北里 南北通透 满五唯一房主自荐,150万,18895元/平,底层 (共18层) 2室1厅 | 79.39平米 | 南 北,https://ke-image.ljcdn.com/110000-inspection/e5ba1222-040e-429b-9152-317a26b4df60_1000.jpg!m_fill,w_280,h_210,f_jpg?from=ke.com
20240326,通州,大兴新机场洋房别墅区,101119944056,恒盛波尔多小镇北区满五唯一。,260万,27604元/平,中楼层 (共6层) 2室1厅 | 94.19平米 | 南 北,https://ke-image.ljcdn.com/110000-inspection/pc1_5IcRQhodg.jpg!m_fill,w_280,h_210,f_jpg?from=ke.com
20240326,通州,大兴新机场洋房别墅区,101119856317,南北朝向 。满五唯一格局方正楼层好视野开阔。,168万,18375元/平,高楼层 (共17层) 3室1厅 | 91.43平米 | 南 北,https://ke-image.ljcdn.com/110000-inspection/pc1_BHjZ8ZmLi.jpg!m_fill,w_280,h_210,f_jpg?from=ke.com
20240326,通州,大兴新机场洋房别墅区,101119849025,当代采育满庭春MOMA满五唯一,245万,20158元/平,低楼层 (共28层) 3室2厅 | 121.54平米 | 南 北,https://ke-image.ljcdn.com/110000-inspection/pc1_mwSDzDyHg.jpg!m_fill,w_280,h_210,f_jpg?from=ke.com
20240326,通州,大兴新机场洋房别墅区,101119774901,恒盛小镇艺墅  小区中间位置大三居 采光好 位置好,305万,23401元/平,中楼层 (共11层) 3室2厅 | 130.34平米 | 南 北,https://ke-image.ljcdn.com/110000-inspection/pc1_L8q2wn97G_1.jpg!m_fill,w_280,h_210,f_jpg?from=ke.com
20240326,通州,大兴新机场洋房别墅区,101119719930,育新花园北里  南北通透两居室  精装修 领包入住,172万,21587元/平,高楼层 (共18层) 2室1厅 | 79.68平米 | 南 北,https://ke-image.ljcdn.com/110000-inspection/pc1_Dn6u2EwBW.jpg!m_fill,w_280,h_210,f_jpg?from=ke.com
20240326,通州,大兴新机场洋房别墅区,101119691820,育新花园北里高楼层采光好通风好,104万,19761元/平,高楼层 (共18层) | 2013年 | 1室1厅 | 52.63平米 | 南,https://ke-image.ljcdn.com/110000-inspection/pc1_aFaN0WNMv.jpg!m_fill,w_280,h_210,f_jpg?from=ke.com
20240326,通州,大兴新机场洋房别墅区,101119612369,育新花园南里满五唯一看房方便。,198万,15510元/平,底层 (共15层) 3室2厅 | 127.66平米 | 南 北,https://ke-image.ljcdn.com/110000-inspection/pc1_4KY8BKrXi.jpg!m_fill,w_280,h_210,f_jpg?from=ke.com
20240326,通州,大兴新机场洋房别墅区,101119583340,龙兴家园小区经典南北通透两居室诚心售卖,170万,18822元/平,中楼层 (共6层) | 2008年 | 2室1厅 | 90.32平米 | 南 北,https://ke-image.ljcdn.com/110000-inspection/pc1_jSXzNket8.jpg!m_fill,w_280,h_210,f_jpg?from=ke.com
20240326,通州,大兴新机场洋房别墅区,101119556092,路劲御合院 次顶层精装修三居采光视野很棒,298万,33416元/平,高楼层 (共9层) | 2021年 | 3室1厅 | 89.18平米 | 南 北,https://ke-image.ljcdn.com/110000-inspection/pc1_mBkZPdsB9_2.jpg!m_fill,w_280,h_210,f_jpg?from=ke.com
20240326,通州,大兴新机场洋房别墅区,101119529539,路劲·御合院精装修房源三居出售,248万,27844元/平,中楼层 (共9层) | 2021年 | 3室2厅 | 89.07平米 | 南 北,https://ke-image.ljcdn.com/110000-inspection/pc1_vbKA3vXS0.jpg!m_fill,w_280,h_210,f_jpg?from=ke.com
20240326,通州,大兴新机场洋房别墅区,101119523031,育新花园中里南北通透大两居出售,170万,19579元/平,中楼层 (共15层) | 1996年 | 2室1厅 | 86.83平米 | 南 北,https://ke-image.ljcdn.com/110000-inspection/pc1_dtiSJNTT6.jpg!m_fill,w_280,h_210,f_jpg?from=ke.com
20240326,通州,大兴新机场洋房别墅区,101119465521,满五唯一次顶层没遮挡购房成本低,189.5万,21159元/平,高楼层 (共6层) 2室1厅 | 89.56平米 | 南 北,https://ke-image.ljcdn.com/110000-inspection/pc1_AnNFn7agC.jpg!m_fill,w_280,h_210,f_jpg?from=ke.com
20240326,通州,大兴新机场洋房别墅区,101119370418,房子纯南朝向精装修户型方正采光好电梯房,189万,21458元/平,低楼层 (共6层) 2室1厅 | 88.08平米 | 南,https://ke-image.ljcdn.com/110000-inspection/pc1_F5pBkOh5F.jpg!m_fill,w_280,h_210,f_jpg?from=ke.com
20240326,通州,大兴新机场洋房别墅区,101119343978,当代采育满庭春MOMA 南北通透 满五唯一,158万,17457元/平,低楼层 (共18层) | 2015年 | 2室1厅 | 90.51平米 | 南 北,https://ke-image.ljcdn.com/110000-inspection/pc1_FIcaN4NqQ.jpg!m_fill,w_280,h_210,f_jpg?from=ke.com
20240326,通州,大兴新机场洋房别墅区,101119305950,育新花园南里满五唯一位置好南北通透,160万,18320元/平,低楼层 (共15层) 2室1厅 | 87.34平米 | 南 北,https://ke-image.ljcdn.com/110000-inspection/pc1_T7YA9bVxa.jpg!m_fill,w_280,h_210,f_jpg?from=ke.com
20240326,通州,大兴新机场洋房别墅区,101119198841,满庭春纯南大两居室满五无遮挡采光充足房主自荐,155万,16325元/平,中楼层 (共28层) 2室1厅 | 94.95平米 | 南,https://ke-image.ljcdn.com/110000-inspection/pc1_xMmpHEDhf.jpg!m_fill,w_280,h_210,f_jpg?from=ke.com
20240326,通州,大兴新机场洋房别墅区,101119098569,育新花园西里电梯房南北通透满五唯一,195万,18142元/平,中楼层 (共9层) 3室1厅 | 107.49平米 | 南 北,https://ke-image.ljcdn.com/110000-inspection/pc1_JiXA6vPt4.jpg!m_fill,w_280,h_210,f_jpg?from=ke.com
20240326,通州,大兴新机场洋房别墅区,101119096274,当代采育满庭春MOMA  纯南大两居   采光视野配套好,160万,19231元/平,高楼层 (共28层) | 2015年 | 2室1厅 | 83.2平米 | 南,https://ke-image.ljcdn.com/110000-inspection/pc1_lwqvumMnF.jpg!m_fill,w_280,h_210,f_jpg?from=ke.com
20240326,通州,大兴新机场洋房别墅区,101118925247,恒盛小镇艺墅大三居精装修诚心售房源,305万,22369元/平,中楼层 (共11层) 3室2厅 | 136.35平米 | 南 北,https://ke-image.ljcdn.com/110000-inspection/pc1_SyHbTCWxq_1.jpg!m_fill,w_280,h_210,f_jpg?from=ke.com
20240326,通州,大兴新机场洋房别墅区,101118883923,育新花园中里 精装修 南北通透大两居,169万,19832元/平,底层 (共9层) 2室1厅 | 85.22平米 | 南 北,https://ke-image.ljcdn.com/110000-inspection/pc1_Dj1Knx9dl.jpg!m_fill,w_280,h_210,f_jpg?from=ke.com
20240326,通州,大兴新机场洋房别墅区,101118862699,育新花园中里 南北通透 精装三居室,208万,19036元/平,顶层 (共15层) 3室2厅 | 109.27平米 | 南 北,https://ke-image.ljcdn.com/110000-inspection/pc1_tdpgopJ7h_1.jpg!m_fill,w_280,h_210,f_jpg?from=ke.com
20240326,通州,大兴新机场洋房别墅区,101118797284,满五唯一精装修视野宽阔采光充足交通便利。房主自荐,154万,18189元/平,低楼层 (共18层) | 2015年 | 2室1厅 | 84.67平米 | 南,https://ke-image.ljcdn.com/110000-inspection/pc1_sRitxfMQf.jpg!m_fill,w_280,h_210,f_jpg?from=ke.com
20240326,通州,大兴新机场洋房别墅区,101118778136,别墅区小三居精装修视野和采光都很棒拎包入住。,270万,30246元/平,中楼层 (共9层) | 2021年 | 3室1厅 | 89.27平米 | 南 北,https://ke-image.ljcdn.com/110000-inspection/pc1_dnUnZhQTv.jpg!m_fill,w_280,h_210,f_jpg?from=ke.com
20240326,通州,大兴新机场洋房别墅区,101118773391,蓝天花园 南北通透 满五唯一 采光好,166万,18284元/平,高楼层 (共6层) 2室1厅 | 90.79平米 | 南 北,https://ke-image.ljcdn.com/110000-inspection/pc1_KoV5euGZr.jpg!m_fill,w_280,h_210,f_jpg?from=ke.com
20240326,通州,大兴新机场洋房别墅区,101118772427,花园洋房小区满五唯一南北通透精装修随时可看,170万,17958元/平,中楼层 (共5层) 2室1厅 | 94.67平米 | 南 北,https://ke-image.ljcdn.com/110000-inspection/pc1_TcbxjaRFZ_1.jpg!m_fill,w_280,h_210,f_jpg?from=ke.com
20240326,通州,大兴新机场洋房别墅区,101118749815,看房方便 业主诚意出售 满五唯一能贷款,146万,20011元/平,底层 (共18层) 2室1厅 | 72.96平米 | 南 北,https://ke-image.ljcdn.com/110000-inspection/pc1_8Xj623USq.jpg!m_fill,w_280,h_210,f_jpg?from=ke.com
20240326,通州,大兴新机场洋房别墅区,101118660672,恒盛小镇艺墅 南北通透三居室  精装修 楼层好,298万,21762元/平,中楼层 (共11层) 3室2厅 | 136.94平米 | 南 北,https://ke-image.ljcdn.com/110000-inspection/pc1_nAP1NsgpQ.jpg!m_fill,w_280,h_210,f_jpg?from=ke.com
20240326,通州,大兴新机场洋房别墅区,101118598294,别墅区里的洋房 中高好楼层 大面宽 西边户 毛坯房,265万,29603元/平,中楼层 (共9层) | 2021年 | 3室2厅 | 89.52平米 | 南 北,https://ke-image.ljcdn.com/110000-inspection/pc1_edqWhVaam.jpg!m_fill,w_280,h_210,f_jpg?from=ke.com
20240326,通州,大兴新机场洋房别墅区,101118536270,此房南北通透全明格局精装修楼层好采光充足,218万,24681元/平,中楼层 (共11层) 2室1厅 | 88.33平米 | 南 北,https://ke-image.ljcdn.com/110000-inspection/pc1_Xr7Ce7Zjj.jpg!m_fill,w_280,h_210,f_jpg?from=ke.com
20240326,通州,大兴新机场洋房别墅区,101118490204,恒盛波尔多小镇南区 南北通透 一梯两户位置好 采光好房主自荐,305万,19839元/平,低楼层 (共6层) | 2009年 | 3室2厅 | 153.74平米 | 南 北,https://ke-image.ljcdn.com/110000-inspection/pc1_z2rR1vJO2_1.jpg!m_fill,w_280,h_210,f_jpg?from=ke.com
20240326,通州,大兴新机场洋房别墅区,101118489879,当代采育满庭春MOMA满五唯一,215万,17562元/平,高楼层 (共28层) 3室1厅 | 122.43平米 | 南 北,https://ke-image.ljcdn.com/110000-inspection/pc1_sXSN8WPqd.jpg!m_fill,w_280,h_210,f_jpg?from=ke.com
20240326,通州,大兴新机场洋房别墅区,101118470474,育新花园北里 朝南向 空置看房方便,100万,19001元/平,低楼层 (共18层) 1室0厅 | 52.63平米 | 南,https://ke-image.ljcdn.com/110000-inspection/pc1_PhP43TLjl.jpg!m_fill,w_280,h_210,f_jpg?from=ke.com
20240326,通州,大兴新机场洋房别墅区,101118435154,育新花园中里  高楼层  采光好  满五年大两居,185万,21709元/平,高楼层 (共9层) 2室1厅 | 85.22平米 | 南 北,https://ke-image.ljcdn.com/110000-inspection/pc1_Qo1GOe3BM.jpg!m_fill,w_280,h_210,f_jpg?from=ke.com
20240326,通州,大兴新机场洋房别墅区,101118310726,当代采育满庭春MOMA满五唯一,245万,20451元/平,低楼层 (共28层) 3室2厅 | 119.8平米 | 南 北,https://ke-image.ljcdn.com/110000-inspection/pc1_VEuXnijlP.jpg!m_fill,w_280,h_210,f_jpg?from=ke.com
20240326,通州,大兴新机场洋房别墅区,101118297073,恒盛小镇艺墅 2室1厅 南 北,259万,29085元/平,底层 (共11层) 2室1厅 | 89.05平米 | 南 北,https://ke-image.ljcdn.com/110000-inspection/pc1_kOalrBkyA.jpg!m_fill,w_280,h_210,f_jpg?from=ke.com
20240326,通州,大兴新机场洋房别墅区,101118108206,2008年建成 商品房 南北通透两居室  业主诚售 中间层,185万,20542元/平,中楼层 (共6层) | 2008年 | 2室1厅 | 90.06平米 | 南 北,https://ke-image.ljcdn.com/110000-inspection/pc1_v9pSg53f7.jpg!m_fill,w_280,h_210,f_jpg?from=ke.com
20240326,通州,大兴新机场洋房别墅区,101117937068,当代采育满庭春MOMA 业主诚心出售,209万,15171元/平,低楼层 (共27层) | 2015年 | 3室2厅 | 137.77平米 | 南 北 西 东,https://ke-image.ljcdn.com/110000-inspection/75e30ddd-bcdf-4f70-9011-5057d1a37122_1000.jpg!m_fill,w_280,h_210,f_jpg?from=ke.com
20240326,通州,大兴新机场洋房别墅区,101117890077,龙兴家园小区经典南北通透两居室在售,175万,19493元/平,底层 (共6层) 2室1厅 | 89.78平米 | 南 北,https://ke-image.ljcdn.com/110000-inspection/pc1_wxxY6hTY1.jpg!m_fill,w_280,h_210,f_jpg?from=ke.com
20240326,通州,大兴新机场洋房别墅区,101117843028,恒盛小镇艺墅满五唯一看房方便。,360万,26697元/平,低楼层 (共11层) | 2008年 | 3室2厅 | 134.85平米 | 南 北,https://ke-image.ljcdn.com/110000-inspection/pc1_VDd3u5Nov_1.jpg!m_fill,w_280,h_210,f_jpg?from=ke.com
20240326,通州,大兴新机场洋房别墅区,101117814892,当代采育满庭春MOMA 高楼层 毛坯,145万,16119元/平,中楼层 (共18层) 2室1厅 | 89.96平米 | 南 北,https://ke-image.ljcdn.com/110000-inspection/pc1_u81Nf2zTd.jpg!m_fill,w_280,h_210,f_jpg?from=ke.com
20240326,通州,大兴新机场洋房别墅区,101117713610,南北通透格局精装修楼层好视野宽阔采光充足,148万,16403元/平,中楼层 (共18层) 2室1厅 | 90.23平米 | 南 北,https://ke-image.ljcdn.com/110000-inspection/pc1_OUQKfoBsq_1.jpg!m_fill,w_280,h_210,f_jpg?from=ke.com
20240326,通州,大兴新机场洋房别墅区,101117634318,恒盛波尔多小镇北区 南北通透 采光好,200万,20814元/平,高楼层 (共8层) 2室2厅 | 96.09平米 | 南 北,https://ke-image.ljcdn.com/110000-inspection/pc1_iQIl8p0OW.jpg!m_fill,w_280,h_210,f_jpg?from=ke.com
20240326,通州,大兴新机场洋房别墅区,101116930170,恒盛波尔多小镇南区满五唯一好楼层,200万,22615元/平,中楼层 (共6层) | 2009年 | 2室1厅 | 88.44平米 | 南 北,https://ke-image.ljcdn.com/110000-inspection/pc1_PedxsuC5R.jpg!m_fill,w_280,h_210,f_jpg?from=ke.com
20240326,通州,大兴新机场洋房别墅区,101116634868,蓝天花园社区精装修满五唯一。,175万,18987元/平,中楼层 (共6层) | 2005年 | 2室1厅 | 92.17平米 | 南 北,https://ke-image.ljcdn.com/110000-inspection/16425166-0869-43ee-ab28-96be5f2e9598_1000.jpg!m_fill,w_280,h_210,f_jpg?from=ke.com
20240326,通州,大兴新机场洋房别墅区,101116433893,别墅洋房小区满五唯一精装修采光充足视野开阔,360万,26403元/平,中楼层 (共11层) 3室2厅 | 136.35平米 | 南 北,https://ke-image.ljcdn.com/110000-inspection/pc1_hq9sWhX6W.jpg!m_fill,w_280,h_210,f_jpg?from=ke.com
20240326,通州,大兴新机场洋房别墅区,101116403628,中间楼层满五唯一南北双通透户型好下楼有车位,150万,16608元/平,中楼层 (共6层) | 2008年 | 2室1厅 | 90.32平米 | 南 北,https://ke-image.ljcdn.com/110000-inspection/pc1_GCzXERiSj.jpg!m_fill,w_280,h_210,f_jpg?from=ke.com
20240326,通州,大兴新机场洋房别墅区,101116220692,恒盛波尔多小镇南区 南北通透 交通方便房主自荐,260万,25386元/平,中楼层 (共5层) | 2010年 | 3室2厅 | 102.42平米 | 南 北,https://ke-image.ljcdn.com/110000-inspection/pc1_VOTiS0HrT_1.jpg!m_fill,w_280,h_210,f_jpg?from=ke.com
20240326,通州,大兴新机场洋房别墅区,101116207558,恒盛波尔多小镇北区 满五唯一 精装修,165万,19541元/平,中楼层 (共6层) | 2012年 | 2室1厅 | 84.44平米 | 东 南,https://ke-image.ljcdn.com/110000-inspection/pc1_MKzddxYkD.jpg!m_fill,w_280,h_210,f_jpg?from=ke.com
20240326,通州,大兴新机场洋房别墅区,101115588104,别墅区 三阳开泰西边户 中高好楼层 全明格局 诚意出售,350万,25559元/平,高楼层 (共11层) | 2013年 | 3室2厅 | 136.94平米 | 南 北,https://ke-image.ljcdn.com/110000-inspection/pc1_3BFJ87YH8.jpg!m_fill,w_280,h_210,f_jpg?from=ke.com
20240326,通州,大兴新机场洋房别墅区,101115424372,育新花园中里 满五唯一 大三居,210万,19222元/平,顶层 (共15层) | 2012年 | 3室1厅 | 109.25平米 | 南 北,https://ke-image.ljcdn.com/110000-inspection/pc1_A4V4utSaP.jpg!m_fill,w_280,h_210,f_jpg?from=ke.com
20240326,通州,大兴新机场洋房别墅区,101114203773,恒盛波尔多小镇南区满五唯一南北通透。,180万,18638元/平,中楼层 (共4层) | 2010年 | 2室1厅 | 96.58平米 | 南 北,https://ke-image.ljcdn.com/110000-inspection/pc1_iBbhxLB1K.jpg!m_fill,w_280,h_210,f_jpg?from=ke.com
20240326,通州,大兴新机场洋房别墅区,101114059228,恒盛小镇艺墅 南北通透两居室 精装修,185万,20815元/平,中楼层 (共11层) 2室1厅 | 88.88平米 | 南 北,https://ke-image.ljcdn.com/110000-inspection/pc1_yJvQZu4vG.jpg!m_fill,w_280,h_210,f_jpg?from=ke.com
20240326,通州,大兴新机场洋房别墅区,101113977848,南北通透格局高楼层视野宽阔采光充足配套齐全,185万,15628元/平,顶层 (共6层) | 2005年 | 3室2厅 | 118.38平米 | 南 北,https://ke-image.ljcdn.com/110000-inspection/pc1_ZLuDZTvqA.jpg!m_fill,w_280,h_210,f_jpg?from=ke.com
20240326,通州,大兴新机场洋房别墅区,101113653643,恒盛波尔多小镇南区 南北通透三居室 精装修,330万,21995元/平,中楼层 (共6层) | 2009年 | 3室2厅 | 150.04平米 | 南 北,https://ke-image.ljcdn.com/110000-inspection/e4c058d9-34af-463c-b82b-b06e5c6c9d94_1000.jpg!m_fill,w_280,h_210,f_jpg?from=ke.com
20240326,通州,大兴新机场洋房别墅区,101112895579,东西向2居室楼层好视野宽阔配套齐全交通便利,170万,17458元/平,中楼层 (共4层) | 2010年 | 2室1厅 | 97.38平米 | 东 西,https://ke-image.ljcdn.com/110000-inspection/pc1_5RF42APVN.jpg!m_fill,w_280,h_210,f_jpg?from=ke.com
20240326,通州,大兴新机场洋房别墅区,101123578211,南北通透视野宽阔采光充足。新上,155万,18184元/平,中楼层 (共15层) 2室1厅 | 85.24平米 | 南 北,https://ke-image.ljcdn.com/110000-inspection/pc1_5c66f07Bj.jpg!m_fill,w_280,h_210,f_jpg?from=ke.com
20240326,通州,大兴新机场洋房别墅区,101123562185,花园洋房小区恒盛波尔多小镇南区新上,345万,22929元/平,顶层 (共5层) 3室1厅 | 150.47平米 | 南 北,https://ke-image.ljcdn.com/110000-inspection/pc1_szILPIubx.jpg!m_fill,w_280,h_210,f_jpg?from=ke.com
20240326,通州,大兴新机场洋房别墅区,101123539749,育新花园南里小区或育仁街1号院小区新上,150万,17803元/平,底层 (共15层) 2室2厅 | 84.26平米 | 南 北,https://ke-image.ljcdn.com/110000-inspection/pc1_axUCoDzpN.jpg!m_fill,w_280,h_210,f_jpg?from=ke.com
20240326,通州,大兴新机场洋房别墅区,101123525868,蓝天花园  南北通透 两居室 好楼层 采光好新上,170万,18467元/平,低楼层 (共6层) | 2005年 | 2室2厅 | 92.06平米 | 南 北,https://ke-image.ljcdn.com/110000-inspection/pc1_oi2BUkFy5.jpg!m_fill,w_280,h_210,f_jpg?from=ke.com
20240326,通州,大兴新机场洋房别墅区,101123521457,恒盛波尔多小镇南区 3室1厅 南 北新上,336万,24976元/平,底层 (共6层) 3室1厅 | 134.53平米 | 南 北,https://ke-image.ljcdn.com/110000-inspection/pc1_oHFaPAbW2.jpg!m_fill,w_280,h_210,f_jpg?from=ke.com
20240326,通州,大兴新机场洋房别墅区,101123516807,南北通透全明格局满五唯一精装修新上,205万,23130元/平,中楼层 (共11层) 2室1厅 | 88.63平米 | 南 北,https://ke-image.ljcdn.com/110000-inspection/pc1_b7inxAtq4.jpg!m_fill,w_280,h_210,f_jpg?from=ke.com
20240326,通州,大兴新机场洋房别墅区,101123511909,南六环外低密度花园洋房社区诚售有钥匙看房方便新上,369万,17239元/平,底层 (共6层) | 2009年 | 3室1厅 | 214.05平米 | 南 北,https://ke-image.ljcdn.com/110000-inspection/6bcc414b-7c02-43cf-86a4-5d4b71a2fcb4_1000.jpg!m_fill,w_280,h_210,f_jpg?from=ke.com
20240326,通州,大兴新机场洋房别墅区,101123491640,房子是合院别墅采光效果好带私家电梯新上,780万,29693元/平,底层 (共3层) | 2021年 | 4室2厅 | 262.69平米 | 东南 北,https://ke-image.ljcdn.com/110000-inspection/5a67edf6-1c3f-42dd-86fc-e95158595c56_1000.jpg!m_fill,w_280,h_210,f_jpg?from=ke.com
20240326,通州,大兴新机场洋房别墅区,101123412023,恒盛波尔多小镇北区 纯南 精装 大两居 满五唯一,165万,18817元/平,中楼层 (共8层) | 2012年 | 2室1厅 | 87.69平米 | 南,https://ke-image.ljcdn.com/110000-inspection/pc1_awBgcuXPE.jpg!m_fill,w_280,h_210,f_jpg?from=ke.com
20240326,通州,大兴新机场洋房别墅区,101123410483,兴创荣墅中叠 上下两层 高挑空 好楼层 南北无遮挡,450万,23093元/平,中楼层 (共8层) | 2021年 | 3室2厅 | 194.87平米 | 南 北,https://ke-image.ljcdn.com/110000-inspection/c9c2add6-a43a-4f13-9f4b-2f8466c57a88_1000.jpg!m_fill,w_280,h_210,f_jpg?from=ke.com
20240326,通州,大兴新机场洋房别墅区,101123395441,满庭春满五唯一精装南向大两居保养好拎包住,160万,16891元/平,低楼层 (共28层) | 2015年 | 2室2厅 | 94.73平米 | 南 北,https://ke-image.ljcdn.com/110000-inspection/pc1_QnKuoCeep.jpg!m_fill,w_280,h_210,f_jpg?from=ke.com
20240326,通州,大兴新机场洋房别墅区,101123385621,路劲·御合院精装修进口家具业主诚心出售,480万,26571元/平,中楼层 (共4层) | 2021年 | 3室1厅 | 180.65平米 | 南 北,https://ke-image.ljcdn.com/110000-inspection/pc1_ZSX5dIpbK.jpg!m_fill,w_280,h_210,f_jpg?from=ke.com
20240326,通州,大兴新机场洋房别墅区,101123374616,兴创荣墅别墅区共五层地上三层地下两层南北通透,990万,28279元/平,底层 (共3层) 5室3厅 | 350.09平米 | 南 北,https://ke-image.ljcdn.com/110000-inspection/pc1_wcDeGUzIx.jpg!m_fill,w_280,h_210,f_jpg?from=ke.com
20240326,通州,大兴新机场洋房别墅区,101123340120,恒盛波尔多小镇南区两居带南北开放阳台,195万,21027元/平,低楼层 (共6层) | 2010年 | 2室1厅 | 92.74平米 | 南 北,https://ke-image.ljcdn.com/110000-inspection/pc1_IRpNSaaTE.jpg!m_fill,w_280,h_210,f_jpg?from=ke.com
20240326,通州,大兴新机场洋房别墅区,101123333457,恒盛小镇艺墅 2室1厅 南 北,201万,22396元/平,高楼层 (共11层) | 2013年 | 2室1厅 | 89.75平米 | 南 北,https://ke-image.ljcdn.com/110000-inspection/pc1_U6IwD2alb.jpg!m_fill,w_280,h_210,f_jpg?from=ke.com
20240326,通州,大兴新机场洋房别墅区,101123302753,六环外低密花园洋房一楼有边院精装拎包住,258万,28044元/平,底层 (共6层) 2室1厅 | 92平米 | 南 北,https://ke-image.ljcdn.com/110000-inspection/pc1_newG1mcnk_1.jpg!m_fill,w_280,h_210,f_jpg?from=ke.com
20240326,通州,大兴新机场洋房别墅区,101123285925,恒盛波尔多小镇南区  满五唯一,345万,22994元/平,顶层 (共6层) 4室1厅 | 150.04平米 | 南 北,https://ke-image.ljcdn.com/110000-inspection/pc1_5NMxQRgVM.jpg!m_fill,w_280,h_210,f_jpg?from=ke.com
20240326,通州,大兴新机场洋房别墅区,101123247116,龙兴家园 诚心出售 满五唯一 电梯房房主自荐,229万,25132元/平,底层 (共6层) 2室1厅 | 91.12平米 | 南 北,https://ke-image.ljcdn.com/110000-inspection/pc1_ZKT5B4ymw.jpg!m_fill,w_280,h_210,f_jpg?from=ke.com
20240326,通州,大兴新机场洋房别墅区,101123196305,兴创荣墅毛坯钥匙在物业全天可看纯毛坯,880万,28869元/平,底层 (共4层) 4室2厅 | 304.83平米 | 南 北,https://ke-image.ljcdn.com/110000-inspection/pc1_WAazMq9HH.jpg!m_fill,w_280,h_210,f_jpg?from=ke.com
20240326,通州,大兴新机场洋房别墅区,101123155612,当代采育满庭春MOMA 大两居 满五唯一 中间层,146万,17238元/平,高楼层 (共18层) | 2015年 | 2室1厅 | 84.7平米 | 南,https://ke-image.ljcdn.com/110000-inspection/pc1_jZOz4oCAu.jpg!m_fill,w_280,h_210,f_jpg?from=ke.com
20240326,通州,大兴新机场洋房别墅区,101123149464,恒盛小镇艺墅波尔多小镇东区。,310万,21632元/平,顶层 (共11层) 4室2厅 | 143.31平米 | 南 北,https://ke-image.ljcdn.com/110000-inspection/pc1_HihTU3HSq.jpg!m_fill,w_280,h_210,f_jpg?from=ke.com
20240326,通州,大兴新机场洋房别墅区,101123117612,此房满五唯一 南北通透 中高好楼层 业主诚意卖。,163万,19154元/平,顶层 (共9层) | 2012年 | 2室1厅 | 85.1平米 | 南 北,https://ke-image.ljcdn.com/110000-inspection/pc1_IvKAYiFvg_1.jpg!m_fill,w_280,h_210,f_jpg?from=ke.com
20240326,通州,大兴新机场洋房别墅区,101123086589,龙兴家园 2室1厅 南 北,130万,14371元/平,顶层 (共6层) | 2008年 | 2室1厅 | 90.46平米 | 南 北,https://ke-image.ljcdn.com/110000-inspection/pc1_dA6k71DAW.jpg!m_fill,w_280,h_210,f_jpg?from=ke.com
20240326,通州,大兴新机场洋房别墅区,101123078726,南北通透精装修前后无遮挡视野好采光好,520万,20937元/平,高楼层 (共6层) | 2009年 | 3室1厅 | 248.37平米 | 南 北,https://ke-image.ljcdn.com/110000-inspection/pc1_13ApdKf6Y_1.jpg!m_fill,w_280,h_210,f_jpg?from=ke.com
20240326,通州,大兴新机场洋房别墅区,101123069557,满五唯一 低层低密度 位置好 适宜居住,208万,27126元/平,底层 (共11层) | 2013年 | 1室1厅 | 76.68平米 | 南,https://ke-image.ljcdn.com/110000-inspection/pc1_9odVqTgGY.jpg!m_fill,w_280,h_210,f_jpg?from=ke.com
20240326,通州,大兴新机场洋房别墅区,101123059944,恒盛波尔多小镇南区 南北通透大三居,299万,19505元/平,低楼层 (共6层) | 2010年 | 3室2厅 | 153.3平米 | 南 北,https://ke-image.ljcdn.com/110000-inspection/pc1_4hNII6ifz.jpg!m_fill,w_280,h_210,f_jpg?from=ke.com
20240326,通州,大兴新机场洋房别墅区,101123018388,育新花园北里 纯南向方正格局 两个阳台  经典小户型,94万,17861元/平,低楼层 (共18层) | 2013年 | 1室0厅 | 52.63平米 | 南,https://ke-image.ljcdn.com/110000-inspection/pc1_tRzdVl3Bs.jpg!m_fill,w_280,h_210,f_jpg?from=ke.com
20240326,通州,大兴新机场洋房别墅区,101123017437,当代采育满庭春MOMA  满五唯一  南北通透,143万,15729元/平,顶层 (共18层) | 2015年 | 2室1厅 | 90.92平米 | 南 北,https://ke-image.ljcdn.com/110000-inspection/pc1_vC5PdiyCR_1.jpg!m_fill,w_280,h_210,f_jpg?from=ke.com
20240326,通州,大兴新机场洋房别墅区,101122984169,亦庄南 满五唯一 带电梯花园洋房、南北通透双阳台,249万,28971元/平,顶层 (共6层) 3室2厅 | 85.95平米 | 南 北,https://ke-image.ljcdn.com/110000-inspection/pc1_6hD6q5vW4.jpg!m_fill,w_280,h_210,f_jpg?from=ke.com
20240326,通州,大兴新机场洋房别墅区,101122950971,住总兴创如遇  正规一居室  户型方正  有阳台,115万,25011元/平,低楼层 (共20层) 1室1厅 | 45.98平米 | 东,https://ke-image.ljcdn.com/110000-inspection/pc1_eCmWMliR3.jpg!m_fill,w_280,h_210,f_jpg?from=ke.com
20240326,通州,大兴新机场洋房别墅区,101122851400,住总兴创如遇 洋房次新房 精装修 南北通透有电梯,216万,27828元/平,中楼层 (共7层) | 2022年 | 2室1厅 | 77.62平米 | 南 北,https://ke-image.ljcdn.com/110000-inspection/pc1_moq4eAorf.jpg!m_fill,w_280,h_210,f_jpg?from=ke.com
20240326,通州,大兴新机场洋房别墅区,101122808955,恒盛波尔多小镇北区 边户1居室,155万,25968元/平,低楼层 (共8层) 1室1厅 | 59.69平米 | 东 北,https://ke-image.ljcdn.com/110000-inspection/066a2419-49ce-43ef-b15c-d2f6c8834d9b_1000.jpg!m_fill,w_280,h_210,f_jpg?from=ke.com
20240326,通州,大兴新机场洋房别墅区,101122807857,业主诚意出售 看房方便 楼层好位置好,140万,19012元/平,高楼层 (共16层) 2室1厅 | 73.64平米 | 南,https://ke-image.ljcdn.com/110000-inspection/pc1_pwcgr5fLM.jpg!m_fill,w_280,h_210,f_jpg?from=ke.com
20240326,通州,大兴新机场洋房别墅区,101122759229,恒盛小镇艺墅 满五唯一 南北通透,305万,22273元/平,低楼层 (共11层) | 2013年 | 4室1厅 | 136.94平米 | 南 北,https://ke-image.ljcdn.com/110000-inspection/pc1_Z475VPIxV.jpg!m_fill,w_280,h_210,f_jpg?from=ke.com
20240326,通州,大兴新机场洋房别墅区,101122749581,下叠花墅现代风格别墅南北通透格局双首层设计,980万,32231元/平,底层 (共4层) 3室4厅 | 304.06平米 | 南 北,https://ke-image.ljcdn.com/110000-inspection/pc1_KzA149uAg.jpg!m_fill,w_280,h_210,f_jpg?from=ke.com
20240326,通州,大兴新机场洋房别墅区,101122702464,育新花园北里 满五唯一  三居室,170万,18608元/平,低楼层 (共17层) 3室2厅 | 91.36平米 | 南 北,https://ke-image.ljcdn.com/110000-inspection/055390ad-959f-4df6-9e3e-3b9c9d029fd5_1000.jpg!m_fill,w_280,h_210,f_jpg?from=ke.com
20240326,通州,大兴新机场洋房别墅区,101122638420,恒盛波尔多小镇南区 全南户型 精装修,159万,18295元/平,低楼层 (共6层) 2室1厅 | 86.91平米 | 南,https://ke-image.ljcdn.com/110000-inspection/pc1_cDjGXcepv.jpg!m_fill,w_280,h_210,f_jpg?from=ke.com
20240326,通州,大兴新机场洋房别墅区,101122631527,恒盛波尔多小镇北区 满五唯一 纯南向,170万,25778元/平,底层 (共8层) 1室0厅 | 65.95平米 | 南,https://ke-image.ljcdn.com/110000-inspection/2d55af8f-5ff8-4911-b0d0-7ea40466cb6a_1000.jpg!m_fill,w_280,h_210,f_jpg?from=ke.com
20240326,通州,大兴新机场洋房别墅区,101122586273,恒盛波尔多小镇北区  满五唯一 精装修 南北通透,246万,26118元/平,顶层 (共6层) 3室2厅 | 94.19平米 | 南 北,https://ke-image.ljcdn.com/110000-inspection/pc1_MA0O1DyDQ.jpg!m_fill,w_280,h_210,f_jpg?from=ke.com
20240326,通州,大兴新机场洋房别墅区,101122565887,低楼层小户型户型方正业主诚意出售,99万,18758元/平,低楼层 (共18层) 1室0厅 | 52.78平米 | 南,https://ke-image.ljcdn.com/110000-inspection/pc1_fvu85Mwyt.jpg!m_fill,w_280,h_210,f_jpg?from=ke.com
20240326,通州,大兴新机场洋房别墅区,101122548489,路劲·御合院 上叠 南北通透 四居,520万,29144元/平,中楼层 (共4层) | 2021年 | 4室1厅 | 178.43平米 | 南 北,https://ke-image.ljcdn.com/110000-inspection/pc1_6SCcWeOcg.jpg!m_fill,w_280,h_210,f_jpg?from=ke.com
20240326,通州,大兴新机场洋房别墅区,101122511325,房子是下叠别墅采光效果好带私家电梯房主自荐,510万,16589元/平,底层 (共4层) | 2021年 | 3室2厅 | 307.44平米 | 南 北,https://ke-image.ljcdn.com/110000-inspection/8c736b10-20b3-4440-9ed4-62be84294e1f_1000.jpg!m_fill,w_280,h_210,f_jpg?from=ke.com
20240326,通州,大兴新机场洋房别墅区,101122489524,电梯房南北通透无遮挡采光好交通便利,155万,18187元/平,低楼层 (共15层) | 2012年 | 2室2厅 | 85.23平米 | 南 北,https://ke-image.ljcdn.com/110000-inspection/pc1_eUlFCgsXb.jpg!m_fill,w_280,h_210,f_jpg?from=ke.com
20240326,通州,大兴新机场洋房别墅区,101122468024,龙兴家园 2室1厅 南 北,168万,18574元/平,中楼层 (共6层) | 2008年 | 2室1厅 | 90.45平米 | 南 北,https://ke-image.ljcdn.com/110000-inspection/5bb62a08-3843-4aab-a249-dcfad5117912_1000.jpg!m_fill,w_280,h_210,f_jpg?from=ke.com
20240326,通州,大兴新机场洋房别墅区,101122331983,兴创联排别墅共五层地上三层地下两层南北通透,1150万,32848元/平,底层 (共3层) 4室3厅 | 350.1平米 | 南 北,https://ke-image.ljcdn.com/110000-inspection/3da9aa3f-ee08-44d2-a9dd-f8997cb0cdd1_1000.jpg!m_fill,w_280,h_210,f_jpg?from=ke.com
20240326,通州,大兴新机场洋房别墅区,101122329709,当代采育满庭春MOMA 满五唯一 中楼层,215万,15728元/平,中楼层 (共28层) | 2015年 | 3室1厅 | 136.7平米 | 南 北,https://ke-image.ljcdn.com/110000-inspection/pc1_xs6btUXq1_1.jpg!m_fill,w_280,h_210,f_jpg?from=ke.com
20240326,通州,大兴新机场洋房别墅区,101122323359,恒盛波尔多小镇北区 满五唯一 南北通透,240万,25264元/平,底层 (共7层) | 2012年 | 2室1厅 | 95平米 | 南 北,https://ke-image.ljcdn.com/110000-inspection/3041d4e2-5a67-400d-b1a6-d71fe6f7e6db_1000.jpg!m_fill,w_280,h_210,f_jpg?from=ke.com
20240326,通州,大兴新机场洋房别墅区,101122305838,恒盛波尔多小镇北区满五唯一电梯房,175万,19714元/平,高楼层 (共8层) 2室1厅 | 88.77平米 | 南,https://ke-image.ljcdn.com/110000-inspection/pc1_Ot8Wb0sbG.jpg!m_fill,w_280,h_210,f_jpg?from=ke.com
20240326,通州,大兴新机场洋房别墅区,101122289704,兴创荣墅 下叠别墅 共四层 地上两层 地下两层,810万,26601元/平,底层 (共4层) 4室2厅 | 304.5平米 | 南 北,https://ke-image.ljcdn.com/110000-inspection/pc1_HlOWYbLDL.jpg!m_fill,w_280,h_210,f_jpg?from=ke.com
20240326,通州,大兴新机场洋房别墅区,101122288682,上叠别墅毛坯房可以按照自己喜欢的风格装修,456万,24951元/平,中楼层 (共4层) | 2014年 | 4室1厅 | 182.76平米 | 南 北,https://ke-image.ljcdn.com/110000-inspection/pc1_8sAf4pSlp.jpg!m_fill,w_280,h_210,f_jpg?from=ke.com
20240326,通州,大兴新机场洋房别墅区,101122268764,南北通透格局花园别墅区兴创自持物业精装修,950万,36539元/平,中楼层 (共4层) 4室1厅 | 260平米 | 南 北,https://ke-image.ljcdn.com/110000-inspection/21ef83a9-2f14-4463-b19b-de28ef014b01_1000.jpg!m_fill,w_280,h_210,f_jpg?from=ke.com
20240326,通州,大兴新机场洋房别墅区,101122210110,带电梯花园洋房、南北通透双阳台落地窗、顶层二层格局,258万,26640元/平,顶层 (共6层) 2室1厅 | 96.85平米 | 南 北,https://ke-image.ljcdn.com/110000-inspection/pc1_mOWLMuGGg.jpg!m_fill,w_280,h_210,f_jpg?from=ke.com
20240326,通州,大兴新机场洋房别墅区,101122207118,别墅区难得出一套的好房！下叠东边户小区中间位置精装,650万,37124元/平,底层 (共4层) | 2014年 | 3室2厅 | 175.09平米 | 南 北,https://ke-image.ljcdn.com/110000-inspection/c6506dce-1d47-4ad9-8c79-d02f73a8e6ef_1000.jpg!m_fill,w_280,h_210,f_jpg?from=ke.com
20240326,通州,大兴新机场洋房别墅区,101122192720,低密度洋房社区小户型装修好电梯洋房,145万,19755元/平,高楼层 (共6层) | 2012年 | 2室1厅 | 73.4平米 | 东 北,https://ke-image.ljcdn.com/110000-inspection/pc1_AOQzYMvth_1.jpg!m_fill,w_280,h_210,f_jpg?from=ke.com
20240326,通州,大兴新机场洋房别墅区,101122133321,路劲·御合院精装修领包入住房主自荐,819万,31178元/平,底层 (共3层) | 2021年 | 4室2厅 | 262.69平米 | 南 北,https://ke-image.ljcdn.com/110000-inspection/2eafc1fa-ab8a-49b1-8e42-862ac30b3516_1000.jpg!m_fill,w_280,h_210,f_jpg?from=ke.com
20240326,通州,大兴新机场洋房别墅区,101122092200,中叠别墅现代风格别墅南北通透格局双层设计,599万,31610元/平,中楼层 (共8层) 4室3厅 | 189.5平米 | 南 北,https://ke-image.ljcdn.com/110000-inspection/pc1_bnLtXq2tg.jpg!m_fill,w_280,h_210,f_jpg?from=ke.com
20240326,通州,大兴新机场洋房别墅区,101122083945,育新花园北里 南北通透 东边户,181万,20545元/平,中楼层 (共18层) | 2013年 | 2室1厅 | 88.1平米 | 南 北,https://ke-image.ljcdn.com/110000-inspection/pc1_fnrQ4dTdv_1.jpg!m_fill,w_280,h_210,f_jpg?from=ke.com
20240326,通州,大兴新机场洋房别墅区,101122059001,育新花园北里 2室1厅 南 北,162万,18653元/平,高楼层 (共18层) 2室1厅 | 86.85平米 | 南 北,https://ke-image.ljcdn.com/110000-inspection/pc1_Ccx1knu46.jpg!m_fill,w_280,h_210,f_jpg?from=ke.com
20240326,通州,大兴新机场洋房别墅区,101122033325,楼层好采光充足视野开阔配套设施完善,171万,30806元/平,高楼层 (共7层) 1室1厅 | 55.51平米 | 东 西,https://ke-image.ljcdn.com/110000-inspection/pc1_jbOpS3I2n.jpg!m_fill,w_280,h_210,f_jpg?from=ke.com
20240326,通州,大兴新机场洋房别墅区,101121950434,住总兴创如遇   国企开发   精致一居  全新居住体验,159万,29560元/平,中楼层 (共20层) | 2022年 | 2室1厅 | 53.79平米 | 南,https://ke-image.ljcdn.com/110000-inspection/pc1_9D1Sq9PT6.jpg!m_fill,w_280,h_210,f_jpg?from=ke.com
20240326,通州,大兴新机场洋房别墅区,101121885594,路劲 · 御合院 合院 精装修 诚意出售,776万,29484元/平,底层 (共3层) | 2021年 | 6室2厅 | 263.2平米 | 南,https://ke-image.ljcdn.com/110000-inspection/pc1_XOekKL2LZ.jpg!m_fill,w_280,h_210,f_jpg?from=ke.com
20240326,通州,大兴新机场洋房别墅区,101121846002,南北通透低密花园洋房精装2居,200万,23063元/平,中楼层 (共6层) 2室1厅 | 86.72平米 | 南 北,https://ke-image.ljcdn.com/110000-inspection/pc1_ppzbEooo5.jpg!m_fill,w_280,h_210,f_jpg?from=ke.com
20240326,通州,大兴新机场洋房别墅区,101121839412,蓝天花园  满五唯一 好楼层 空置随时看房,205万,16708元/平,中楼层 (共5层) | 2005年 | 3室1厅 | 122.7平米 | 南 北,https://ke-image.ljcdn.com/110000-inspection/pc1_bzluLdRBe.jpg!m_fill,w_280,h_210,f_jpg?from=ke.com
20240326,通州,大兴新机场洋房别墅区,101121820039,大复式落地窗花园洋房满五年唯一视野采光好,380万,17527元/平,高楼层 (共6层) | 2005年 | 5室3厅 | 216.82平米 | 南 北,https://ke-image.ljcdn.com/110000-inspection/pc1_UiOnCzYjp_1.jpg!m_fill,w_280,h_210,f_jpg?from=ke.com
20240326,通州,大兴新机场洋房别墅区,101121695705,满五唯一看房方便业主诚意出售,155万,18070元/平,底层 (共9层) 2室1厅 | 85.78平米 | 南 北,https://ke-image.ljcdn.com/110000-inspection/pc1_wfk8pF2gF.jpg!m_fill,w_280,h_210,f_jpg?from=ke.com
20240326,通州,大兴新机场洋房别墅区,101121624117,花园洋房中楼层采光好视野好首都环线和京高速旁,188万,19750元/平,中楼层 (共5层) | 2012年 | 2室1厅 | 95.19平米 | 南 北,https://ke-image.ljcdn.com/110000-inspection/pc1_a8feCvANQ.jpg!m_fill,w_280,h_210,f_jpg?from=ke.com
20240326,通州,大兴新机场洋房别墅区,101121519224,采育镇育新花园北里育林街1号院,157万,19794元/平,低楼层 (共18层) | 2013年 | 2室1厅 | 79.32平米 | 南 北,https://ke-image.ljcdn.com/110000-inspection/pc1_0NJkVdimi.jpg!m_fill,w_280,h_210,f_jpg?from=ke.com
20240326,通州,大兴新机场洋房别墅区,101121500679,恒盛波尔多小镇南区 南北通透  装修好  大阳台,205万,18595元/平,中楼层 (共5层) | 2010年 | 2室2厅 | 110.25平米 | 南 北,https://ke-image.ljcdn.com/110000-inspection/pc1_zV4KJXPwH.jpg!m_fill,w_280,h_210,f_jpg?from=ke.com
20240326,通州,大兴新机场洋房别墅区,101121481895,路劲·御合院 南北通透平层大3居,390万,21714元/平,中楼层 (共4层) | 2021年 | 3室2厅 | 179.61平米 | 南 北,https://ke-image.ljcdn.com/110000-inspection/pc1_NVNmaFPym.jpg!m_fill,w_280,h_210,f_jpg?from=ke.com
20240326,通州,大兴新机场洋房别墅区,101121478323,中叠别墅、独立入户、南北通透功能间多人车分流。,418万,22757元/平,中楼层 (共4层) | 2021年 | 3室1厅 | 183.68平米 | 南 北,https://ke-image.ljcdn.com/110000-inspection/pc1_GA5H8XCGc.jpg!m_fill,w_280,h_210,f_jpg?from=ke.com
20240326,通州,大兴新机场洋房别墅区,101121430535,当代采育满庭春MOMA满五唯一高楼层采光好无遮挡,205万,16726元/平,高楼层 (共27层) 3室1厅 | 122.57平米 | 南 北,https://ke-image.ljcdn.com/110000-inspection/pc1_VrCwMnxvF.jpg!m_fill,w_280,h_210,f_jpg?from=ke.com
20240326,通州,大兴新机场洋房别墅区,101121430249,恒盛波尔多小镇北区满五唯一客厅卧室都朝南,135万,20751元/平,底层 (共8层) | 2012年 | 1室1厅 | 65.06平米 | 南,https://ke-image.ljcdn.com/110000-inspection/pc1_h1DFRI8c1_1.jpg!m_fill,w_280,h_210,f_jpg?from=ke.com
20240326,通州,大兴新机场洋房别墅区,101121416438,恒盛波尔多小镇南区满五唯一全明格局,195万,21490元/平,顶层 (共5层) | 2009年 | 3室1厅 | 90.74平米 | 北 南,https://ke-image.ljcdn.com/110000-inspection/pc1_RFdX9m7DU.jpg!m_fill,w_280,h_210,f_jpg?from=ke.com
20240326,通州,大兴新机场洋房别墅区,101121416441,南北通透大两居采光好精装修可以拎包入住,195万,21757元/平,中楼层 (共11层) | 2013年 | 2室1厅 | 89.63平米 | 南 北,https://ke-image.ljcdn.com/110000-inspection/pc1_plIan1IFv.jpg!m_fill,w_280,h_210,f_jpg?from=ke.com
20240326,通州,大兴新机场洋房别墅区,101121413772,大三居位置好楼层好电梯房业主诚意出售,195万,17905元/平,低楼层 (共18层) 3室1厅 | 108.91平米 | 南 北,https://ke-image.ljcdn.com/110000-inspection/pc1_mX8ivOBk9.jpg!m_fill,w_280,h_210,f_jpg?from=ke.com
20240326,通州,大兴新机场洋房别墅区,101121413346,当代采育满庭春MOMA满五唯一楼层好采光无遮挡房主自荐,170万,17613元/平,高楼层 (共27层) | 2015年 | 2室1厅 | 96.52平米 | 南,https://ke-image.ljcdn.com/110000-inspection/pc1_MocbSlFle.jpg!m_fill,w_280,h_210,f_jpg?from=ke.com
20240326,通州,大兴新机场洋房别墅区,101121412529,南向格局楼层好视野宽阔采光充足配套设施齐全,120万,22642元/平,顶层 (共18层) 1室0厅 | 53平米 | 南,https://ke-image.ljcdn.com/110000-inspection/pc1_EXDLwvGIn.jpg!m_fill,w_280,h_210,f_jpg?from=ke.com
20240326,通州,大兴新机场洋房别墅区,101121412471,育新花园南里 南北通透 满五唯一,185万,21042元/平,高楼层 (共15层) | 2013年 | 2室1厅 | 87.92平米 | 南 北,https://ke-image.ljcdn.com/110000-inspection/pc1_0KB2PUAS1.jpg!m_fill,w_280,h_210,f_jpg?from=ke.com
20240326,通州,大兴新机场洋房别墅区,101121412443,育新花园北里采育镇育林街1号院,160万,20167元/平,中楼层 (共17层) 2室1厅 | 79.34平米 | 南 北,https://ke-image.ljcdn.com/110000-inspection/pc1_IA4jG0zY2.jpg!m_fill,w_280,h_210,f_jpg?from=ke.com
20240326,通州,大兴新机场洋房别墅区,101121409417,高楼层有租户业主换房诚意出售,180万,22475元/平,高楼层 (共18层) | 2014年 | 2室1厅 | 80.09平米 | 南 北,https://ke-image.ljcdn.com/110000-inspection/pc1_b32sYTVxG.jpg!m_fill,w_280,h_210,f_jpg?from=ke.com
20240326,通州,大兴新机场洋房别墅区,101121406675,高楼层采光好业主诚意出售看房方便,165万,22628元/平,中楼层 (共16层) | 2013年 | 2室1厅 | 72.92平米 | 南 北,https://ke-image.ljcdn.com/110000-inspection/pc1_MwStKFtpW.jpg!m_fill,w_280,h_210,f_jpg?from=ke.com
20240326,通州,大兴新机场洋房别墅区,101121406446,恒盛小镇艺墅满五唯一全明格局采光好,290万,21490元/平,低楼层 (共11层) 3室2厅 | 134.95平米 | 南 北,https://ke-image.ljcdn.com/110000-inspection/pc1_SDIAJMCMo.jpg!m_fill,w_280,h_210,f_jpg?from=ke.com
20240326,通州,大兴新机场洋房别墅区,101121404398,路劲·御合院别墅社区叠拼产品,420万,23435元/平,中楼层 (共4层) | 2021年 | 3室2厅 | 179.22平米 | 南 北,https://ke-image.ljcdn.com/110000-inspection/pc1_woljbl1vk.jpg!m_fill,w_280,h_210,f_jpg?from=ke.com
20240326,通州,大兴新机场洋房别墅区,101121362490,亦庄南 兴创荣墅 宽厅大空间  兴创自持物业 环境优美房主自荐,900万,37547元/平,中楼层 (共4层) 4室2厅 | 239.7平米 | 南,https://ke-image.ljcdn.com/110000-inspection/pc1_it9GJ847I.jpg!m_fill,w_280,h_210,f_jpg?from=ke.com
20240326,通州,大兴新机场洋房别墅区,101121309459,南北通透三居室、全明格局、满五唯一、看房有钥匙,255万,21638元/平,底层 (共6层) 3室2厅 | 117.85平米 | 南 北,https://ke-image.ljcdn.com/110000-inspection/pc1_vzl8EoYSY.jpg!m_fill,w_280,h_210,f_jpg?from=ke.com
20240326,通州,大兴新机场洋房别墅区,101121223720,满五唯一南北通中层婚房精装采光好视野好。,245万,18960元/平,中楼层 (共5层) 3室1厅 | 129.22平米 | 南 北,https://ke-image.ljcdn.com/110000-inspection/pc1_cRvoTX5hI_1.jpg!m_fill,w_280,h_210,f_jpg?from=ke.com
20240326,通州,大兴新机场洋房别墅区,101121123659,兴创荣墅顶层还带大平台的好别墅,820万,31069元/平,中楼层 (共4层) | 2019年 | 4室1厅 | 263.93平米 | 南 北,https://ke-image.ljcdn.com/110000-inspection/pc1_uhDRJgQd1.jpg!m_fill,w_280,h_210,f_jpg?from=ke.com
20240326,通州,大兴新机场洋房别墅区,101121074660,京能丽墅 南北通透三居 纯别墅区,485万,28455元/平,中楼层 (共4层) | 2022年 | 3室2厅 | 170.45平米 | 南 北,https://ke-image.ljcdn.com/110000-inspection/pc1_pFzZU54JY_1.jpg!m_fill,w_280,h_210,f_jpg?from=ke.com
20240326,通州,大兴新机场洋房别墅区,101121041629,兴创荣墅别墅社区南北通透。,750万,40073元/平,中楼层 (共4层) 4室1厅 | 187.16平米 | 南 北,https://ke-image.ljcdn.com/110000-inspection/35b67c8a-5494-475f-a92c-1d067eb692d3_1000.jpg!m_fill,w_280,h_210,f_jpg?from=ke.com
20240326,通州,大兴新机场洋房别墅区,101120947462,兴创荣墅 联排边户 共五层 地上三层 地下两层 双车位,1380万,33475元/平,底层 (共3层) | 2019年 | 5室1厅 | 412.25平米 | 南 西 北,https://ke-image.ljcdn.com/110000-inspection/pc1_RsEwt8X8Q.jpg!m_fill,w_280,h_210,f_jpg?from=ke.com
20240326,通州,大兴新机场洋房别墅区,101120918447,波尔多 满五唯一 精装修自住房  环保材料 拎包即住,231万,25713元/平,顶层 (共8层) | 2012年 | 2室1厅 | 89.84平米 | 南,https://ke-image.ljcdn.com/110000-inspection/5239d6be-726b-4b24-987e-281dd4f24b27_1000.jpg!m_fill,w_280,h_210,f_jpg?from=ke.com
20240326,通州,大兴新机场洋房别墅区,101120913521,精装修业主诚意出售看房提前联系,210万,17426元/平,中楼层 (共28层) | 2015年 | 3室1厅 | 120.51平米 | 南 北,https://ke-image.ljcdn.com/110000-inspection/pc1_nN5j41zbv.jpg!m_fill,w_280,h_210,f_jpg?from=ke.com
20240326,通州,大兴新机场洋房别墅区,101120901060,蓝天花园社区满五唯一看房方便房主自荐,190万,20561元/平,低楼层 (共6层) 2室2厅 | 92.41平米 | 南 北,https://ke-image.ljcdn.com/110000-inspection/pc1_rHdG74dNl_1.jpg!m_fill,w_280,h_210,f_jpg?from=ke.com
20240326,通州,大兴新机场洋房别墅区,101120888837,育新花园西里 南北通透 正规2居室房主自荐,176万,20046元/平,中楼层 (共15层) | 2010年 | 2室1厅 | 87.8平米 | 南 北,https://ke-image.ljcdn.com/110000-inspection/pc1_ZoPgQA0lF.jpg!m_fill,w_280,h_210,f_jpg?from=ke.com
20240326,通州,大兴新机场洋房别墅区,101120873837,满五唯一、南北通透顶层复式格局、精装修采光好。,268万,27564元/平,顶层 (共4层) 3室2厅 | 97.23平米 | 南 北,https://ke-image.ljcdn.com/110000-inspection/pc1_ER6ENDpUc_1.jpg!m_fill,w_280,h_210,f_jpg?from=ke.com
20240326,通州,大兴新机场洋房别墅区,101120865537,恒盛小镇艺墅 上叠别墅 精装修 拎包入住,450万,24659元/平,中楼层 (共4层) | 2013年 | 5室2厅 | 182.49平米 | 南 北,https://ke-image.ljcdn.com/110000-inspection/pc1_zyzYxfiTU.jpg!m_fill,w_280,h_210,f_jpg?from=ke.com
20240326,通州,大兴新机场洋房别墅区,101120806248,育新花园西里两居业主诚心出售,165万,19553元/平,中楼层 (共9层) 2室1厅 | 84.39平米 | 南 北,https://ke-image.ljcdn.com/110000-inspection/pc1_JEJpYWN84.jpg!m_fill,w_280,h_210,f_jpg?from=ke.com
20240326,通州,大兴新机场洋房别墅区,101120794464,低密度洋房社区 南北通透 精装4居拎包住 随时看,388万,22856元/平,低楼层 (共6层) | 2009年 | 4室2厅 | 169.76平米 | 南 北,https://ke-image.ljcdn.com/110000-inspection/pc1_aq6g0PJLb.jpg!m_fill,w_280,h_210,f_jpg?from=ke.com
20240326,通州,大兴新机场洋房别墅区,101120789436,蓝天花园 超精装修大两居 适合年轻客户居住,170万,18748元/平,高楼层 (共6层) | 2005年 | 2室2厅 | 90.68平米 | 南 北,https://ke-image.ljcdn.com/110000-inspection/pc1_zUKc6qgNv_2.jpg!m_fill,w_280,h_210,f_jpg?from=ke.com
20240326,通州,大兴新机场洋房别墅区,101120720769,兴创荣墅 叠拼别墅 适合贷款 边户,650万,28420元/平,底层 (共8层) | 2021年 | 3室2厅 | 228.72平米 | 南 北,https://ke-image.ljcdn.com/110000-inspection/pc1_VQdbJLW9t.jpg!m_fill,w_280,h_210,f_jpg?from=ke.com
20240326,通州,大兴新机场洋房别墅区,101120711065,南北通透小三居出行方便业主诚意出售,172万,18966元/平,低楼层 (共17层) 3室1厅 | 90.69平米 | 南 北,https://ke-image.ljcdn.com/110000-inspection/pc1_olY8RHxtm.jpg!m_fill,w_280,h_210,f_jpg?from=ke.com
20240326,通州,大兴新机场洋房别墅区,101120683242,满庭春苑户型好透采光好精装拎包住业主诚售,172万,17925元/平,底层 (共28层) 2室1厅 | 95.96平米 | 南,https://ke-image.ljcdn.com/110000-inspection/pc1_7Z4kcgfZn.jpg!m_fill,w_280,h_210,f_jpg?from=ke.com
20240326,通州,大兴新机场洋房别墅区,101120678995,育新花园中里精装修空置看房有钥匙,165万,18797元/平,低楼层 (共15层) 2室1厅 | 87.78平米 | 南 北,https://ke-image.ljcdn.com/110000-inspection/pc1_Djxwup49b.jpg!m_fill,w_280,h_210,f_jpg?from=ke.com
20240326,通州,大兴新机场洋房别墅区,101120674992,恒盛波尔多小镇南区花园洋房一层视野不受影响,348万,16218元/平,底层 (共8层) 3室2厅 | 214.58平米 | 南 北,https://ke-image.ljcdn.com/110000-inspection/ab181a91-806a-4275-806e-32478ee54949_1000.jpg!m_fill,w_280,h_210,f_jpg?from=ke.com
20240326,通州,大兴新机场洋房别墅区,101120651762,恒盛波尔多小镇南区  满五年  看房方便,398万,20272元/平,底层 (共5层) 3室1厅 | 196.33平米 | 南 北,https://ke-image.ljcdn.com/110000-inspection/pc1_IN9raJBiw.jpg!m_fill,w_280,h_210,f_jpg?from=ke.com
20240326,通州,大兴新机场洋房别墅区,101120374333,育新花园南里  ................房主自荐,165万,19569元/平,低楼层 (共9层) 2室1厅 | 84.32平米 | 南 北,https://ke-image.ljcdn.com/110000-inspection/pc1_WXlibBYM8.jpg!m_fill,w_280,h_210,f_jpg?from=ke.com
20240326,通州,大兴新机场洋房别墅区,101120273317,2008年建成 商品房 南北通透两居室 精装修 只有契税,185万,20551元/平,底层 (共6层) | 2008年 | 2室1厅 | 90.02平米 | 南 北,https://ke-image.ljcdn.com/110000-inspection/pc1_RgF8JNXad_2.jpg!m_fill,w_280,h_210,f_jpg?from=ke.com
20240326,通州,大兴新机场洋房别墅区,101120176040,路劲·御合院 上叠别墅带私家电梯,420万,24548元/平,中楼层 (共4层) | 2021年 | 3室1厅 | 171.1平米 | 南 北,https://ke-image.ljcdn.com/110000-inspection/bf0419e6-b007-42b5-8352-e22c85bd5e03_1000.jpg!m_fill,w_280,h_210,f_jpg?from=ke.com
20240326,通州,大兴新机场洋房别墅区,101120155541,育新花园中里满五唯一位置好南北通透,180万,20972元/平,底层 (共9层) | 2012年 | 2室1厅 | 85.83平米 | 南 北,https://ke-image.ljcdn.com/110000-inspection/pc1_G6nylRNka_2.jpg!m_fill,w_280,h_210,f_jpg?from=ke.com
20240326,通州,大兴新机场洋房别墅区,101119992927,精装修下叠别墅 景观路旁 上2下2 私家电梯,1150万,34789元/平,底层 (共4层) 4室2厅 | 330.57平米 | 南 北,https://ke-image.ljcdn.com/110000-inspection/pc1_GsHM5TV6I.jpg!m_fill,w_280,h_210,f_jpg?from=ke.com
20240326,通州,大兴新机场洋房别墅区,101119907346,兴创荣墅 联排边户 共五层 地上三层 地下两层 双车位,1650万,38133元/平,底层 (共3层) 5室3厅 | 432.7平米 | 东 南 西 北,https://ke-image.ljcdn.com/110000-inspection/pc1_7gc2Xt9hl.jpg!m_fill,w_280,h_210,f_jpg?from=ke.com
20240326,通州,大兴新机场洋房别墅区,101119611638,路劲·御合院...................................,440万,24078元/平,中楼层 (共4层) | 2021年 | 3室2厅 | 182.74平米 | 南 北,https://ke-image.ljcdn.com/110000-inspection/pc1_ER9x1oFBs.jpg!m_fill,w_280,h_210,f_jpg?from=ke.com
20240326,通州,大兴新机场洋房别墅区,101119555143,兴创荣墅......................................,1200万,34286元/平,底层 (共3层) 4室2厅 | 350平米 | 南 北,https://ke-image.ljcdn.com/110000-inspection/pc1_eV2tbEs1I.jpg!m_fill,w_280,h_210,f_jpg?from=ke.com
20240326,通州,大兴新机场洋房别墅区,101119448117,满五唯一南北通透顶层复式格局精装修花园洋房。,260万,26921元/平,顶层 (共4层) | 2010年 | 3室2厅 | 96.58平米 | 南 北,https://ke-image.ljcdn.com/110000-inspection/pc1_OvTYcI1DF.jpg!m_fill,w_280,h_210,f_jpg?from=ke.com
20240326,通州,大兴新机场洋房别墅区,101119391905,兴创荣墅  上叠别墅 业主诚售,928万,49584元/平,中楼层 (共4层) 3室2厅 | 187.16平米 | 南 北,https://ke-image.ljcdn.com/110000-inspection/pc1_BNWB6hH9x.jpg!m_fill,w_280,h_210,f_jpg?from=ke.com
20240326,通州,大兴新机场洋房别墅区,101119391088,花园洋房  电梯房  7米8面宽大客厅  满五唯一大三居,299万,18776元/平,中楼层 (共5层) 3室1厅 | 159.25平米 | 南 北,https://ke-image.ljcdn.com/110000-inspection/pc1_DM7voPltL_1.jpg!m_fill,w_280,h_210,f_jpg?from=ke.com
20240326,通州,大兴新机场洋房别墅区,101119362013,育新花园北里 纯南 一居室 采光好,147万,27736元/平,低楼层 (共18层) 1室0厅 | 53平米 | 南,https://ke-image.ljcdn.com/110000-inspection/pc1_TONO3BTYR.jpg!m_fill,w_280,h_210,f_jpg?from=ke.com
20240326,通州,大兴新机场洋房别墅区,101119329695,兴创荣墅下叠位置不错毛坯房价格便宜随时看房,865万,28159元/平,底层 (共4层) | 2021年 | 4室2厅 | 307.19平米 | 南 北,https://ke-image.ljcdn.com/110000-inspection/pc1_AxWk2pk8w.jpg!m_fill,w_280,h_210,f_jpg?from=ke.com
20240326,通州,大兴新机场洋房别墅区,101119336648,路劲·御合院....................................,560万,21275元/平,底层 (共3层) | 2021年 | 4室2厅 | 263.23平米 | 南 北,https://ke-image.ljcdn.com/110000-inspection/pc1_PfMNwR4gS.jpg!m_fill,w_280,h_210,f_jpg?from=ke.com
20240326,通州,大兴新机场洋房别墅区,101119302017,蓝天花园南北通透大两居诚心出售房源,149万,16967元/平,顶层 (共6层) | 2005年 | 2室2厅 | 87.82平米 | 南 北,https://ke-image.ljcdn.com/110000-inspection/pc1_W29bQtS1Z.jpg!m_fill,w_280,h_210,f_jpg?from=ke.com
20240326,通州,大兴新机场洋房别墅区,101119202790,满两年、上叠别墅毛坯、位置不错诚心出售,950万,50759元/平,中楼层 (共4层) 4室2厅 | 187.16平米 | 南 北,https://ke-image.ljcdn.com/110000-inspection/pc1_sIh39W1qO.jpg!m_fill,w_280,h_210,f_jpg?from=ke.com
20240326,通州,大兴新机场洋房别墅区,101119191501,恒盛波尔多小镇南区 精装洋房可拎包入住,350万,20678元/平,低楼层 (共6层) | 2008年 | 4室2厅 | 169.27平米 | 南 北,https://ke-image.ljcdn.com/110000-inspection/pc1_vLctplD7T.jpg!m_fill,w_280,h_210,f_jpg?from=ke.com
20240326,通州,大兴新机场洋房别墅区,101119155384,蓝天花园满五唯一南北通透两居出售房主自荐,196万,22278元/平,顶层 (共6层) | 2005年 | 2室1厅 | 87.98平米 | 南 北,https://ke-image.ljcdn.com/110000-inspection/pc1_qmc7bamdu.jpg!m_fill,w_280,h_210,f_jpg?from=ke.com
20240326,通州,大兴新机场洋房别墅区,101119143048,此房满五年南北通透格局视野宽阔采光充足,180万,20298元/平,低楼层 (共6层) | 2010年 | 2室2厅 | 88.68平米 | 南 北,https://ke-image.ljcdn.com/110000-inspection/pc1_nMrYKTOG7.jpg!m_fill,w_280,h_210,f_jpg?from=ke.com
20240326,通州,大兴新机场洋房别墅区,101119065798,波尔多小镇北区 满五唯一 精装修 两层空间可利用,210万,23425元/平,顶层 (共7层) 2室1厅 | 89.65平米 | 南,https://ke-image.ljcdn.com/110000-inspection/pc1_ha6PxNntb.jpg!m_fill,w_280,h_210,f_jpg?from=ke.com
20240326,通州,大兴新机场洋房别墅区,101118929376,恒盛小镇艺墅满五唯一看房方便。,489万,28401元/平,中楼层 (共4层) 3室2厅 | 172.18平米 | 南 北,https://ke-image.ljcdn.com/110000-inspection/pc1_VogpKkILQ_1.jpg!m_fill,w_280,h_210,f_jpg?from=ke.com
20240326,通州,大兴新机场洋房别墅区,101118899544,精致诗意的下叠东边户  精装修未住  满五唯一,810万,45519元/平,底层 (共4层) 4室1厅 | 177.95平米 | 南 北,https://ke-image.ljcdn.com/110000-inspection/pc1_8vgt9w6a7.jpg!m_fill,w_280,h_210,f_jpg?from=ke.com
20240326,通州,大兴新机场洋房别墅区,101118733891,恒盛小镇艺墅 南北通透 四居室精装边户,360万,25121元/平,顶层 (共11层) 4室2厅 | 143.31平米 | 南 北,https://ke-image.ljcdn.com/110000-inspection/pc1_X9Od5Alnd.jpg!m_fill,w_280,h_210,f_jpg?from=ke.com
20240326,通州,大兴新机场洋房别墅区,101118667428,蓝天花园三居视野宽阔采光充足,220万,18608元/平,顶层 (共5层) 3室1厅 | 118.23平米 | 南 北,https://ke-image.ljcdn.com/110000-inspection/pc1_ADlE0hAjA.jpg!m_fill,w_280,h_210,f_jpg?from=ke.com
20240326,通州,大兴新机场洋房别墅区,101118609129,兴创荣墅 南北通透类独栋 品质社区,999万,18604元/平,底层 (共3层) 5室3厅 | 536.99平米 | 南 北,https://ke-image.ljcdn.com/110000-inspection/pc1_eam6MunAq.jpg!m_fill,w_280,h_210,f_jpg?from=ke.com
20240326,通州,大兴新机场洋房别墅区,101118544879,南北通透格局采光好品质小区,1280万,23788元/平,底层 (共3层) 5室3厅 | 538.1平米 | 南 北,https://ke-image.ljcdn.com/110000-inspection/pc1_CK61lvnW7.jpg!m_fill,w_280,h_210,f_jpg?from=ke.com
20240326,通州,大兴新机场洋房别墅区,101118241809,恒盛小镇艺墅 高楼层 无遮挡 全明格局 纯毛坯顶层复式,340万,24896元/平,顶层 (共11层) 3室1厅 | 136.57平米 | 南 北,https://ke-image.ljcdn.com/110000-inspection/pc1_Crhu4Dfza.jpg!m_fill,w_280,h_210,f_jpg?from=ke.com
20240326,通州,大兴新机场洋房别墅区,101118163476,蓝天花园社区满五唯一诚心出售,175万,19891元/平,顶层 (共6层) | 2005年 | 2室2厅 | 87.98平米 | 南 北,https://ke-image.ljcdn.com/110000-inspection/pc1_QYjlw8SJ1.jpg!m_fill,w_280,h_210,f_jpg?from=ke.com
20240326,通州,大兴新机场洋房别墅区,101118082834,明卫采光充足共分两层采光充足,500万,24283元/平,顶层 (共11层) 5室2厅 | 205.91平米 | 南 北,https://ke-image.ljcdn.com/110000-inspection/385db8f9-af8e-4b83-9427-be1c9f82a9d1_1000.jpg!m_fill,w_280,h_210,f_jpg?from=ke.com
20240326,通州,大兴新机场洋房别墅区,101117816532,兴创荣墅 小区中间位置 楼间距大 业主诚售房主自荐,890万,29271元/平,底层 (共4层) 3室2厅 | 304.06平米 | 南 北,https://ke-image.ljcdn.com/110000-inspection/pc1_pXIrxIQPI.jpg!m_fill,w_280,h_210,f_jpg?from=ke.com
20240326,通州,大兴新机场洋房别墅区,101117811468,兴创荣墅 兴创开发 联排别墅 看房方便房主自荐,870万,24843元/平,底层 (共3层) 4室1厅 | 350.2平米 | 南 北,https://ke-image.ljcdn.com/110000-inspection/pc1_JHES79XmU.jpg!m_fill,w_280,h_210,f_jpg?from=ke.com
20240326,通州,大兴新机场洋房别墅区,101117620388,兴创荣墅 联排别墅 一家三代改善之选,888万,25365元/平,底层 (共3层) 4室2厅 | 350.1平米 | 南 北,https://ke-image.ljcdn.com/110000-inspection/pc1_dn7tDgosj.jpg!m_fill,w_280,h_210,f_jpg?from=ke.com
20240326,通州,大兴新机场洋房别墅区,101117033285,恒盛波尔多小镇南区 满五唯一 大户型 低密洋房,540万,21679元/平,中楼层 (共5层) 4室2厅 | 249.09平米 | 南 北,https://ke-image.ljcdn.com/110000-inspection/fc1346d2-551c-4d84-933b-a57d656390de_1000.jpg!m_fill,w_280,h_210,f_jpg?from=ke.com
20240326,通州,大兴新机场洋房别墅区,101116978370,兴创荣墅 下叠次新房 上2下2 私家电梯 新风系统,799万,26240元/平,底层 (共4层) 4室2厅 | 304.5平米 | 南 北,https://ke-image.ljcdn.com/110000-inspection/pc1_Ll6nlqmVW.jpg!m_fill,w_280,h_210,f_jpg?from=ke.com
20240326,通州,大兴新机场洋房别墅区,101116713321,兴创荣墅 下叠花墅  南北通透房主自荐,1090万,35551元/平,底层 (共3层) 3室2厅 | 306.61平米 | 南 北,https://ke-image.ljcdn.com/110000-inspection/pc1_Y7wOn8ODF.jpg!m_fill,w_280,h_210,f_jpg?from=ke.com
20240326,通州,大兴新机场洋房别墅区,101116441921,兴创荣墅 联排别墅 新中式风格 管家式服务房主自荐,899万,25688元/平,底层 (共3层) 4室2厅 | 349.97平米 | 南 北,https://ke-image.ljcdn.com/110000-inspection/pc1_ziyYtUxA4.jpg!m_fill,w_280,h_210,f_jpg?from=ke.com
20240326,通州,大兴新机场洋房别墅区,101115945823,电梯房南北通透无遮挡采光好交通便利,210万,16261元/平,低楼层 (共12层) | 2012年 | 3室1厅 | 129.15平米 | 南 北,https://ke-image.ljcdn.com/110000-inspection/pc1_U3Mvh2Wxl.jpg!m_fill,w_280,h_210,f_jpg?from=ke.com
20240326,通州,大兴新机场洋房别墅区,101115865770,蓝天花园 南北通透两居室 满五唯一,149万,16556元/平,顶层 (共6层) 2室1厅 | 90平米 | 南 北,https://ke-image.ljcdn.com/110000-inspection/pc1_uzH7ozCeg_1.jpg!m_fill,w_280,h_210,f_jpg?from=ke.com
20240326,通州,大兴新机场洋房别墅区,101115849832,恒盛波尔多小镇南区 精装修 南北通透 大两居 花园洋房,220万,25370元/平,底层 (共6层) | 2010年 | 2室1厅 | 86.72平米 | 南 北,https://ke-image.ljcdn.com/110000-inspection/pc1_FbsJPBvQr.jpg!m_fill,w_280,h_210,f_jpg?from=ke.com
20240326,通州,大兴新机场洋房别墅区,101115807482,花园洋房小区、一层南边花园、纯南向、采光充足。房主自荐,135万,33980元/平,底层 (共6层) | 2010年 | 1室0厅 | 39.73平米 | 南,https://ke-image.ljcdn.com/110000-inspection/pc1_O2NUN5vyv.jpg!m_fill,w_280,h_210,f_jpg?from=ke.com
20240326,通州,大兴新机场洋房别墅区,101115596963,恒盛小镇艺墅精装修别墅可以拎包入住,600万,34280元/平,底层 (共4层) | 2013年 | 4室1厅 | 175.03平米 | 南 北,https://ke-image.ljcdn.com/110000-inspection/pc1_XyUNXPUvP.jpg!m_fill,w_280,h_210,f_jpg?from=ke.com
20240326,通州,大兴新机场洋房别墅区,101115419774,恒盛波尔多小镇南区满五唯一 一层下跃地下室房主自荐,195万,30238元/平,底层 (共6层) | 2010年 | 2室2厅 | 64.49平米 | 南,https://ke-image.ljcdn.com/110000-inspection/pc1_Y6eFTcnAk.jpg!m_fill,w_280,h_210,f_jpg?from=ke.com
20240326,通州,大兴新机场洋房别墅区,101115146815,育新花园北里  南北通透两居室,190万,23825元/平,低楼层 (共18层) | 2013年 | 2室1厅 | 79.75平米 | 南 北,https://ke-image.ljcdn.com/110000-inspection/e9690f9a-43fb-46b0-8bd0-3f641cbb9a8f_1000.jpg!m_fill,w_280,h_210,f_jpg?from=ke.com
20240326,通州,大兴新机场洋房别墅区,101114761790,恒盛波尔多小镇南区 顶层 采光充足,198万,20587元/平,顶层 (共5层) 2室1厅 | 96.18平米 | 南 北,https://ke-image.ljcdn.com/110000-inspection/pc1_MynzH204F.jpg!m_fill,w_280,h_210,f_jpg?from=ke.com
20240326,通州,大兴新机场洋房别墅区,101114678558,恒盛小镇艺墅  南北通透 全明格局 两居室,260万,28905元/平,底层 (共11层) | 2014年 | 2室1厅 | 89.95平米 | 南 北,https://ke-image.ljcdn.com/110000-inspection/pc1_JOIN5Efme.jpg!m_fill,w_280,h_210,f_jpg?from=ke.com
20240326,通州,大兴新机场洋房别墅区,101114578521,兴创荣墅小区好位置上叠毛坯别墅。,950万,50759元/平,中楼层 (共4层) | 2019年 | 4室2厅 | 187.16平米 | 南 北,https://ke-image.ljcdn.com/110000-inspection/pc1_9ur8r62jD.jpg!m_fill,w_280,h_210,f_jpg?from=ke.com
20240326,通州,大兴新机场洋房别墅区,101114343805,田园小镇风格下跃户型满五唯一精装修。,256万,28816元/平,底层 (共6层) | 2010年 | 2室1厅 | 88.84平米 | 南 北,https://ke-image.ljcdn.com/110000-inspection/pc1_cnh1VftQS_1.jpg!m_fill,w_280,h_210,f_jpg?from=ke.com
20240326,通州,大兴新机场洋房别墅区,101113189676,兴创荣墅 联排别墅 南北通透 交通方便,999万,27180元/平,底层 (共3层) | 2019年 | 4室2厅 | 367.56平米 | 南 北,https://ke-image.ljcdn.com/110000-inspection/pc1_OhFtwajIT.jpg!m_fill,w_280,h_210,f_jpg?from=ke.com
20240326,通州,大兴新机场洋房别墅区,101112974459,兴创荣墅 东方美学式建筑 高品质园区,1500万,36296元/平,底层 (共3层) 4室2厅 | 413.27平米 | 南 北,https://ke-image.ljcdn.com/110000-inspection/pc1_AK2F6J85c.jpg!m_fill,w_280,h_210,f_jpg?from=ke.com
20240326,通州,大兴新机场洋房别墅区,101112863867,兴创荣墅 联排次新房 上3下2 私家电梯 新风系统,1200万,34267元/平,底层 (共3层) | 2019年 | 4室2厅 | 350.2平米 | 南 北,https://ke-image.ljcdn.com/110000-inspection/pc1_fzHTP3jQh.jpg!m_fill,w_280,h_210,f_jpg?from=ke.com
20240326,通州,大兴新机场洋房别墅区,101112436517,恒盛小镇艺墅房子精装修满二。,598万,35086元/平,底层 (共4层) 4室2厅 | 170.44平米 | 南 北,https://ke-image.ljcdn.com/110000-inspection/60b4f0bd-50dd-4b9f-a2e0-f489918557e1_1000.jpg!m_fill,w_280,h_210,f_jpg?from=ke.com
20240326,通州,大兴新机场洋房别墅区,101110255964,兴创荣墅 次新房 上3下2 西边户 私家电梯 新风系统房主自荐,1360万,32908元/平,底层 (共3层) | 2019年 | 4室2厅 | 413.28平米 | 南 西 北,https://ke-image.ljcdn.com/110000-inspection/pc1_gIT2bA3b2_2.jpg!m_fill,w_280,h_210,f_jpg?from=ke.com
20240326,通州,大兴新机场洋房别墅区,101123584118,全南户型采光充足明厨明卫中间楼层新上,119万,18995元/平,中楼层 (共14层) 1室1厅 | 62.65平米 | 南,https://s1.ljcdn.com/pegasus/redskull/images/common/default_house_list.png?_v=20240306121103
20240326,通州,大兴新机场洋房别墅区,101123570651,恒盛波尔多小镇南区 车位,8万,4505元/平,地下室 1室0厅 | 17.76平米 | 南,https://s1.ljcdn.com/pegasus/redskull/images/common/default_house_list.png?_v=20240306121103
20240326,通州,大兴新机场洋房别墅区,101123567282,育新花园北里 满五唯一 高楼层 南北通透新上,200万,18364元/平,高楼层 (共18层) | 2013年 | 3室1厅 | 108.91平米 | 南 北,https://s1.ljcdn.com/pegasus/redskull/images/common/default_house_list.png?_v=20240306121103
20240326,通州,大兴新机场洋房别墅区,101123482969,恒盛波尔多小镇南区 2室1厅 南新上,215万,25050元/平,顶层 (共6层) 2室1厅 | 85.83平米 | 南,https://s1.ljcdn.com/pegasus/redskull/images/common/default_house_list.png?_v=20240306121103
20240326,通州,大兴新机场洋房别墅区,101123374697,恒盛小镇艺墅 4室2厅 南 北,460万,25266元/平,中楼层 (共4层) 4室2厅 | 182.07平米 | 南 北,https://s1.ljcdn.com/pegasus/redskull/images/common/default_house_list.png?_v=20240306121103
20240326,通州,大兴新机场洋房别墅区,101123370491,住总兴创如遇  有电梯 次新房小区 楼层好 采光好,238万,30970元/平,底层 (共8层) | 2022年 | 2室1厅 | 76.85平米 | 南 北,https://s1.ljcdn.com/pegasus/redskull/images/common/default_house_list.png?_v=20240306121103
20240326,通州,大兴新机场洋房别墅区,101123361890,龙兴家园 2室1厅 南 北,185万,20551元/平,底层 (共6层) | 2008年 | 2室1厅 | 90.02平米 | 南 北,https://s1.ljcdn.com/pegasus/redskull/images/common/default_house_list.png?_v=20240306121103
20240326,通州,大兴新机场洋房别墅区,101123341418,住总兴创如遇  次新房  南北三居室  户型方正,225万,25104元/平,高楼层 (共20层) 3室2厅 | 89.63平米 | 南 北,https://s1.ljcdn.com/pegasus/redskull/images/common/default_house_list.png?_v=20240306121103
20240326,通州,大兴新机场洋房别墅区,101123085760,住总兴创如遇 1室1厅 南,163万,30186元/平,高楼层 (共20层) | 2022年 | 1室1厅 | 54平米 | 南,https://s1.ljcdn.com/pegasus/redskull/images/common/default_house_list.png?_v=20240306121103
20240326,通州,大兴新机场洋房别墅区,101121166495,当代采育满庭春MOMA 地下车位,8万,2926元/平,地下室 | 2015年 | 1室0厅 | 27.35平米 | 南,https://ke-image.ljcdn.com/110000-inspection/ef912dda-f7a2-4494-bdfd-0e5493b09b7d.jpg!m_fill,w_280,h_210,f_jpg?from=ke.com
