20231106,丰台,五里店,101121637350,程庄路三号院南北通透两居室低楼层诚心出售必看好房,268万,44298元/平,低楼层 (共6层) | 1979年 | 2室1厅 | 60.5平米 | 南 北,https://ke-image.ljcdn.com/110000-inspection/pc1_JbbrSCm6m_1.jpg!m_fill,w_280,h_210,f_jpg?from=ke.com
20231106,丰台,五里店,101121635293,和光里 一梯两户 南北通透两居 客厅朝南小区中间位置必看好房,490万,57103元/平,中楼层 (共9层) 2室2厅 | 85.81平米 | 南 北,https://ke-image.ljcdn.com/110000-inspection/9e6f1558-f3ee-4846-a1a5-8e3099f8f04a_1000.jpg!m_fill,w_280,h_210,f_jpg?from=ke.com
20231106,丰台,五里店,101121507076,近四环满五唯一 2居室业主诚意出售必看好房,330万,47394元/平,中楼层 (共13层) 2室1厅 | 69.63平米 | 东 西,https://ke-image.ljcdn.com/110000-inspection/pc1_W9Mtjtjlt_1.jpg!m_fill,w_280,h_210,f_jpg?from=ke.com
20231106,丰台,五里店,101121247291,五里店 正规一居室 南向 安静 满五唯一必看好房,168万,46889元/平,中楼层 (共6层) 1室1厅 | 35.83平米 | 南,https://ke-image.ljcdn.com/110000-inspection/b29ce48b-ab34-43af-9976-e1e48b93ba7f_1000.jpg!m_fill,w_280,h_210,f_jpg?from=ke.com
20231106,丰台,五里店,101120767800,程庄路68号院 南北通透两居 业主诚意出售必看好房,196万,34514元/平,中楼层 (共6层) 2室1厅 | 56.79平米 | 南 北,https://ke-image.ljcdn.com/110000-inspection/pc1_cg20e6WRY_1.jpg!m_fill,w_280,h_210,f_jpg?from=ke.com
20231106,丰台,五里店,101121081833,南北通透格局楼层好视野宽阔采光充足交通便利房主自荐,285万,39877元/平,底层 (共6层) 3室1厅 | 71.47平米 | 南 北,https://ke-image.ljcdn.com/110000-inspection/pc1_33BmOnr2E_1.jpg!m_fill,w_280,h_210,f_jpg?from=ke.com
20231106,丰台,五里店,101120890853,房子是满五唯一朝南户型方正楼层好视野宽阔。房主自荐,505万,53287元/平,中楼层 (共16层) 2室2厅 | 94.77平米 | 南,https://ke-image.ljcdn.com/110000-inspection/pc1_rajCPDzTd.jpg!m_fill,w_280,h_210,f_jpg?from=ke.com
20231106,丰台,五里店,101119988689,程庄路68号院生活方便保持干净整齐看房方便房主自荐,189万,37456元/平,底层 (共6层) 1室1厅 | 50.46平米 | 南 北,https://ke-image.ljcdn.com/110000-inspection/pc1_K5R2kuZMB_1.jpg!m_fill,w_280,h_210,f_jpg?from=ke.com
20231106,丰台,五里店,101119331839,程庄路68号院 2室1厅 南 北房主自荐,160万,29907元/平,顶层 (共6层) | 1980年 | 2室1厅 | 53.5平米 | 南 北,https://ke-image.ljcdn.com/110000-inspection/pc1_QkUa7LLs3.jpg!m_fill,w_280,h_210,f_jpg?from=ke.com
20231106,丰台,五里店,101119238644,带电梯满五年诚心出售 户型方正价格可谈必看好房,218万,40446元/平,顶层 (共6层) 2室1厅 | 53.9平米 | 南,https://ke-image.ljcdn.com/110000-inspection/pc1_3yPshoo6j_1.jpg!m_fill,w_280,h_210,f_jpg?from=ke.com
20231106,丰台,五里店,101118859577,丰西北里 南北通透 看房提前约,218万,40311元/平,中楼层 (共6层) 2室1厅 | 54.08平米 | 南 北,https://ke-image.ljcdn.com/110000-inspection/pc1_BzjVBMSFm_1.jpg!m_fill,w_280,h_210,f_jpg?from=ke.com
20231106,丰台,五里店,101118356241,商品房精装修3居2卫有钥匙满五年不唯一看房方便,620万,53128元/平,底层 (共10层) | 2005年 | 3室1厅 | 116.7平米 | 南 北,https://ke-image.ljcdn.com/110000-inspection/pc1_x7kQgaewf_1.jpg!m_fill,w_280,h_210,f_jpg?from=ke.com
20231106,丰台,五里店,101117713414,程庄子68号院南北通透一层两居方便上下楼诚心出售必看好房,228万,39345元/平,底层 (共6层) | 1990年 | 2室1厅 | 57.95平米 | 南 北,https://ke-image.ljcdn.com/110000-inspection/pc1_3mzsds2XO_1.jpg!m_fill,w_280,h_210,f_jpg?from=ke.com
20231106,丰台,五里店,101117130124,丰西北里 2室1厅 南 北必看好房,195万,37335元/平,中楼层 (共5层) 2室1厅 | 52.23平米 | 南 北,https://ke-image.ljcdn.com/110000-inspection/pc1_9pRHL5rnj.jpg!m_fill,w_280,h_210,f_jpg?from=ke.com
20231106,丰台,五里店,101121753783,南五里店45号院 2室1厅 南 北必看好房,175万,41529元/平,顶层 (共6层) | 1993年 | 2室1厅 | 42.14平米 | 南 北,https://ke-image.ljcdn.com/110000-inspection/pc1_Fq3gDW0nc_1.jpg!m_fill,w_280,h_210,f_jpg?from=ke.com
20231106,丰台,五里店,101121707549,南五里店45号院 2室1厅 南 北必看好房,290万,53894元/平,底层 (共6层) | 1993年 | 2室1厅 | 53.81平米 | 南 北,https://ke-image.ljcdn.com/110000-inspection/pc1_b9vXN3Cy5_1.jpg!m_fill,w_280,h_210,f_jpg?from=ke.com
20231106,丰台,五里店,101119578538,丰卉家园满五年唯一南向2居室低楼层户型好。房主自荐,499万,55711元/平,底层 (共7层) | 2006年 | 2室1厅 | 89.57平米 | 南 北,https://ke-image.ljcdn.com/110000-inspection/pc1_oI4YagAPc_1.jpg!m_fill,w_280,h_210,f_jpg?from=ke.com
20231106,丰台,五里店,101118047777,丰西北里   满五唯一  一居室   视野好必看好房,145万,36543元/平,顶层 (共6层) | 1995年 | 1室1厅 | 39.68平米 | 东,https://ke-image.ljcdn.com/110000-inspection/5cff33a0-bd6c-4a1e-b572-4409c79498f6_1000.jpg!m_fill,w_280,h_210,f_jpg?from=ke.com
20231106,丰台,五里店,101121779485,丰卉家园 2室1厅 南 北新上,490万,53048元/平,中楼层 (共6层) 2室1厅 | 92.37平米 | 南 北,https://ke-image.ljcdn.com/110000-inspection/pc1_q7GNJuCcE_1.jpg!m_fill,w_280,h_210,f_jpg?from=ke.com
20231106,丰台,五里店,101121776537,程庄路3号院 2室1厅 南 北新上,255万,42080元/平,高楼层 (共6层) 2室1厅 | 60.6平米 | 南 北,https://ke-image.ljcdn.com/110000-inspection/pc1_9UDsAXtt3_1.jpg!m_fill,w_280,h_210,f_jpg?from=ke.com
20231106,丰台,五里店,101121740368,和风四季精装两居室前后无遮挡诚心出售新上,340万,49112元/平,中楼层 (共21层) | 2007年 | 2室1厅 | 69.23平米 | 西,https://ke-image.ljcdn.com/110000-inspection/pc1_rGIqhy7nF.jpg!m_fill,w_280,h_210,f_jpg?from=ke.com
20231106,丰台,五里店,101121736394,丰西北里 2室1厅 南 北新上,190万,35134元/平,高楼层 (共6层) 2室1厅 | 54.08平米 | 南 北,https://ke-image.ljcdn.com/110000-inspection/pc1_dMl6AvhlF_1.jpg!m_fill,w_280,h_210,f_jpg?from=ke.com
20231106,丰台,五里店,101121725184,五里店南里 非顶层 精装修可以直接入住 户型好新上,230万,42459元/平,高楼层 (共6层) 2室1厅 | 54.17平米 | 东北,https://ke-image.ljcdn.com/110000-inspection/pc1_LK9P9zErX_1.jpg!m_fill,w_280,h_210,f_jpg?from=ke.com
20231106,丰台,五里店,101121713558,程庄路3号院南北3居室诚心出售看房方便新上,350万,48144元/平,中楼层 (共6层) | 1979年 | 3室1厅 | 72.7平米 | 南 北,https://ke-image.ljcdn.com/110000-inspection/pc1_812aA7Tu2_1.jpg!m_fill,w_280,h_210,f_jpg?from=ke.com
20231106,丰台,五里店,101121662937,此房是满五唯一南北通透精装修业主诚心出售。,230万,39176元/平,高楼层 (共6层) | 1995年 | 2室1厅 | 58.71平米 | 南 北,https://ke-image.ljcdn.com/110000-inspection/pc1_Py9Dd8iHQ_1.jpg!m_fill,w_280,h_210,f_jpg?from=ke.com
20231106,丰台,五里店,101121628798,丰西北里精装一居拎包入住随时能看南向采光好,189万,44958元/平,中楼层 (共6层) 1室1厅 | 42.04平米 | 南,https://ke-image.ljcdn.com/110000-inspection/pc1_jjtqmvXh7_1.jpg!m_fill,w_280,h_210,f_jpg?from=ke.com
20231106,丰台,五里店,101121621886,丰卉家园 南北通透三居 小区安静整洁 低密度社区房主自荐,770万,53232元/平,低楼层 (共7层) 3室2厅 | 144.65平米 | 南 北,https://ke-image.ljcdn.com/110000-inspection/pc1_JR36OrV0f.jpg!m_fill,w_280,h_210,f_jpg?from=ke.com
20231106,丰台,五里店,101121621582,程庄南里 户型方正 布局合理 满五年唯一 商品房,238万,45360元/平,高楼层 (共21层) | 2003年 | 1室1厅 | 52.47平米 | 西,https://ke-image.ljcdn.com/110000-inspection/pc1_k00Ye84nW_1.jpg!m_fill,w_280,h_210,f_jpg?from=ke.com
20231106,丰台,五里店,101121611398,和光里 1室1厅 北,299万,54582元/平,低楼层 (共16层) | 2005年 | 1室1厅 | 54.78平米 | 北,https://ke-image.ljcdn.com/110000-inspection/pc1_jOeykZOZD_1.jpg!m_fill,w_280,h_210,f_jpg?from=ke.com
20231106,丰台,五里店,101121610756,五里店南里 2室1厅 南 北,252万,41530元/平,高楼层 (共6层) 2室1厅 | 60.68平米 | 南 北,https://ke-image.ljcdn.com/110000-inspection/pc1_Pj0PhCbUr_1.jpg!m_fill,w_280,h_210,f_jpg?from=ke.com
20231106,丰台,五里店,101121602975,新兴家园     三面采光两居室,380万,50850元/平,中楼层 (共22层) | 2000年 | 2室1厅 | 74.73平米 | 东 西 北,https://ke-image.ljcdn.com/110000-inspection/pc1_2L8OGjlUB_1.jpg!m_fill,w_280,h_210,f_jpg?from=ke.com
20231106,丰台,五里店,101121560446,彩虹家园 2室1厅 东 北,355万,53432元/平,低楼层 (共20层) | 2012年 | 2室1厅 | 66.44平米 | 东 北,https://ke-image.ljcdn.com/110000-inspection/pc1_ID8XNQJLy_1.jpg!m_fill,w_280,h_210,f_jpg?from=ke.com
20231106,丰台,五里店,101121504004,丰卉家园 2室2厅 南 北,399万,55993元/平,低楼层 (共7层) | 2006年 | 2室2厅 | 71.26平米 | 南 北,https://ke-image.ljcdn.com/110000-inspection/pc1_fUxpPuRgj_1.jpg!m_fill,w_280,h_210,f_jpg?from=ke.com
20231106,丰台,五里店,101121473898,四环边五里店中间位置南北通透不临街诚心出售低楼层,258万,46196元/平,低楼层 (共6层) | 1994年 | 2室1厅 | 55.85平米 | 南 北,https://ke-image.ljcdn.com/110000-inspection/pc1_3eUFQhyOa_1.jpg!m_fill,w_280,h_210,f_jpg?from=ke.com
20231106,丰台,五里店,101121442096,和光里 1室1厅 北,313万,57474元/平,低楼层 (共16层) | 2005年 | 1室1厅 | 54.46平米 | 北,https://ke-image.ljcdn.com/110000-inspection/pc1_E7bUKAzF6_1.jpg!m_fill,w_280,h_210,f_jpg?from=ke.com
20231106,丰台,五里店,101121420841,新兴家园带东南两居有电梯生活方便交通便利房主自荐,460万,55704元/平,高楼层 (共22层) | 1998年 | 2室1厅 | 82.58平米 | 东南,https://ke-image.ljcdn.com/110000-inspection/pc1_02kFaVx5w_1.jpg!m_fill,w_280,h_210,f_jpg?from=ke.com
20231106,丰台,五里店,101121400947,房子精装修拎包入住。看房方便业主诚心出售。,245万,46027元/平,低楼层 (共6层) 2室1厅 | 53.23平米 | 南 北,https://ke-image.ljcdn.com/110000-inspection/pc1_zBo5aCU4M.jpg!m_fill,w_280,h_210,f_jpg?from=ke.com
20231106,丰台,五里店,101121365903,和风四季低楼层优质大两居！！,439万,42659元/平,底层 (共21层) | 2007年 | 2室1厅 | 102.91平米 | 西,https://ke-image.ljcdn.com/110000-inspection/pc1_zQJUWP1gS_1.jpg!m_fill,w_280,h_210,f_jpg?from=ke.com
20231106,丰台,五里店,101121342142,丰西北里 2室1厅 南 北,178万,33135元/平,顶层 (共6层) 2室1厅 | 53.72平米 | 南 北,https://ke-image.ljcdn.com/110000-inspection/pc1_8Cf6jZouG_1.jpg!m_fill,w_280,h_210,f_jpg?from=ke.com
20231106,丰台,五里店,101121326807,大公园停车方便楼龄新电梯房社区,385万,42917元/平,低楼层 (共21层) | 2005年 | 2室1厅 | 89.71平米 | 西,https://ke-image.ljcdn.com/110000-inspection/pc1_grVdUNziv_1.jpg!m_fill,w_280,h_210,f_jpg?from=ke.com
20231106,丰台,五里店,101121314446,丰西北里甲7号院   满五年低楼层   南北通透  双卧朝,282万,39563元/平,低楼层 (共6层) 2室1厅 | 71.28平米 | 南 北,https://ke-image.ljcdn.com/110000-inspection/pc1_YDQ8VVJF2_1.jpg!m_fill,w_280,h_210,f_jpg?from=ke.com
20231106,丰台,五里店,101121270805,程庄路3号院南北通透两居 业主诚意出售房主自荐,270万,41796元/平,顶层 (共6层) 2室1厅 | 64.6平米 | 南 北,https://ke-image.ljcdn.com/110000-inspection/pc1_IWqLU1Pbq_1.jpg!m_fill,w_280,h_210,f_jpg?from=ke.com
20231106,丰台,五里店,101121253980,彩虹家园 2013年小区 板楼 有电梯 户型方正 满五唯一,370万,54702元/平,高楼层 (共20层) | 2013年 | 2室1厅 | 67.64平米 | 西,https://ke-image.ljcdn.com/110000-inspection/pc1_mWwLGxXVx_1.jpg!m_fill,w_280,h_210,f_jpg?from=ke.com
20231106,丰台,五里店,101121203096,丰西北里 正规两居室 中间楼层 业主诚售,190万,38384元/平,中楼层 (共6层) | 1986年 | 2室1厅 | 49.5平米 | 东 南 北,https://ke-image.ljcdn.com/110000-inspection/pc1_DVPVPUN0b_1.jpg!m_fill,w_280,h_210,f_jpg?from=ke.com
20231106,丰台,五里店,101121199147,程庄南里 2室1厅 西 西南 北,545万,40074元/平,中楼层 (共21层) | 2005年 | 2室1厅 | 136平米 | 西 西南 北,https://ke-image.ljcdn.com/110000-inspection/pc1_RInUAR9l9_1.jpg!m_fill,w_280,h_210,f_jpg?from=ke.com
20231106,丰台,五里店,101121194799,程庄路68号院南北两居室生活配套方便。,205万,35103元/平,高楼层 (共6层) 2室1厅 | 58.4平米 | 南 北,https://ke-image.ljcdn.com/110000-inspection/pc1_Kry7SZ9Js_1.jpg!m_fill,w_280,h_210,f_jpg?from=ke.com
20231106,丰台,五里店,101121181730,丰西北里  满五年唯一南北 通透采光好视野宽阔,220万,39597元/平,顶层 (共5层) | 1978年 | 2室1厅 | 55.56平米 | 南 北,https://ke-image.ljcdn.com/110000-inspection/pc1_4NLYRqdhZ_1.jpg!m_fill,w_280,h_210,f_jpg?from=ke.com
20231106,丰台,五里店,101121164296,五里店南里 经典三居室 有客厅 视野好,260万,37901元/平,顶层 (共6层) | 1990年 | 3室1厅 | 68.6平米 | 南 北,https://ke-image.ljcdn.com/110000-inspection/pc1_4AsdHZq27_1.jpg!m_fill,w_280,h_210,f_jpg?from=ke.com
20231106,丰台,五里店,101121158143,程庄路3号院 2室1厅 南 北,255万,43590元/平,高楼层 (共6层) | 1979年 | 2室1厅 | 58.5平米 | 南 北,https://ke-image.ljcdn.com/110000-inspection/pc1_fwwzxVeMy_1.jpg!m_fill,w_280,h_210,f_jpg?from=ke.com
20231106,丰台,五里店,101121157949,满五年唯一南北 通透采光好视野宽阔,260万,37879元/平,中楼层 (共6层) | 1986年 | 2室1厅 | 68.64平米 | 南 北,https://ke-image.ljcdn.com/110000-inspection/pc1_skUuM97gy_1.jpg!m_fill,w_280,h_210,f_jpg?from=ke.com
20231106,丰台,五里店,101121123300,五里店南里 2室1厅 南 北,230万,38786元/平,顶层 (共6层) | 1990年 | 2室1厅 | 59.3平米 | 南 北,https://ke-image.ljcdn.com/110000-inspection/pc1_URwlLCOu5_1.jpg!m_fill,w_280,h_210,f_jpg?from=ke.com
20231106,丰台,五里店,101121087712,五里店南里 2室1厅 西南房主自荐,210万,37038元/平,顶层 (共5层) 2室1厅 | 56.7平米 | 西南,https://ke-image.ljcdn.com/110000-inspection/pc1_6mFlcgJKE_1.jpg!m_fill,w_280,h_210,f_jpg?from=ke.com
20231106,丰台,五里店,101121027832,和光里 2室1厅 南 北,430万,56129元/平,高楼层 (共10层) | 2005年 | 2室1厅 | 76.61平米 | 南 北,https://ke-image.ljcdn.com/110000-inspection/pc1_ypVTgtBGQ_1.jpg!m_fill,w_280,h_210,f_jpg?from=ke.com
20231106,丰台,五里店,101121008604,丰卉家园 南北两居 高楼层 明厨明卫,489万,53135元/平,高楼层 (共7层) | 2006年 | 2室1厅 | 92.03平米 | 南 北,https://ke-image.ljcdn.com/110000-inspection/pc1_BS3VCFPG4_1.jpg!m_fill,w_280,h_210,f_jpg?from=ke.com
20231106,丰台,五里店,101121005053,程庄南里满五唯一商品房精装修可以拎包入住,214万,42775元/平,底层 (共21层) 1室1厅 | 50.03平米 | 东 西,https://ke-image.ljcdn.com/110000-inspection/pc1_yQaD46yTA_1.jpg!m_fill,w_280,h_210,f_jpg?from=ke.com
20231106,丰台,五里店,101120974945,程庄路3号院 2室1厅 南,245万,44465元/平,高楼层 (共6层) | 1989年 | 2室1厅 | 55.1平米 | 南,https://ke-image.ljcdn.com/110000-inspection/pc1_clAlP40YU_1.jpg!m_fill,w_280,h_210,f_jpg?from=ke.com
20231106,丰台,五里店,101120958860,西南四环 带电梯有公园方便停车 程庄南里两居室,459万,43823元/平,低楼层 (共19层) 2室1厅 | 104.74平米 | 西,https://ke-image.ljcdn.com/110000-inspection/pc1_3eEJIXN9L_1.jpg!m_fill,w_280,h_210,f_jpg?from=ke.com
20231106,丰台,五里店,101120953673,丰西北里  两居室  满五唯一  看房提前约 随时签,239万,40243元/平,高楼层 (共6层) | 1990年 | 2室1厅 | 59.39平米 | 南 北,https://ke-image.ljcdn.com/110000-inspection/2637c210-731a-4acf-94f3-981ba5a0a2a8_1000.jpg!m_fill,w_280,h_210,f_jpg?from=ke.com
20231106,丰台,五里店,101120935583,和光里正规一居室总价合适。,285万,52027元/平,低楼层 (共16层) | 2005年 | 1室1厅 | 54.78平米 | 北,https://ke-image.ljcdn.com/110000-inspection/pc1_rQay6kdvU_1.jpg!m_fill,w_280,h_210,f_jpg?from=ke.com
20231106,丰台,五里店,101120932594,五里店南里低楼层 南向一居 业主换房出售,195万,50729元/平,底层 (共6层) | 1990年 | 1室1厅 | 38.44平米 | 南,https://ke-image.ljcdn.com/110000-inspection/pc1_zJcRo1kpo_1.jpg!m_fill,w_280,h_210,f_jpg?from=ke.com
20231106,丰台,五里店,101120919238,此房满5年唯一住房楼层好视野好无遮挡。,425万,55476元/平,中楼层 (共10层) | 2005年 | 2室1厅 | 76.61平米 | 南 北,https://ke-image.ljcdn.com/110000-inspection/7e4d379a-133a-4e59-b631-7cbbb690db85_1000.jpg!m_fill,w_280,h_210,f_jpg?from=ke.com
20231106,丰台,五里店,101120877321,房子满五唯一南北通透户型好业主诚心出售,220万,52207元/平,顶层 (共6层) | 1993年 | 1室2厅 | 42.14平米 | 南 北,https://ke-image.ljcdn.com/110000-inspection/pc1_SbQrbo7j2_1.jpg!m_fill,w_280,h_210,f_jpg?from=ke.com
20231106,丰台,五里店,101120872908,五里店9号院 1室1厅 东,185万,46436元/平,低楼层 (共6层) 1室1厅 | 39.84平米 | 东,https://ke-image.ljcdn.com/110000-inspection/pc1_rA0ZjO7Rl_1.jpg!m_fill,w_280,h_210,f_jpg?from=ke.com
20231106,丰台,五里店,101120868389,程庄路3号院 2室1厅 西南,480万,51842元/平,中楼层 (共8层) | 2000年 | 2室1厅 | 92.59平米 | 西南,https://ke-image.ljcdn.com/110000-inspection/pc1_deHLMs5va_1.jpg!m_fill,w_280,h_210,f_jpg?from=ke.com
20231106,丰台,五里店,101120867482,五里店南里 南北通透两居 户型方正,199万,36676元/平,顶层 (共6层) 2室1厅 | 54.26平米 | 南 北,https://ke-image.ljcdn.com/110000-inspection/pc1_zUnaUTS6q_1.jpg!m_fill,w_280,h_210,f_jpg?from=ke.com
20231106,丰台,五里店,101120866966,南五里店45号院 满五年唯一 低楼层 诚意出售,272万,51128元/平,底层 (共6层) | 1996年 | 3室1厅 | 53.2平米 | 东 西,https://ke-image.ljcdn.com/110000-inspection/pc1_50gBM0Q3J.jpg!m_fill,w_280,h_210,f_jpg?from=ke.com
20231106,丰台,五里店,101120846002,丰西北里 次顶层  采光好楼龄新满五唯一,232万,39517元/平,高楼层 (共6层) | 1995年 | 2室1厅 | 58.71平米 | 南 北,https://ke-image.ljcdn.com/110000-inspection/pc1_trwrx5i4v_1.jpg!m_fill,w_280,h_210,f_jpg?from=ke.com
20231106,丰台,五里店,101120844172,丰西北里两室一厅随时看房价格便宜南北通透,192万,35741元/平,高楼层 (共6层) | 1992年 | 2室1厅 | 53.72平米 | 南 北,https://ke-image.ljcdn.com/110000-inspection/pc1_FzXS5UPTY_1.jpg!m_fill,w_280,h_210,f_jpg?from=ke.com
20231106,丰台,五里店,101120819508,新兴家园 2室1厅 东南,420万,50860元/平,高楼层 (共22层) | 2000年 | 2室1厅 | 82.58平米 | 东南,https://ke-image.ljcdn.com/110000-inspection/pc1_PmzjzdFIP_1.jpg!m_fill,w_280,h_210,f_jpg?from=ke.com
20231106,丰台,五里店,101120812138,程庄路6号院 3室1厅 南北通透 采光充足房主自荐,253万,36720元/平,顶层 (共6层) 3室1厅 | 68.9平米 | 南 北,https://ke-image.ljcdn.com/110000-inspection/pc1_qsmUv0UHZ_1.jpg!m_fill,w_280,h_210,f_jpg?from=ke.com
20231106,丰台,五里店,101120765200,和光里小区正规一居 低楼层 满五年唯一商品房,280万,51414元/平,底层 (共16层) | 2005年 | 1室1厅 | 54.46平米 | 北,https://ke-image.ljcdn.com/110000-inspection/pc1_XJDjKqTKD_1.jpg!m_fill,w_280,h_210,f_jpg?from=ke.com
20231106,丰台,五里店,101120761634,和光里南北通透精装满五唯一两居室房主自荐,480万,57479元/平,中楼层 (共16层) | 2005年 | 2室1厅 | 83.51平米 | 南 北,https://ke-image.ljcdn.com/110000-inspection/pc1_hl4UExLtq_1.jpg!m_fill,w_280,h_210,f_jpg?from=ke.com
20231106,丰台,五里店,101120741643,和风四季 2室1厅 西,538万,52279元/平,低楼层 (共21层) | 2007年 | 2室1厅 | 102.91平米 | 西,https://ke-image.ljcdn.com/110000-inspection/pc1_4boS1D3RE_1.jpg!m_fill,w_280,h_210,f_jpg?from=ke.com
20231106,丰台,五里店,101120735768,和风四季 1室1厅 东南,285万,50159元/平,中楼层 (共21层) | 2007年 | 1室1厅 | 56.82平米 | 东南,https://ke-image.ljcdn.com/110000-inspection/pc1_ArNcsPUYA_1.jpg!m_fill,w_280,h_210,f_jpg?from=ke.com
20231106,丰台,五里店,101120688782,程庄路3号院 2室1厅 南 北,258万,44330元/平,高楼层 (共6层) 2室1厅 | 58.2平米 | 南 北,https://ke-image.ljcdn.com/110000-inspection/pc1_RMDJGzAft_1.jpg!m_fill,w_280,h_210,f_jpg?from=ke.com
20231106,丰台,五里店,101120688289,和光里南北通透大三居 落地飘窗 业主诚意出售有车位,789万,55772元/平,中楼层 (共8层) 3室2厅 | 141.47平米 | 南 北,https://ke-image.ljcdn.com/110000-inspection/pc1_1Am5Ydpeu_1.jpg!m_fill,w_280,h_210,f_jpg?from=ke.com
20231106,丰台,五里店,101120669585,此房满五年唯一采光充足阳光没有遮挡户型方正,255万,42500元/平,中楼层 (共6层) | 1990年 | 2室1厅 | 60平米 | 南,https://ke-image.ljcdn.com/110000-inspection/pc1_3HpiHrG1s_1.jpg!m_fill,w_280,h_210,f_jpg?from=ke.com
20231106,丰台,五里店,101120653380,丰西北里 中间楼层 采光好 满五唯一,208万,38734元/平,中楼层 (共6层) | 1990年 | 2室1厅 | 53.7平米 | 南 北,https://ke-image.ljcdn.com/110000-inspection/pc1_KOXY2qLpC_1.jpg!m_fill,w_280,h_210,f_jpg?from=ke.com
20231106,丰台,五里店,101120599481,和光里目前优质的南北通透大三居房主自荐,717万,56537元/平,低楼层 (共10层) 3室2厅 | 126.82平米 | 南 北,https://ke-image.ljcdn.com/110000-inspection/pc1_p6U8TOnpV_1.jpg!m_fill,w_280,h_210,f_jpg?from=ke.com
20231106,丰台,五里店,101120558922,房子楼层好视野开阔无遮挡布局分布合理。,660万,57637元/平,高楼层 (共10层) | 2005年 | 3室1厅 | 114.51平米 | 南 北,https://ke-image.ljcdn.com/110000-inspection/pc1_G5f5naOgm_1.jpg!m_fill,w_280,h_210,f_jpg?from=ke.com
20231106,丰台,五里店,101120543859,程庄路3号院 南北通透三居 业主诚意出售,568万,48304元/平,中楼层 (共8层) | 2000年 | 3室2厅 | 117.59平米 | 南 北,https://ke-image.ljcdn.com/110000-inspection/f72d3735-596e-4c02-af78-ff41f2253842_1000.jpg!m_fill,w_280,h_210,f_jpg?from=ke.com
20231106,丰台,五里店,101120497877,房子是满五年住宅纯南向户型方正随时签约。,502万,52971元/平,低楼层 (共16层) | 2005年 | 2室1厅 | 94.77平米 | 南,https://ke-image.ljcdn.com/110000-inspection/pc1_OBnDVOlCm_1.jpg!m_fill,w_280,h_210,f_jpg?from=ke.com
20231106,丰台,五里店,101120487274,此房满五年中楼层适合有老人小孩的居住,208万,40538元/平,中楼层 (共6层) | 1990年 | 2室1厅 | 51.31平米 | 南,https://ke-image.ljcdn.com/110000-inspection/pc1_zu94MMoSM.jpg!m_fill,w_280,h_210,f_jpg?from=ke.com
20231106,丰台,五里店,101120475416,程庄南里正规一室一厅满五年唯一住房,360万,47500元/平,低楼层 (共21层) | 2005年 | 1室1厅 | 75.79平米 | 东,https://ke-image.ljcdn.com/110000-inspection/pc1_ade7nFGyw_1.jpg!m_fill,w_280,h_210,f_jpg?from=ke.com
20231106,丰台,五里店,101120451569,彩虹家园 2室1厅 南 北,330万,51587元/平,高楼层 (共13层) 2室1厅 | 63.97平米 | 南 北,https://ke-image.ljcdn.com/110000-inspection/pc1_LyBySn4cZ_1.jpg!m_fill,w_280,h_210,f_jpg?from=ke.com
20231106,丰台,五里店,101120444507,满五年南北通透格局采光好视野宽阔。,235万,34237元/平,顶层 (共6层) 2室1厅 | 68.64平米 | 南 北,https://ke-image.ljcdn.com/110000-inspection/pc1_hqrprpoK5_1.jpg!m_fill,w_280,h_210,f_jpg?from=ke.com
20231106,丰台,五里店,101120355059,五里店北里一区 2室1厅 南 北,499万,55482元/平,高楼层 (共9层) 2室1厅 | 89.94平米 | 南 北,https://ke-image.ljcdn.com/110000-inspection/pc1_28bbi7NY0.jpg!m_fill,w_280,h_210,f_jpg?from=ke.com
20231106,丰台,五里店,101120322150,南五里店45号院两居室有客厅。房主自荐,243万,43510元/平,中楼层 (共6层) | 1994年 | 2室1厅 | 55.85平米 | 南 北,https://ke-image.ljcdn.com/110000-inspection/pc1_sDdS475j6_1.jpg!m_fill,w_280,h_210,f_jpg?from=ke.com
20231106,丰台,五里店,101120304098,丰卉家园南北通透两居室布局合理。,435万,47453元/平,顶层 (共6层) | 2001年 | 2室1厅 | 91.67平米 | 南 北,https://ke-image.ljcdn.com/110000-inspection/pc1_txKYzzl6y_1.jpg!m_fill,w_280,h_210,f_jpg?from=ke.com
20231106,丰台,五里店,101120301794,此房满五年唯一业主诚心出售户型方正低楼层。,298万,41807元/平,底层 (共6层) 2室1厅 | 71.28平米 | 南 北,https://ke-image.ljcdn.com/110000-inspection/pc1_Dkrnmsdew.jpg!m_fill,w_280,h_210,f_jpg?from=ke.com
20231106,丰台,五里店,101120265851,丰西北里  低楼层一居室  精装修,205万,51664元/平,底层 (共6层) | 1995年 | 1室1厅 | 39.68平米 | 东,https://ke-image.ljcdn.com/110000-inspection/pc1_lF450eOg8_1.jpg!m_fill,w_280,h_210,f_jpg?from=ke.com
20231106,丰台,五里店,101120244084,房子是满五唯一视野宽阔前后无遮挡南北通透。,220万,41214元/平,顶层 (共6层) | 1990年 | 2室1厅 | 53.38平米 | 南,https://ke-image.ljcdn.com/110000-inspection/pc1_1HxucckAA_1.jpg!m_fill,w_280,h_210,f_jpg?from=ke.com
20231106,丰台,五里店,101120175995,丰西精装三居室精装修！无遮挡！采光足！业主诚心,328万,42361元/平,低楼层 (共6层) 3室1厅 | 77.43平米 | 东 西,https://ke-image.ljcdn.com/110000-inspection/pc1_7Wch0qIcD.jpg!m_fill,w_280,h_210,f_jpg?from=ke.com
20231106,丰台,五里店,101120115748,满五 采光好诚心出售随时签约,198万,40000元/平,高楼层 (共6层) | 1990年 | 2室1厅 | 49.5平米 | 东北,https://ke-image.ljcdn.com/110000-inspection/pc1_XwqJZM0QG_1.jpg!m_fill,w_280,h_210,f_jpg?from=ke.com
20231106,丰台,五里店,101120107921,丰西北里  南北大两居  楼层高视野好房主自荐,240万,34966元/平,顶层 (共6层) 2室1厅 | 68.64平米 | 南 北,https://ke-image.ljcdn.com/110000-inspection/pc1_0hgu9IYNd_1.jpg!m_fill,w_280,h_210,f_jpg?from=ke.com
20231106,丰台,五里店,101120086767,房子是满五年唯一前后无遮挡正规2居室南北通透。,249万,36298元/平,顶层 (共6层) | 1999年 | 3室1厅 | 68.6平米 | 南 北,https://ke-image.ljcdn.com/110000-inspection/a67e978d-c846-45d0-a24d-76c9bdb6df39_1000.jpg!m_fill,w_280,h_210,f_jpg?from=ke.com
20231106,丰台,五里店,101120041858,五里店北里南北两居室总价合适。,469万,57575元/平,低楼层 (共10层) 2室1厅 | 81.46平米 | 南 北,https://ke-image.ljcdn.com/110000-inspection/pc1_8qlRtsLR7_1.jpg!m_fill,w_280,h_210,f_jpg?from=ke.com
20231106,丰台,五里店,101120042479,此房满五年业主诚心出售户型方正采光充足,258万,36196元/平,顶层 (共6层) 2室1厅 | 71.28平米 | 南 北,https://ke-image.ljcdn.com/110000-inspection/pc1_RbAQ6bdOt_1.jpg!m_fill,w_280,h_210,f_jpg?from=ke.com
20231106,丰台,五里店,101119989648,丰西北里 2室1厅 南 北,190万,35134元/平,顶层 (共6层) 2室1厅 | 54.08平米 | 南 北,https://ke-image.ljcdn.com/110000-inspection/pc1_rFADJUXAK_1.jpg!m_fill,w_280,h_210,f_jpg?from=ke.com
20231106,丰台,五里店,101119904861,五里店南里客厅有明窗宽敞明亮诚心出售,285万,39694元/平,中楼层 (共6层) | 1990年 | 3室1厅 | 71.8平米 | 南 北,https://ke-image.ljcdn.com/110000-inspection/pc1_EB7EN82DX_1.jpg!m_fill,w_280,h_210,f_jpg?from=ke.com
20231106,丰台,五里店,101119899784,南五里店45号院 2室1厅 东 南 西,255万,46004元/平,中楼层 (共6层) | 1995年 | 2室1厅 | 55.43平米 | 东 南 西,https://ke-image.ljcdn.com/110000-inspection/pc1_AhqKbvHER_1.jpg!m_fill,w_280,h_210,f_jpg?from=ke.com
20231106,丰台,五里店,101119877078,两室一厅中楼层精装修满五年唯一交通便利！房主自荐,253万,45850元/平,中楼层 (共6层) | 1995年 | 2室1厅 | 55.18平米 | 东 西,https://ke-image.ljcdn.com/110000-inspection/pc1_vzIcIHo9C_1.jpg!m_fill,w_280,h_210,f_jpg?from=ke.com
20231106,丰台,五里店,101119874184,丰西北里 2室1厅 南 北,200万,37231元/平,顶层 (共6层) 2室1厅 | 53.72平米 | 南 北,https://ke-image.ljcdn.com/110000-inspection/pc1_WOLvFm93d_1.jpg!m_fill,w_280,h_210,f_jpg?from=ke.com
20231106,丰台,五里店,101119848395,程庄南里满五唯一中楼层大两居采光通风好,430万,47933元/平,中楼层 (共21层) | 2005年 | 2室1厅 | 89.71平米 | 西,https://ke-image.ljcdn.com/110000-inspection/pc1_MvC1DvkPz_1.jpg!m_fill,w_280,h_210,f_jpg?from=ke.com
20231106,丰台,五里店,101119843130,程庄路3号院南北通透两居室采光好,260万,44674元/平,高楼层 (共6层) | 1980年 | 2室1厅 | 58.2平米 | 南 北,https://ke-image.ljcdn.com/110000-inspection/pc1_SucG3m6U9_1.jpg!m_fill,w_280,h_210,f_jpg?from=ke.com
20231106,丰台,五里店,101119825090,新兴家园 商品房 正规2居室 诚意卖,333万,43990元/平,低楼层 (共22层) | 2000年 | 2室1厅 | 75.7平米 | 南 西,https://ke-image.ljcdn.com/110000-inspection/pc1_0rIsnwljt_1.jpg!m_fill,w_280,h_210,f_jpg?from=ke.com
20231106,丰台,五里店,101119694286,程庄路68号院 2室1厅 南 北,310万,40683元/平,高楼层 (共6层) 2室1厅 | 76.2平米 | 南 北,https://ke-image.ljcdn.com/110000-inspection/pc1_KNgrcxqFI_1.jpg!m_fill,w_280,h_210,f_jpg?from=ke.com
20231106,丰台,五里店,101119685794,五里店南里 精装修 两居室 看房方便,219万,44740元/平,底层 (共6层) | 1999年 | 2室1厅 | 48.95平米 | 东南 北,https://ke-image.ljcdn.com/110000-inspection/pc1_TPVPRn4jW_1.jpg!m_fill,w_280,h_210,f_jpg?from=ke.com
20231106,丰台,五里店,101119673678,丰西北里 低楼层南向两居室 急售,218万,40978元/平,低楼层 (共6层) | 1990年 | 2室1厅 | 53.2平米 | 东 南,https://ke-image.ljcdn.com/110000-inspection/pc1_GGvoJasQq_1.jpg!m_fill,w_280,h_210,f_jpg?from=ke.com
20231106,丰台,五里店,101119655417,丰西北里 正规两居室 高楼层 采光足,180万,35267元/平,顶层 (共5层) | 1980年 | 2室1厅 | 51.04平米 | 南,https://ke-image.ljcdn.com/110000-inspection/pc1_mNLA7P7jb_1.jpg!m_fill,w_280,h_210,f_jpg?from=ke.com
20231106,丰台,五里店,101119647788,丰卉家园 2室2厅 南 北,445万,46803元/平,顶层 (共6层) | 2005年 | 2室2厅 | 95.08平米 | 南 北,https://ke-image.ljcdn.com/110000-inspection/pc1_QrtvrVV4V_1.jpg!m_fill,w_280,h_210,f_jpg?from=ke.com
20231106,丰台,五里店,101119624235,房子满五唯一南北通透采光充足业主诚心出售。,243万,38837元/平,顶层 (共6层) 2室1厅 | 62.57平米 | 南 北,https://ke-image.ljcdn.com/110000-inspection/pc1_BHuEjzhAC_1.jpg!m_fill,w_280,h_210,f_jpg?from=ke.com
20231106,丰台,五里店,101119486514,程庄小区满五唯一商品房精装修全南向大两居,415万,45550元/平,顶层 (共21层) 2室1厅 | 91.11平米 | 南,https://ke-image.ljcdn.com/110000-inspection/pc1_CGjwzbK9J_1.jpg!m_fill,w_280,h_210,f_jpg?from=ke.com
20231106,丰台,五里店,101119481664,新兴家园 次顶层正规两居 业主诚心出售 价格可谈,365万,50765元/平,高楼层 (共22层) | 2000年 | 2室1厅 | 71.9平米 | 东,https://ke-image.ljcdn.com/110000-inspection/pc1_lzW6NyB6m_1.jpg!m_fill,w_280,h_210,f_jpg?from=ke.com
20231106,丰台,五里店,101119480909,四环2002年电梯房大三居小区停车方便带公园,550万,38176元/平,高楼层 (共19层) | 2002年 | 3室1厅 | 144.07平米 | 西南,https://ke-image.ljcdn.com/110000-inspection/pc1_MTYbUnn89.jpg!m_fill,w_280,h_210,f_jpg?from=ke.com
20231106,丰台,五里店,101119461733,丰西北里   三居室户型   南北通透  一层  满五唯一,249万,38545元/平,底层 (共5层) 3室1厅 | 64.6平米 | 南 北,https://ke-image.ljcdn.com/110000-inspection/pc1_BQkEVhmIn_1.jpg!m_fill,w_280,h_210,f_jpg?from=ke.com
20231106,丰台,五里店,101119437200,五里店南里板楼南北两居有客厅。,252万,42325元/平,顶层 (共6层) 2室1厅 | 59.54平米 | 南 北,https://ke-image.ljcdn.com/110000-inspection/pc1_WhdWGdjuH_1.jpg!m_fill,w_280,h_210,f_jpg?from=ke.com
20231106,丰台,五里店,101119345739,五里店北里一区 3室1厅 南 北,650万,58888元/平,中楼层 (共10层) | 2003年 | 3室1厅 | 110.38平米 | 南 北,https://ke-image.ljcdn.com/110000-inspection/pc1_QURlek2Hk.jpg!m_fill,w_280,h_210,f_jpg?from=ke.com
20231106,丰台,五里店,101119332519,程庄路3号院 2室1厅 南,238万,44075元/平,中楼层 (共6层) | 1979年 | 2室1厅 | 54平米 | 南,https://ke-image.ljcdn.com/110000-inspection/pc1_JdkRxlIW6.jpg!m_fill,w_280,h_210,f_jpg?from=ke.com
20231106,丰台,五里店,101119319980,楼层好视野开阔前方无遮挡布局合理。,278万,50749元/平,中楼层 (共16层) | 2005年 | 1室1厅 | 54.78平米 | 北,https://ke-image.ljcdn.com/110000-inspection/pc1_PSW1kbDBZ_1.jpg!m_fill,w_280,h_210,f_jpg?from=ke.com
20231106,丰台,五里店,101119317474,五里店南里低楼层2居室靠谱出售看房提前约。,215万,38332元/平,中楼层 (共5层) | 1990年 | 2室1厅 | 56.09平米 | 东南,https://ke-image.ljcdn.com/110000-inspection/pc1_JCaVGDxHT.jpg!m_fill,w_280,h_210,f_jpg?from=ke.com
20231106,丰台,五里店,101119312195,程庄路6号院 南北两居 高楼层 采光不错,253万,46852元/平,高楼层 (共6层) 2室1厅 | 54平米 | 南 北,https://ke-image.ljcdn.com/110000-inspection/fe406449-0e38-4077-8527-ff7eab7ccef3_1000.jpg!m_fill,w_280,h_210,f_jpg?from=ke.com
20231106,丰台,五里店,101119231981,程庄路3号院 南北通透 满五年 交通便利,265万,40582元/平,高楼层 (共6层) | 1989年 | 2室1厅 | 65.3平米 | 南 北,https://ke-image.ljcdn.com/110000-inspection/pc1_6WDd4r2cB_1.jpg!m_fill,w_280,h_210,f_jpg?from=ke.com
20231106,丰台,五里店,101119168459,丰卉家园 2室1厅 南 北,410万,45359元/平,顶层 (共6层) 2室1厅 | 90.39平米 | 南 北,https://ke-image.ljcdn.com/110000-inspection/pc1_prBJvK13s_1.jpg!m_fill,w_280,h_210,f_jpg?from=ke.com
20231106,丰台,五里店,101119130864,南北通透户型采光视野好交通便利。,230万,38017元/平,顶层 (共6层) | 1979年 | 2室1厅 | 60.5平米 | 南 北,https://ke-image.ljcdn.com/110000-inspection/pc1_vCuBPKxz0.jpg!m_fill,w_280,h_210,f_jpg?from=ke.com
20231106,丰台,五里店,101119098428,丰西北里 低楼层  采光好 无遮挡   看房方便,249万,42204元/平,低楼层 (共6层) | 1990年 | 2室1厅 | 59平米 | 南 北,https://ke-image.ljcdn.com/110000-inspection/pc1_fbvuuEhI8_1.jpg!m_fill,w_280,h_210,f_jpg?from=ke.com
20231106,丰台,五里店,101119026849,五里店9号院 正规南北两居 视野开阔 独立客厅,195万,32834元/平,顶层 (共6层) | 1998年 | 2室1厅 | 59.39平米 | 南 北,https://ke-image.ljcdn.com/110000-inspection/pc1_WKh3Gc0KG_1.jpg!m_fill,w_280,h_210,f_jpg?from=ke.com
20231106,丰台,五里店,101119015833,和光里 3室1厅 南 北,655万,57201元/平,中楼层 (共10层) 3室1厅 | 114.51平米 | 南 北,https://ke-image.ljcdn.com/110000-inspection/pc1_QgGiFDVGF_1.jpg!m_fill,w_280,h_210,f_jpg?from=ke.com
20231106,丰台,五里店,101118990794,新兴家园 正规西南向两居  满五年唯一 价格可谈房主自荐,410万,49649元/平,低楼层 (共22层) | 1998年 | 2室1厅 | 82.58平米 | 南 西,https://ke-image.ljcdn.com/110000-inspection/pc1_93n0HTyaG_1.jpg!m_fill,w_280,h_210,f_jpg?from=ke.com
20231106,丰台,五里店,101118967388,一层出入方便格局方正看房方便,209万,57418元/平,底层 (共6层) | 1992年 | 1室1厅 | 36.4平米 | 南,https://ke-image.ljcdn.com/110000-inspection/b1a49372-a727-4bd0-a4d8-892bbdff0289_1000.jpg!m_fill,w_280,h_210,f_jpg?from=ke.com
20231106,丰台,五里店,101118933872,和光里小区高楼层一居室视野开阔。房主自荐,280万,51114元/平,高楼层 (共16层) | 2005年 | 1室1厅 | 54.78平米 | 北,https://ke-image.ljcdn.com/110000-inspection/pc1_r5sPZrNgb_1.jpg!m_fill,w_280,h_210,f_jpg?from=ke.com
20231106,丰台,五里店,101118893928,丰西北里三居室 精装修 南北通透,238万,34674元/平,顶层 (共6层) 3室1厅 | 68.64平米 | 南 北,https://ke-image.ljcdn.com/110000-inspection/pc1_U4aWyq1xK.jpg!m_fill,w_280,h_210,f_jpg?from=ke.com
20231106,丰台,五里店,101118886340,和光里商品房全南户型方正2室客厅主卧朝南看房方便,482万,51359元/平,底层 (共12层) 2室1厅 | 93.85平米 | 南,https://ke-image.ljcdn.com/110000-inspection/pc1_lgbI6NmSa_1.jpg!m_fill,w_280,h_210,f_jpg?from=ke.com
20231106,丰台,五里店,101118878311,丰西北里  正规一居室    低楼层  上下楼方便,185万,46320元/平,低楼层 (共6层) 1室1厅 | 39.94平米 | 东,https://ke-image.ljcdn.com/110000-inspection/pc1_DkB2kkFE6_1.jpg!m_fill,w_280,h_210,f_jpg?from=ke.com
20231106,丰台,五里店,101118871042,丰西北里甲7号院 正规两居室 南北通透 双卧朝南,268万,37982元/平,高楼层 (共6层) | 1998年 | 2室1厅 | 70.56平米 | 南 北,https://ke-image.ljcdn.com/110000-inspection/pc1_jetS9A5WJ_1.jpg!m_fill,w_280,h_210,f_jpg?from=ke.com
20231106,丰台,五里店,101118867442,程庄路3号 满五年 有电梯 精装修 中间层,195万,48995元/平,中楼层 (共6层) 1室1厅 | 39.8平米 | 南,https://ke-image.ljcdn.com/110000-inspection/pc1_aSixaiDS2.jpg!m_fill,w_280,h_210,f_jpg?from=ke.com
20231106,丰台,五里店,101118860156,满五唯一2个卧室朝南一个朝北采光好无遮挡。,253万,36881元/平,顶层 (共6层) 3室1厅 | 68.6平米 | 南 北,https://ke-image.ljcdn.com/110000-inspection/pc1_iWFcsngsF_1.jpg!m_fill,w_280,h_210,f_jpg?from=ke.com
20231106,丰台,五里店,101118822232,新兴家园2居满五年唯一 业主诚意出售房主自荐,322万,44785元/平,低楼层 (共22层) | 2000年 | 2室1厅 | 71.9平米 | 西,https://ke-image.ljcdn.com/110000-inspection/pc1_uYzjgDAFE_1.jpg!m_fill,w_280,h_210,f_jpg?from=ke.com
20231106,丰台,五里店,101118803020,丰西北里 高楼层  采光好  装修好房主自荐,248万,36131元/平,顶层 (共6层) 2室1厅 | 68.64平米 | 南 北,https://ke-image.ljcdn.com/110000-inspection/pc1_C6vn52PQf_1.jpg!m_fill,w_280,h_210,f_jpg?from=ke.com
20231106,丰台,五里店,101118783798,房子南北通透采光充足视野宽阔没有遮挡配套齐全,525万,58666元/平,底层 (共7层) | 2006年 | 2室1厅 | 89.49平米 | 南 北,https://ke-image.ljcdn.com/110000-inspection/pc1_AZqy0WteV_1.jpg!m_fill,w_280,h_210,f_jpg?from=ke.com
20231106,丰台,五里店,101118760970,程庄路68号院 2室1厅 南 北,220万,41573元/平,高楼层 (共6层) | 1980年 | 2室1厅 | 52.92平米 | 南 北,https://ke-image.ljcdn.com/110000-inspection/pc1_wVpIpWCXB_1.jpg!m_fill,w_280,h_210,f_jpg?from=ke.com
20231106,丰台,五里店,101118757265,五里店南里正规三居室布局合理。,266万,37360元/平,顶层 (共6层) | 1990年 | 3室1厅 | 71.2平米 | 东 南 西,https://ke-image.ljcdn.com/110000-inspection/prod-e4cb0785-3db2-451f-bf3c-0e04a043bfce.jpg!m_fill,w_280,h_210,f_jpg?from=ke.com
20231106,丰台,五里店,101118720272,南五里店45号院 2室1厅 东 西 北,240万,43298元/平,中楼层 (共6层) | 1995年 | 2室1厅 | 55.43平米 | 东 西 北,https://ke-image.ljcdn.com/110000-inspection/pc1_GRl8cSuqo_1.jpg!m_fill,w_280,h_210,f_jpg?from=ke.com
20231106,丰台,五里店,101118710334,满五唯一中楼层户型方正无遮挡采光好,669万,61281元/平,低楼层 (共7层) | 2005年 | 3室2厅 | 109.17平米 | 南 北,https://ke-image.ljcdn.com/110000-inspection/pc1_0jHoSRNwz_1.jpg!m_fill,w_280,h_210,f_jpg?from=ke.com
20231106,丰台,五里店,101118657802,程庄路3号院 南北通透三居 中间楼层  满五年,365万,50485元/平,中楼层 (共6层) | 1980年 | 3室1厅 | 72.3平米 | 南 北,https://ke-image.ljcdn.com/110000-inspection/pc1_LbzhyxJp3_1.jpg!m_fill,w_280,h_210,f_jpg?from=ke.com
20231106,丰台,五里店,101118604220,五里店南里中楼层全明格局看房方便！随时签约。,178万,41922元/平,中楼层 (共5层) | 2000年 | 1室1厅 | 42.46平米 | 西南,https://ke-image.ljcdn.com/110000-inspection/pc1_mTHYELhek_1.jpg!m_fill,w_280,h_210,f_jpg?from=ke.com
20231106,丰台,五里店,101118600572,满五唯一   宜居宜教    生活便利,178万,42141元/平,中楼层 (共6层) | 1990年 | 1室1厅 | 42.24平米 | 南 北,https://ke-image.ljcdn.com/110000-inspection/pc1_fWDGmhueg_1.jpg!m_fill,w_280,h_210,f_jpg?from=ke.com
20231106,丰台,五里店,101118577175,程庄路68号院 楼层好 户型不错,209万,39494元/平,中楼层 (共6层) | 1980年 | 2室1厅 | 52.92平米 | 南 北,https://ke-image.ljcdn.com/110000-inspection/pc1_C3E3rkhUh_1.jpg!m_fill,w_280,h_210,f_jpg?from=ke.com
20231106,丰台,五里店,101118560611,五里店南里小区 实用三居 业主诚意出售,269万,37771元/平,高楼层 (共6层) 3室1厅 | 71.22平米 | 南 西 北,https://ke-image.ljcdn.com/110000-inspection/pc1_Kgh5PajQS_1.jpg!m_fill,w_280,h_210,f_jpg?from=ke.com
20231106,丰台,五里店,101118503057,南五里店45号院 3室1厅 南 北,338万,51423元/平,高楼层 (共6层) | 1996年 | 3室1厅 | 65.73平米 | 南 北,https://ke-image.ljcdn.com/110000-inspection/1e74afe5-ca4b-40b0-9fa8-24583470270a_1000.jpg!m_fill,w_280,h_210,f_jpg?from=ke.com
20231106,丰台,五里店,101118471597,五里店南里南北两居室楼层合适。房主自荐,230万,37829元/平,中楼层 (共6层) 2室1厅 | 60.8平米 | 南 北,https://ke-image.ljcdn.com/110000-inspection/pc1_ziL3NNG1K_1.jpg!m_fill,w_280,h_210,f_jpg?from=ke.com
20231106,丰台,五里店,101118485755,业主诚心出售有意向价格都可以商量,258万,46245元/平,中楼层 (共6层) | 1993年 | 2室1厅 | 55.79平米 | 南 北,https://ke-image.ljcdn.com/110000-inspection/pc1_eNpsggHmy_1.jpg!m_fill,w_280,h_210,f_jpg?from=ke.com
20231106,丰台,五里店,101118462366,五里店南里 3室1厅 南 北,289万,39139元/平,中楼层 (共6层) 3室1厅 | 73.84平米 | 南 北,https://ke-image.ljcdn.com/110000-inspection/pc1_GuPA2Tw3y_1.jpg!m_fill,w_280,h_210,f_jpg?from=ke.com
20231106,丰台,五里店,101118440675,程庄路3号院 满五年唯一 3层 三居 明厨明卫房主自荐,388万,48259元/平,中楼层 (共6层) 3室1厅 | 80.4平米 | 东 西 北,https://ke-image.ljcdn.com/110000-inspection/pc1_lFm5IBDO9_1.jpg!m_fill,w_280,h_210,f_jpg?from=ke.com
20231106,丰台,五里店,101118396531,五里店南里 南北三居 满五唯一 高楼层,252万,37016元/平,顶层 (共6层) | 2000年 | 3室1厅 | 68.08平米 | 南 北,https://ke-image.ljcdn.com/110000-inspection/pc1_T5NrsQPSw_1.jpg!m_fill,w_280,h_210,f_jpg?from=ke.com
20231106,丰台,五里店,101118349551,和光里小区正规一室 高层 视野好,277万,49333元/平,顶层 (共16层) | 2005年 | 1室1厅 | 56.15平米 | 北,https://ke-image.ljcdn.com/110000-inspection/prod-518df06a-f1ec-4056-9543-0573105935f6.jpg!m_fill,w_280,h_210,f_jpg?from=ke.com
20231106,丰台,五里店,101118341366,丰西北里 南北通透 满五唯一 地铁16号线,232万,37079元/平,高楼层 (共6层) 2室1厅 | 62.57平米 | 南 北,https://ke-image.ljcdn.com/110000-inspection/pc1_9Ts6IzjOa.jpg!m_fill,w_280,h_210,f_jpg?from=ke.com
20231106,丰台,五里店,101118324078,程庄路新兴家园 高楼层 满五唯一 诚心出售,350万,46236元/平,高楼层 (共22层) | 2000年 | 2室1厅 | 75.7平米 | 东南,https://ke-image.ljcdn.com/110000-inspection/pc1_QY2UCEIBV.jpg!m_fill,w_280,h_210,f_jpg?from=ke.com
20231106,丰台,五里店,101118168530,丰西北里 南北户型 高楼层视野好,239万,38198元/平,高楼层 (共6层) 2室1厅 | 62.57平米 | 南 北,https://ke-image.ljcdn.com/110000-inspection/671b0732-0a35-4909-aea6-07974cbd2388_1000.jpg!m_fill,w_280,h_210,f_jpg?from=ke.com
20231106,丰台,五里店,101118153145,和光里 精装修 高层 南向 两居室,505万,53616元/平,顶层 (共12层) 2室1厅 | 94.19平米 | 南,https://ke-image.ljcdn.com/110000-inspection/pc1_nC3uNJWAg.jpg!m_fill,w_280,h_210,f_jpg?from=ke.com
20231106,丰台,五里店,101118132809,程庄南里满五唯一采光好户型规整正规一居,235万,44788元/平,低楼层 (共21层) | 2005年 | 1室1厅 | 52.47平米 | 西,https://ke-image.ljcdn.com/110000-inspection/pc1_7gZ9tnmqH_1.jpg!m_fill,w_280,h_210,f_jpg?from=ke.com
20231106,丰台,五里店,101118128071,新兴家园 2室1厅 南 西,439万,53161元/平,高楼层 (共22层) | 2000年 | 2室1厅 | 82.58平米 | 南 西,https://ke-image.ljcdn.com/110000-inspection/pc1_2RH0mCqFt.jpg!m_fill,w_280,h_210,f_jpg?from=ke.com
20231106,丰台,五里店,101118100414,五里店南里中间楼层采光充足诚心出售房主自荐,266万,35874元/平,中楼层 (共6层) | 1990年 | 3室1厅 | 74.15平米 | 南 北,https://ke-image.ljcdn.com/110000-inspection/pc1_yU4ZRdgu0_1.jpg!m_fill,w_280,h_210,f_jpg?from=ke.com
20231106,丰台,五里店,101118072303,程庄南里 全南朝向大两居 户型很好,469万,42333元/平,低楼层 (共21层) | 2005年 | 2室1厅 | 110.79平米 | 南,https://ke-image.ljcdn.com/110000-inspection/pc1_SYQSlMihP.jpg!m_fill,w_280,h_210,f_jpg?from=ke.com
20231106,丰台,五里店,101118058576,五里店南里 2室1厅 南 北,238万,41413元/平,高楼层 (共6层) | 1990年 | 2室1厅 | 57.47平米 | 南 北,https://ke-image.ljcdn.com/110000-inspection/pc1_xw4zDZgMI.jpg!m_fill,w_280,h_210,f_jpg?from=ke.com
20231106,丰台,五里店,101117979181,满五年唯一南北 通透格局采光好视野宽阔。,235万,34237元/平,高楼层 (共6层) 2室1厅 | 68.64平米 | 南 北,https://ke-image.ljcdn.com/110000-inspection/pc1_kFUg2EStd_1.jpg!m_fill,w_280,h_210,f_jpg?from=ke.com
20231106,丰台,五里店,101117969845,彩虹家园 满两年 商品房 采光好业主诚意出售,379万,57538元/平,高楼层 (共20层) | 2012年 | 2室1厅 | 65.87平米 | 南,https://ke-image.ljcdn.com/110000-inspection/pc1_jWmUr0Q7t_1.jpg!m_fill,w_280,h_210,f_jpg?from=ke.com
20231106,丰台,五里店,101117947685,满五年的商品房2005年的社区小区自带公园,415万,45550元/平,中楼层 (共21层) | 2005年 | 2室1厅 | 91.11平米 | 南,https://ke-image.ljcdn.com/110000-inspection/pc1_uRxsm96hR.jpg!m_fill,w_280,h_210,f_jpg?from=ke.com
20231106,丰台,五里店,101117903300,丰西北里 南北通透户型看房提前约。精装修房主自荐,320万,54506元/平,底层 (共6层) | 1995年 | 2室1厅 | 58.71平米 | 南 北,https://ke-image.ljcdn.com/110000-inspection/ec4bb7af-c207-4e18-8dc4-5f0e6436dc1c_1000.jpg!m_fill,w_280,h_210,f_jpg?from=ke.com
20231106,丰台,五里店,101117892430,丰卉家园南北通透大两居看房方便诚心出售,405万,43846元/平,高楼层 (共6层) 2室1厅 | 92.37平米 | 南 北,https://ke-image.ljcdn.com/110000-inspection/pc1_jao30kUUR.jpg!m_fill,w_280,h_210,f_jpg?from=ke.com
20231106,丰台,五里店,101117775187,小区环境好停车方便居住舒适度高。,575万,39931元/平,低楼层 (共19层) | 2002年 | 3室1厅 | 144平米 | 西北,https://ke-image.ljcdn.com/110000-inspection/pc1_05DbIyXmI.jpg!m_fill,w_280,h_210,f_jpg?from=ke.com
20231106,丰台,五里店,101117752143,此房楼层好采光视野宽广前后无遮挡。房主自荐,193万,39046元/平,顶层 (共6层) | 1999年 | 2室1厅 | 49.43平米 | 东北,https://ke-image.ljcdn.com/110000-inspection/pc1_q3xFHPsxG.jpg!m_fill,w_280,h_210,f_jpg?from=ke.com
20231106,丰台,五里店,101117637276,新兴家园 2室1厅 东,355万,49375元/平,中楼层 (共22层) | 1998年 | 2室1厅 | 71.9平米 | 东,https://ke-image.ljcdn.com/110000-inspection/pc1_HI7SCcUL0.jpg!m_fill,w_280,h_210,f_jpg?from=ke.com
20231106,丰台,五里店,101117598241,此房 南北通透户型方正视野好采光无遮挡,303万,39639元/平,中楼层 (共6层) 3室1厅 | 76.44平米 | 南 北,https://ke-image.ljcdn.com/110000-inspection/pc1_jX5BLfpdF.jpg!m_fill,w_280,h_210,f_jpg?from=ke.com
20231106,丰台,五里店,101117543597,丰卉家园精装修视野好业主诚心出售,320万,50040元/平,高楼层 (共6层) | 2006年 | 2室1厅 | 63.95平米 | 东 西,https://ke-image.ljcdn.com/110000-inspection/pc1_mwF5ZsLOb.jpg!m_fill,w_280,h_210,f_jpg?from=ke.com
20231106,丰台,五里店,101117521395,南五里店45号院 满五唯一 商品房 低楼层,273万,49574元/平,低楼层 (共6层) 2室1厅 | 55.07平米 | 南 北,https://ke-image.ljcdn.com/110000-inspection/pc1_Pp7OHJqdo.jpg!m_fill,w_280,h_210,f_jpg?from=ke.com
20231106,丰台,五里店,101117388925,南五里店45号院 满五唯一视野好,245万,43915元/平,高楼层 (共6层) | 1993年 | 2室1厅 | 55.79平米 | 南 北,https://ke-image.ljcdn.com/110000-inspection/pc1_e6Nh6KWyn.jpg!m_fill,w_280,h_210,f_jpg?from=ke.com
20231106,丰台,五里店,101117157841,新兴家园 精装修两居 全明格局 高层无遮挡 采光好,370万,51461元/平,顶层 (共22层) | 2000年 | 2室1厅 | 71.9平米 | 西,https://ke-image.ljcdn.com/110000-inspection/pc1_dUn8XDWIP.jpg!m_fill,w_280,h_210,f_jpg?from=ke.com
20231106,丰台,五里店,101117147726,丰西北里 满五唯一 格局好 采光视野好,195万,36655元/平,顶层 (共6层) | 1990年 | 2室1厅 | 53.2平米 | 西南,https://ke-image.ljcdn.com/110000-inspection/891d12c8-dd86-41ed-8191-bf96ae9b5c97_1000.jpg!m_fill,w_280,h_210,f_jpg?from=ke.com
20231106,丰台,五里店,101117108962,五里店南里小区楼层2层南北通透优质2居室,259万,40596元/平,低楼层 (共6层) | 1990年 | 2室1厅 | 63.8平米 | 南 北,https://ke-image.ljcdn.com/110000-inspection/pc1_JBRM3nogu.jpg!m_fill,w_280,h_210,f_jpg?from=ke.com
20231106,丰台,五里店,101117062035,丰西北里 南北通透两居室 楼层低 业主诚售,270万,39636元/平,低楼层 (共6层) | 1986年 | 3室1厅 | 68.12平米 | 南 北,https://ke-image.ljcdn.com/110000-inspection/5585981f-c6d0-4a81-b04a-fc34d1c7cb4f_1000.jpg!m_fill,w_280,h_210,f_jpg?from=ke.com
20231106,丰台,五里店,101116891687,五里店南里 位置优越 视野开阔 无遮挡 诚心出售房主自荐,268万,35292元/平,顶层 (共6层) 3室1厅 | 75.94平米 | 南 北,https://ke-image.ljcdn.com/110000-inspection/pc1_z17GFDsag_1.jpg!m_fill,w_280,h_210,f_jpg?from=ke.com
20231106,丰台,五里店,101116874355,满五年唯一 精装修采光好诚意出售 随时签约。房主自荐,258万,36196元/平,顶层 (共6层) 2室2厅 | 71.28平米 | 南 北,https://ke-image.ljcdn.com/110000-inspection/41b74187-b1d8-43c3-b930-4f516189162d_1000.jpg!m_fill,w_280,h_210,f_jpg?from=ke.com
20231106,丰台,五里店,101116764456,和风四季2008年带电梯朝南两居采光充足诚心出售房主自荐,560万,45264元/平,低楼层 (共21层) | 2007年 | 2室1厅 | 123.72平米 | 南,https://ke-image.ljcdn.com/110000-inspection/pc1_RAkAVH3g8.jpg!m_fill,w_280,h_210,f_jpg?from=ke.com
20231106,丰台,五里店,101116667611,和风四季 2室1厅 西北,475万,48490元/平,高楼层 (共21层) | 2007年 | 2室1厅 | 97.96平米 | 西北,https://ke-image.ljcdn.com/110000-inspection/pc1_KtABrdg0y.jpg!m_fill,w_280,h_210,f_jpg?from=ke.com
20231106,丰台,五里店,101116645855,此房满五年唯一采光充足没有遮挡户型方正,230万,42751元/平,顶层 (共6层) | 1980年 | 2室1厅 | 53.8平米 | 南,https://ke-image.ljcdn.com/110000-inspection/pc1_hYfUuLjBy_1.jpg!m_fill,w_280,h_210,f_jpg?from=ke.com
20231106,丰台,五里店,101116638433,五里店南里户型方正布局合理。,175万,35920元/平,中楼层 (共6层) 1室1厅 | 48.72平米 | 南,https://ke-image.ljcdn.com/110000-inspection/pc1_KWZ0Grx1r.jpg!m_fill,w_280,h_210,f_jpg?from=ke.com
20231106,丰台,五里店,101116618319,程庄南里朝南向两居室中间楼层视野好小区有花园,420万,46099元/平,中楼层 (共21层) 2室1厅 | 91.11平米 | 南,https://ke-image.ljcdn.com/110000-inspection/pc1_X5UFVHKYz.jpg!m_fill,w_280,h_210,f_jpg?from=ke.com
20231106,丰台,五里店,101116578499,程庄路3号院南北通透两居室看房方便,269万,44317元/平,高楼层 (共6层) | 1980年 | 2室1厅 | 60.7平米 | 南 北,https://ke-image.ljcdn.com/110000-inspection/pc1_fmPaSWAQp_1.jpg!m_fill,w_280,h_210,f_jpg?from=ke.com
20231106,丰台,五里店,101116575781,房子是次顶层的采光好诚心出售随时签约,230万,42530元/平,高楼层 (共6层) 2室1厅 | 54.08平米 | 南 北,https://ke-image.ljcdn.com/110000-inspection/3fe43df7-5c04-42a8-b430-e0a41ca682d9_1000.jpg!m_fill,w_280,h_210,f_jpg?from=ke.com
20231106,丰台,五里店,101116485183,和光里经典北向一居户型好配套齐全,259万,50765元/平,底层 (共16层) | 2005年 | 1室1厅 | 51.02平米 | 北,https://ke-image.ljcdn.com/110000-inspection/pc1_9lJyohHMV.jpg!m_fill,w_280,h_210,f_jpg?from=ke.com
20231106,丰台,五里店,101115842016,五里店南里一居室交通便利生活方便,160万,39831元/平,中楼层 (共5层) | 2015年 | 1室1厅 | 40.17平米 | 南,https://ke-image.ljcdn.com/110000-inspection/pc1_Niq1dzxNf.jpg!m_fill,w_280,h_210,f_jpg?from=ke.com
20231106,丰台,五里店,101115293037,公园式有电梯社区 2005年满五年商品房  停车方便,510万,37388元/平,高楼层 (共21层) | 2005年 | 3室2厅 | 136.41平米 | 南 北,https://ke-image.ljcdn.com/110000-inspection/pc1_ASlvA5JvJ_1.jpg!m_fill,w_280,h_210,f_jpg?from=ke.com
20231106,丰台,五里店,101115063752,五里店南里三居室交通便利生活方便,288万,46266元/平,中楼层 (共6层) | 1995年 | 3室1厅 | 62.25平米 | 南 北,https://ke-image.ljcdn.com/110000-inspection/a4443e65-62b5-42e8-a5e0-ab7683d86e8c_1000.jpg!m_fill,w_280,h_210,f_jpg?from=ke.com
20231106,丰台,五里店,101114803425,丰西北里满五年唯一精装修正规一居,190万,45196元/平,低楼层 (共6层) 1室1厅 | 42.04平米 | 南,https://ke-image.ljcdn.com/110000-inspection/357efef3-b084-4648-bbf3-066b89ec8a29_1000.jpg!m_fill,w_280,h_210,f_jpg?from=ke.com
20231106,丰台,五里店,101114803356,丰西北里 南北通透 满五唯一 精装修 采光好,252万,36714元/平,顶层 (共6层) 3室1厅 | 68.64平米 | 南 北,https://ke-image.ljcdn.com/110000-inspection/a99075bf-0fb2-492b-a7bf-5dd4da919ffb_1000.jpg!m_fill,w_280,h_210,f_jpg?from=ke.com
20231106,丰台,五里店,101114744674,四环边五里店南里小区 南北通透三居室,300万,42006元/平,高楼层 (共6层) | 1990年 | 3室1厅 | 71.42平米 | 北 南,https://ke-image.ljcdn.com/110000-inspection/pc1_4j7We0Plp_1.jpg!m_fill,w_280,h_210,f_jpg?from=ke.com
20231106,丰台,五里店,101114690862,程庄南里小区精装修满五唯一商品房,560万,41053元/平,中楼层 (共21层) | 2005年 | 3室2厅 | 136.41平米 | 西北,https://ke-image.ljcdn.com/110000-inspection/pc1_wcTiSBmC3.jpg!m_fill,w_280,h_210,f_jpg?from=ke.com
20231106,丰台,五里店,101114391340,房子是满五唯一的采光好诚心出售随时签约,256万,43105元/平,顶层 (共6层) 2室1厅 | 59.39平米 | 南 北,https://ke-image.ljcdn.com/110000-inspection/82c425a1-d1a5-412a-adc4-101740dfcdf6_1000.jpg!m_fill,w_280,h_210,f_jpg?from=ke.com
20231106,丰台,五里店,101113731723,程庄小区 满五唯一 楼层高 视野好,540万,39674元/平,顶层 (共21层) 3室1厅 | 136.11平米 | 南 西 北,https://ke-image.ljcdn.com/110000-inspection/e4ee79c3-cacd-4e71-af35-86dd84f3a745_1000.jpg!m_fill,w_280,h_210,f_jpg?from=ke.com
20231106,丰台,五里店,101113699558,满五唯一 南向大两居 户型方正 落地阳台 采光好,495万,52682元/平,低楼层 (共16层) | 2005年 | 2室1厅 | 93.96平米 | 南,https://ke-image.ljcdn.com/110000-inspection/pc1_5PfAnQ9Rg_1.jpg!m_fill,w_280,h_210,f_jpg?from=ke.com
20231106,丰台,五里店,101113661597,和光里南北通透中间楼层采光好无遮挡,715万,56751元/平,中楼层 (共10层) | 2005年 | 3室2厅 | 125.99平米 | 南 北,https://ke-image.ljcdn.com/110000-inspection/pc1_3QIupNKyr.jpg!m_fill,w_280,h_210,f_jpg?from=ke.com
20231106,丰台,五里店,101112065271,五里店南里南北通透两居室交通便利配套齐全,225万,40143元/平,高楼层 (共6层) | 1990年 | 2室1厅 | 56.05平米 | 南 北,https://ke-image.ljcdn.com/110000-inspection/pc1_2eeYpPg1w_1.jpg!m_fill,w_280,h_210,f_jpg?from=ke.com
20231106,丰台,五里店,101108078221,程庄南里大三居小区带公园停车位充足,550万,40409元/平,底层 (共21层) | 2006年 | 3室1厅 | 136.11平米 | 南 西北,https://ke-image.ljcdn.com/110000-inspection/prod-eea2dda7-5a9c-4792-b72c-fabb4d9c7f74.jpg!m_fill,w_280,h_210,f_jpg?from=ke.com
20231106,丰台,五里店,101121576813,程庄路3号院 3室1厅 南 北,350万,47298元/平,底层 (共6层) | 1980年 | 3室1厅 | 74平米 | 南 北,https://ke-image.ljcdn.com/110000-inspection/pc1_s5wOiCBhl_1.jpg!m_fill,w_280,h_210,f_jpg?from=ke.com
20231106,丰台,五里店,101121329244,新兴家园 2室1厅 西,350万,48679元/平,中楼层 (共22层) | 1998年 | 2室1厅 | 71.9平米 | 西,https://ke-image.ljcdn.com/110000-inspection/pc1_TcujaVVqa_1.jpg!m_fill,w_280,h_210,f_jpg?from=ke.com
20231106,丰台,五里店,101121292112,丰西北里 2室1厅 北 南,229万,33363元/平,顶层 (共6层) 2室1厅 | 68.64平米 | 北 南,https://ke-image.ljcdn.com/110000-inspection/pc1_OFYYy0lQs_1.jpg!m_fill,w_280,h_210,f_jpg?from=ke.com
20231106,丰台,五里店,101121279942,丰卉家园 2室1厅 南 北,410万,44726元/平,顶层 (共6层) 2室1厅 | 91.67平米 | 南 北,https://ke-image.ljcdn.com/110000-inspection/pc1_hf3UzCYZo.jpg!m_fill,w_280,h_210,f_jpg?from=ke.com
20231106,丰台,五里店,101121229729,五里店南里 3室1厅 南 北,305万,42754元/平,低楼层 (共6层) 3室1厅 | 71.34平米 | 南 北,https://ke-image.ljcdn.com/110000-inspection/pc1_qlFNkUGXT.jpg!m_fill,w_280,h_210,f_jpg?from=ke.com
20231106,丰台,五里店,101121168590,五里店南里 2室1厅 南 北,199万,37051元/平,顶层 (共6层) | 2000年 | 2室1厅 | 53.71平米 | 南 北,https://ke-image.ljcdn.com/110000-inspection/40128ef5-86c9-4c71-afa5-b8153c0e5539_1000.jpg!m_fill,w_280,h_210,f_jpg?from=ke.com
20231106,丰台,五里店,101121164403,程庄路3号院 2室1厅 西 南 北,260万,40248元/平,顶层 (共6层) | 1990年 | 2室1厅 | 64.6平米 | 西 南 北,https://ke-image.ljcdn.com/110000-inspection/pc1_HeVMXaFpo_1.jpg!m_fill,w_280,h_210,f_jpg?from=ke.com
20231106,丰台,五里店,101121113984,程庄路3号院 2室1厅 南房主自荐,253万,42167元/平,低楼层 (共6层) | 1990年 | 2室1厅 | 60平米 | 南,https://ke-image.ljcdn.com/110000-inspection/pc1_Mq1cWa5Vm_1.jpg!m_fill,w_280,h_210,f_jpg?from=ke.com
20231106,丰台,五里店,101121076384,彩虹家园 2室1厅 南 北,360万,56286元/平,中楼层 (共13层) 2室1厅 | 63.96平米 | 南 北,https://ke-image.ljcdn.com/110000-inspection/c873a105-3436-477f-9bb6-748231105818_1000.jpg!m_fill,w_280,h_210,f_jpg?from=ke.com
20231106,丰台,五里店,101121075914,五里店南里南北通透客厅有窗户业主诚心出售。。,199万,36846元/平,顶层 (共6层) 2室1厅 | 54.01平米 | 南 北,https://ke-image.ljcdn.com/110000-inspection/pc1_o99NdT7xk.jpg!m_fill,w_280,h_210,f_jpg?from=ke.com
20231106,丰台,五里店,101121005278,南北通透45号院两居室诚心出售精装修房主自荐,249万,44906元/平,中楼层 (共6层) 2室1厅 | 55.45平米 | 南 北,https://ke-image.ljcdn.com/110000-inspection/ba598b07-1609-440b-be1f-bf62eac6a089_1000.jpg!m_fill,w_280,h_210,f_jpg?from=ke.com
20231106,丰台,五里店,101120989679,程庄路3号院 2室1厅 南,235万,39364元/平,高楼层 (共6层) | 1990年 | 2室1厅 | 59.7平米 | 南,https://ke-image.ljcdn.com/110000-inspection/pc1_wiRlJrY1i.jpg!m_fill,w_280,h_210,f_jpg?from=ke.com
20231106,丰台,五里店,101120989418,丰卉家园 2室1厅 南 北,510万,52567元/平,中楼层 (共7层) | 2006年 | 2室1厅 | 97.02平米 | 南 北,https://ke-image.ljcdn.com/110000-inspection/pc1_70pWWTB8e.jpg!m_fill,w_280,h_210,f_jpg?from=ke.com
20231106,丰台,五里店,101120954817,全南向正规一居室带大阳台落地飘窗中楼层有电梯,400万,58876元/平,中楼层 (共10层) | 2005年 | 1室1厅 | 67.94平米 | 南,https://ke-image.ljcdn.com/110000-inspection/pc1_HoyxpNkgC.jpg!m_fill,w_280,h_210,f_jpg?from=ke.com
20231106,丰台,五里店,101120953984,四环外 2居室南北通透前后无挡采光好,246万,40662元/平,顶层 (共6层) | 1979年 | 2室1厅 | 60.5平米 | 南 北,https://ke-image.ljcdn.com/110000-inspection/75b710c9-5943-46b3-a042-a56baa3471dc_1000.jpg!m_fill,w_280,h_210,f_jpg?from=ke.com
20231106,丰台,五里店,101120932106,五里店南里 一层两居室 新装修 靠近超市,238万,44346元/平,底层 (共6层) | 2013年 | 2室1厅 | 53.67平米 | 南 北,https://ke-image.ljcdn.com/110000-inspection/pc1_PBo0D8X34_1.jpg!m_fill,w_280,h_210,f_jpg?from=ke.com
20231106,丰台,五里店,101120903593,程庄路68号院 2室1厅 东 南 北,322万,42258元/平,中楼层 (共6层) | 1995年 | 2室1厅 | 76.2平米 | 东 南 北,https://ke-image.ljcdn.com/110000-inspection/test-40712e60-a616-42be-a65a-88a5d90e4fb9.png!m_fill,w_280,h_210,f_jpg?from=ke.com
20231106,丰台,五里店,101120897208,程庄南里正规一室一厅满五年唯一住房,365万,48160元/平,高楼层 (共21层) | 2005年 | 1室1厅 | 75.79平米 | 东,https://ke-image.ljcdn.com/110000-inspection/pc1_vk5oLvOxn_1.jpg!m_fill,w_280,h_210,f_jpg?from=ke.com
20231106,丰台,五里店,101120882532,程庄路68号院 满五唯一 商品房 精装修 南北通透一居房主自荐,188万,36936元/平,顶层 (共6层) | 1995年 | 1室1厅 | 50.9平米 | 南 北,https://ke-image.ljcdn.com/110000-inspection/a093ce91-3dd3-4f0a-b16f-efd2f9246b01_1000.jpg!m_fill,w_280,h_210,f_jpg?from=ke.com
20231106,丰台,五里店,101120860063,程庄路3号院 2室1厅 北 南,275万,42114元/平,高楼层 (共6层) | 1989年 | 2室1厅 | 65.3平米 | 北 南,https://ke-image.ljcdn.com/110000-inspection/pc1_jKM1UYFyG.jpg!m_fill,w_280,h_210,f_jpg?from=ke.com
20231106,丰台,五里店,101120776781,和光里南北通透低楼层两居！,430万,54014元/平,底层 (共16层) | 2005年 | 2室1厅 | 79.61平米 | 南 北,https://ke-image.ljcdn.com/110000-inspection/pc1_qNbDMoUMl_1.jpg!m_fill,w_280,h_210,f_jpg?from=ke.com
20231106,丰台,五里店,101120673367,丰卉家园 洋房社区 一梯两户 商品房 带地下室,540万,58907元/平,底层 (共6层) | 2002年 | 2室1厅 | 91.67平米 | 南 北,https://ke-image.ljcdn.com/110000-inspection/pc1_Xj2MjBKNP_1.jpg!m_fill,w_280,h_210,f_jpg?from=ke.com
20231106,丰台,五里店,101120627488,和光里 次顶层南向两居 落地飘窗 看房随时诚心出售,505万,52435元/平,高楼层 (共16层) | 2005年 | 2室1厅 | 96.31平米 | 南,https://ke-image.ljcdn.com/110000-inspection/pc1_Tmjo2rPwg_1.jpg!m_fill,w_280,h_210,f_jpg?from=ke.com
20231106,丰台,五里店,101120592289,南五里店45号院 精装全明格局 满五年唯一 诚心出售房主自荐,252万,45406元/平,高楼层 (共6层) | 1993年 | 2室1厅 | 55.5平米 | 南 北 东,https://ke-image.ljcdn.com/110000-inspection/pc1_l20CTaBQs.jpg!m_fill,w_280,h_210,f_jpg?from=ke.com
20231106,丰台,五里店,101120585599,和光里 精装三居 次顶层 南北通透 满五年房主自荐,640万,59999元/平,高楼层 (共16层) | 2005年 | 3室2厅 | 106.67平米 | 南 北,https://ke-image.ljcdn.com/110000-inspection/pc1_yUWCMUstE_1.jpg!m_fill,w_280,h_210,f_jpg?from=ke.com
20231106,丰台,五里店,101120472721,五里店南里精装修南北通透看房提前约,210万,39150元/平,高楼层 (共6层) 2室1厅 | 53.64平米 | 南 北,https://ke-image.ljcdn.com/110000-inspection/pc1_AzmN1keOU_1.jpg!m_fill,w_280,h_210,f_jpg?from=ke.com
20231106,丰台,五里店,101120391131,五里店南里精装修低楼层南北两居室房主自荐,293万,45022元/平,中楼层 (共6层) | 1990年 | 2室1厅 | 65.08平米 | 南 北,https://ke-image.ljcdn.com/110000-inspection/pc1_k6vfWO95m_1.jpg!m_fill,w_280,h_210,f_jpg?from=ke.com
20231106,丰台,五里店,101120369867,五里店南里小区 2居室生活配套全视野好采光无遮挡,212万,39362元/平,顶层 (共6层) 2室1厅 | 53.86平米 | 南 北,https://ke-image.ljcdn.com/110000-inspection/pc1_xVLNXCOjZ_1.jpg!m_fill,w_280,h_210,f_jpg?from=ke.com
20231106,丰台,五里店,101120229805,新兴家园 2室1厅 东南,392万,51784元/平,中楼层 (共22层) | 2000年 | 2室1厅 | 75.7平米 | 东南,https://ke-image.ljcdn.com/110000-inspection/pc1_Gsej8L5Jr.jpg!m_fill,w_280,h_210,f_jpg?from=ke.com
20231106,丰台,五里店,101119925323,五里店南里正规三居室业主诚售,265万,36806元/平,顶层 (共6层) | 1990年 | 3室1厅 | 72平米 | 南 北,https://ke-image.ljcdn.com/110000-inspection/pc1_eDcV9pTLH.jpg!m_fill,w_280,h_210,f_jpg?from=ke.com
20231106,丰台,五里店,101119877894,程庄路3号院 满五唯一 商品房 高楼层 采光好,347万,47995元/平,高楼层 (共6层) 3室1厅 | 72.3平米 | 南 北,https://ke-image.ljcdn.com/110000-inspection/pc1_tmijHOzvZ.jpg!m_fill,w_280,h_210,f_jpg?from=ke.com
20231106,丰台,五里店,101119868756,2005年大格局三居室小区有公园停车方便,564万,39167元/平,底层 (共21层) | 2006年 | 3室1厅 | 144平米 | 西南 西北 北,https://ke-image.ljcdn.com/110000-inspection/pc1_AjAYqB6ZX.jpg!m_fill,w_280,h_210,f_jpg?from=ke.com
20231106,丰台,五里店,101119740113,五里店南里 南向两居 满五年 高楼层 没有遮挡,195万,38005元/平,顶层 (共6层) 2室1厅 | 51.31平米 | 南,https://ke-image.ljcdn.com/110000-inspection/pc1_udHeZdqR3.jpg!m_fill,w_280,h_210,f_jpg?from=ke.com
20231106,丰台,五里店,101119704996,五里店南里 正规的一居 业主诚意出售,145万,34557元/平,中楼层 (共5层) 1室1厅 | 41.96平米 | 西南,https://ke-image.ljcdn.com/110000-inspection/pc1_aSnHUael3.jpg!m_fill,w_280,h_210,f_jpg?from=ke.com
20231106,丰台,五里店,101119596036,五里店南里 可以满两年过户  中间楼层 朝向好房主自荐,199万,36798元/平,中楼层 (共6层) 2室1厅 | 54.08平米 | 南 东,https://ke-image.ljcdn.com/110000-inspection/pc1_bBY33Ycwn.jpg!m_fill,w_280,h_210,f_jpg?from=ke.com
20231106,丰台,五里店,101119520507,小区环境好小区后边有公园电梯房楼龄新,228万,42858元/平,底层 (共21层) | 2005年 | 1室1厅 | 53.2平米 | 东,https://ke-image.ljcdn.com/110000-inspection/pc1_wDxfBcCMo.jpg!m_fill,w_280,h_210,f_jpg?from=ke.com
20231106,丰台,五里店,101119493280,丰卉家园 四居 满五年 精装修 复式结构 很少出的户型房主自荐,528万,61553元/平,顶层 (共6层) | 2006年 | 4室2厅 | 85.78平米 | 东 西,https://ke-image.ljcdn.com/110000-inspection/pc1_AYoobH7ut.jpg!m_fill,w_280,h_210,f_jpg?from=ke.com
20231106,丰台,五里店,101119374430,商品房社区南北通透格局方正诚心出售,458万,49962元/平,低楼层 (共6层) 2室1厅 | 91.67平米 | 南 北,https://ke-image.ljcdn.com/110000-inspection/pc1_XPyCEkf07.jpg!m_fill,w_280,h_210,f_jpg?from=ke.com
20231106,丰台,五里店,101119288872,东南北户型 采光无遮挡 2居室 近地铁 南五里店45号院,222万,53276元/平,顶层 (共6层) | 1993年 | 2室1厅 | 41.67平米 | 北 南 东,https://ke-image.ljcdn.com/110000-inspection/pc1_6UUzBCjxz.jpg!m_fill,w_280,h_210,f_jpg?from=ke.com
20231106,丰台,五里店,101119194704,丰西北里小区  低楼层 楼龄新 南北两居室房主自荐,245万,41731元/平,低楼层 (共6层) | 1995年 | 2室1厅 | 58.71平米 | 南 北,https://ke-image.ljcdn.com/110000-inspection/pc1_eTUMaFqRK.jpg!m_fill,w_280,h_210,f_jpg?from=ke.com
20231106,丰台,五里店,101119126499,3层南北通透无遮挡两居带正规客厅环境安静,276万,42725元/平,中楼层 (共6层) | 1992年 | 2室1厅 | 64.6平米 | 南 北,https://ke-image.ljcdn.com/110000-inspection/pc1_sg6oaJcbQ.jpg!m_fill,w_280,h_210,f_jpg?from=ke.com
20231106,丰台,五里店,101118959109,程庄路6号院 南北通透 两居室 采光充足 无遮挡,214万,39630元/平,顶层 (共6层) 2室1厅 | 54平米 | 南 北,https://ke-image.ljcdn.com/110000-inspection/pc1_CWiFez1t8_1.jpg!m_fill,w_280,h_210,f_jpg?from=ke.com
20231106,丰台,五里店,101118530732,新兴家园 2室1厅 东 南,378万,47964元/平,低楼层 (共22层) 2室1厅 | 78.81平米 | 东 南,https://ke-image.ljcdn.com/110000-inspection/pc1_ZFQOfj2fw.jpg!m_fill,w_280,h_210,f_jpg?from=ke.com
20231106,丰台,五里店,101118450777,和风四季 2室1厅 西北,459万,46856元/平,高楼层 (共21层) | 2008年 | 2室1厅 | 97.96平米 | 西北,https://ke-image.ljcdn.com/110000-inspection/test-f9823dd4-497b-4ed6-929a-d563183015ed.png!m_fill,w_280,h_210,f_jpg?from=ke.com
20231106,丰台,五里店,101118450175,五里店南里小区  精装修  全南户型采光好无遮挡,199万,47517元/平,高楼层 (共6层) | 1990年 | 1室1厅 | 41.88平米 | 南,https://ke-image.ljcdn.com/110000-inspection/pc1_ih5hgsHtG.jpg!m_fill,w_280,h_210,f_jpg?from=ke.com
20231106,丰台,五里店,101118435528,南北通透3居室 全明格局 中楼层 电梯房 落地飘窗,666万,62500元/平,低楼层 (共15层) | 2005年 | 3室1厅 | 106.56平米 | 南 北,https://ke-image.ljcdn.com/110000-inspection/pc1_oIMdDp1ax_1.jpg!m_fill,w_280,h_210,f_jpg?from=ke.com
20231106,丰台,五里店,101118432820,精装修 正规2居室 有独立客厅 近地铁公交成熟社区,240万,43150元/平,高楼层 (共6层) | 1995年 | 2室1厅 | 55.62平米 | 东 西,https://ke-image.ljcdn.com/110000-inspection/pc1_JffYlJpq4.jpg!m_fill,w_280,h_210,f_jpg?from=ke.com
20231106,丰台,五里店,101118411470,五里店南里南北两居室采光好户型好,223万,39428元/平,顶层 (共6层) | 1990年 | 2室1厅 | 56.56平米 | 北 南,https://ke-image.ljcdn.com/110000-inspection/pc1_WC941vKwd.jpg!m_fill,w_280,h_210,f_jpg?from=ke.com
20231106,丰台,五里店,101118367064,南北通透低楼层采光充足 全明格局。,249万,40620元/平,低楼层 (共6层) | 2000年 | 2室1厅 | 61.3平米 | 南 北,https://ke-image.ljcdn.com/110000-inspection/pc1_dMZ2br3dj.jpg!m_fill,w_280,h_210,f_jpg?from=ke.com
20231106,丰台,五里店,101118365912,程庄路3号院 1室1厅 东,198万,53659元/平,低楼层 (共6层) | 1990年 | 1室1厅 | 36.9平米 | 东,https://ke-image.ljcdn.com/110000-inspection/pc1_QLT9UJ0o9.jpg!m_fill,w_280,h_210,f_jpg?from=ke.com
20231106,丰台,五里店,101118351264,和风四季 2室1厅 西北,458万,46754元/平,低楼层 (共21层) | 2008年 | 2室1厅 | 97.96平米 | 西北,https://ke-image.ljcdn.com/110000-inspection/pc1_zB5KPv0ZJ.jpg!m_fill,w_280,h_210,f_jpg?from=ke.com
20231106,丰台,五里店,101118287263,新兴家园精装两居室采光好。,380万,52852元/平,高楼层 (共22层) | 1998年 | 2室1厅 | 71.9平米 | 西,https://ke-image.ljcdn.com/110000-inspection/pc1_tru84lC93.jpg!m_fill,w_280,h_210,f_jpg?from=ke.com
20231106,丰台,五里店,101118281410,商品房性质中间楼层朝向好采光充足。,246万,46884元/平,中楼层 (共21层) | 2005年 | 1室1厅 | 52.47平米 | 东,https://ke-image.ljcdn.com/110000-inspection/pc1_2QLR1sWPr_1.jpg!m_fill,w_280,h_210,f_jpg?from=ke.com
20231106,丰台,五里店,101118188343,五里店南里两居满五年唯一 南北通透 低楼层 诚心出售,248万,45231元/平,底层 (共6层) | 1990年 | 2室1厅 | 54.83平米 | 南 北,https://ke-image.ljcdn.com/110000-inspection/pc1_6gf3KT1Sn.jpg!m_fill,w_280,h_210,f_jpg?from=ke.com
20231106,丰台,五里店,101118114646,丰西北里 2室1厅 南 北,200万,36983元/平,顶层 (共6层) | 1986年 | 2室1厅 | 54.08平米 | 南 北,https://ke-image.ljcdn.com/110000-inspection/pc1_vZyrfBBwa_1.jpg!m_fill,w_280,h_210,f_jpg?from=ke.com
20231106,丰台,五里店,101118097996,满五唯一的商品房中间楼层全明格局采光充足房主自荐,278万,42547元/平,中楼层 (共6层) | 1993年 | 3室1厅 | 65.34平米 | 东 西,https://ke-image.ljcdn.com/110000-inspection/pc1_mBCEpN0sd_1.jpg!m_fill,w_280,h_210,f_jpg?from=ke.com
20231106,丰台,五里店,101118084498,满五年唯一商品房视野开阔看房方便诚心出售,455万,46448元/平,中楼层 (共21层) | 2007年 | 2室1厅 | 97.96平米 | 西北,https://ke-image.ljcdn.com/110000-inspection/pc1_javNTKTgd.jpg!m_fill,w_280,h_210,f_jpg?from=ke.com
20231106,丰台,五里店,101118067594,彩虹家园正规两居室。户型方正。,340万,53010元/平,顶层 (共13层) | 2013年 | 2室1厅 | 64.14平米 | 西,https://ke-image.ljcdn.com/110000-inspection/pc1_GfoNhJYrN_1.jpg!m_fill,w_280,h_210,f_jpg?from=ke.com
20231106,丰台,五里店,101118054740,带正规客厅两居南北通透无遮挡采光好诚心出售,259万,46375元/平,高楼层 (共6层) | 1996年 | 2室1厅 | 55.85平米 | 南 北,https://ke-image.ljcdn.com/110000-inspection/pc1_UzTorUejE.jpg!m_fill,w_280,h_210,f_jpg?from=ke.com
20231106,丰台,五里店,101118051097,和光里小区正规一居室布局合理房主自荐,276万,49242元/平,低楼层 (共16层) | 2006年 | 1室1厅 | 56.05平米 | 北,https://ke-image.ljcdn.com/110000-inspection/pc1_6MzxIOHsH_1.jpg!m_fill,w_280,h_210,f_jpg?from=ke.com
20231106,丰台,五里店,101118047085,程庄路3号院 南北通透 精装修 有电梯房主自荐,307万,50661元/平,顶层 (共6层) | 1980年 | 2室1厅 | 60.6平米 | 南 北,https://ke-image.ljcdn.com/110000-inspection/pc1_TYtPoMAap_1.jpg!m_fill,w_280,h_210,f_jpg?from=ke.com
20231106,丰台,五里店,101118015623,五里店南里小区 正规一居 南北通透 业主诚售,160万,37754元/平,顶层 (共6层) | 1990年 | 1室1厅 | 42.38平米 | 南 北,https://ke-image.ljcdn.com/110000-inspection/pc1_iW316PuI7.jpg!m_fill,w_280,h_210,f_jpg?from=ke.com
20231106,丰台,五里店,101117903639,楼层好总价合适看房方便交通便利,158万,35174元/平,中楼层 (共6层) | 1990年 | 1室1厅 | 44.92平米 | 西南,https://ke-image.ljcdn.com/110000-inspection/pc1_XEn1bKILP_1.jpg!m_fill,w_280,h_210,f_jpg?from=ke.com
20231106,丰台,五里店,101117900335,五里店南里满五唯一非顶层。,220万,40992元/平,高楼层 (共6层) 2室1厅 | 53.67平米 | 南 北,https://ke-image.ljcdn.com/110000-inspection/pc1_rFDI0h7fH.jpg!m_fill,w_280,h_210,f_jpg?from=ke.com
20231106,丰台,五里店,101116910716,丰西北里 南北通透 采光好 没有遮挡 业主诚心出售,208万,38720元/平,高楼层 (共6层) | 1986年 | 2室1厅 | 53.72平米 | 南 北,https://ke-image.ljcdn.com/110000-inspection/pc1_04awlnMvA.jpg!m_fill,w_280,h_210,f_jpg?from=ke.com
20231106,丰台,五里店,101114456495,房本满五年唯一首套客户1%契税二套客户3%契税。,232万,37079元/平,顶层 (共6层) 2室1厅 | 62.57平米 | 南 北,https://ke-image.ljcdn.com/110000-inspection/pc1_wnR94zXJx_1.jpg!m_fill,w_280,h_210,f_jpg?from=ke.com
20231106,丰台,五里店,101121804027,彩虹家园 2室1厅 西新上,320万,47310元/平,底层 (共20层) | 2014年 | 2室1厅 | 67.64平米 | 西,https://s1.ljcdn.com/pegasus/redskull/images/common/default_house_list.png?_v=20231101144749021
20231106,丰台,五里店,101121360413,丰西北里 南向一居室 业主诚心出售 格局合理,189万,49271元/平,底层 (共6层) | 1990年 | 1室1厅 | 38.36平米 | 南,https://s1.ljcdn.com/pegasus/redskull/images/common/default_house_list.png?_v=20231101144749021
20231106,丰台,五里店,101121286828,五里店 3室1厅 南 北,315万,57346元/平,中楼层 (共5层) | 1985年 | 3室1厅 | 54.93平米 | 南 北,https://s1.ljcdn.com/pegasus/redskull/images/common/default_house_list.png?_v=20231101144749021
20231106,丰台,五里店,101121228796,五里店南里 1室1厅 南,190万,43133元/平,中楼层 (共5层) 1室1厅 | 44.05平米 | 南,https://s1.ljcdn.com/pegasus/redskull/images/common/default_house_list.png?_v=20231101144749021
20231106,丰台,五里店,101121004083,五里店里南里低楼层三居室诚心出售,283万,39675元/平,低楼层 (共6层) 3室1厅 | 71.33平米 | 南 北,https://s1.ljcdn.com/pegasus/redskull/images/common/default_house_list.png?_v=20231101144749021
20231106,丰台,五里店,101120869009,五里店南里正规南向一居 中间楼层,175万,41430元/平,中楼层 (共6层) 1室1厅 | 42.24平米 | 南,https://s1.ljcdn.com/pegasus/redskull/images/common/default_house_list.png?_v=20231101144749021
