20230523,海淀,知春路,101119358169,太阳园观景房点亮万家灯火给你一个温暖的家必看好房,1800万,126139元/平,中楼层 (共26层) | 2001年建 | 3室1厅 | 142.7平米 | 西南,https://ke-image.ljcdn.com/110000-inspection/9eaeb356-e36c-46d8-86e4-2708775692fa_1000.jpg!m_fill,w_280,h_210,f_jpg?from=ke.com
20230523,海淀,知春路,101119210279,锦秋知春精装修2居室中楼层电梯房满5唯一。必看好房,1600万,137281元/平,中楼层 (共26层) | 2003年建 | 2室1厅 | 116.55平米 | 西北,https://ke-image.ljcdn.com/110000-inspection/pc1_KGfPpjP3p.jpg!m_fill,w_280,h_210,f_jpg?from=ke.com
20230523,海淀,知春路,101118988279,知春路 太月园 2000年商品房 满五唯一 中高层 视野好房主自荐,948万,105170元/平,中楼层 (共27层) 2室1厅 | 90.14平米 | 东南,https://ke-image.ljcdn.com/110000-inspection/815c6d8c-e41f-4263-85ae-08843de2f499_1000.jpg!m_fill,w_280,h_210,f_jpg?from=ke.com
20230523,海淀,知春路,101118951792,罗庄锦秋知春方正一居室业主诚售对着小区花园必看好房,950万,127483元/平,低楼层 (共26层) | 2003年建 | 2室1厅 | 74.52平米 | 北,https://ke-image.ljcdn.com/110000-inspection/590c7db7-3eb3-461c-b1c0-815a8a93777f_1000.jpg!m_fill,w_280,h_210,f_jpg?from=ke.com
20230523,海淀,知春路,101118739562,北航南门 罗庄东里 南北通透 大客厅带阳台 满五年必看好房,720万,117379元/平,高楼层 (共6层) 2室1厅 | 61.34平米 | 南 北,https://ke-image.ljcdn.com/110000-inspection/pc1_kjeJee8ba.jpg!m_fill,w_280,h_210,f_jpg?from=ke.com
20230523,海淀,知春路,101119319754,宏嘉丽园中高楼层双南向视野好满五唯一诚意出售必看好房,1380万,118405元/平,中楼层 (共24层) | 2001年建 | 2室1厅 | 116.55平米 | 南,https://ke-image.ljcdn.com/110000-inspection/28652f2e-7eff-4c83-8527-6e008f8c32b6_1000.jpg!m_fill,w_280,h_210,f_jpg?from=ke.com
20230523,海淀,知春路,101119086264,锦秋知春小区东南向2居中楼层电梯房满5年唯一。,1860万,136145元/平,中楼层 (共26层) | 2002年建 | 2室1厅 | 136.62平米 | 东南,https://ke-image.ljcdn.com/110000-inspection/68e29e0b-ba8b-481a-91ae-756f46976df5_1000.jpg!m_fill,w_280,h_210,f_jpg?from=ke.com
20230523,海淀,知春路,101119060482,太阳园优质两居  精装修 采光视野好 人车分流,1410万,129596元/平,中楼层 (共26层) 2室2厅 | 108.8平米 | 西南 北,https://ke-image.ljcdn.com/110000-inspection/pc1_oJcOOsfLy_1.jpg!m_fill,w_280,h_210,f_jpg?from=ke.com
20230523,海淀,知春路,101119022441,汉荣家园 高层 全明格局 大两居 视野采光好 满五唯一,906万,98747元/平,中楼层 (共25层) | 2000年建 | 2室1厅 | 91.75平米 | 东 西 北,https://ke-image.ljcdn.com/110000-inspection/pc1_toywNt9Ak_1.jpg!m_fill,w_280,h_210,f_jpg?from=ke.com
20230523,海淀,知春路,101118937133,锦秋知春方正两居室格局好正对小区花园居住舒适,1430万,129471元/平,中楼层 (共26层) | 2003年建 | 2室2厅 | 110.45平米 | 东北,https://ke-image.ljcdn.com/110000-inspection/pc1_Mr5i9eKWA.jpg!m_fill,w_280,h_210,f_jpg?from=ke.com
20230523,海淀,知春路,101118921695,知春路 蓟门北里 南北两居 中间层 业主诚售必看好房,548万,101859元/平,低楼层 (共6层) 2室1厅 | 53.8平米 | 南 北,https://ke-image.ljcdn.com/110000-inspection/pc1_j1PKdkWTD.jpg!m_fill,w_280,h_210,f_jpg?from=ke.com
20230523,海淀,知春路,101118728775,店长推荐 知春路 蓟门北里 方正三居 南北 不临街必看好房,666万,100910元/平,底层 (共6层) | 1981年建 | 3室1厅 | 66平米 | 南 北,https://ke-image.ljcdn.com/110000-inspection/9a9b04b9-7d0b-4eb4-a97e-dd31195fb3e8_1000.jpg!m_fill,w_280,h_210,f_jpg?from=ke.com
20230523,海淀,知春路,101118548117,知春路 罗庄西里 西南两居室 满五唯一 楼层高 采光好必看好房,765万,94445元/平,中楼层 (共18层) 2室1厅 | 81平米 | 西南,https://ke-image.ljcdn.com/110000-inspection/2fb39dec-44df-4ac7-8212-5d73fcbc6535_1000.jpg!m_fill,w_280,h_210,f_jpg?from=ke.com
20230523,海淀,知春路,101118505541,海淀中关村双榆树金谷园南北通透两居室必看好房,675万,98598元/平,高楼层 (共7层) 2室1厅 | 68.46平米 | 南 北,https://ke-image.ljcdn.com/110000-inspection/pc1_At7QvegSC_1.jpg!m_fill,w_280,h_210,f_jpg?from=ke.com
20230523,海淀,知春路,101118455663,出门地铁航天五院分房华润物业精装修带电梯,675万,109224元/平,中楼层 (共14层) 2室1厅 | 61.8平米 | 西 北,https://ke-image.ljcdn.com/110000-inspection/pc1_0P8VQ31eR_1.jpg!m_fill,w_280,h_210,f_jpg?from=ke.com
20230523,海淀,知春路,101118449881,知春路56号院西南三居室。有电梯。,910万,114755元/平,低楼层 (共12层) 3室1厅 | 79.3平米 | 南 北,https://ke-image.ljcdn.com/110000-inspection/pc1_LdUEODeHB.jpg!m_fill,w_280,h_210,f_jpg?from=ke.com
20230523,海淀,知春路,101118440064,北三环知春路中高层无遮挡采光好,888万,102352元/平,中楼层 (共28层) 2室1厅 | 86.76平米 | 东 南,https://ke-image.ljcdn.com/110000-inspection/d349ce0a-a76f-4e07-a8de-65d0ce46e013_1000.jpg!m_fill,w_280,h_210,f_jpg?from=ke.com
20230523,海淀,知春路,101118239334,双榆树汉荣家园 满五年唯一 近地铁 有停车位,1038万,119434元/平,低楼层 (共25层) | 2000年建 | 2室2厅 | 86.91平米 | 南,https://ke-image.ljcdn.com/110000-inspection/pc1_Yh9orkLQG_1.jpg!m_fill,w_280,h_210,f_jpg?from=ke.com
20230523,海淀,知春路,101118131264,店长推荐：蓟门东里中石化自管楼三居 精装 可看可签房主自荐,738万,95226元/平,低楼层 (共16层) 3室1厅 | 77.5平米 | 西 北,https://ke-image.ljcdn.com/110000-inspection/pc1_iM5QpjFGA.jpg!m_fill,w_280,h_210,f_jpg?from=ke.com
20230523,海淀,知春路,101118077509,知春路56号院 3室1厅 东南,925万,122728元/平,中楼层 (共6层) 3室1厅 | 75.37平米 | 东南,https://ke-image.ljcdn.com/110000-inspection/pc1_GK2KSrMGg_1.jpg!m_fill,w_280,h_210,f_jpg?from=ke.com
20230523,海淀,知春路,101118064759,知春路 罗庄西里 南北通透两居室 1997年钢混,656万,109480元/平,低楼层 (共9层) | 1997年建 | 2室1厅 | 59.92平米 | 南 北,https://ke-image.ljcdn.com/110000-inspection/pc1_to7p2Slir.jpg!m_fill,w_280,h_210,f_jpg?from=ke.com
20230523,海淀,知春路,101117861131,店长推荐近地铁满五年唯一双南双阳台无遮挡,626万,101459元/平,低楼层 (共15层) 2室1厅 | 61.7平米 | 南,https://ke-image.ljcdn.com/110000-inspection/e6573d4f-23d5-48ba-ac63-309d39003221_1000.jpg!m_fill,w_280,h_210,f_jpg?from=ke.com
20230523,海淀,知春路,101117770958,太月园 精装三居 满五年唯一 诚意卖 可签合同必看好房,1345万,89369元/平,中楼层 (共27层) 3室2厅 | 150.5平米 | 西南 北,https://ke-image.ljcdn.com/110000-inspection/ab12edbf-df0b-424c-991b-05474181c6a8_1000.jpg!m_fill,w_280,h_210,f_jpg?from=ke.com
20230523,海淀,知春路,101117687802,知春路56号院三居室单位分房看房方便诚意卖,738万,107518元/平,中楼层 (共12层) 3室1厅 | 68.64平米 | 西 东北,https://ke-image.ljcdn.com/110000-inspection/pc1_ddTQDTHek_1.jpg!m_fill,w_280,h_210,f_jpg?from=ke.com
20230523,海淀,知春路,101117587368,北航知春路碧兴园小区观西山两居室房主自荐,880万,101430元/平,高楼层 (共28层) 2室1厅 | 86.76平米 | 西南,https://ke-image.ljcdn.com/110000-inspection/d97ab5cd-3705-4c8b-a6f2-17988dab08fc_1000.jpg!m_fill,w_280,h_210,f_jpg?from=ke.com
20230523,海淀,知春路,101117342808,罗庄西里 精装修两居低楼层采光无遮挡诚意卖房主自荐,650万,113241元/平,低楼层 (共6层) 2室1厅 | 57.4平米 | 南 北,https://ke-image.ljcdn.com/110000-inspection/pc1_dZ6qY8iJe.jpg!m_fill,w_280,h_210,f_jpg?from=ke.com
20230523,海淀,知春路,101117209238,太月园 一期南向 方正两居 满5年唯一 看房方便 有钥匙,1065万,117434元/平,低楼层 (共27层) 2室1厅 | 90.69平米 | 南,https://ke-image.ljcdn.com/110000-inspection/pc1_0tAhKHHnE.jpg!m_fill,w_280,h_210,f_jpg?from=ke.com
20230523,海淀,知春路,101116858468,中关村东路106号院 南北2居 精装修,899万,126158元/平,低楼层 (共9层) 2室1厅 | 71.26平米 | 南 北,https://ke-image.ljcdn.com/110000-inspection/1fb38216-b40d-47e0-a90a-ebc26ddf5294_1000.jpg!m_fill,w_280,h_210,f_jpg?from=ke.com
20230523,海淀,知春路,101116824651,新登记 知春路 碧兴园 高层南向三居 业主诚意出售,1450万,108859元/平,高楼层 (共28层) 3室2厅 | 133.2平米 | 西南,https://ke-image.ljcdn.com/110000-inspection/4cc23667-78de-4fd1-9e2b-79aa8889790c_1000.jpg!m_fill,w_280,h_210,f_jpg?from=ke.com
20230523,海淀,知春路,101115259320,此房南北通透格局楼层好采光充足配套设施齐全,810万,118318元/平,中楼层 (共7层) | 1998年建 | 2室1厅 | 68.46平米 | 南 北,https://ke-image.ljcdn.com/110000-inspection/pc1_OlyTNeKg2_1.jpg!m_fill,w_280,h_210,f_jpg?from=ke.com
20230523,海淀,知春路,101119245439,知春路蓟门小区双南2居室 有电梯地铁公园必看好房,546万,112810元/平,高楼层 (共16层) | 1986年建 | 2室1厅 | 48.4平米 | 南,https://ke-image.ljcdn.com/110000-inspection/7ed03f22-717f-4bc4-b93b-1d3f2697233f_1000.jpg!m_fill,w_280,h_210,f_jpg?from=ke.com
20230523,海淀,知春路,101118797075,北航家属院 低楼层 全明两居室 满五唯一必看好房,600万,100722元/平,低楼层 (共6层) | 1996年建 | 2室1厅 | 59.57平米 | 南 北,https://ke-image.ljcdn.com/110000-inspection/pc1_n0p9mDSNV_1.jpg!m_fill,w_280,h_210,f_jpg?from=ke.com
20230523,海淀,知春路,101118724172,罗庄南里南北通透2居精装修采光视野无遮挡。房主自荐,538万,98176元/平,顶层 (共6层) | 1995年建 | 2室1厅 | 54.8平米 | 南 北,https://ke-image.ljcdn.com/110000-inspection/pc1_o9EuY9wjp.jpg!m_fill,w_280,h_210,f_jpg?from=ke.com
20230523,海淀,知春路,101118581960,满五年唯一单位福利分房中间层采光好无遮挡必看好房,615万,100986元/平,中楼层 (共6层) | 1983年建 | 2室1厅 | 60.9平米 | 南 北,https://ke-image.ljcdn.com/110000-inspection/pc1_mCGgoPVtU.jpg!m_fill,w_280,h_210,f_jpg?from=ke.com
20230523,海淀,知春路,101117477220,北航家属院南向一居室采光好 看房随时必看好房,426万,126711元/平,低楼层 (共6层) | 1996年建 | 1室1厅 | 33.62平米 | 南,https://ke-image.ljcdn.com/110000-inspection/pc1_ZmP4TDP9G_1.jpg!m_fill,w_280,h_210,f_jpg?from=ke.com
20230523,海淀,知春路,101117107006,知春路地铁站旁知春路52号院东南向三居室明庭双卧朝南必看好房,990万,112885元/平,中楼层 (共14层) 3室1厅 | 87.7平米 | 东南,https://ke-image.ljcdn.com/110000-inspection/pc1_QyzvvkBaC_1.jpg!m_fill,w_280,h_210,f_jpg?from=ke.com
20230523,海淀,知春路,101116702420,学院国际大厦 1室0厅 东,168万,48276元/平,中楼层 (共22层) | 2004年建 | 1室0厅 | 34.8平米 | 东,https://ke-image.ljcdn.com/110000-inspection/pc1_gDjzqISgK.jpg!m_fill,w_280,h_210,f_jpg?from=ke.com
20230523,海淀,知春路,101118874196,知春路 太月园 中高层三居室 满年唯一 业主诚意出售,1330万,88373元/平,中楼层 (共27层) 3室1厅 | 150.5平米 | 东南 北,https://s1.ljcdn.com/pegasus/redskull/images/common/default_house_list.png?_v=20230517173317
20230523,海淀,知春路,101119341345,知春路56号院 西北向2居  户型方正 中间楼层新上,635万,110033元/平,中楼层 (共6层) | 1990年建 | 2室1厅 | 57.71平米 | 西北,https://ke-image.ljcdn.com/110000-inspection/pc1_XxUq2MH8q_1.jpg!m_fill,w_280,h_210,f_jpg?from=ke.com
20230523,海淀,知春路,101119310340,房子满五唯一封闭管理刚改造完近地铁户型方正新上,598万,103246元/平,顶层 (共6层) 2室1厅 | 57.92平米 | 南 北,https://ke-image.ljcdn.com/110000-inspection/pc1_KKb3fPZLH.jpg!m_fill,w_280,h_210,f_jpg?from=ke.com
20230523,海淀,知春路,101119292706,锦秋知春 南北通透三居室 采光通风好 有钥匙看房随时新上,2430万,147955元/平,低楼层 (共26层) | 2002年建 | 3室1厅 | 164.24平米 | 南 北,https://ke-image.ljcdn.com/110000-inspection/pc1_gts8nJtYz.jpg!m_fill,w_280,h_210,f_jpg?from=ke.com
20230523,海淀,知春路,101119254673,太月园西南朝向三居室视野好无遮挡。,1480万,141276元/平,中楼层 (共27层) | 1999年建 | 3室2厅 | 104.76平米 | 南 西南,https://ke-image.ljcdn.com/110000-inspection/pc1_qGl2Ndg6v.jpg!m_fill,w_280,h_210,f_jpg?from=ke.com
20230523,海淀,知春路,101119252483,蓟门桥 南北通透大三居  精装修房主自荐,1200万,130862元/平,中楼层 (共15层) 3室1厅 | 91.7平米 | 南 北,https://ke-image.ljcdn.com/110000-inspection/a367acdc-bcc5-47c0-874f-efa94a244f3a_1000.jpg!m_fill,w_280,h_210,f_jpg?from=ke.com
20230523,海淀,知春路,101119252331,满五年央产全南向两居室精装修视野开阔 近地铁,539万,119248元/平,低楼层 (共14层) | 1993年建 | 1室1厅 | 45.2平米 | 南,https://ke-image.ljcdn.com/110000-inspection/pc1_GCVPs9hFg_1.jpg!m_fill,w_280,h_210,f_jpg?from=ke.com
20230523,海淀,知春路,101119241329,北航南门罗庄东里南北通透两居室中楼层G房,805万,130407元/平,中楼层 (共6层) 2室1厅 | 61.73平米 | 南 北,https://ke-image.ljcdn.com/110000-inspection/aecd02a9-7677-4574-ab00-7dc86402c6ad_1000.jpg!m_fill,w_280,h_210,f_jpg?from=ke.com
20230523,海淀,知春路,101119180925,北航南门 知春嘉园 西南向两居 高楼层 采光视野好,829万,112484元/平,高楼层 (共19层) 2室1厅 | 73.7平米 | 西南,https://ke-image.ljcdn.com/110000-inspection/269510ea-959b-4320-8fc5-abb32c2ecaa7_1000.jpg!m_fill,w_280,h_210,f_jpg?from=ke.com
20230523,海淀,知春路,101119179354,蓟门里南区 南北通透两居室 全明格局 精装修 中间楼层房主自荐,650万,106036元/平,中楼层 (共6层) | 1983年建 | 2室1厅 | 61.3平米 | 南 北,https://ke-image.ljcdn.com/110000-inspection/d1dea03e-f5b5-43db-9500-feadb71eb0c5_1000.jpg!m_fill,w_280,h_210,f_jpg?from=ke.com
20230523,海淀,知春路,101119130676,太月园精装小两居    满五唯一 业主诚售,770万,99278元/平,低楼层 (共18层) 2室1厅 | 77.56平米 | 西,https://ke-image.ljcdn.com/110000-inspection/00ffc91f-c2d1-4443-856b-ae111fcaaf70_1000.jpg!m_fill,w_280,h_210,f_jpg?from=ke.com
20230523,海淀,知春路,101119128170,中石化自管楼南向一室视野好采光充足,482万,107590元/平,顶层 (共16层) 1室1厅 | 44.8平米 | 南,https://ke-image.ljcdn.com/110000-inspection/pc1_0STvMuaEL.jpg!m_fill,w_280,h_210,f_jpg?from=ke.com
20230523,海淀,知春路,101119105675,金谷园 3室1厅 西 东,910万,102007元/平,高楼层 (共6层) 3室1厅 | 89.21平米 | 西 东,https://ke-image.ljcdn.com/110000-inspection/pc1_pY7wke3kS_1.jpg!m_fill,w_280,h_210,f_jpg?from=ke.com
20230523,海淀,知春路,101119094729,知春路 蓟门北里 南北通透两居室 业主诚售,600万,104530元/平,高楼层 (共6层) | 1988年建 | 2室1厅 | 57.4平米 | 南 北,https://ke-image.ljcdn.com/110000-inspection/pc1_3C9JkNt6U.jpg!m_fill,w_280,h_210,f_jpg?from=ke.com
20230523,海淀,知春路,101119088418,罗庄西里 满五年唯一  采光好 精装修 业主诚心出售,618万,102556元/平,高楼层 (共6层) 2室1厅 | 60.26平米 | 东 西,https://ke-image.ljcdn.com/110000-inspection/pc1_jNwQCYSV6.jpg!m_fill,w_280,h_210,f_jpg?from=ke.com
20230523,海淀,知春路,101119077380,知春路 太月园 东南方正两居室 精装修 拎包住 诚售,975万,108346元/平,中楼层 (共18层) | 1999年建 | 2室1厅 | 89.99平米 | 东南,https://ke-image.ljcdn.com/110000-inspection/90e860f4-7e4d-407c-bf25-7407592c2eaf_1000.jpg!m_fill,w_280,h_210,f_jpg?from=ke.com
20230523,海淀,知春路,101119063194,锦秋知春 东向小二居室 正对花园 满五年唯一,1080万,127963元/平,低楼层 (共25层) | 2002年建 | 2室1厅 | 84.4平米 | 东,https://ke-image.ljcdn.com/110000-inspection/pc1_GAn3y0mkV.jpg!m_fill,w_280,h_210,f_jpg?from=ke.com
20230523,海淀,知春路,101119057820,蓟门南里新上全明格局两居室靠谱卖,540万,91837元/平,顶层 (共6层) | 1983年建 | 2室1厅 | 58.8平米 | 南 北,https://ke-image.ljcdn.com/110000-inspection/5538a47c-3b99-4589-8884-f34e04137fd8_1000.jpg!m_fill,w_280,h_210,f_jpg?from=ke.com
20230523,海淀,知春路,101119046377,罗庄南里 2室1厅 南 北,598万,104182元/平,底层 (共6层) | 1986年建 | 2室1厅 | 57.4平米 | 南 北,https://ke-image.ljcdn.com/110000-inspection/d5f63a74-6c6c-4876-beb6-767695fdd73d_1000.jpg!m_fill,w_280,h_210,f_jpg?from=ke.com
20230523,海淀,知春路,101119045322,新上房源 北航南门 碧兴园 高楼层 精装修 有钥匙,790万,98627元/平,高楼层 (共28层) | 2003年建 | 2室1厅 | 80.1平米 | 西,https://ke-image.ljcdn.com/110000-inspection/pc1_8wPVKFj4X.jpg!m_fill,w_280,h_210,f_jpg?from=ke.com
20230523,海淀,知春路,101119031564,北航南门 罗庄西里 85.8平米大两居 随时看房 诚意出售,780万,90910元/平,低楼层 (共18层) 2室1厅 | 85.8平米 | 西南 北,https://ke-image.ljcdn.com/110000-inspection/70c8a886-dd67-4989-ab36-4f101fe50014_1000.jpg!m_fill,w_280,h_210,f_jpg?from=ke.com
20230523,海淀,知春路,101119022545,知春路 蓟门北里南北通透精装三居室 满五年家庭唯一,515万,89722元/平,顶层 (共6层) | 1981年建 | 3室1厅 | 57.4平米 | 南 北,https://ke-image.ljcdn.com/110000-inspection/058f2e77-98ad-44bb-b974-9211d7022c9d_1000.jpg!m_fill,w_280,h_210,f_jpg?from=ke.com
20230523,海淀,知春路,101119020128,蓟门南里满五唯一单位福利房楼层好,549万,103781元/平,低楼层 (共6层) | 1983年建 | 2室1厅 | 52.9平米 | 南,https://ke-image.ljcdn.com/110000-inspection/fe43cc6a-3e36-4603-b977-f563f13087b6_1000.jpg!m_fill,w_280,h_210,f_jpg?from=ke.com
20230523,海淀,知春路,101119018314,太月园 南向二居室 采光没有遮挡 满五年唯一,1070万,118076元/平,低楼层 (共27层) | 1999年建 | 2室1厅 | 90.62平米 | 南,https://ke-image.ljcdn.com/110000-inspection/1b44869e-bcdc-49d6-8b5a-8585bd25cb84_1000.jpg!m_fill,w_280,h_210,f_jpg?from=ke.com
20230523,海淀,知春路,101118995029,蓟门东里 3室1厅 南 北,830万,118572元/平,中楼层 (共15层) | 1985年建 | 3室1厅 | 70平米 | 南 北,https://ke-image.ljcdn.com/110000-inspection/a0be923e-9a9d-47e8-8c3e-2c5a29b81860_1000.jpg!m_fill,w_280,h_210,f_jpg?from=ke.com
20230523,海淀,知春路,101118983391,锦秋方正一居高楼层采光视野都比较好观景房,1180万,137867元/平,中楼层 (共26层) | 2003年建 | 2室1厅 | 85.59平米 | 西北,https://ke-image.ljcdn.com/110000-inspection/pc1_BuEvRQZLN.jpg!m_fill,w_280,h_210,f_jpg?from=ke.com
20230523,海淀,知春路,101118961908,罗庄南里业主唯一住宅交通方便诚意出售,1150万,84947元/平,顶层 (共6层) | 2000年建 | 3室1厅 | 135.38平米 | 南 北,https://ke-image.ljcdn.com/110000-inspection/5c00e80f-266c-41f7-ae56-84d97ec6ba87_1000.jpg!m_fill,w_280,h_210,f_jpg?from=ke.com
20230523,海淀,知春路,101118953367,北航南门 罗庄西里 精装南北三居 中间层 满五年 诚售,945万,113446元/平,低楼层 (共6层) 3室1厅 | 83.3平米 | 南 北,https://ke-image.ljcdn.com/110000-inspection/a19fa7d7-d7a6-437b-b6e9-43e4bf4d09ba_1000.jpg!m_fill,w_280,h_210,f_jpg?from=ke.com
20230523,海淀,知春路,101118914672,知春路56号院 板楼南北向小两居 安静不临街 采光好,675万,130967元/平,低楼层 (共6层) 2室1厅 | 51.54平米 | 南 北,https://ke-image.ljcdn.com/110000-inspection/pc1_Qv5KHISqi_1.jpg!m_fill,w_280,h_210,f_jpg?from=ke.com
20230523,海淀,知春路,101118888632,蓟门东里阳光南向2居电梯房精装修满5唯一。房主自荐,680万,108281元/平,中楼层 (共15层) | 1985年建 | 2室1厅 | 62.8平米 | 南,https://ke-image.ljcdn.com/110000-inspection/pc1_cAp6qXIyo.jpg!m_fill,w_280,h_210,f_jpg?from=ke.com
20230523,海淀,知春路,101118871756,车位充足小区绿化40%人车分流2003年商品房社区,1850万,133507元/平,低楼层 (共22层) | 2001年建 | 3室2厅 | 138.57平米 | 西南 北,https://ke-image.ljcdn.com/110000-inspection/pc1_uqFxrYGh5_1.jpg!m_fill,w_280,h_210,f_jpg?from=ke.com
20230523,海淀,知春路,101118867324,太月园正南向两居高楼层前面没有任何遮挡,1120万,118770元/平,高楼层 (共27层) 2室1厅 | 94.3平米 | 南,https://ke-image.ljcdn.com/110000-inspection/pc1_S2dPonIgI.jpg!m_fill,w_280,h_210,f_jpg?from=ke.com
20230523,海淀,知春路,101118867274,知春路罗庄西里标准的4居室精装修拎包入住。房主自荐,1169万,97907元/平,高楼层 (共18层) | 1998年建 | 4室2厅 | 119.4平米 | 东 北,https://ke-image.ljcdn.com/110000-inspection/806d0ca3-ef90-4591-9dab-eb7b638f320e_1000.jpg!m_fill,w_280,h_210,f_jpg?from=ke.com
20230523,海淀,知春路,101118860462,知春路56号院 满五唯一 户型方正 视野开阔 通透三居室,1180万,144167元/平,中楼层 (共12层) 3室1厅 | 81.85平米 | 东 西,https://ke-image.ljcdn.com/110000-inspection/pc1_AiGYTaS7a_1.jpg!m_fill,w_280,h_210,f_jpg?from=ke.com
20230523,海淀,知春路,101118847419,知春路52号院精装南向一居室诚意出售房主自荐,550万,118280元/平,中楼层 (共14层) 1室1厅 | 46.5平米 | 南,https://ke-image.ljcdn.com/110000-inspection/pc1_gz7qm2gdC_1.jpg!m_fill,w_280,h_210,f_jpg?from=ke.com
20230523,海淀,知春路,101118836062,宏嘉丽园东南一居室落地窗无遮挡采光好,840万,110498元/平,低楼层 (共25层) | 2001年建 | 1室1厅 | 76.02平米 | 东南,https://ke-image.ljcdn.com/110000-inspection/2513b8c3-b472-43c6-90fb-e0735f4631ec_1000.jpg!m_fill,w_280,h_210,f_jpg?from=ke.com
20230523,海淀,知春路,101118800049,宏嘉丽园 东西通透 方正三居室高楼层采光好,1580万,110948元/平,高楼层 (共10层) | 2001年建 | 3室1厅 | 142.41平米 | 西 东,https://ke-image.ljcdn.com/110000-inspection/c4069b23-9f59-4917-9d2b-b1563aa3e0aa_1000.jpg!m_fill,w_280,h_210,f_jpg?from=ke.com
20230523,海淀,知春路,101118792436,太阳园两居室 西南朝向 中高楼层 采光视野好,1290万,124674元/平,中楼层 (共30层) | 2001年建 | 2室1厅 | 103.47平米 | 西南,https://ke-image.ljcdn.com/110000-inspection/a5d9540f-0bfc-4cfa-9f07-637acc604549_1000.jpg!m_fill,w_280,h_210,f_jpg?from=ke.com
20230523,海淀,知春路,101118787064,蓟门北里 2室1厅 南 北,585万,110587元/平,底层 (共6层) | 1988年建 | 2室1厅 | 52.9平米 | 南 北,https://ke-image.ljcdn.com/110000-inspection/pc1_7R9dR2jjq.jpg!m_fill,w_280,h_210,f_jpg?from=ke.com
20230523,海淀,知春路,101118774517,知春路 北航南门 方正户型 一居室 低楼层 诚意出售房主自荐,520万,112555元/平,低楼层 (共6层) 1室1厅 | 46.2平米 | 东,https://ke-image.ljcdn.com/110000-inspection/pc1_aiNQJkjK3.jpg!m_fill,w_280,h_210,f_jpg?from=ke.com
20230523,海淀,知春路,101118741232,知春路  北航南门 塔楼 一居室 楼层好 采光充足房主自荐,580万,95552元/平,低楼层 (共18层) | 1998年建 | 1室1厅 | 60.7平米 | 南,https://ke-image.ljcdn.com/110000-inspection/pc1_EHUFW6H07.jpg!m_fill,w_280,h_210,f_jpg?from=ke.com
20230523,海淀,知春路,101118701254,罗庄南里中间层两居室满五年唯一环境安静房主自荐,630万,102606元/平,中楼层 (共6层) 2室1厅 | 61.4平米 | 南 北,https://ke-image.ljcdn.com/110000-inspection/c8c20c8e-f6a1-4392-bf84-3d58fcff9ff8_1000.jpg!m_fill,w_280,h_210,f_jpg?from=ke.com
20230523,海淀,知春路,101118696400,总监推荐 知春路蓟门桥 蓟门北里 中间层田字格三居,735万,107300元/平,中楼层 (共6层) | 1982年建 | 3室1厅 | 68.5平米 | 南 北,https://ke-image.ljcdn.com/110000-inspection/4f2b84ce-bbaf-4b93-ad6c-875ec2f34b69_1000.jpg!m_fill,w_280,h_210,f_jpg?from=ke.com
20230523,海淀,知春路,101118686132,罗庄南里南北通透两居楼层好采光视野无遮挡满五唯一房主自荐,639万,116606元/平,中楼层 (共6层) 2室1厅 | 54.8平米 | 南 北,https://ke-image.ljcdn.com/110000-inspection/2f7c699f-c16c-45e6-9003-7264e3ab37cf_1000.jpg!m_fill,w_280,h_210,f_jpg?from=ke.com
20230523,海淀,知春路,101118680032,知春路52号院 2室1厅 东南,790万,119697元/平,顶层 (共14层) 2室1厅 | 66平米 | 东南,https://ke-image.ljcdn.com/110000-inspection/pc1_1yc4V9he8_1.jpg!m_fill,w_280,h_210,f_jpg?from=ke.com
20230523,海淀,知春路,101118678557,蓟门北里新上南北通透两居室不临街采光好房主自荐,530万,90910元/平,顶层 (共6层) | 1986年建 | 2室1厅 | 58.3平米 | 南 北,https://ke-image.ljcdn.com/110000-inspection/e2cc618c-8daa-48bd-b223-81ebe92a1998_1000.jpg!m_fill,w_280,h_210,f_jpg?from=ke.com
20230523,海淀,知春路,101118661270,罗庄西里改善宜居3居室电梯房精装修业主诚售,1080万,98631元/平,高楼层 (共18层) 3室1厅 | 109.5平米 | 东南 北,https://ke-image.ljcdn.com/110000-inspection/pc1_kjoXBhPqU.jpg!m_fill,w_280,h_210,f_jpg?from=ke.com
20230523,海淀,知春路,101118658022,蓟门里田字格南北通透三居室 不临街 单位分房贷款多,740万,107559元/平,高楼层 (共6层) | 1982年建 | 3室1厅 | 68.8平米 | 南 北,https://ke-image.ljcdn.com/110000-inspection/pc1_UuL33f2eD.jpg!m_fill,w_280,h_210,f_jpg?from=ke.com
20230523,海淀,知春路,101118630417,太阳园两居满五年唯一看房方便业主诚售,998万,129091元/平,低楼层 (共27层) | 2001年建 | 2室1厅 | 77.31平米 | 东北,https://ke-image.ljcdn.com/110000-inspection/pc1_dYyIM54Kt_1.jpg!m_fill,w_280,h_210,f_jpg?from=ke.com
20230523,海淀,知春路,101118628793,知春路 正规2居 客厅朝南带阳台 小区改造了 环境很好,690万,112488元/平,顶层 (共6层) 2室1厅 | 61.34平米 | 南 北,https://ke-image.ljcdn.com/110000-inspection/pc1_W6RTIZTN2.jpg!m_fill,w_280,h_210,f_jpg?from=ke.com
20230523,海淀,知春路,101118627190,知春路2号院 满五唯一 精装修 看房方便,618万,121846元/平,低楼层 (共16层) 1室1厅 | 50.72平米 | 东,https://ke-image.ljcdn.com/110000-inspection/pc1_YoqyCIgDD.jpg!m_fill,w_280,h_210,f_jpg?from=ke.com
20230523,海淀,知春路,101118597651,博洛尼精致装修满五唯一央产电梯板楼 观景试验田房主自荐,868万,129921元/平,高楼层 (共9层) 2室1厅 | 66.81平米 | 南 北,https://ke-image.ljcdn.com/110000-inspection/pc1_zYufcqFT9_1.jpg!m_fill,w_280,h_210,f_jpg?from=ke.com
20230523,海淀,知春路,101118587197,朝向好物业管理好楼层好视野好采光好看房方便,1510万,102436元/平,中楼层 (共25层) | 2000年建 | 3室2厅 | 147.41平米 | 南 西 北,https://ke-image.ljcdn.com/110000-inspection/pc1_6zs7mLtSS_1.jpg!m_fill,w_280,h_210,f_jpg?from=ke.com
20230523,海淀,知春路,101118586441,北三环蓟门北里中间层南北向两居室无遮挡满五年唯一,593万,103311元/平,中楼层 (共6层) | 1985年建 | 2室1厅 | 57.4平米 | 南 北,https://ke-image.ljcdn.com/110000-inspection/pc1_4neasYbx3.jpg!m_fill,w_280,h_210,f_jpg?from=ke.com
20230523,海淀,知春路,101118584754,蓟门南里 2室1厅 南,556万,105104元/平,顶层 (共6层) | 1983年建 | 2室1厅 | 52.9平米 | 南,https://ke-image.ljcdn.com/110000-inspection/pc1_sWuFsDVpj.jpg!m_fill,w_280,h_210,f_jpg?from=ke.com
20230523,海淀,知春路,101118580851,太阳园大四居高楼层户型好看房方便,2280万,133147元/平,中楼层 (共30层) | 2001年建 | 4室2厅 | 171.24平米 | 东南,https://ke-image.ljcdn.com/110000-inspection/pc1_2gNakY4kM_1.jpg!m_fill,w_280,h_210,f_jpg?from=ke.com
20230523,海淀,知春路,101118568268,罗庄西里碧兴园交通方便家里只有一台住房,785万,98003元/平,中楼层 (共28层) | 2003年建 | 1室1厅 | 80.1平米 | 西南,https://ke-image.ljcdn.com/110000-inspection/3efc22c9-2323-4643-9234-e11d2117a225_1000.jpg!m_fill,w_280,h_210,f_jpg?from=ke.com
20230523,海淀,知春路,101118552485,罗庄东里 客厅带阳台 南北通透 有个在租车位 单位分房,695万,112588元/平,顶层 (共6层) | 1996年建 | 2室1厅 | 61.73平米 | 南 北,https://ke-image.ljcdn.com/110000-inspection/3cb3cb71-78fb-4ac5-92cb-8292c50c02a8_1000.jpg!m_fill,w_280,h_210,f_jpg?from=ke.com
20230523,海淀,知春路,101118550495,北三环 碧兴园北航南门 三居室 户型方正 满五年唯一,1350万,112604元/平,底层 (共28层) | 2003年建 | 3室2厅 | 119.89平米 | 东南,https://ke-image.ljcdn.com/110000-inspection/0feb6a7c-430e-4af8-852d-ba26acd8a8c1_1000.jpg!m_fill,w_280,h_210,f_jpg?from=ke.com
20230523,海淀,知春路,101118547804,店长推荐南北通透全明格局中间层三室一厅,790万,102068元/平,中楼层 (共7层) 3室1厅 | 77.4平米 | 南 北 西,https://ke-image.ljcdn.com/110000-inspection/pc1_EzR79Pbp9.jpg!m_fill,w_280,h_210,f_jpg?from=ke.com
20230523,海淀,知春路,101118511889,太阳园 2室2厅 西南,1280万,131135元/平,低楼层 (共26层) 2室2厅 | 97.61平米 | 西南,https://ke-image.ljcdn.com/110000-inspection/d8b9c3d9-2125-4340-be2a-c85011fac3f9_1000.jpg!m_fill,w_280,h_210,f_jpg?from=ke.com
20230523,海淀,知春路,101118505866,知春路  碧兴园  三居室 户型方正  满五唯一 诚心出售房主自荐,1650万,104849元/平,低楼层 (共28层) 3室2厅 | 157.37平米 | 西南,https://ke-image.ljcdn.com/110000-inspection/pc1_XdtQmwMjq.jpg!m_fill,w_280,h_210,f_jpg?from=ke.com
20230523,海淀,知春路,101118489356,碧兴园高层两居室  看房随时  观景好房,1130万,98639元/平,高楼层 (共28层) 2室1厅 | 114.56平米 | 北 东,https://ke-image.ljcdn.com/110000-inspection/pc1_yMd7eOrtr.jpg!m_fill,w_280,h_210,f_jpg?from=ke.com
20230523,海淀,知春路,101118484787,太阳园三居楼间距开阔西南采光好,1810万,134653元/平,中楼层 (共26层) 3室2厅 | 134.42平米 | 西南 北,https://ke-image.ljcdn.com/110000-inspection/pc1_bNi3HR6n5_1.jpg!m_fill,w_280,h_210,f_jpg?from=ke.com
20230523,海淀,知春路,101118480279,罗庄南里南北通透2居室精装修入住满5年唯一。,618万,113022元/平,高楼层 (共6层) 2室1厅 | 54.68平米 | 南 北,https://ke-image.ljcdn.com/110000-inspection/a2877239-6daa-4d3e-94c8-632e870b3c4b_1000.jpg!m_fill,w_280,h_210,f_jpg?from=ke.com
20230523,海淀,知春路,101118466416,总监推荐 南北向三居室 田字格 安静不临街停车方便房主自荐,750万,110133元/平,高楼层 (共6层) | 1982年建 | 3室1厅 | 68.1平米 | 南 北,https://ke-image.ljcdn.com/110000-inspection/pc1_48gvkHTk3.jpg!m_fill,w_280,h_210,f_jpg?from=ke.com
20230523,海淀,知春路,101118465803,太阳园精装一居室拎包入住人车分流过户后可交房,790万,133808元/平,低楼层 (共27层) | 2001年建 | 1室1厅 | 59.04平米 | 东,https://ke-image.ljcdn.com/110000-inspection/3489ef16-d3e7-46ff-b59e-b0b15875d9b5_1000.jpg!m_fill,w_280,h_210,f_jpg?from=ke.com
20230523,海淀,知春路,101118465664,汉荣家园 东南向 精装四居室 高层视野好,1548万,96841元/平,高楼层 (共25层) | 2000年建 | 4室2厅 | 159.85平米 | 东南,https://ke-image.ljcdn.com/110000-inspection/pc1_56xHJZYqL_1.jpg!m_fill,w_280,h_210,f_jpg?from=ke.com
20230523,海淀,知春路,101118460814,海淀区首体家属院南北通透三居室精装修有车位。房主自荐,898万,112815元/平,顶层 (共6层) 3室1厅 | 79.6平米 | 南 北,https://ke-image.ljcdn.com/110000-inspection/pc1_HhF6lEgIt.jpg!m_fill,w_280,h_210,f_jpg?from=ke.com
20230523,海淀,知春路,101118452602,罗庄东里 客厅朝南带阳台 满5年唯一 交易费用少,695万,112588元/平,高楼层 (共6层) 2室1厅 | 61.73平米 | 南 北,https://ke-image.ljcdn.com/110000-inspection/da5e29e3-7ce4-47da-b5f1-54fc29bfa4aa_1000.jpg!m_fill,w_280,h_210,f_jpg?from=ke.com
20230523,海淀,知春路,101118441403,满五唯一南西北通透明厨明卫270度视野,1150万,140501元/平,中楼层 (共12层) | 2001年建 | 2室2厅 | 81.85平米 | 南 西 北,https://ke-image.ljcdn.com/110000-inspection/b7119886-7d59-493d-bec0-a8b5c2aff755_1000.jpg!m_fill,w_280,h_210,f_jpg?from=ke.com
20230523,海淀,知春路,101118430736,国务院单位房管局分房 近地铁 新改造小区,498万,123176元/平,底层 (共9层) | 1995年建 | 1室1厅 | 40.43平米 | 南 西 北,https://ke-image.ljcdn.com/110000-inspection/pc1_oBhr0JBh5.jpg!m_fill,w_280,h_210,f_jpg?from=ke.com
20230523,海淀,知春路,101118413209,蓟门东里东南两居高楼层采光视线好满五年唯一,650万,103012元/平,中楼层 (共15层) | 1985年建 | 2室1厅 | 63.1平米 | 东南,https://ke-image.ljcdn.com/110000-inspection/3475d22c-441a-4b19-b689-dc146ee4435b_1000.jpg!m_fill,w_280,h_210,f_jpg?from=ke.com
20230523,海淀,知春路,101118410711,锦秋家园 东向三居室 户型方正 诚意出售 看房方便房主自荐,1590万,124765元/平,低楼层 (共26层) | 2003年建 | 3室1厅 | 127.44平米 | 东,https://ke-image.ljcdn.com/110000-inspection/pc1_kl8CdvFGH.jpg!m_fill,w_280,h_210,f_jpg?from=ke.com
20230523,海淀,知春路,101118410592,汉荣家园两居 采光视野好 卫生间有窗户房主自荐,915万,99728元/平,中楼层 (共25层) | 2000年建 | 2室1厅 | 91.75平米 | 东 西北,https://ke-image.ljcdn.com/110000-inspection/4fa861a1-ff84-4320-8c8a-02041423ea7c_1000.jpg!m_fill,w_280,h_210,f_jpg?from=ke.com
20230523,海淀,知春路,101118407953,知春路56号东区  楼龄90年建成  有电梯,760万,109669元/平,低楼层 (共12层) 3室1厅 | 69.3平米 | 东北,https://ke-image.ljcdn.com/110000-inspection/pc1_rO9cFne2V_1.jpg!m_fill,w_280,h_210,f_jpg?from=ke.com
20230523,海淀,知春路,101118407005,罗庄西里南向一居室高楼层无遮挡。,530万,113031元/平,高楼层 (共9层) | 1998年建 | 1室1厅 | 46.89平米 | 南,https://ke-image.ljcdn.com/110000-inspection/pc1_1cMXr7bMa.jpg!m_fill,w_280,h_210,f_jpg?from=ke.com
20230523,海淀,知春路,101118355842,碧兴园北航南门2003年商品房社区房主自荐,1790万,113745元/平,高楼层 (共28层) 3室1厅 | 157.37平米 | 西南,https://ke-image.ljcdn.com/110000-inspection/3db30054-9560-46be-a064-89447740af4c_1000.jpg!m_fill,w_280,h_210,f_jpg?from=ke.com
20230523,海淀,知春路,101118355060,知春路蓟门桥 全南两居大阳台 诚意出售 看房方便,670万,100450元/平,中楼层 (共15层) | 1986年建 | 2室1厅 | 66.7平米 | 南,https://ke-image.ljcdn.com/110000-inspection/pc1_hS7Os2eCq.jpg!m_fill,w_280,h_210,f_jpg?from=ke.com
20230523,海淀,知春路,101118354713,知春路 太月园小区  大两居室 诚意出售,915万,102372元/平,底层 (共27层) | 1999年建 | 2室1厅 | 89.38平米 | 西南,https://ke-image.ljcdn.com/110000-inspection/4b246053-0b99-4eea-91ec-89d9ddf76010_1000.jpg!m_fill,w_280,h_210,f_jpg?from=ke.com
20230523,海淀,知春路,101118323595,本房窗户对着小花园安静不临街楼龄新采光好,508万,102814元/平,低楼层 (共6层) 2室1厅 | 49.41平米 | 西,https://ke-image.ljcdn.com/110000-inspection/pc1_OTDqMm9VK.jpg!m_fill,w_280,h_210,f_jpg?from=ke.com
20230523,海淀,知春路,101118316617,此房满五年唯一东南向采光充足业主诚心出售。新上,769万,101774元/平,低楼层 (共26层) | 1999年建 | 2室1厅 | 75.56平米 | 东,https://ke-image.ljcdn.com/110000-inspection/pc1_2oYjnjS6Z.jpg!m_fill,w_280,h_210,f_jpg?from=ke.com
20230523,海淀,知春路,101118310230,店长推荐蓟门东里燕山石化自管楼带电梯南北通透的两居房主自荐,579万,100714元/平,低楼层 (共15层) 2室1厅 | 57.49平米 | 南 北,https://ke-image.ljcdn.com/110000-inspection/pc1_UUF7sZ5X8.jpg!m_fill,w_280,h_210,f_jpg?from=ke.com
20230523,海淀,知春路,101118285895,知春路52号院  10号线和13号线地铁,736万,115724元/平,低楼层 (共14层) | 1990年建 | 2室1厅 | 63.6平米 | 南,https://ke-image.ljcdn.com/110000-inspection/6e0e6410-269f-4ead-91fe-cacea3aa56cf_1000.jpg!m_fill,w_280,h_210,f_jpg?from=ke.com
20230523,海淀,知春路,101118279800,碧兴园 西南两居 电梯单层刷卡入户 随时签约,1069万,109038元/平,低楼层 (共28层) 2室1厅 | 98.04平米 | 南 西,https://ke-image.ljcdn.com/110000-inspection/pc1_kC77aH0zq.jpg!m_fill,w_280,h_210,f_jpg?from=ke.com
20230523,海淀,知春路,101118261040,知春路 罗庄东里 南北两居 客厅带阳台 业主诚售,685万,110968元/平,顶层 (共6层) 2室1厅 | 61.73平米 | 南 北,https://ke-image.ljcdn.com/110000-inspection/pc1_dwKe07o4U.jpg!m_fill,w_280,h_210,f_jpg?from=ke.com
20230523,海淀,知春路,101118248074,太阳园中间位置没有遮挡观花园,1300万,133102元/平,低楼层 (共27层) 2室1厅 | 97.67平米 | 东南,https://ke-image.ljcdn.com/110000-inspection/pc1_uAA7ZKTs2_1.jpg!m_fill,w_280,h_210,f_jpg?from=ke.com
20230523,海淀,知春路,101118237830,太月园东南两居室交通便利配套设施齐全,908万,106075元/平,低楼层 (共19层) 2室1厅 | 85.6平米 | 东 南,https://ke-image.ljcdn.com/110000-inspection/pc1_Q8p7v5gIM.jpg!m_fill,w_280,h_210,f_jpg?from=ke.com
20230523,海淀,知春路,101118218922,知春路碧兴园 东向大一居 满五年唯一 价位可谈 诚售,760万,94340元/平,低楼层 (共28层) 1室1厅 | 80.56平米 | 东,https://ke-image.ljcdn.com/110000-inspection/pc1_WhKn8LbcH.jpg!m_fill,w_280,h_210,f_jpg?from=ke.com
20230523,海淀,知春路,101118200921,罗庄西里 高楼层视野开阔朝南向一居室,620万,102142元/平,高楼层 (共18层) | 1999年建 | 1室1厅 | 60.7平米 | 东南,https://ke-image.ljcdn.com/110000-inspection/pc1_6ayyuLlCV.jpg!m_fill,w_280,h_210,f_jpg?from=ke.com
20230523,海淀,知春路,101118191318,首体家属院 南北向大二居室 房龄新,850万,111112元/平,底层 (共6层) 2室1厅 | 76.5平米 | 南 北,https://ke-image.ljcdn.com/110000-inspection/8dbd8c91-e1e7-43f4-a407-d6cc8b944eb4_1000.jpg!m_fill,w_280,h_210,f_jpg?from=ke.com
20230523,海淀,知春路,101118187734,知春路 罗庄西里 中间层 全南一居室,530万,120455元/平,中楼层 (共6层) | 1996年建 | 1室1厅 | 44平米 | 南,https://ke-image.ljcdn.com/110000-inspection/87538bd6-012e-47a7-bc24-9433bdc9267d_1000.jpg!m_fill,w_280,h_210,f_jpg?from=ke.com
20230523,海淀,知春路,101118180376,知春路 精装双朝南两居 带两个出租车位 看房方便,499万,98036元/平,顶层 (共6层) | 1981年建 | 2室1厅 | 50.9平米 | 南,https://ke-image.ljcdn.com/110000-inspection/pc1_4EYpacFz6.jpg!m_fill,w_280,h_210,f_jpg?from=ke.com
20230523,海淀,知春路,101118153255,罗庄南里两居室高层精装修业主诚心出售房主自荐,570万,104015元/平,顶层 (共6层) | 1995年建 | 2室1厅 | 54.8平米 | 南 北,https://ke-image.ljcdn.com/110000-inspection/9b27c54a-d0cf-4462-a0ab-cf3924b3f21d_1000.jpg!m_fill,w_280,h_210,f_jpg?from=ke.com
20230523,海淀,知春路,101118119353,蓟门北里 南北通透两居室 单独管理 环境好,512万,89199元/平,顶层 (共7层) | 1988年建 | 2室1厅 | 57.4平米 | 南 北,https://ke-image.ljcdn.com/110000-inspection/pc1_wnJaSbyXI.jpg!m_fill,w_280,h_210,f_jpg?from=ke.com
20230523,海淀,知春路,101118106166,知春路  北航南门 塔楼 一居室 高楼层 采光充足,568万,93575元/平,顶层 (共18层) 1室1厅 | 60.7平米 | 南,https://ke-image.ljcdn.com/110000-inspection/pc1_KghN3nCca.jpg!m_fill,w_280,h_210,f_jpg?from=ke.com
20230523,海淀,知春路,101118080997,知春路蓟门桥 全明两居 诚意出售 看房方便,596万,97386元/平,顶层 (共6层) | 1983年建 | 2室1厅 | 61.2平米 | 南 北,https://ke-image.ljcdn.com/110000-inspection/pc1_6486iBYO4.jpg!m_fill,w_280,h_210,f_jpg?from=ke.com
20230523,海淀,知春路,101118051976,蓟门南里精装修全明格局南北向两居室房主自荐,598万,98194元/平,顶层 (共6层) | 1983年建 | 2室1厅 | 60.9平米 | 南 北,https://ke-image.ljcdn.com/110000-inspection/pc1_hs0fkLPF0.jpg!m_fill,w_280,h_210,f_jpg?from=ke.com
20230523,海淀,知春路,101118044496,太月园 方正三居室 东南朝向 中间楼层,1420万,119822元/平,中楼层 (共26层) | 2001年建 | 3室1厅 | 118.51平米 | 东南,https://ke-image.ljcdn.com/110000-inspection/pc1_kCxEYjR4b.jpg!m_fill,w_280,h_210,f_jpg?from=ke.com
20230523,海淀,知春路,101118043178,北航南门 碧兴园东南两居 高楼层 视野无遮挡 满五年,1100万,108204元/平,中楼层 (共28层) | 2003年建 | 2室1厅 | 101.66平米 | 东南,https://ke-image.ljcdn.com/110000-inspection/8fb820e8-bdf4-4c82-9c03-3829e85baa98_1000.jpg!m_fill,w_280,h_210,f_jpg?from=ke.com
20230523,海淀,知春路,101118024820,高楼层视野好无遮挡花园小区停车位充足,750万,127033元/平,高楼层 (共27层) | 2001年建 | 1室1厅 | 59.04平米 | 西,https://ke-image.ljcdn.com/110000-inspection/pc1_S8OBw98zU_1.jpg!m_fill,w_280,h_210,f_jpg?from=ke.com
20230523,海淀,知春路,101118000339,南北通透两居室中间楼层采光好视野开阔诚售！,625万,106113元/平,中楼层 (共6层) | 1983年建 | 2室1厅 | 58.9平米 | 南 北,https://ke-image.ljcdn.com/110000-inspection/pc1_ZhJ4IhM40.jpg!m_fill,w_280,h_210,f_jpg?from=ke.com
20230523,海淀,知春路,101117986371,知春路 罗庄西里 南北两居 精装修 带电梯 业主诚售房主自荐,699万,105034元/平,中楼层 (共9层) 2室1厅 | 66.55平米 | 南 北,https://ke-image.ljcdn.com/110000-inspection/pc1_RbsObCjNF.jpg!m_fill,w_280,h_210,f_jpg?from=ke.com
20230523,海淀,知春路,101117984192,金谷园 2室1厅 南 北,720万,107399元/平,底层 (共6层) 2室1厅 | 67.04平米 | 南 北,https://ke-image.ljcdn.com/110000-inspection/pc1_PhswqtAZu_1.jpg!m_fill,w_280,h_210,f_jpg?from=ke.com
20230523,海淀,知春路,101117984150,南北通透带客厅两居室楼新小区中间位置看房方便,690万,102924元/平,底层 (共6层) 2室1厅 | 67.04平米 | 南 北,https://ke-image.ljcdn.com/110000-inspection/pc1_qlKV8JbAE.jpg!m_fill,w_280,h_210,f_jpg?from=ke.com
20230523,海淀,知春路,101117971068,首都体育学院 西南北三居室 满五年唯一,1445万,120921元/平,高楼层 (共6层) 3室1厅 | 119.5平米 | 西 南 北,https://ke-image.ljcdn.com/110000-inspection/pc1_l2zYZUmn2.jpg!m_fill,w_280,h_210,f_jpg?from=ke.com
20230523,海淀,知春路,101117953836,北航南门 户型方正 两居室 采光好 交通便利 诚意出售,1151万,124960元/平,高楼层 (共18层) 2室2厅 | 92.11平米 | 东南 北,https://ke-image.ljcdn.com/110000-inspection/pc1_Hyu0SnYia.jpg!m_fill,w_280,h_210,f_jpg?from=ke.com
20230523,海淀,知春路,101117952708,蓟门东里南北朝向带电梯的两居室,600万,105079元/平,高楼层 (共15层) | 1985年建 | 2室1厅 | 57.1平米 | 南 北,https://ke-image.ljcdn.com/110000-inspection/08e0d7c4-10bf-408a-adb1-4689f4058fa3_1000.jpg!m_fill,w_280,h_210,f_jpg?from=ke.com
20230523,海淀,知春路,101117948934,蓟门南里 3室1厅 南 西 北,640万,105961元/平,顶层 (共6层) | 1983年建 | 3室1厅 | 60.4平米 | 南 西 北,https://ke-image.ljcdn.com/110000-inspection/pc1_SqkeFDxU2.jpg!m_fill,w_280,h_210,f_jpg?from=ke.com
20230523,海淀,知春路,101117914178,罗庄西里 大三居 高楼层 视野开阔 业主诚心卖,995万,91034元/平,高楼层 (共18层) | 2000年建 | 3室1厅 | 109.3平米 | 南 西 北,https://ke-image.ljcdn.com/110000-inspection/4ae38fef-ae93-4f54-9c07-2092d4e1c57b_1000.jpg!m_fill,w_280,h_210,f_jpg?from=ke.com
20230523,海淀,知春路,101117911066,太阳园正规三居视野好无遮挡,1620万,123148元/平,中楼层 (共26层) | 2001年建 | 3室1厅 | 131.55平米 | 东 北,https://ke-image.ljcdn.com/110000-inspection/pc1_c5OEoZfwK_1.jpg!m_fill,w_280,h_210,f_jpg?from=ke.com
20230523,海淀,知春路,101117902156,碧兴园 2020年30万精装修 业主靠谱卖 能签合同,760万,94882元/平,高楼层 (共28层) 2室1厅 | 80.1平米 | 西南,https://ke-image.ljcdn.com/110000-inspection/d0635ab8-6d25-48b5-9784-0a6a99644db2_1000.jpg!m_fill,w_280,h_210,f_jpg?from=ke.com
20230523,海淀,知春路,101117898987,太阳园户型方正南向一居采光好视野开阔,780万,130610元/平,底层 (共27层) | 2001年建 | 1室1厅 | 59.72平米 | 南,https://ke-image.ljcdn.com/110000-inspection/13b99fb4-7a32-4190-96f9-e3bb8e408e3e_1000.jpg!m_fill,w_280,h_210,f_jpg?from=ke.com
20230523,海淀,知春路,101117895253,满五年 G房 低楼层采光视野无遮挡 诚意出售,950万,110337元/平,底层 (共19层) 2室1厅 | 86.1平米 | 东南,https://ke-image.ljcdn.com/110000-inspection/42b0b858-4796-46ba-ad4a-119e4bccd880_1000.jpg!m_fill,w_280,h_210,f_jpg?from=ke.com
20230523,海淀,知春路,101117887102,知春路52号院满五唯一南向精装一居室带电梯,560万,120431元/平,高楼层 (共14层) | 2002年建 | 1室1厅 | 46.5平米 | 南,https://ke-image.ljcdn.com/110000-inspection/bd36edfe-d118-48fc-b97c-3d27fb10f6a5_1000.jpg!m_fill,w_280,h_210,f_jpg?from=ke.com
20230523,海淀,知春路,101117868841,北航南门 锦秋知春 高层东向两居 正对花园 满五年,1700万,133397元/平,高楼层 (共26层) | 2003年建 | 2室2厅 | 127.44平米 | 东,https://ke-image.ljcdn.com/110000-inspection/pc1_7GzLSFvtz.jpg!m_fill,w_280,h_210,f_jpg?from=ke.com
20230523,海淀,知春路,101117858066,蓟门南里 板楼二层  南北通透 明厨明卫 看房有钥匙,635万,103759元/平,低楼层 (共6层) | 1983年建 | 2室1厅 | 61.2平米 | 南 北,https://ke-image.ljcdn.com/110000-inspection/pc1_FvIC3N1sh.jpg!m_fill,w_280,h_210,f_jpg?from=ke.com
20230523,海淀,知春路,101117844298,蓟门里南区 中间楼层 诚意出售,558万,102386元/平,中楼层 (共6层) | 1983年建 | 2室1厅 | 54.5平米 | 南 北,https://ke-image.ljcdn.com/110000-inspection/pc1_6MNuOGapC.jpg!m_fill,w_280,h_210,f_jpg?from=ke.com
20230523,海淀,知春路,101117832687,知春路蓟门北里中间层两居室 南北没有遮挡满五年,525万,103347元/平,低楼层 (共7层) 2室1厅 | 50.8平米 | 南 北,https://ke-image.ljcdn.com/110000-inspection/pc1_gsgkTvlH2.jpg!m_fill,w_280,h_210,f_jpg?from=ke.com
20230523,海淀,知春路,101117813912,罗庄南里精装两居室中间层看房方便,650万,119114元/平,中楼层 (共6层) | 1997年建 | 2室1厅 | 54.57平米 | 南 北,https://ke-image.ljcdn.com/110000-inspection/pc1_sGMkDuPAH.jpg!m_fill,w_280,h_210,f_jpg?from=ke.com
20230523,海淀,知春路,101117796255,罗庄西里 南北通透楼层好采光充足配套齐全,640万,104627元/平,顶层 (共9层) | 1998年建 | 2室1厅 | 61.17平米 | 南 北,https://ke-image.ljcdn.com/110000-inspection/4ade689f-ef5a-48be-a45c-1ab600fa5622_1000.jpg!m_fill,w_280,h_210,f_jpg?from=ke.com
20230523,海淀,知春路,101117782944,精装修一居室 中间楼层 地铁10号线13号线,482万,109100元/平,中楼层 (共6层) 1室1厅 | 44.18平米 | 东,https://ke-image.ljcdn.com/110000-inspection/4c6df01f-8e4a-4c9c-95bf-5f7462a79002_1000.jpg!m_fill,w_280,h_210,f_jpg?from=ke.com
20230523,海淀,知春路,101117774671,罗庄西里 精装修 满五年唯一 采光好视野开阔,865万,100116元/平,低楼层 (共18层) | 1998年建 | 2室1厅 | 86.4平米 | 南 东 北,https://ke-image.ljcdn.com/110000-inspection/pc1_6ynLyjVWM.jpg!m_fill,w_280,h_210,f_jpg?from=ke.com
20230523,海淀,知春路,101117774426,知春路 首体家属院 南北通透 全明两居 满5年唯一,870万,113726元/平,顶层 (共6层) 2室1厅 | 76.5平米 | 南 北,https://ke-image.ljcdn.com/110000-inspection/pc1_IivWAvGKK.jpg!m_fill,w_280,h_210,f_jpg?from=ke.com
20230523,海淀,知春路,101117750808,汉荣家园西南两居客厅厨房朝南两卧室朝西业主诚心出售,789万,93595元/平,中楼层 (共25层) | 2000年建 | 2室1厅 | 84.3平米 | 西南,https://ke-image.ljcdn.com/110000-inspection/pc1_72IjlytDT_1.jpg!m_fill,w_280,h_210,f_jpg?from=ke.com
20230523,海淀,知春路,101117749101,太月园东南三居室满五年唯一正对花园三阳台,1945万,94911元/平,中楼层 (共18层) 3室2厅 | 204.93平米 | 东南,https://ke-image.ljcdn.com/110000-inspection/a969c933-b0e4-4fb2-a4db-03b5481a22f7_1000.jpg!m_fill,w_280,h_210,f_jpg?from=ke.com
20230523,海淀,知春路,101117736051,罗庄南里  南北通透2居   小区安静  交通方便,570万,104243元/平,顶层 (共6层) | 1997年建 | 2室1厅 | 54.68平米 | 南 北,https://ke-image.ljcdn.com/110000-inspection/c6f668c1-4a0c-4e64-880b-1b0090c5e44b_1000.jpg!m_fill,w_280,h_210,f_jpg?from=ke.com
20230523,海淀,知春路,101117735789,蓟门里和景园 精装大一居 满五唯一,699万,99687元/平,底层 (共6层) 1室1厅 | 70.12平米 | 西北,https://ke-image.ljcdn.com/110000-inspection/fcd5d974-3e08-41fb-9c67-8fbb1d23bcb6_1000.jpg!m_fill,w_280,h_210,f_jpg?from=ke.com
20230523,海淀,知春路,101117726706,蓟门里和景园  01年商品房小区   看房方便 业主诚售房主自荐,760万,76970元/平,顶层 (共9层) | 2001年建 | 2室1厅 | 98.74平米 | 东南 西北,https://ke-image.ljcdn.com/110000-inspection/39f6c4be-bdd5-44e7-9e01-98871398abac_1000.jpg!m_fill,w_280,h_210,f_jpg?from=ke.com
20230523,海淀,知春路,101117715892,太月园 精装自住两居 满五唯一 业主诚意出售,760万,100583元/平,低楼层 (共26层) | 1999年建 | 2室1厅 | 75.56平米 | 东南,https://ke-image.ljcdn.com/110000-inspection/pc1_SU219CyWX.jpg!m_fill,w_280,h_210,f_jpg?from=ke.com
20230523,海淀,知春路,101117713994,全屋定制装修 中间楼层 南北两居 满五唯一 随时签约,600万,104530元/平,中楼层 (共7层) | 1988年建 | 2室1厅 | 57.4平米 | 南 北,https://ke-image.ljcdn.com/110000-inspection/pc1_3I5bMchnm.jpg!m_fill,w_280,h_210,f_jpg?from=ke.com
20230523,海淀,知春路,101117713371,蓟门里东区 南北通透两居室 单位自己管理 看房方便,598万,104729元/平,低楼层 (共15层) | 1987年建 | 2室1厅 | 57.1平米 | 南 北,https://ke-image.ljcdn.com/110000-inspection/0dc04d67-20c2-4d02-9c28-4f3d1662cf17_1000.jpg!m_fill,w_280,h_210,f_jpg?from=ke.com
20230523,海淀,知春路,101117653314,蓟门东里西南向高层拐角阳台业主诚心出售,695万,105624元/平,中楼层 (共16层) | 1986年建 | 2室1厅 | 65.8平米 | 西南,https://ke-image.ljcdn.com/110000-inspection/5b8f49f9-d60b-421d-9899-c8624c26f623_1000.jpg!m_fill,w_280,h_210,f_jpg?from=ke.com
20230523,海淀,知春路,101117652003,满五商品房 户型方正人车分流 车位充足,1440万,132707元/平,中楼层 (共26层) | 2001年建 | 2室2厅 | 108.51平米 | 南,https://ke-image.ljcdn.com/110000-inspection/ad8935aa-53cd-4117-ab10-933576f808b6_1000.jpg!m_fill,w_280,h_210,f_jpg?from=ke.com
20230523,海淀,知春路,101117651485,蓟门北里精装修全南向两居室不是顶层房主自荐,535万,105732元/平,高楼层 (共6层) | 1981年建 | 2室1厅 | 50.6平米 | 南,https://ke-image.ljcdn.com/110000-inspection/pc1_WJ8jyDZ28.jpg!m_fill,w_280,h_210,f_jpg?from=ke.com
20230523,海淀,知春路,101117630214,太阳园西向一居室视野好无遮挡,750万,134481元/平,中楼层 (共27层) | 2001年建 | 1室1厅 | 55.77平米 | 西南,https://ke-image.ljcdn.com/110000-inspection/pc1_PcRWEEbw1_1.jpg!m_fill,w_280,h_210,f_jpg?from=ke.com
20230523,海淀,知春路,101117600260,店长推荐：无遮挡  不临街  靠谱签约 可看房源,780万,93739元/平,高楼层 (共18层) | 1996年建 | 2室1厅 | 83.21平米 | 西南,https://ke-image.ljcdn.com/110000-inspection/pc1_aFf3N8pdW.jpg!m_fill,w_280,h_210,f_jpg?from=ke.com
20230523,海淀,知春路,101117585352,宏嘉丽园景观房  东南向三居  观鸟巢  满五年唯一,1658万,107796元/平,高楼层 (共24层) | 2001年建 | 3室1厅 | 153.81平米 | 东南,https://ke-image.ljcdn.com/110000-inspection/289d8e78-36db-4878-be9e-c9a421f7369f_1000.jpg!m_fill,w_280,h_210,f_jpg?from=ke.com
20230523,海淀,知春路,101117560990,2001年和景园商品房中间层电梯住宅,1550万,95409元/平,低楼层 (共12层) 3室1厅 | 162.46平米 | 东 南,https://ke-image.ljcdn.com/110000-inspection/29e6fd26-e0a5-408e-b722-df7a9725e899_1000.jpg!m_fill,w_280,h_210,f_jpg?from=ke.com
20230523,海淀,知春路,101117507265,罗庄南里南北通透2居室采光视野无遮挡业主诚售,568万,98955元/平,高楼层 (共6层) | 1986年建 | 2室1厅 | 57.4平米 | 南 北,https://ke-image.ljcdn.com/110000-inspection/3da28d15-d666-497d-9370-c23a26a108af_1000.jpg!m_fill,w_280,h_210,f_jpg?from=ke.com
20230523,海淀,知春路,101117437057,太阳园南向两居户型方正无浪费面积,1398万,132903元/平,低楼层 (共26层) | 2001年建 | 2室1厅 | 105.19平米 | 南,https://ke-image.ljcdn.com/110000-inspection/pc1_LiSkNFola.jpg!m_fill,w_280,h_210,f_jpg?from=ke.com
20230523,海淀,知春路,101117356866,知春路56号院双卧室南向两居室,699万,106426元/平,底层 (共12层) 2室1厅 | 65.68平米 | 南 北,https://ke-image.ljcdn.com/110000-inspection/pc1_WFGCxZS7i_1.jpg!m_fill,w_280,h_210,f_jpg?from=ke.com
20230523,海淀,知春路,101117333400,罗庄南里  全明格局2居室 中间楼层,633万,99217元/平,中楼层 (共6层) | 1986年建 | 2室1厅 | 63.8平米 | 南 北,https://ke-image.ljcdn.com/110000-inspection/fb245f46-b43f-4a23-9d92-d2e2c4d02ccc_1000.jpg!m_fill,w_280,h_210,f_jpg?from=ke.com
20230523,海淀,知春路,101117306067,南向一居室 电梯直达  高层采光无遮挡房主自荐,530万,113031元/平,高楼层 (共9层) 1室1厅 | 46.89平米 | 南,https://ke-image.ljcdn.com/110000-inspection/bb4324fe-74fd-41c4-bd65-632160914a03_1000.jpg!m_fill,w_280,h_210,f_jpg?from=ke.com
20230523,海淀,知春路,101117222383,蓟门北里南北两居央产房中间层无遮挡满五年看房随时,586万,100515元/平,中楼层 (共6层) | 1986年建 | 2室1厅 | 58.3平米 | 南 北,https://ke-image.ljcdn.com/110000-inspection/95ec8b18-09a5-4183-8cff-7068c7962276_1000.jpg!m_fill,w_280,h_210,f_jpg?from=ke.com
20230523,海淀,知春路,101117220644,宏嘉丽园南向好户型2居 产权清晰无抵押 诚意出售房主自荐,1200万,120737元/平,高楼层 (共25层) | 2001年建 | 2室2厅 | 99.39平米 | 南,https://ke-image.ljcdn.com/110000-inspection/pc1_df2AZyt8k.jpg!m_fill,w_280,h_210,f_jpg?from=ke.com
20230523,海淀,知春路,101117215062,太阳园西向一居室户型方正采光好,780万,132114元/平,中楼层 (共27层) | 2001年建 | 1室1厅 | 59.04平米 | 西,https://ke-image.ljcdn.com/110000-inspection/0342e6da-a116-4e9b-94a1-7e93d1d0b792_1000.jpg!m_fill,w_280,h_210,f_jpg?from=ke.com
20230523,海淀,知春路,101117207786,罗庄南里 带车位 中间楼层 南北通透 正规两居 诚心卖,587万,102265元/平,低楼层 (共6层) 2室1厅 | 57.4平米 | 南 北,https://ke-image.ljcdn.com/110000-inspection/pc1_W8dRtlPyk.jpg!m_fill,w_280,h_210,f_jpg?from=ke.com
20230523,海淀,知春路,101117196770,北三环 知春路 碧兴园新上大两居 视野好 看房方便,1138万,99337元/平,低楼层 (共28层) 2室1厅 | 114.56平米 | 东北,https://ke-image.ljcdn.com/110000-inspection/7679d7ef-a544-4b89-b7be-51ecda335d09_1000.jpg!m_fill,w_280,h_210,f_jpg?from=ke.com
20230523,海淀,知春路,101117196417,北航南门口宏嘉丽园东南向大一居 精装修满五年唯一,898万,118158元/平,中楼层 (共25层) | 2001年建 | 1室1厅 | 76平米 | 东南,https://ke-image.ljcdn.com/110000-inspection/d47dfc0f-1740-470e-b6f7-1f30dbfcbda4_1000.jpg!m_fill,w_280,h_210,f_jpg?from=ke.com
20230523,海淀,知春路,101117166582,知春路蓟门桥蓟门里东南户型方正明亮两居,525万,93750元/平,底层 (共16层) | 1986年建 | 2室0厅 | 56平米 | 东南,https://ke-image.ljcdn.com/110000-inspection/2e288629-ba28-4f73-9770-3131836aadda_1000.jpg!m_fill,w_280,h_210,f_jpg?from=ke.com
20230523,海淀,知春路,101117160812,碧兴园 高层东向三居采光视野好 接受换房周期 诚售,1500万,99841元/平,高楼层 (共28层) 3室2厅 | 150.24平米 | 东南,https://ke-image.ljcdn.com/110000-inspection/pc1_VMWdiUzpn.jpg!m_fill,w_280,h_210,f_jpg?from=ke.com
20230523,海淀,知春路,101117154533,太月园小区精装高楼层带电梯三居 无遮挡三室二厅二卫,1650万,109635元/平,高楼层 (共27层) 3室2厅 | 150.5平米 | 东南 北,https://ke-image.ljcdn.com/110000-inspection/aa5fa95a-8fef-4e54-8516-c30abae321fd_1000.jpg!m_fill,w_280,h_210,f_jpg?from=ke.com
20230523,海淀,知春路,101117150129,太月园 东南向两居室 小区中间位置 业主诚心出售,910万,99345元/平,低楼层 (共27层) 2室1厅 | 91.6平米 | 东南,https://ke-image.ljcdn.com/110000-inspection/pc1_snodZ3Xwl.jpg!m_fill,w_280,h_210,f_jpg?from=ke.com
20230523,海淀,知春路,101117141795,太阳园中关村知春路价低视野开阔前后无遮挡急售,1580万,120107元/平,中楼层 (共26层) | 2001年建 | 3室1厅 | 131.55平米 | 西北,https://ke-image.ljcdn.com/110000-inspection/pc1_zlCZv6fH2.jpg!m_fill,w_280,h_210,f_jpg?from=ke.com
20230523,海淀,知春路,101117139360,罗庄南里 高楼层无遮挡 南北通透 精装修房主自荐,528万,91987元/平,顶层 (共6层) 2室1厅 | 57.4平米 | 南 北,https://ke-image.ljcdn.com/110000-inspection/2a771ac6-01bd-42d5-8ec6-deb76e6dbab6_1000.jpg!m_fill,w_280,h_210,f_jpg?from=ke.com
20230523,海淀,知春路,101117099966,太阳园开阔视野无遮挡双卫两居室,1360万,134574元/平,高楼层 (共26层) | 2002年建 | 2室2厅 | 101.06平米 | 西南,https://ke-image.ljcdn.com/110000-inspection/7df0a033-7739-4a59-8c4b-b863a6954161_1000.jpg!m_fill,w_280,h_210,f_jpg?from=ke.com
20230523,海淀,知春路,101117099779,太月园 东南两居 次顶层 视野开阔 无遮挡房主自荐,965万,110035元/平,高楼层 (共19层) 2室1厅 | 87.7平米 | 东南,https://ke-image.ljcdn.com/110000-inspection/3e5e0377-42b7-474c-8818-6194ba20ff5a_1000.jpg!m_fill,w_280,h_210,f_jpg?from=ke.com
20230523,海淀,知春路,101117078904,知春路52号院带客厅三居室户型好带电梯楼龄新,998万,113798元/平,中楼层 (共14层) | 1988年建 | 3室1厅 | 87.7平米 | 南 西,https://ke-image.ljcdn.com/110000-inspection/pc1_8h0tKmPTH_1.jpg!m_fill,w_280,h_210,f_jpg?from=ke.com
20230523,海淀,知春路,101117055983,知春路2号院 1室1厅 东,600万,118297元/平,中楼层 (共16层) | 1995年建 | 1室1厅 | 50.72平米 | 东,https://ke-image.ljcdn.com/110000-inspection/pc1_DviCJDOrT.jpg!m_fill,w_280,h_210,f_jpg?from=ke.com
20230523,海淀,知春路,101117050732,蓟门东里东北两居两卧室大小一样 户型无浪费,636万,96510元/平,低楼层 (共15层) | 1985年建 | 2室1厅 | 65.9平米 | 东北,https://ke-image.ljcdn.com/110000-inspection/pc1_IPGdlu0mR.jpg!m_fill,w_280,h_210,f_jpg?from=ke.com
20230523,海淀,知春路,101117010111,房子中楼层采光好户型方正位置安静精装修,750万,119389元/平,高楼层 (共9层) 2室1厅 | 62.82平米 | 南 北,https://ke-image.ljcdn.com/110000-inspection/c3547281-3521-4ff6-a568-a74bff906f3d_1000.jpg!m_fill,w_280,h_210,f_jpg?from=ke.com
20230523,海淀,知春路,101117000183,太月园 满五唯一 东南朝向 户型方正 视野开阔,990万,118535元/平,低楼层 (共26层) | 1999年建 | 2室1厅 | 83.52平米 | 东南,https://ke-image.ljcdn.com/110000-inspection/d6442fe3-288e-495c-bd60-f0a648b72bf1_1000.jpg!m_fill,w_280,h_210,f_jpg?from=ke.com
20230523,海淀,知春路,101116983567,2001年和景园东南朝向中间层住宅,1660万,102179元/平,中楼层 (共12层) | 2001年建 | 3室1厅 | 162.46平米 | 东南,https://ke-image.ljcdn.com/110000-inspection/02113894-a70d-4803-be1b-a85e2f819aa2_1000.jpg!m_fill,w_280,h_210,f_jpg?from=ke.com
20230523,海淀,知春路,101116957214,罗庄西里业主诚意出售采光好的三居,1028万,93925元/平,中楼层 (共18层) | 1996年建 | 3室1厅 | 109.45平米 | 东 东北,https://ke-image.ljcdn.com/110000-inspection/b994b1f2-8e55-45fc-989b-ef6987fe56f0_1000.jpg!m_fill,w_280,h_210,f_jpg?from=ke.com
20230523,海淀,知春路,101116948951,北三环 蓟门桥 精装修一居室 交通便利房主自荐,468万,117441元/平,顶层 (共6层) | 1986年建 | 1室1厅 | 39.85平米 | 南,https://ke-image.ljcdn.com/110000-inspection/pc1_vpJpBTXhp.jpg!m_fill,w_280,h_210,f_jpg?from=ke.com
20230523,海淀,知春路,101116920034,碧兴园 西南两居室 户型方正 诚意出售 价格能谈,1060万,104785元/平,中楼层 (共28层) | 2003年建 | 2室2厅 | 101.16平米 | 西南,https://ke-image.ljcdn.com/110000-inspection/pc1_gJECr7rpl_1.jpg!m_fill,w_280,h_210,f_jpg?from=ke.com
20230523,海淀,知春路,101116916758,知春路 太月园 西向两居 户型方正 无遮挡 业主诚售,750万,95591元/平,中楼层 (共18层) | 1999年建 | 2室1厅 | 78.46平米 | 西,https://ke-image.ljcdn.com/110000-inspection/pc1_1cGRYxEiH.jpg!m_fill,w_280,h_210,f_jpg?from=ke.com
20230523,海淀,知春路,101116897981,太月园 精装修 中间楼层采光视野俱佳 方正户型布局好房主自荐,1050万,108617元/平,中楼层 (共18层) 2室1厅 | 96.67平米 | 西,https://ke-image.ljcdn.com/110000-inspection/48d76964-f80a-4c33-b303-22a8a3e069ec_1000.jpg!m_fill,w_280,h_210,f_jpg?from=ke.com
20230523,海淀,知春路,101116885156,蓟门东里东北两居 单位自管楼 业主诚意出售房主自荐,660万,98040元/平,中楼层 (共15层) | 1987年建 | 2室1厅 | 67.32平米 | 东北,https://ke-image.ljcdn.com/110000-inspection/a9f97cab-2401-4c54-af94-83c47d39f71b_1000.jpg!m_fill,w_280,h_210,f_jpg?from=ke.com
20230523,海淀,知春路,101116877712,太月园小区 双南两居室 满五年 诚意出售房主自荐,1070万,115877元/平,低楼层 (共26层) 2室1厅 | 92.34平米 | 南,https://ke-image.ljcdn.com/110000-inspection/b5ee9ac6-c204-483c-8c21-e9dcb7aa689f_1000.jpg!m_fill,w_280,h_210,f_jpg?from=ke.com
20230523,海淀,知春路,101116849752,蓟门东里 南北通透 两居室 精装修 看房方便！,593万,103853元/平,顶层 (共15层) | 1987年建 | 2室1厅 | 57.1平米 | 南 北,https://ke-image.ljcdn.com/110000-inspection/8a12100f-8493-47fe-a43c-0d911de4d834_1000.jpg!m_fill,w_280,h_210,f_jpg?from=ke.com
20230523,海淀,知春路,101116834856,知春路太阳园精装修一居室拎包可以入住楼层高,730万,141063元/平,中楼层 (共27层) | 2001年建 | 1室1厅 | 51.75平米 | 北,https://ke-image.ljcdn.com/110000-inspection/pc1_sD7oJ5XzW_1.jpg!m_fill,w_280,h_210,f_jpg?from=ke.com
20230523,海淀,知春路,101116833419,新上房源 知春路 碧兴园 东南向两居室 业主诚意出售房主自荐,936万,95472元/平,底层 (共28层) 2室1厅 | 98.04平米 | 东南,https://ke-image.ljcdn.com/110000-inspection/pc1_wNoHKOIAB.jpg!m_fill,w_280,h_210,f_jpg?from=ke.com
20230523,海淀,知春路,101116828068,蓟门桥 南北两居   随时签约 中间层,616万,104407元/平,中楼层 (共6层) | 1983年建 | 2室1厅 | 59平米 | 南 北,https://ke-image.ljcdn.com/110000-inspection/pc1_U2xegyGLD.jpg!m_fill,w_280,h_210,f_jpg?from=ke.com
20230523,海淀,知春路,101116826919,满五唯一  南北向两居 精装修,855万,127975元/平,底层 (共9层) 2室1厅 | 66.81平米 | 南 北,https://ke-image.ljcdn.com/110000-inspection/pc1_sIaZLNcDH_1.jpg!m_fill,w_280,h_210,f_jpg?from=ke.com
20230523,海淀,知春路,101116771715,知春路碧兴园2003年商品房社区双地铁,735万,96280元/平,中楼层 (共28层) | 2003年建 | 2室1厅 | 76.34平米 | 西南,https://ke-image.ljcdn.com/110000-inspection/438ed9b4-e3f8-455c-b949-621fcac0da79_1000.jpg!m_fill,w_280,h_210,f_jpg?from=ke.com
20230523,海淀,知春路,101116764433,店长推荐 北三环 知春路 北航南门  满五年唯一,600万,113422元/平,底层 (共6层) 3室0厅 | 52.9平米 | 东 南 北,https://ke-image.ljcdn.com/110000-inspection/pc1_z2zYhazox_1.jpg!m_fill,w_280,h_210,f_jpg?from=ke.com
20230523,海淀,知春路,101116763445,满五年唯一中间楼层业主诚心出售,475万,107515元/平,中楼层 (共6层) | 1997年建 | 1室1厅 | 44.18平米 | 东,https://ke-image.ljcdn.com/110000-inspection/5fcb637f-6c1d-4d5b-a60a-f437756bd206_1000.jpg!m_fill,w_280,h_210,f_jpg?from=ke.com
20230523,海淀,知春路,101116703204,北航南门 大两居室 业主诚意出售  随时可以签约,905万,98253元/平,低楼层 (共18层) 2室0厅 | 92.11平米 | 西北,https://ke-image.ljcdn.com/110000-inspection/db86c537-916c-465b-8de7-4182bb938c09_1000.jpg!m_fill,w_280,h_210,f_jpg?from=ke.com
20230523,海淀,知春路,101116702993,知春路 蓟门北里 南北两居室 诚心出售,410万,83165元/平,底层 (共7层) | 1993年建 | 2室1厅 | 49.3平米 | 南 北,https://ke-image.ljcdn.com/110000-inspection/pc1_vxiKaKoro_2.jpg!m_fill,w_280,h_210,f_jpg?from=ke.com
20230523,海淀,知春路,101116689999,北三环蓟门东里东西向板楼两居中间层全明格局近公园,595万,97382元/平,低楼层 (共6层) | 1986年建 | 2室1厅 | 61.1平米 | 东 西,https://ke-image.ljcdn.com/110000-inspection/1eed0480-017a-44bf-8765-491bff92a45e_1000.jpg!m_fill,w_280,h_210,f_jpg?from=ke.com
20230523,海淀,知春路,101116675862,宏嘉丽园两室两卫大两居方正精装出售,1230万,104282元/平,中楼层 (共24层) | 2001年建 | 2室2厅 | 117.95平米 | 东 南 北,https://ke-image.ljcdn.com/110000-inspection/3ae70e63-b0cd-4f93-8d5a-d6f4a8748e80_1000.jpg!m_fill,w_280,h_210,f_jpg?from=ke.com
20230523,海淀,知春路,101116675023,太阳园东南两居室 满五年唯一 诚意出售 户型方正,998万,134774元/平,低楼层 (共27层) | 2001年建 | 2室1厅 | 74.05平米 | 东南,https://ke-image.ljcdn.com/110000-inspection/5aff7060-d1ec-4b1a-840e-958fe6f3e6ca_1000.jpg!m_fill,w_280,h_210,f_jpg?from=ke.com
20230523,海淀,知春路,101116673925,知春路2号院 南北向三居室 中间层,755万,126615元/平,中楼层 (共6层) 3室1厅 | 59.63平米 | 南 北,https://ke-image.ljcdn.com/110000-inspection/51fd99b8-f9d0-453f-9d12-ebe7c81b19f7_1000.jpg!m_fill,w_280,h_210,f_jpg?from=ke.com
20230523,海淀,知春路,101116624431,知春路罗庄碧兴园优质三居室楼龄新,1480万,98510元/平,高楼层 (共28层) | 2003年建 | 3室1厅 | 150.24平米 | 东 南 北,https://ke-image.ljcdn.com/110000-inspection/pc1_5qHKccbO9.jpg!m_fill,w_280,h_210,f_jpg?from=ke.com
20230523,海淀,知春路,101116604497,知春路北航南门 知春嘉园 正规三居室 精装 看房方便,1130万,98950元/平,低楼层 (共19层) | 1998年建 | 3室1厅 | 114.2平米 | 东北,https://ke-image.ljcdn.com/110000-inspection/b8c66247-03e1-4898-9251-3cbafdb52b50_1000.jpg!m_fill,w_280,h_210,f_jpg?from=ke.com
20230523,海淀,知春路,101116588290,罗庄南里北航附近全明格局两居室,595万,96576元/平,顶层 (共6层) 2室1厅 | 61.61平米 | 南 北,https://ke-image.ljcdn.com/110000-inspection/pc1_O0uDYVPe0.jpg!m_fill,w_280,h_210,f_jpg?from=ke.com
20230523,海淀,知春路,101116574083,罗庄西里南北两居板楼有电梯单位分的房子,748万,111426元/平,顶层 (共9层) 2室1厅 | 67.13平米 | 南 北,https://ke-image.ljcdn.com/110000-inspection/pc1_s3Es4YZSn.jpg!m_fill,w_280,h_210,f_jpg?from=ke.com
20230523,海淀,知春路,101116525231,新上房源 北三环 知春路 碧兴园小区东南正规三居室,1460万,97178元/平,低楼层 (共28层) | 2003年建 | 3室2厅 | 150.24平米 | 东 南,https://ke-image.ljcdn.com/110000-inspection/pc1_u8siLAurv.jpg!m_fill,w_280,h_210,f_jpg?from=ke.com
20230523,海淀,知春路,101116441224,知春路56号院南北向2居有电梯可多贷款,786万,120000元/平,高楼层 (共12层) 2室1厅 | 65.5平米 | 南,https://ke-image.ljcdn.com/110000-inspection/ec024462-6391-4154-8c2e-ebe2adb18092_1000.jpg!m_fill,w_280,h_210,f_jpg?from=ke.com
20230523,海淀,知春路,101116435173,满5年楼层好采光视野无遮挡精装修房主自荐,610万,101329元/平,底层 (共6层) | 1993年建 | 2室1厅 | 60.2平米 | 南 北,https://ke-image.ljcdn.com/110000-inspection/pc1_pZuedYcaX_1.jpg!m_fill,w_280,h_210,f_jpg?from=ke.com
20230523,海淀,知春路,101116430956,罗庄东里南北通透两居室无遮挡不临街诚意签约,635万,110129元/平,底层 (共6层) | 1993年建 | 2室1厅 | 57.66平米 | 南 北,https://ke-image.ljcdn.com/110000-inspection/pc1_p0UtX9aza_1.jpg!m_fill,w_280,h_210,f_jpg?from=ke.com
20230523,海淀,知春路,101116418954,知春路56号院  南北通透三居  精装修  社区管理好,825万,125095元/平,高楼层 (共6层) 3室1厅 | 65.95平米 | 南 北,https://ke-image.ljcdn.com/110000-inspection/fb1f9389-d983-428a-92f1-d6dec0a57931_1000.jpg!m_fill,w_280,h_210,f_jpg?from=ke.com
20230523,海淀,知春路,101116384320,知春路  罗庄南里  南北两居室 采光好 诚心出售房主自荐,565万,103329元/平,顶层 (共6层) | 1999年建 | 2室1厅 | 54.68平米 | 南 北,https://ke-image.ljcdn.com/110000-inspection/pc1_zk0HxD4Cy.jpg!m_fill,w_280,h_210,f_jpg?from=ke.com
20230523,海淀,知春路,101116363561,宏嘉丽园 楼层好视野宽阔采光充足配套齐全房主自荐,1670万,115643元/平,低楼层 (共10层) | 2001年建 | 3室1厅 | 144.41平米 | 西 东,https://ke-image.ljcdn.com/110000-inspection/prod-defe5503-d053-4a14-87bb-b18356e46739.jpg!m_fill,w_280,h_210,f_jpg?from=ke.com
20230523,海淀,知春路,101116299413,罗庄东里 西土城  知春路地铁站 南北朝向  车位充足房主自荐,845万,139578元/平,底层 (共6层) 2室1厅 | 60.54平米 | 南 北,https://ke-image.ljcdn.com/110000-inspection/71e48a7a-2d6c-4433-baf0-d9e3d714336e_1000.jpg!m_fill,w_280,h_210,f_jpg?from=ke.com
20230523,海淀,知春路,101116283445,太月园 东向一居室  大客厅 满五唯一 靠谱出售,770万,101906元/平,中楼层 (共26层) | 1999年建 | 1室1厅 | 75.56平米 | 东,https://ke-image.ljcdn.com/110000-inspection/401b2302-0dbe-4e85-bd55-0839ec1aa3c1_1000.jpg!m_fill,w_280,h_210,f_jpg?from=ke.com
20230523,海淀,知春路,101116282554,太月园东南向两居室双卫精装修看房方便诚心卖,1085万,100659元/平,底层 (共18层) 2室1厅 | 107.79平米 | 东 南,https://ke-image.ljcdn.com/110000-inspection/pc1_TmBrbw7hu.jpg!m_fill,w_280,h_210,f_jpg?from=ke.com
20230523,海淀,知春路,101116267329,太月园 西南两居室 满五唯一 有地下固定车位 靠谱签房主自荐,945万,106097元/平,低楼层 (共27层) | 1999年建 | 2室1厅 | 89.07平米 | 西南,https://ke-image.ljcdn.com/110000-inspection/pc1_sb42PckiS.jpg!m_fill,w_280,h_210,f_jpg?from=ke.com
20230523,海淀,知春路,101116246851,罗庄南里 2室1厅 东 西,846万,96642元/平,底层 (共6层) | 2000年建 | 2室1厅 | 87.54平米 | 东 西,https://ke-image.ljcdn.com/110000-inspection/pc1_TfqR10fKm.jpg!m_fill,w_280,h_210,f_jpg?from=ke.com
20230523,海淀,知春路,101116193565,国务院单位分房全新改造 商品房小区环境 满五唯一房主自荐,725万,121157元/平,低楼层 (共16层) 2室1厅 | 59.84平米 | 东,https://ke-image.ljcdn.com/110000-inspection/pc1_4aUWQxK5R.jpg!m_fill,w_280,h_210,f_jpg?from=ke.com
20230523,海淀,知春路,101116177881,太阳园大两居高楼层业主随时签约看房方便,1320万,127574元/平,高楼层 (共30层) | 2001年建 | 2室2厅 | 103.47平米 | 西南,https://ke-image.ljcdn.com/110000-inspection/8cc79865-a1bd-440d-87cc-feed0b4fbc56_1000.jpg!m_fill,w_280,h_210,f_jpg?from=ke.com
20230523,海淀,知春路,101116120060,双榆树知春路52号院 精装修1居室 近地铁 电梯房,565万,121506元/平,高楼层 (共14层) 1室1厅 | 46.5平米 | 南,https://ke-image.ljcdn.com/110000-inspection/65f92b48-0ea1-4a58-8e19-5e23c0fed8c1_1000.jpg!m_fill,w_280,h_210,f_jpg?from=ke.com
20230523,海淀,知春路,101116077012,房子满五唯一靠谱出售业主目前自住可拎包入住,980万,132344元/平,低楼层 (共27层) | 2001年建 | 2室1厅 | 74.05平米 | 东,https://ke-image.ljcdn.com/110000-inspection/7edddeda-b6cf-4292-9c93-3304504b8f6b_1000.jpg!m_fill,w_280,h_210,f_jpg?from=ke.com
20230523,海淀,知春路,101116050624,罗庄南里南北通透全明格局两居室客厅带明窗采光好,625万,103085元/平,顶层 (共6层) 2室1厅 | 60.63平米 | 南 北,https://ke-image.ljcdn.com/110000-inspection/f057ca74-8b7b-40d6-ae42-f6186362660d_1000.jpg!m_fill,w_280,h_210,f_jpg?from=ke.com
20230523,海淀,知春路,101116032718,北三环 蓟门里精装大客厅两居 带电梯中间层,728万,97197元/平,低楼层 (共16层) | 1986年建 | 2室1厅 | 74.9平米 | 东北,https://ke-image.ljcdn.com/110000-inspection/pc1_8LD0lSHEY.jpg!m_fill,w_280,h_210,f_jpg?from=ke.com
20230523,海淀,知春路,101115975464,碧兴园 东向一居室 楼层高 采光好 视野开阔 诚售,790万,98064元/平,中楼层 (共28层) 1室1厅 | 80.56平米 | 东,https://ke-image.ljcdn.com/110000-inspection/pc1_F4S9oWuWg.jpg!m_fill,w_280,h_210,f_jpg?from=ke.com
20230523,海淀,知春路,101115921570,罗庄南里精装修两居高层采光好满五唯一,600万,97720元/平,顶层 (共6层) 2室1厅 | 61.4平米 | 南 北,https://ke-image.ljcdn.com/110000-inspection/pc1_j4zgH3hKI_1.jpg!m_fill,w_280,h_210,f_jpg?from=ke.com
20230523,海淀,知春路,101115876504,宏嘉丽园 精装修高层满五年唯一 3个落地飘窗阳台,1280万,103956元/平,中楼层 (共25层) | 2001年建 | 3室1厅 | 123.13平米 | 西北,https://ke-image.ljcdn.com/110000-inspection/52b43dfe-eda4-4932-8cd8-11b096c09d51_1000.jpg!m_fill,w_280,h_210,f_jpg?from=ke.com
20230523,海淀,知春路,101115819050,精装修格局方正采光足中高楼层视野好视角宽房主自荐,1458万,131541元/平,中楼层 (共26层) | 2002年建 | 2室2厅 | 110.84平米 | 东南,https://ke-image.ljcdn.com/110000-inspection/62be0826-d4ff-43a1-b628-eacd8b07ee47_1000.jpg!m_fill,w_280,h_210,f_jpg?from=ke.com
20230523,海淀,知春路,101115813869,罗庄北里锦秋家园 满五年唯一 业主诚意出售房主自荐,2250万,125790元/平,低楼层 (共25层) | 2002年建 | 4室2厅 | 178.87平米 | 东南,https://ke-image.ljcdn.com/110000-inspection/pc1_tzmAupkHi.jpg!m_fill,w_280,h_210,f_jpg?from=ke.com
20230523,海淀,知春路,101115668205,知春路 碧兴园精装两居室 配套完善 看房随时,950万,109498元/平,底层 (共28层) | 2003年建 | 2室1厅 | 86.76平米 | 西,https://ke-image.ljcdn.com/110000-inspection/pc1_580XnkVfM.jpg!m_fill,w_280,h_210,f_jpg?from=ke.com
20230523,海淀,知春路,101115625323,太月园 南向两居室 无遮挡采光好 满五唯一 地下有车位房主自荐,1120万,121291元/平,低楼层 (共27层) | 1999年建 | 2室1厅 | 92.34平米 | 南,https://ke-image.ljcdn.com/110000-inspection/03417b7c-4450-4627-aec1-354ed282244a_1000.jpg!m_fill,w_280,h_210,f_jpg?from=ke.com
20230523,海淀,知春路,101115578377,太月园高层南向两居室满五年唯一视野开阔采光好,1095万,118584元/平,高楼层 (共27层) | 1999年建 | 2室1厅 | 92.34平米 | 南,https://ke-image.ljcdn.com/110000-inspection/pc1_EdLZQ6jfB.jpg!m_fill,w_280,h_210,f_jpg?from=ke.com
20230523,海淀,知春路,101115551637,北三环 北航南门 不临街 南北通透 精装修  采光充足,655万,119788元/平,中楼层 (共6层) | 1999年建 | 2室1厅 | 54.68平米 | 南 北,https://ke-image.ljcdn.com/110000-inspection/pc1_gSaR488RR.jpg!m_fill,w_280,h_210,f_jpg?from=ke.com
20230523,海淀,知春路,101115457242,太阳园小区两居室 西南朝向 诚意出售,1240万,122761元/平,低楼层 (共30层) | 2001年建 | 2室1厅 | 101.01平米 | 西南,https://ke-image.ljcdn.com/110000-inspection/c2b8ca95-59b1-43c9-a692-71e07fc677b5_1000.jpg!m_fill,w_280,h_210,f_jpg?from=ke.com
20230523,海淀,知春路,101115335641,太阳园东向一居诚意出售位置好,789万,134965元/平,低楼层 (共27层) | 2001年建 | 1室1厅 | 58.46平米 | 东,https://ke-image.ljcdn.com/110000-inspection/7943b902-fb34-40cd-af2e-c87968531943_1000.jpg!m_fill,w_280,h_210,f_jpg?from=ke.com
20230523,海淀,知春路,101115312196,蓟门东里  东北两居 精装修满五年唯一,590万,95316元/平,底层 (共15层) | 1986年建 | 2室1厅 | 61.9平米 | 东北,https://ke-image.ljcdn.com/110000-inspection/pc1_FlZloYwUt.jpg!m_fill,w_280,h_210,f_jpg?from=ke.com
20230523,海淀,知春路,101115155992,蓟门南里南北通透两居室4层满五唯一,645万,104879元/平,中楼层 (共6层) | 1983年建 | 2室1厅 | 61.5平米 | 南 北,https://ke-image.ljcdn.com/110000-inspection/342c4789-1af2-44ca-9b43-7eced48b67e1_1000.jpg!m_fill,w_280,h_210,f_jpg?from=ke.com
20230523,海淀,知春路,101115054862,罗庄东里北航南门高楼层满五年安静房主自荐,630万,108434元/平,顶层 (共6层) 2室1厅 | 58.1平米 | 南 北,https://ke-image.ljcdn.com/110000-inspection/pc1_vj9wurRCp.jpg!m_fill,w_280,h_210,f_jpg?from=ke.com
20230523,海淀,知春路,101114911076,2022年7月18日房本满五年唯一住房采光好不临街房主自荐,510万,118605元/平,底层 (共6层) | 1996年建 | 1室1厅 | 43平米 | 南,https://ke-image.ljcdn.com/110000-inspection/pc1_YdcafPNJy.jpg!m_fill,w_280,h_210,f_jpg?from=ke.com
20230523,海淀,知春路,101114895509,知春路 太阳园西北三居室 楼层高视野好,1578万,119955元/平,中楼层 (共26层) | 2001年建 | 3室1厅 | 131.55平米 | 西南 北,https://ke-image.ljcdn.com/110000-inspection/502c352c-34a0-4d92-b308-4489da756e01_1000.jpg!m_fill,w_280,h_210,f_jpg?from=ke.com
20230523,海淀,知春路,101114782617,蓟门里小区 低楼层 满五年 户型方正 采光好 交通便利,540万,102080元/平,底层 (共6层) | 1983年建 | 2室1厅 | 52.9平米 | 南,https://ke-image.ljcdn.com/110000-inspection/pc1_FbXzGqmsR.jpg!m_fill,w_280,h_210,f_jpg?from=ke.com
20230523,海淀,知春路,101114649929,知春路地铁10号和13号线东南北三居室电梯直达,830万,116247元/平,中楼层 (共14层) | 1990年建 | 3室1厅 | 71.4平米 | 东南,https://ke-image.ljcdn.com/110000-inspection/pc1_pbxEHCGpn_1.jpg!m_fill,w_280,h_210,f_jpg?from=ke.com
20230523,海淀,知春路,101114641907,太阳园小三居户型方正适合三代居住。,1280万,132000元/平,低楼层 (共27层) | 2001年建 | 3室1厅 | 96.97平米 | 西南 北,https://ke-image.ljcdn.com/110000-inspection/1e1e55f0-edf4-40d5-b7ba-ae939479fd60_1000.jpg!m_fill,w_280,h_210,f_jpg?from=ke.com
20230523,海淀,知春路,101114036961,海淀 太月园 精装自住三居业主诚意出售可签约房主自荐,1360万,89752元/平,中楼层 (共27层) | 1999年建 | 3室2厅 | 151.53平米 | 东 南 北,https://ke-image.ljcdn.com/110000-inspection/3e06c4d7-0cd2-4922-910c-3dd80cfbe0fc_1000.jpg!m_fill,w_280,h_210,f_jpg?from=ke.com
20230523,海淀,知春路,101113982473,罗庄南里 一层 无遮挡 满五唯一 成本价购房 诚售房主自荐,600万,99668元/平,底层 (共6层) 2室1厅 | 60.2平米 | 南 北,https://ke-image.ljcdn.com/110000-inspection/pc1_GdJE8dn8l_2.jpg!m_fill,w_280,h_210,f_jpg?from=ke.com
20230523,海淀,知春路,101113964040,北航家属院全南一居室明厨明卫,428万,127306元/平,高楼层 (共6层) | 1996年建 | 1室1厅 | 33.62平米 | 南,https://ke-image.ljcdn.com/110000-inspection/7bb265b5-8dcc-42b4-8d90-aed6039ed8ad_1000.jpg!m_fill,w_280,h_210,f_jpg?from=ke.com
20230523,海淀,知春路,101113802306,罗庄南里 南向一居室 采光好 视野开阔,415万,105868元/平,顶层 (共6层) 1室1厅 | 39.2平米 | 南,https://ke-image.ljcdn.com/110000-inspection/pc1_dPaQy1MWn.jpg!m_fill,w_280,h_210,f_jpg?from=ke.com
20230523,海淀,知春路,101113466287,太阳园优质两居室业主诚意出售,1298万,127143元/平,中楼层 (共22层) | 2001年建 | 2室1厅 | 102.09平米 | 东南,https://ke-image.ljcdn.com/110000-inspection/f3fe6353-cbd5-4187-a223-e50e97f5077c_1000.jpg!m_fill,w_280,h_210,f_jpg?from=ke.com
20230523,海淀,知春路,101113401305,太阳园小区中间位置中间楼层东南/北通透,1728万,125939元/平,中楼层 (共27层) | 2002年建 | 3室2厅 | 137.21平米 | 东南 北,https://ke-image.ljcdn.com/110000-inspection/pc1_FswgG1ADR_1.jpg!m_fill,w_280,h_210,f_jpg?from=ke.com
20230523,海淀,知春路,101112731762,太阳园  东向2居室   户型方正  没有浪费房主自荐,1400万,139819元/平,中楼层 (共26层) | 2001年建 | 2室1厅 | 100.13平米 | 东,https://ke-image.ljcdn.com/110000-inspection/pc1_2mylKQKvy_1.jpg!m_fill,w_280,h_210,f_jpg?from=ke.com
20230523,海淀,知春路,101112728606,太阳园全南向三居室  高楼层  视野开阔  采光充足,1960万,142236元/平,高楼层 (共26层) | 2002年建 | 3室2厅 | 137.8平米 | 南,https://ke-image.ljcdn.com/110000-inspection/71076994-57c0-4dc9-a932-0138e8184bc2_1000.jpg!m_fill,w_280,h_210,f_jpg?from=ke.com
20230523,海淀,知春路,101112604612,知春路56号院 物业管理很好 环境优美 满五年唯一,970万,128819元/平,底层 (共12层) 3室1厅 | 75.3平米 | 西南,https://ke-image.ljcdn.com/110000-inspection/pc1_G91ZmSgJJ_1.jpg!m_fill,w_280,h_210,f_jpg?from=ke.com
20230523,海淀,知春路,101103431350,蓟门北里 西土城地铁 南向无遮挡 三层房主自荐,450万,110838元/平,中楼层 (共7层) | 1988年建 | 1室1厅 | 40.6平米 | 南,https://ke-image.ljcdn.com/110000-inspection/test-fe65a89b-09be-4822-8d03-e9742c4b446b.png!m_fill,w_280,h_210,f_jpg?from=ke.com
20230523,海淀,知春路,101119382701,蓟门里燕山石化单独管理东北向两居高层无遮挡视野好新上,670万,99525元/平,中楼层 (共15层) 2室1厅 | 67.32平米 | 东南 北,https://ke-image.ljcdn.com/110000-inspection/b4d57b8a-b6f2-4b54-9128-7da368c1caba_1000.jpg!m_fill,w_280,h_210,f_jpg?from=ke.com
20230523,海淀,知春路,101119377947,罗庄东里小区 南北两居室 满五年诚意出售新上,580万,121747元/平,顶层 (共6层) 2室1厅 | 47.64平米 | 南 北,https://ke-image.ljcdn.com/110000-inspection/pc1_nnw9cvoMG.jpg!m_fill,w_280,h_210,f_jpg?from=ke.com
20230523,海淀,知春路,101119369703,北三环 首体家属院 3层 南北通透精装两居 急售新上,668万,123248元/平,中楼层 (共6层) | 1983年建 | 2室1厅 | 54.2平米 | 南 北,https://ke-image.ljcdn.com/110000-inspection/pc1_5hQHLmQuN.jpg!m_fill,w_280,h_210,f_jpg?from=ke.com
20230523,海淀,知春路,101119352212,北航南门 罗庄南里小区  南北通透两居  诚意出售新上,520万,90751元/平,顶层 (共6层) 2室1厅 | 57.3平米 | 南 北,https://ke-image.ljcdn.com/110000-inspection/pc1_UyilbbjlN.jpg!m_fill,w_280,h_210,f_jpg?from=ke.com
20230523,海淀,知春路,101119337940,碧兴园 西南精装两居室 满五唯一 中间楼层 采光视野好新上,1080万,106762元/平,中楼层 (共28层) 2室1厅 | 101.16平米 | 西南,https://ke-image.ljcdn.com/110000-inspection/06037312-34e2-4b20-8a3b-3d5285ce92ff_1000.jpg!m_fill,w_280,h_210,f_jpg?from=ke.com
20230523,海淀,知春路,101119335694,西南北通透楼层好采光充足视野开阔新上,1820万,131342元/平,高楼层 (共22层) | 2001年建 | 3室1厅 | 138.57平米 | 南 北,https://ke-image.ljcdn.com/110000-inspection/pc1_Vo9g5pbGv_1.jpg!m_fill,w_280,h_210,f_jpg?from=ke.com
20230523,海淀,知春路,101119321693,太阳园西南北三居采光好通透视野好新上,1800万,132363元/平,高楼层 (共27层) 3室2厅 | 135.99平米 | 西南 北,https://ke-image.ljcdn.com/110000-inspection/pc1_8Ufl86Cdc_1.jpg!m_fill,w_280,h_210,f_jpg?from=ke.com
20230523,海淀,知春路,101119260868,知春路 蓟门东里精装南向带电梯一居 满五年家庭唯一,468万,103312元/平,低楼层 (共16层) | 1986年建 | 1室1厅 | 45.3平米 | 南,https://ke-image.ljcdn.com/110000-inspection/ed995829-31e4-4778-9a19-889a7b76f917_1000.jpg!m_fill,w_280,h_210,f_jpg?from=ke.com
20230523,海淀,知春路,101119257455,店长推荐精装带客厅两室不临街采光充足,586万,101737元/平,高楼层 (共6层) | 1982年建 | 2室1厅 | 57.6平米 | 南 北,https://ke-image.ljcdn.com/110000-inspection/66581228-0e12-4fa4-954f-a1e33f26b30d_1000.jpg!m_fill,w_280,h_210,f_jpg?from=ke.com
20230523,海淀,知春路,101119160844,北航南门知春路太月园大三居 商品房小区 电梯 双卫,1360万,95843元/平,低楼层 (共27层) 3室1厅 | 141.9平米 | 东 南 北,https://ke-image.ljcdn.com/110000-inspection/pc1_5MnxyCZtA.jpg!m_fill,w_280,h_210,f_jpg?from=ke.com
20230523,海淀,知春路,101119153017,太月园 4室4厅 东南 北,1950万,95622元/平,顶层 (共26层) 4室4厅 | 203.93平米 | 东南 北,https://ke-image.ljcdn.com/110000-inspection/f2dc41dc-f90b-4dab-9fec-b989b806e651_1000.jpg!m_fill,w_280,h_210,f_jpg?from=ke.com
20230523,海淀,知春路,101118976392,北航南门 碧兴园 高层大三居室 满五年 视野好,1360万,102658元/平,高楼层 (共28层) | 2003年建 | 3室2厅 | 132.48平米 | 西北,https://ke-image.ljcdn.com/110000-inspection/998e5a3a-2548-49ab-b68e-7cc0ed768377_1000.jpg!m_fill,w_280,h_210,f_jpg?from=ke.com
20230523,海淀,知春路,101118959870,知春路  罗庄西里小区  西南大两居室  随时可看,772万,95309元/平,中楼层 (共18层) | 1996年建 | 2室1厅 | 81平米 | 西南,https://ke-image.ljcdn.com/110000-inspection/pc1_DD5t0Wrzf.jpg!m_fill,w_280,h_210,f_jpg?from=ke.com
20230523,海淀,知春路,101118951019,太阳园大四居户型好层高3.1米看房方便,2080万,124202元/平,底层 (共30层) | 2001年建 | 4室1厅 | 167.47平米 | 西南,https://ke-image.ljcdn.com/110000-inspection/pc1_liyRtw1TS_1.jpg!m_fill,w_280,h_210,f_jpg?from=ke.com
20230523,海淀,知春路,101118914070,首体大学院内 精装两居室 双南户型 诚意出售房主自荐,608万,119216元/平,中楼层 (共6层) | 1983年建 | 2室1厅 | 51平米 | 南,https://ke-image.ljcdn.com/110000-inspection/4792768a-3042-4c94-bd28-d2efeb6912b2_1000.jpg!m_fill,w_280,h_210,f_jpg?from=ke.com
20230523,海淀,知春路,101118890951,2003年商品房社区  车位充足 绿化30% 环境好 近地铁,1250万,121125元/平,底层 (共22层) | 2001年建 | 2室2厅 | 103.2平米 | 东南,https://ke-image.ljcdn.com/110000-inspection/pc1_WEaPnusFO_1.jpg!m_fill,w_280,h_210,f_jpg?from=ke.com
20230523,海淀,知春路,101118784297,太月园新上好户型无遮挡看房方便,960万,95050元/平,低楼层 (共27层) | 1998年建 | 2室1厅 | 101平米 | 南 西,https://ke-image.ljcdn.com/110000-inspection/b1ba0ec2-93f4-48a2-b716-c66a3e91ccd0_1000.jpg!m_fill,w_280,h_210,f_jpg?from=ke.com
20230523,海淀,知春路,101118775724,罗庄西里 3室2厅 南 西 北,1030万,93970元/平,顶层 (共18层) 3室2厅 | 109.61平米 | 南 西 北,https://ke-image.ljcdn.com/110000-inspection/c8ec8017-5f43-42d7-a086-3b9dd11f0d5c_1000.jpg!m_fill,w_280,h_210,f_jpg?from=ke.com
20230523,海淀,知春路,101118744827,蓟门里和景园楼龄新楼层高视野开阔采光充足,850万,85333元/平,中楼层 (共6层) | 2001年建 | 2室2厅 | 99.61平米 | 东,https://ke-image.ljcdn.com/110000-inspection/pc1_uSGWtHr2P_1.jpg!m_fill,w_280,h_210,f_jpg?from=ke.com
20230523,海淀,知春路,101118636975,碧兴园 2室1厅 西北,1188万,103702元/平,高楼层 (共28层) 2室1厅 | 114.56平米 | 西北,https://ke-image.ljcdn.com/110000-inspection/91bffaa3-093a-4bf2-ab02-cd8904b82592_1000.jpg!m_fill,w_280,h_210,f_jpg?from=ke.com
20230523,海淀,知春路,101118636110,太月园 东南四居 高楼层 视野开阔 有车位,1900万,94486元/平,高楼层 (共26层) 4室2厅 | 201.09平米 | 东 南,https://ke-image.ljcdn.com/110000-inspection/3de23a6c-bb1a-4679-8bfc-f9002c37966e_1000.jpg!m_fill,w_280,h_210,f_jpg?from=ke.com
20230523,海淀,知春路,101118578566,太阳园商品房里 高楼层直通车库安静可给周期,1200万,128466元/平,高楼层 (共26层) | 2002年建 | 2室2厅 | 93.41平米 | 东南,https://ke-image.ljcdn.com/110000-inspection/71f16410-7c21-4d71-a9cd-aa50940f989f_1000.jpg!m_fill,w_280,h_210,f_jpg?from=ke.com
20230523,海淀,知春路,101118557587,太阳园西南户型两居不临街不临城铁安静,1230万,118876元/平,低楼层 (共30层) | 2001年建 | 2室1厅 | 103.47平米 | 西南,https://ke-image.ljcdn.com/110000-inspection/b79ba07b-f5b0-41e7-93e6-87238324f8f3_1000.jpg!m_fill,w_280,h_210,f_jpg?from=ke.com
20230523,海淀,知春路,101118522837,锦秋知春跃层 客厅挑高 恒温恒湿科技装修 观花园全景,4959万,150488元/平,中楼层 (共12层) | 2003年建 | 7室2厅 | 329.53平米 | 南 北,https://ke-image.ljcdn.com/110000-inspection/pc1_iMmdijUqi.jpg!m_fill,w_280,h_210,f_jpg?from=ke.com
20230523,海淀,知春路,101118495809,太月园东南北精装修三居业主诚心出售看房提前预约,1295万,95962元/平,低楼层 (共26层) | 1999年建 | 3室1厅 | 134.95平米 | 东南 北,https://ke-image.ljcdn.com/110000-inspection/8aa5d6d5-e3b2-4aca-850f-968701ea1e13_1000.jpg!m_fill,w_280,h_210,f_jpg?from=ke.com
20230523,海淀,知春路,101118486436,首体家属院3居钥匙房 环境好 车位充足 诚意出售价可谈,610万,107206元/平,顶层 (共6层) | 1983年建 | 3室1厅 | 56.9平米 | 东 南 北,https://ke-image.ljcdn.com/110000-inspection/pc1_SoCJNzpqC.jpg!m_fill,w_280,h_210,f_jpg?from=ke.com
20230523,海淀,知春路,101118326336,知春路 蓟门东里精装电梯两居室 业主诚意出售新上,605万,101341元/平,低楼层 (共16层) | 1987年建 | 2室0厅 | 59.7平米 | 东北,https://ke-image.ljcdn.com/110000-inspection/pc1_uR2lPzqJ3.jpg!m_fill,w_280,h_210,f_jpg?from=ke.com
20230523,海淀,知春路,101118316542,房子满五年西南方正户型三代人居住没问题房主自荐,1380万,132159元/平,高楼层 (共27层) | 2001年建 | 3室1厅 | 104.42平米 | 西南,https://ke-image.ljcdn.com/110000-inspection/b52d49c7-3e22-402b-b727-da0806ea7fdd_1000.jpg!m_fill,w_280,h_210,f_jpg?from=ke.com
20230523,海淀,知春路,101118272783,北三环 蓟门里南区 小三居户型 精装修,569万,100887元/平,底层 (共6层) | 1983年建 | 3室0厅 | 56.4平米 | 南 北 东,https://ke-image.ljcdn.com/110000-inspection/pc1_hyTynkJ56_1.jpg!m_fill,w_280,h_210,f_jpg?from=ke.com
20230523,海淀,知春路,101118272484,知春路 蓟门北里全南向两居 精装修 采光充足,490万,96268元/平,顶层 (共6层) | 1981年建 | 2室1厅 | 50.9平米 | 南,https://ke-image.ljcdn.com/110000-inspection/75b7a83b-ed95-459c-a895-54ab9e73d473_1000.jpg!m_fill,w_280,h_210,f_jpg?from=ke.com
20230523,海淀,知春路,101118272159,知春路  蓟门东里精装两居  满五年唯一 看房方便,518万,104226元/平,底层 (共6层) | 1986年建 | 2室1厅 | 49.7平米 | 东,https://ke-image.ljcdn.com/110000-inspection/7352fc84-3fb4-4edc-820e-643db8a3944d_1000.jpg!m_fill,w_280,h_210,f_jpg?from=ke.com
20230523,海淀,知春路,101118271239,满五年且家庭唯一住房自如装修小区中间位置采光好房主自荐,546万,95958元/平,顶层 (共6层) | 1982年建 | 3室1厅 | 56.9平米 | 南 北,https://ke-image.ljcdn.com/110000-inspection/pc1_fLoYnsbf0_1.jpg!m_fill,w_280,h_210,f_jpg?from=ke.com
20230523,海淀,知春路,101118236292,知春路52号院 3室1厅 南 西北,830万,117067元/平,底层 (共14层) 3室1厅 | 70.9平米 | 南 西北,https://ke-image.ljcdn.com/110000-inspection/pc1_Sii8eE16W_1.jpg!m_fill,w_280,h_210,f_jpg?from=ke.com
20230523,海淀,知春路,101118223350,蓟门桥  楼龄新 有电梯 看房方便,800万,80314元/平,低楼层 (共9层) | 2001年建 | 2室1厅 | 99.61平米 | 东,https://ke-image.ljcdn.com/110000-inspection/pc1_qLAOGhZmI_1.jpg!m_fill,w_280,h_210,f_jpg?from=ke.com
20230523,海淀,知春路,101118152561,蓟门东里 西南向两居 两个卧室朝南 户型方正房主自荐,668万,101520元/平,低楼层 (共16层) | 1986年建 | 2室1厅 | 65.8平米 | 西南,https://ke-image.ljcdn.com/110000-inspection/pc1_iN9LblScb.jpg!m_fill,w_280,h_210,f_jpg?from=ke.com
20230523,海淀,知春路,101118132061,知春路56号院三居室有电梯看房方便,737万,106350元/平,中楼层 (共12层) | 1990年建 | 3室1厅 | 69.3平米 | 东 西 北,https://ke-image.ljcdn.com/110000-inspection/efa2ef4b-d887-48c7-bc8d-e0281b8639d8_1000.jpg!m_fill,w_280,h_210,f_jpg?from=ke.com
20230523,海淀,知春路,101118118346,海淀区知春路北航南门西土城地铁口中间层两居,780万,122874元/平,低楼层 (共6层) 3室1厅 | 63.48平米 | 南 西北,https://ke-image.ljcdn.com/110000-inspection/789dfa2a-7366-4a78-b2b4-e36622daa92d_1000.jpg!m_fill,w_280,h_210,f_jpg?from=ke.com
20230523,海淀,知春路,101118115274,蓟门东里 全南精装两居室 视野采光好 出行方便,630万,101613元/平,低楼层 (共15层) 2室1厅 | 62平米 | 南,https://ke-image.ljcdn.com/110000-inspection/pc1_Af9urH9IV.jpg!m_fill,w_280,h_210,f_jpg?from=ke.com
20230523,海淀,知春路,101118109859,锦秋知春 高楼层 西南向 远观西山 俯瞰半个北京城,2450万,136476元/平,高楼层 (共26层) | 2003年建 | 4室1厅 | 179.52平米 | 西南,https://ke-image.ljcdn.com/110000-inspection/pc1_aDnayruSv_1.jpg!m_fill,w_280,h_210,f_jpg?from=ke.com
20230523,海淀,知春路,101118060481,太月园 2室1厅 东南,950万,106158元/平,高楼层 (共27层) | 1999年建 | 2室1厅 | 89.49平米 | 东南,https://ke-image.ljcdn.com/110000-inspection/pc1_qCz9sFuzw.jpg!m_fill,w_280,h_210,f_jpg?from=ke.com
20230523,海淀,知春路,101118046925,罗庄西里带客厅两居室中间楼层交通便利。房主自荐,618万,98346元/平,低楼层 (共6层) | 1997年建 | 2室1厅 | 62.84平米 | 东,https://ke-image.ljcdn.com/110000-inspection/pc1_4GhmMjE28.jpg!m_fill,w_280,h_210,f_jpg?from=ke.com
20230523,海淀,知春路,101118042474,带电梯 采光好 精装修两居室 钢混满五唯一,580万,104694元/平,中楼层 (共15层) 2室1厅 | 55.4平米 | 南 北,https://ke-image.ljcdn.com/110000-inspection/dc9a9751-6542-463a-851d-58e6d36583bd_1000.jpg!m_fill,w_280,h_210,f_jpg?from=ke.com
20230523,海淀,知春路,101118041576,罗庄南里东西通透两居满五唯一中间楼层业主诚心出售,828万,94586元/平,低楼层 (共6层) | 2000年建 | 2室1厅 | 87.54平米 | 东 西,https://ke-image.ljcdn.com/110000-inspection/6e966774-0c98-4771-b89f-62962f60dbb0_1000.jpg!m_fill,w_280,h_210,f_jpg?from=ke.com
20230523,海淀,知春路,101118011579,满五唯一两居两卫诚意卖单价低,956万,89791元/平,顶层 (共25层) | 2001年建 | 3室1厅 | 106.47平米 | 东南,https://ke-image.ljcdn.com/110000-inspection/pc1_1K5KIuvZE_1.jpg!m_fill,w_280,h_210,f_jpg?from=ke.com
20230523,海淀,知春路,101118010600,太阳园精装修3居拎包入住南北通透随时有地下车位,1780万,131085元/平,低楼层 (共30层) | 2001年建 | 3室1厅 | 135.79平米 | 东南 北,https://ke-image.ljcdn.com/110000-inspection/7826b50d-a332-48cf-9655-f614d4408d92_1000.jpg!m_fill,w_280,h_210,f_jpg?from=ke.com
20230523,海淀,知春路,101117999133,满五唯一两居室户型方正无噪音,1018万,127028元/平,低楼层 (共27层) 2室1厅 | 80.14平米 | 西南,https://ke-image.ljcdn.com/110000-inspection/de8b3d3e-23fd-4714-9d6f-c82a6c01fccd_1000.jpg!m_fill,w_280,h_210,f_jpg?from=ke.com
20230523,海淀,知春路,101117976675,知春路 罗庄西里 高楼层 西南两居 业主诚售,755万,90735元/平,顶层 (共18层) | 1996年建 | 2室1厅 | 83.21平米 | 西南,https://ke-image.ljcdn.com/110000-inspection/pc1_NhEtPCwKl.jpg!m_fill,w_280,h_210,f_jpg?from=ke.com
20230523,海淀,知春路,101117959380,罗庄东里小区全明户型2居室中间楼层业主诚售。,560万,98940元/平,中楼层 (共6层) | 1993年建 | 2室1厅 | 56.6平米 | 东北,https://ke-image.ljcdn.com/110000-inspection/pc1_2XswUMJUk.jpg!m_fill,w_280,h_210,f_jpg?from=ke.com
20230523,海淀,知春路,101117934003,南北通透两居室中楼层精装修前后没有遮挡,678万,117586元/平,中楼层 (共6层) 2室1厅 | 57.66平米 | 南 北,https://ke-image.ljcdn.com/110000-inspection/pc1_oQ0VEKpfR.jpg!m_fill,w_280,h_210,f_jpg?from=ke.com
20230523,海淀,知春路,101117931722,知春嘉园两居室户型方正视野开阔交通便利,830万,110815元/平,中楼层 (共19层) | 1998年建 | 2室1厅 | 74.9平米 | 南 西,https://ke-image.ljcdn.com/110000-inspection/pc1_n41NQuArU_1.jpg!m_fill,w_280,h_210,f_jpg?from=ke.com
20230523,海淀,知春路,101117923645,宏嘉丽园 3室1厅 东 西,1165万,137205元/平,高楼层 (共10层) | 2001年建 | 3室1厅 | 84.91平米 | 东 西,https://ke-image.ljcdn.com/110000-inspection/pc1_c0Ut2CQ9E_1.jpg!m_fill,w_280,h_210,f_jpg?from=ke.com
20230523,海淀,知春路,101117904001,知春路 碧兴园 诚心出售 满五唯一 高楼层 无遮挡,925万,102915元/平,中楼层 (共28层) | 2003年建 | 2室1厅 | 89.88平米 | 南 西,https://ke-image.ljcdn.com/110000-inspection/pc1_W2MalI8mg.jpg!m_fill,w_280,h_210,f_jpg?from=ke.com
20230523,海淀,知春路,101117903894,北三环 罗庄西里 碧兴园小区 新上东南两居室,918万,105810元/平,低楼层 (共28层) 2室1厅 | 86.76平米 | 东 南,https://ke-image.ljcdn.com/110000-inspection/pc1_5NzGc1kfN.jpg!m_fill,w_280,h_210,f_jpg?from=ke.com
20230523,海淀,知春路,101117903586,太月园高层两居室满五年唯一没有遮挡方便看房房主自荐,1025万,103233元/平,高楼层 (共27层) | 1999年建 | 2室1厅 | 99.29平米 | 东南,https://ke-image.ljcdn.com/110000-inspection/897e7545-4736-4428-8131-f3cb5d693277_1000.jpg!m_fill,w_280,h_210,f_jpg?from=ke.com
20230523,海淀,知春路,101117902523,知春路太月园西南大两居小广场商品房社区,1048万,105550元/平,中楼层 (共27层) | 1999年建 | 3室1厅 | 99.29平米 | 西南,https://ke-image.ljcdn.com/110000-inspection/pc1_QBgR6wts1.jpg!m_fill,w_280,h_210,f_jpg?from=ke.com
20230523,海淀,知春路,101117901098,罗庄西里 板楼三居 低楼层 南北通透 业主诚意出售,936万,112365元/平,底层 (共6层) 3室0厅 | 83.3平米 | 南 北,https://ke-image.ljcdn.com/110000-inspection/pc1_YToEKaCo4.jpg!m_fill,w_280,h_210,f_jpg?from=ke.com
20230523,海淀,知春路,101117892040,知春嘉园 5室1厅 东南,1650万,109055元/平,顶层 (共19层) 5室1厅 | 151.3平米 | 东南,https://ke-image.ljcdn.com/110000-inspection/56336185-be8e-474a-8e2a-3d5b2b3392ec_1000.jpg!m_fill,w_280,h_210,f_jpg?from=ke.com
20230523,海淀,知春路,101117881184,罗庄西里 97年钢混楼  地铁口  双南向  满五年唯一,685万,104326元/平,低楼层 (共9层) | 1999年建 | 2室1厅 | 65.66平米 | 南,https://ke-image.ljcdn.com/110000-inspection/965dc336-8f7e-4c00-91fb-555c4c341a78_1000.jpg!m_fill,w_280,h_210,f_jpg?from=ke.com
20230523,海淀,知春路,101117880075,罗庄西里 西南向两居室 满五年唯一 业主诚意出售,740万,89050元/平,低楼层 (共18层) 2室1厅 | 83.1平米 | 西南,https://ke-image.ljcdn.com/110000-inspection/pc1_GoN9kVhJJ.jpg!m_fill,w_280,h_210,f_jpg?from=ke.com
20230523,海淀,知春路,101117869601,罗庄西里 单位分房 两居室 楼龄新 楼层低适合老人居住,666万,110522元/平,底层 (共6层) | 1997年建 | 2室1厅 | 60.26平米 | 东 西,https://ke-image.ljcdn.com/110000-inspection/pc1_JRFg3z4kc.jpg!m_fill,w_280,h_210,f_jpg?from=ke.com
20230523,海淀,知春路,101117861250,品质小区人车分流精装修高楼层视野宽阔采光充足,1080万,126257元/平,中楼层 (共26层) | 2002年建 | 2室1厅 | 85.54平米 | 西,https://ke-image.ljcdn.com/110000-inspection/5d0a0736-74f9-44a7-b868-0bdda15bb93c_1000.jpg!m_fill,w_280,h_210,f_jpg?from=ke.com
20230523,海淀,知春路,101117782196,中关村知春路知春路52号院航天单位分房楼质量好房主自荐,670万,108415元/平,高楼层 (共14层) | 1988年建 | 2室1厅 | 61.8平米 | 东北,https://ke-image.ljcdn.com/110000-inspection/pc1_paJdHKINb_1.jpg!m_fill,w_280,h_210,f_jpg?from=ke.com
20230523,海淀,知春路,101117736300,满五唯一板楼中间层有客厅楼新距离地铁近刚改造完,620万,107230元/平,低楼层 (共7层) | 1998年建 | 1室1厅 | 57.82平米 | 南,https://ke-image.ljcdn.com/110000-inspection/pc1_WqRIQKpo8_1.jpg!m_fill,w_280,h_210,f_jpg?from=ke.com
20230523,海淀,知春路,101117714936,汉荣家园  东南四居室  满五年唯一  近地铁出行方便,1528万,95590元/平,高楼层 (共25层) | 2001年建 | 4室1厅 | 159.85平米 | 东南,https://ke-image.ljcdn.com/110000-inspection/pc1_uSoXiEOsb_1.jpg!m_fill,w_280,h_210,f_jpg?from=ke.com
20230523,海淀,知春路,101117653300,宏嘉丽园正规西南大一居精装修客厅落地窗业主诚售,820万,107867元/平,低楼层 (共25层) | 2001年建 | 1室1厅 | 76.02平米 | 西南,https://ke-image.ljcdn.com/110000-inspection/56afd5ca-bcd1-45b0-9823-5bd0f3a7550d_1000.jpg!m_fill,w_280,h_210,f_jpg?from=ke.com
20230523,海淀,知春路,101117651622,太月园 东南北两居低楼层满5年唯一业主诚意出售,1085万,91515元/平,底层 (共19层) | 1999年建 | 2室1厅 | 118.56平米 | 东南 北,https://ke-image.ljcdn.com/110000-inspection/ae629155-b8b6-4296-970d-2356e0ca41bf_1000.jpg!m_fill,w_280,h_210,f_jpg?from=ke.com
20230523,海淀,知春路,101117611319,满五年央产房 小区管理好 户型方正 近地铁,670万,108415元/平,中楼层 (共14层) | 1988年建 | 2室1厅 | 61.8平米 | 东北,https://ke-image.ljcdn.com/110000-inspection/9ac19aa7-d647-4908-8ad8-95fe7d3c2f6d_1000.jpg!m_fill,w_280,h_210,f_jpg?from=ke.com
20230523,海淀,知春路,101117515499,海淀区 首体家属院 南北通透三居室 满5年唯一 精装修,998万,125377元/平,顶层 (共6层) | 1997年建 | 3室1厅 | 79.6平米 | 南 北,https://ke-image.ljcdn.com/110000-inspection/pc1_bjNioyOAq_1.jpg!m_fill,w_280,h_210,f_jpg?from=ke.com
20230523,海淀,知春路,101117480422,南北通透四居室三厅两卫无遮挡得房率96%,1350万,106434元/平,高楼层 (共7层) | 1998年建 | 4室2厅 | 126.84平米 | 南 北,https://ke-image.ljcdn.com/110000-inspection/pc1_Fhjzi4nNW_1.jpg!m_fill,w_280,h_210,f_jpg?from=ke.com
20230523,海淀,知春路,101117212292,首体大学院里板楼有电梯南北两居满五年唯一房改房,830万,127106元/平,顶层 (共6层) 2室1厅 | 65.3平米 | 南 北,https://ke-image.ljcdn.com/110000-inspection/pc1_DVZl28sUW_1.jpg!m_fill,w_280,h_210,f_jpg?from=ke.com
20230523,海淀,知春路,101117107706,北航南门 锦秋知春 西向两居满五年唯一,965万,130795元/平,中楼层 (共9层) | 2003年建 | 2室1厅 | 73.78平米 | 西,https://ke-image.ljcdn.com/110000-inspection/pc1_lksIVPC1m_1.jpg!m_fill,w_280,h_210,f_jpg?from=ke.com
20230523,海淀,知春路,101117097979,盈都大厦70年民水民电双地铁知春路站价格可谈,1298万,61328元/平,高楼层 (共14层) | 2004年建 | 2室1厅 | 211.65平米 | 南 北,https://ke-image.ljcdn.com/110000-inspection/pc1_oM8ZMsLkS_1.jpg!m_fill,w_280,h_210,f_jpg?from=ke.com
20230523,海淀,知春路,101117041621,锦秋知春 南北复式 客厅挑高5.4米 北向20多平米可种花,2958万,129908元/平,高楼层 (共12层) | 2003年建 | 5室1厅 | 227.7平米 | 南 北,https://ke-image.ljcdn.com/110000-inspection/pc1_ft3qjCDoJ.jpg!m_fill,w_280,h_210,f_jpg?from=ke.com
20230523,海淀,知春路,101116830494,此房楼层好采光充足近地铁,620万,107471元/平,中楼层 (共6层) 2室1厅 | 57.69平米 | 东 西,https://ke-image.ljcdn.com/110000-inspection/pc1_a3l8L7PVV_1.jpg!m_fill,w_280,h_210,f_jpg?from=ke.com
20230523,海淀,知春路,101116699835,蓟门北里 1室1厅 南,490万,135735元/平,底层 (共6层) | 1982年建 | 1室1厅 | 36.1平米 | 南,https://ke-image.ljcdn.com/110000-inspection/pc1_Es2kqLQ7X_1.jpg!m_fill,w_280,h_210,f_jpg?from=ke.com
20230523,海淀,知春路,101116676236,太月园三层复式 有租赁车位 价格可谈四居室房主自荐,1960万,94696元/平,顶层 (共26层) | 1999年建 | 4室4厅 | 206.98平米 | 西 北,https://ke-image.ljcdn.com/110000-inspection/a9203df9-e277-4185-abca-3134f6254cec_1000.jpg!m_fill,w_280,h_210,f_jpg?from=ke.com
20230523,海淀,知春路,101116365733,锦秋知春南北向一居 满五年唯一房主自荐,945万,109211元/平,低楼层 (共9层) 1室1厅 | 86.53平米 | 南 北,https://ke-image.ljcdn.com/110000-inspection/pc1_UTM6V893H_1.jpg!m_fill,w_280,h_210,f_jpg?from=ke.com
20230523,海淀,知春路,101116278548,盈都大厦70年无户口可以迁入双地铁知春路站,941万,52982元/平,中楼层 (共18层) | 2004年建 | 3室1厅 | 177.61平米 | 南,https://ke-image.ljcdn.com/110000-inspection/7ac959e8-d1df-4af3-ac37-7af44b8d9d35_1000.jpg!m_fill,w_280,h_210,f_jpg?from=ke.com
20230523,海淀,知春路,101116278463,盈都大厦70年商品房知春路站双地铁,941万,52982元/平,低楼层 (共18层) | 2004年建 | 3室1厅 | 177.61平米 | 南,https://ke-image.ljcdn.com/110000-inspection/b40c7325-cf35-4aea-8e42-240f5c7e8a3d_1000.jpg!m_fill,w_280,h_210,f_jpg?from=ke.com
20230523,海淀,知春路,101116278439,盈都大厦70年商品房知春路站双地铁,588万,54990元/平,低楼层 (共18层) | 2004年建 | 2室1厅 | 106.93平米 | 北,https://ke-image.ljcdn.com/110000-inspection/8a578da4-4052-41b4-b2fe-56cabff8dcc0_1000.jpg!m_fill,w_280,h_210,f_jpg?from=ke.com
20230523,海淀,知春路,101116278410,盈都大厦70年商品房知春路站双地铁,588万,54990元/平,低楼层 (共18层) | 2004年建 | 2室1厅 | 106.93平米 | 北,https://ke-image.ljcdn.com/110000-inspection/7e483086-5b84-4b94-8443-8c2a0c2dbb70_1000.jpg!m_fill,w_280,h_210,f_jpg?from=ke.com
20230523,海淀,知春路,101116149365,北三环蓟门东里 正在改造 带电梯 满五唯一 大阳台,678万,102572元/平,中楼层 (共15层) 2室1厅 | 66.1平米 | 东 北,https://ke-image.ljcdn.com/110000-inspection/pc1_Hu8wTxl1V.jpg!m_fill,w_280,h_210,f_jpg?from=ke.com
20230523,海淀,知春路,101115545324,太月园 高层复式 视野无挡 满五唯一 诚意出售房主自荐,1066万,100019元/平,顶层 (共27层) | 1999年建 | 2室1厅 | 106.58平米 | 东 西,https://ke-image.ljcdn.com/110000-inspection/pc1_iIKyErkbp_1.jpg!m_fill,w_280,h_210,f_jpg?from=ke.com
20230523,海淀,知春路,101114162661,知春路56号院带电梯南向的一居室,569万,122630元/平,低楼层 (共12层) 1室1厅 | 46.4平米 | 南,https://ke-image.ljcdn.com/110000-inspection/8f9b4fba-d25e-4633-8977-18e7db098985_1000.jpg!m_fill,w_280,h_210,f_jpg?from=ke.com
20230523,海淀,知春路,101112585367,盈都大厦盈都大厦家庭名下就一套随时签约,1210万,69234元/平,高楼层 (共16层) | 2004年建 | 2室2厅 | 174.77平米 | 南 东 西,https://ke-image.ljcdn.com/110000-inspection/791a3d85-a322-4447-bbd4-e4fe7961d95f_1000.jpg!m_fill,w_280,h_210,f_jpg?from=ke.com
20230523,海淀,知春路,101112086188,太阳园两居室 花园小区 人车分流,2150万,129550元/平,顶层 (共26层) | 2002年建 | 3室1厅 | 165.96平米 | 南 西 北,https://ke-image.ljcdn.com/110000-inspection/63e21daa-eb95-4932-bcd2-657df2c9cdce_1000.jpg!m_fill,w_280,h_210,f_jpg?from=ke.com
20230523,海淀,知春路,101109002186,盈都大厦房子满五年家庭名下就一套随时签约,1300万,61423元/平,中楼层 (共14层) | 2004年建 | 4室2厅 | 211.65平米 | 南 北,https://ke-image.ljcdn.com/110000-inspection/pc1_4kd2y8foI_1.jpg!m_fill,w_280,h_210,f_jpg?from=ke.com
20230523,海淀,知春路,101107146384,精装修6居 143.96+30平米 满五年唯一商品房诚心出售房主自荐,1510万,104891元/平,高楼层 (共7层) | 1998年建 | 6室2厅 | 143.96平米 | 东 西,https://ke-image.ljcdn.com/110000-inspection/pc1_ME8C46UYd_1.jpg!m_fill,w_280,h_210,f_jpg?from=ke.com
20230523,海淀,知春路,101119386932,罗庄南里 2室1厅 南 北新上,650万,106505元/平,顶层 (共6层) 2室1厅 | 61.03平米 | 南 北,https://s1.ljcdn.com/pegasus/redskull/images/common/default_house_list.png?_v=20230517173317
20230523,海淀,知春路,101119382861,蓟门东里带电梯 东南两居进门有客厅 满五年唯一新上,599万,94929元/平,低楼层 (共15层) | 1985年建 | 2室1厅 | 63.1平米 | 东南,https://s1.ljcdn.com/pegasus/redskull/images/common/default_house_list.png?_v=20230517173317
20230523,海淀,知春路,101119347028,知春路地铁 罗庄南里全明两居 满五年唯一新上,580万,94141元/平,底层 (共6层) | 1986年建 | 2室1厅 | 61.61平米 | 南 北,https://s1.ljcdn.com/pegasus/redskull/images/common/default_house_list.png?_v=20230517173317
20230523,海淀,知春路,101119293334,和景园 北三环2000年后商品房小区 电梯6层板楼新上,1580万,142548元/平,中楼层 (共6层) 2室1厅 | 110.84平米 | 南 北,https://s1.ljcdn.com/pegasus/redskull/images/common/default_house_list.png?_v=20230517173317
20230523,海淀,知春路,101119284766,北航南门 罗庄西里 精装修大两居室 满五年 有电梯,800万,94787元/平,低楼层 (共18层) 2室1厅 | 84.4平米 | 东南,https://s1.ljcdn.com/pegasus/redskull/images/common/default_house_list.png?_v=20230517173317
20230523,海淀,知春路,101119165365,蓟门里南区 双南两居室 诚意出售,539万,98900元/平,顶层 (共6层) | 1983年建 | 2室1厅 | 54.5平米 | 南,https://s1.ljcdn.com/pegasus/redskull/images/common/default_house_list.png?_v=20230517173317
20230523,海淀,知春路,101119163191,太阳园 2室1厅 西南,1460万,136055元/平,中楼层 (共26层) | 2002年建 | 2室1厅 | 107.31平米 | 西南,https://s1.ljcdn.com/pegasus/redskull/images/common/default_house_list.png?_v=20230517173317
20230523,海淀,知春路,101119117621,知春路北航南门  带电梯 大客厅 两居 采光好 视野好房主自荐,925万,114339元/平,顶层 (共18层) | 1996年建 | 2室1厅 | 80.9平米 | 西南,https://s1.ljcdn.com/pegasus/redskull/images/common/default_house_list.png?_v=20230517173317
20230523,海淀,知春路,101119103349,满五年唯一全南朝向楼层好视野宽阔采光充足。,520万,118182元/平,中楼层 (共6层) 1室1厅 | 44平米 | 南,https://s1.ljcdn.com/pegasus/redskull/images/common/default_house_list.png?_v=20230517173317
20230523,海淀,知春路,101119049588,双榆树白塔庵汉荣家园2000年小区楼龄新,840万,99645元/平,中楼层 (共25层) | 2000年建 | 2室1厅 | 84.3平米 | 西南,https://s1.ljcdn.com/pegasus/redskull/images/common/default_house_list.png?_v=20230517173317
20230523,海淀,知春路,101118986679,太月园阳光南向3居室电梯房满5年唯一业主诚售,1420万,113856元/平,高楼层 (共27层) | 1999年建 | 3室2厅 | 124.72平米 | 西南,https://s1.ljcdn.com/pegasus/redskull/images/common/default_house_list.png?_v=20230517173317
20230523,海淀,知春路,101118985853,知春路北航 太月园商品房两居 楼龄新 环境好 满五年,928万,103699元/平,低楼层 (共27层) | 1999年建 | 2室1厅 | 89.49平米 | 西南,https://s1.ljcdn.com/pegasus/redskull/images/common/default_house_list.png?_v=20230517173317
20230523,海淀,知春路,101118946559,太月园 3室1厅 西北,1350万,104151元/平,低楼层 (共26层) 3室1厅 | 129.62平米 | 西北,https://s1.ljcdn.com/pegasus/redskull/images/common/default_house_list.png?_v=20230517173317
20230523,海淀,知春路,101118848084,太阳园西南向两居带电梯诚意出售,1020万,127278元/平,低楼层 (共27层) 2室1厅 | 80.14平米 | 西南,https://s1.ljcdn.com/pegasus/redskull/images/common/default_house_list.png?_v=20230517173317
20230523,海淀,知春路,101118801152,知春路 汉荣家园 东南向 四居室 诚意出售,1592万,99594元/平,中楼层 (共25层) | 2000年建 | 4室2厅 | 159.85平米 | 东南 南 北,https://s1.ljcdn.com/pegasus/redskull/images/common/default_house_list.png?_v=20230517173317
20230523,海淀,知春路,101118740952,知春路 宏嘉丽园3居 高楼层观景西山 诚意出售价可谈,1200万,97458元/平,中楼层 (共25层) | 2001年建 | 3室1厅 | 123.13平米 | 西北,https://s1.ljcdn.com/pegasus/redskull/images/common/default_house_list.png?_v=20230517173317
20230523,海淀,知春路,101118739177,蓟门里东区 东西通透两居室 中间楼层 全明户型,600万,101352元/平,中楼层 (共6层) | 1987年建 | 2室1厅 | 59.2平米 | 东 西,https://s1.ljcdn.com/pegasus/redskull/images/common/default_house_list.png?_v=20230517173317
20230523,海淀,知春路,101118715734,知春路 太月园 南向方正两居 满5年唯一 业主诚意出售,1069万,115894元/平,低楼层 (共27层) 2室1厅 | 92.24平米 | 南,https://s1.ljcdn.com/pegasus/redskull/images/common/default_house_list.png?_v=20230517173317
20230523,海淀,知春路,101118677197,罗庄西里单位分的房子交通方便诚意出售,980万,89662元/平,低楼层 (共18层) | 1998年建 | 3室1厅 | 109.3平米 | 南 西 北,https://s1.ljcdn.com/pegasus/redskull/images/common/default_house_list.png?_v=20230517173317
20230523,海淀,知春路,101118664614,知春路 宏嘉丽园 南向两居 高楼层视野好 满5年唯一,1208万,121542元/平,高楼层 (共25层) | 2001年建 | 2室1厅 | 99.39平米 | 南,https://ke-image.ljcdn.com/110000-inspection/e9ba985b-d1c9-4893-9dbb-5e0527803524.jpeg!m_fill,w_280,h_210,f_jpg?from=ke.com
20230523,海淀,知春路,101118582644,罗庄西里 2室1厅 南 北,600万,132744元/平,顶层 (共6层) 2室1厅 | 45.2平米 | 南 北,https://ke-image.ljcdn.com/110000-inspection/168a6418-eb4d-4ae1-93db-625d31357a98.jpeg!m_fill,w_280,h_210,f_jpg?from=ke.com
20230523,海淀,知春路,101118539718,太月园 为数不多的产权车位 有房本 需过户 位置好,73万,23051元/平,地下室 1室0厅 | 31.67平米 | 南,https://ke-image.ljcdn.com/110000-inspection/369aa7bd5e2cd3ac8c7bd7396d04892e-040.jpg!m_fill,w_280,h_210,f_jpg?from=ke.com
20230523,海淀,知春路,101118487530,锦秋知春全明户型2居精装修采光视野佳业主诚售,1180万,137867元/平,中楼层 (共26层) | 2003年建 | 2室1厅 | 85.59平米 | 西北,https://s1.ljcdn.com/pegasus/redskull/images/common/default_house_list.png?_v=20230517173317
20230523,海淀,知春路,101118410535,北航南门南北两居室客厅朝南次顶层单位分房,718万,119667元/平,高楼层 (共6层) 2室1厅 | 60平米 | 南 北,https://s1.ljcdn.com/pegasus/redskull/images/common/default_house_list.png?_v=20230517173317
20230523,海淀,知春路,101118397646,知春路 太月园 新上东南三居 户型方正 有车位,1480万,117275元/平,高楼层 (共27层) 3室2厅 | 126.2平米 | 东南,https://s1.ljcdn.com/pegasus/redskull/images/common/default_house_list.png?_v=20230517173317
20230523,海淀,知春路,101118359541,保利海德公园 1室1厅 东,380万,88414元/平,底层 (共10层) | 2016年建 | 1室1厅 | 42.98平米 | 东,https://s1.ljcdn.com/pegasus/redskull/images/common/default_house_list.png?_v=20230517173317
20230523,海淀,知春路,101118305890,知春路 蓟门东里中间层电梯三居 业主诚意出售,758万,106237元/平,低楼层 (共15层) 2室1厅 | 71.35平米 | 南 北,https://s1.ljcdn.com/pegasus/redskull/images/common/default_house_list.png?_v=20230517173317
20230523,海淀,知春路,101118231091,知春路知春嘉园东南向两居满五年,810万,108145元/平,中楼层 (共19层) | 1998年建 | 2室1厅 | 74.9平米 | 东 南,https://s1.ljcdn.com/pegasus/redskull/images/common/default_house_list.png?_v=20230517173317
20230523,海淀,知春路,101118083251,太阳园 3室2厅 东南,1800万,130190元/平,中楼层 (共30层) | 2001年建 | 3室2厅 | 138.26平米 | 东南,https://s1.ljcdn.com/pegasus/redskull/images/common/default_house_list.png?_v=20230517173317
20230523,海淀,知春路,101118081811,西南4居 三间房朝南 满五唯一 地下三层停车位 绿化40%,2280万,133147元/平,中楼层 (共30层) | 2001年建 | 4室2厅 | 171.24平米 | 西南,https://s1.ljcdn.com/pegasus/redskull/images/common/default_house_list.png?_v=20230517173317
20230523,海淀,知春路,101118030087,太阳园东南北三居满五唯一采光好视野好,1780万,131250元/平,中楼层 (共26层) | 2002年建 | 3室2厅 | 135.62平米 | 东南 北,https://s1.ljcdn.com/pegasus/redskull/images/common/default_house_list.png?_v=20230517173317
20230523,海淀,知春路,101117980554,北航南门知春嘉园东南两居房改房无遮挡,820万,104061元/平,中楼层 (共19层) | 1998年建 | 2室1厅 | 78.8平米 | 东南,https://s1.ljcdn.com/pegasus/redskull/images/common/default_house_list.png?_v=20230517173317
20230523,海淀,知春路,101117978913,保利海德公园 1室1厅 西,425万,109143元/平,高楼层 (共10层) | 2016年建 | 1室1厅 | 38.94平米 | 西,https://s1.ljcdn.com/pegasus/redskull/images/common/default_house_list.png?_v=20230517173317
20230523,海淀,知春路,101117381586,保利海德公园 楼龄新 环境好 交通便利 诚意出售,370万,84863元/平,低楼层 (共10层) | 2016年建 | 1室1厅 | 43.6平米 | 北,https://s1.ljcdn.com/pegasus/redskull/images/common/default_house_list.png?_v=20230517173317
20230523,海淀,知春路,101117283095,知春路太月园 业主诚售 东南两居 满五唯一 采光视野好,980万,106987元/平,中楼层 (共27层) | 1998年建 | 2室1厅 | 91.6平米 | 东南,https://s1.ljcdn.com/pegasus/redskull/images/common/default_house_list.png?_v=20230517173317
20230523,海淀,知春路,101116838384,保利海德公园西北向正对小区花园诚心出售看房约,505万,91486元/平,低楼层 (共10层) | 2016年建 | 1室1厅 | 55.2平米 | 西北,https://s1.ljcdn.com/pegasus/redskull/images/common/default_house_list.png?_v=20230517173317
20230523,海淀,知春路,101116798173,保利海德公园 楼龄新 环境好 交通便利 配套齐全 诚售,360万,82494元/平,底层 (共10层) | 2016年建 | 1室1厅 | 43.64平米 | 南,https://s1.ljcdn.com/pegasus/redskull/images/common/default_house_list.png?_v=20230517173317
20230523,海淀,知春路,101116680864,保利海德公园 东北角 两面采光 视野开阔 诚意出售房主自荐,485万,87863元/平,底层 (共10层) | 2016年建 | 1室1厅 | 55.2平米 | 东北,https://s1.ljcdn.com/pegasus/redskull/images/common/default_house_list.png?_v=20230517173317
20230523,海淀,知春路,101115456571,知春路 罗庄西里 业主诚售 满五年 中间层 明厨明卫,510万,116439元/平,中楼层 (共6层) | 1996年建 | 1室1厅 | 43.8平米 | 东 西,https://s1.ljcdn.com/pegasus/redskull/images/common/default_house_list.png?_v=20230517173317
20230523,海淀,知春路,101115328960,东向业主诚心出售看房提前联系高楼层采光无遮挡,450万,115563元/平,高楼层 (共10层) | 2016年建 | 1室0厅 | 38.94平米 | 东,https://s1.ljcdn.com/pegasus/redskull/images/common/default_house_list.png?_v=20230517173317
20230523,海淀,知春路,101115039747,保利海德公园 北向业主诚心出售看房提前联系。,350万,79043元/平,低楼层 (共10层) | 2016年建 | 1室1厅 | 44.28平米 | 北,https://s1.ljcdn.com/pegasus/redskull/images/common/default_house_list.png?_v=20230517173317
20230523,海淀,知春路,101112101192,保利海德公园南向中间楼层无遮挡看房 提前预约,400万,90335元/平,中楼层 (共10层) | 2016年建 | 1室1厅 | 44.28平米 | 南,https://s1.ljcdn.com/pegasus/redskull/images/common/default_house_list.png?_v=20230517173317
20230523,海淀,知春路,101111569870,保利海德公园西北向小区花园诚心出售随时可签,500万,90580元/平,中楼层 (共10层) | 2016年建 | 1室1厅 | 55.2平米 | 西北,https://s1.ljcdn.com/pegasus/redskull/images/common/default_house_list.png?_v=20230517173317
20230523,海淀,知春路,101111152668,保利海德公园西南朝向采光和视野好,650万,116509元/平,低楼层 (共10层) | 2016年建 | 1室1厅 | 55.79平米 | 西南,https://s1.ljcdn.com/pegasus/redskull/images/common/default_house_list.png?_v=20230517173317
20230523,海淀,知春路,101110325399,保利海德公园西土城路1号院蓟门壹号房主自荐,515万,92311元/平,顶层 (共10层) | 2016年建 | 2室2厅 | 55.79平米 | 东南,https://s1.ljcdn.com/pegasus/redskull/images/common/default_house_list.png?_v=20230517173317
20230523,海淀,知春路,101104072955,知春路   交通便利 诚心出售,748万,60033元/平,高楼层 (共14层) 1室1厅 | 124.6平米 | 北,https://ke-image.ljcdn.com/110000-inspection/a5221f00-f956-423d-b12b-6e1a9794a85e.jpg!m_fill,w_280,h_210,f_jpg?from=ke.com
