20240625,丰台,永定门,101125021781,东城区 东革新里40号院 满五年 诚意出售必看好房,360万,68028元/平,底层 (共6层) 2室1厅 | 52.92平米 | 南 北,https://ke-image.ljcdn.com/110000-inspection/008ead6e-962d-48b3-9db7-32cb15e0e760_1000.jpg!m_fill,w_280,h_210,f_jpg?from=ke.com
20240625,丰台,永定门,101124964529,东城区2015年小区带电梯东南向精装两居室必看好房,495万,74147元/平,低楼层 (共21层) 2室1厅 | 66.76平米 | 东 南,https://ke-image.ljcdn.com/110000-inspection/1fddd184-1f36-498d-b74e-f70a4745d95e_1000.jpg!m_fill,w_280,h_210,f_jpg?from=ke.com
20240625,丰台,永定门,101124925955,东城区永定门 2015年建成 南向一居室 满五唯一必看好房,335万,77763元/平,高楼层 (共21层) 1室1厅 | 43.08平米 | 南,https://ke-image.ljcdn.com/110000-inspection/a916385b-82e2-4a6c-86b7-9cb64e218cfc_1000.jpg!m_fill,w_280,h_210,f_jpg?from=ke.com
20240625,丰台,永定门,101124825470,东城区 精装修 09年商品房 采光好 不临街必看好房,678万,84067元/平,低楼层 (共10层) 2室1厅 | 80.65平米 | 东,https://ke-image.ljcdn.com/110000-inspection/983a2e70-46f4-4261-92a7-350196d06530_1000.jpg!m_fill,w_280,h_210,f_jpg?from=ke.com
20240625,丰台,永定门,101124787271,东城区 华龙美晟 09年小区 高楼层 无遮挡 两居必看好房,573万,79973元/平,高楼层 (共12层) 2室1厅 | 71.65平米 | 东,https://ke-image.ljcdn.com/110000-inspection/55db55e5-de6c-4724-873f-8a975e363c61_1000.jpg!m_fill,w_280,h_210,f_jpg?from=ke.com
20240625,丰台,永定门,101124728962,20万新装修 1梯1户 永定门外地铁站 次新房必看好房,520万,57389元/平,底层 (共12层) | 2011年 | 2室1厅 | 90.61平米 | 南 北,https://ke-image.ljcdn.com/110000-inspection/pc1_lQZFm9j2k_2.jpg!m_fill,w_280,h_210,f_jpg?from=ke.com
20240625,丰台,永定门,101124719563,东城区 中间层 双地铁 正规两居室 有门禁,392万,63959元/平,中楼层 (共6层) | 1987年 | 2室1厅 | 61.29平米 | 东 西,https://ke-image.ljcdn.com/110000-inspection/pc1_JRLl9GlDl_1.jpg!m_fill,w_280,h_210,f_jpg?from=ke.com
20240625,丰台,永定门,101124694716,东城区 城市亮点 卧室客厅朝南 电梯两居室必看好房,660万,78042元/平,中楼层 (共12层) 2室1厅 | 84.57平米 | 南,https://ke-image.ljcdn.com/110000-inspection/9fd6921d-e1d1-49de-aab7-514cfaa26eb2_1000.jpg!m_fill,w_280,h_210,f_jpg?from=ke.com
20240625,丰台,永定门,101124670526,管村10号 2室1厅 南 北,360万,61444元/平,中楼层 (共7层) 2室1厅 | 58.59平米 | 南 北,https://ke-image.ljcdn.com/110000-inspection/3356adb8-efad-4e58-aa0e-0ef771be3cd6_1000.jpg!m_fill,w_280,h_210,f_jpg?from=ke.com
20240625,丰台,永定门,101124378278,东城区 沙子口路50号楼 东西通透三居室 采光好视野好,798万,66044元/平,低楼层 (共18层) 3室1厅 | 120.83平米 | 东 西 北,https://ke-image.ljcdn.com/110000-inspection/pc1_HOzr4FWXt_1.jpg!m_fill,w_280,h_210,f_jpg?from=ke.com
20240625,丰台,永定门,101124248258,满五年唯一商品房精装修无遮挡,718万,85011元/平,中楼层 (共12层) 2室1厅 | 84.46平米 | 东,https://ke-image.ljcdn.com/110000-inspection/16f2ebc5-ac83-4cf1-ab07-17b1d7986ee4_1000.jpg!m_fill,w_280,h_210,f_jpg?from=ke.com
20240625,丰台,永定门,101124119943,东城区定安里中间层南北通透无遮挡必看好房,435万,68623元/平,中楼层 (共6层) 2室1厅 | 63.39平米 | 南 北,https://ke-image.ljcdn.com/110000-inspection/201cdb60-f358-4a32-918e-86deac3d74a4_1000.jpg!m_fill,w_280,h_210,f_jpg?from=ke.com
20240625,丰台,永定门,101123972483,东城区 南二环 8+14号永定门外地铁 带阳台三居必看好房,455万,51291元/平,中楼层 (共6层) 3室1厅 | 88.71平米 | 西,https://ke-image.ljcdn.com/110000-inspection/5b9568c8-7416-42c2-aca9-bc0395d5e91b_1000.jpg!m_fill,w_280,h_210,f_jpg?from=ke.com
20240625,丰台,永定门,101123957453,东城区 天坛南门 郭庄北里 朝南 无遮挡必看好房,336万,80096元/平,中楼层 (共6层) 1室1厅 | 41.95平米 | 南,https://ke-image.ljcdn.com/110000-inspection/pc1_YBURyqPnR_1.jpg!m_fill,w_280,h_210,f_jpg?from=ke.com
20240625,丰台,永定门,101123927350,南二环 东城 天永 低楼层 南北通透两居室  李村东里必看好房,405万,71216元/平,中楼层 (共5层) 2室1厅 | 56.87平米 | 南 北,https://ke-image.ljcdn.com/110000-inspection/pc1_OnY0vYIjk_2.jpg!m_fill,w_280,h_210,f_jpg?from=ke.com
20240625,丰台,永定门,101123793882,东城2009年精装标准1居近公园近地铁中楼层。必看好房,375万,73573元/平,中楼层 (共12层) 1室1厅 | 50.97平米 | 北,https://ke-image.ljcdn.com/110000-inspection/pc1_ME1rLWDAp_1.jpg!m_fill,w_280,h_210,f_jpg?from=ke.com
20240625,丰台,永定门,101123619647,东城区 望陶园 西南三居视野 开阔楼层高房主自荐,799万,59578元/平,高楼层 (共18层) 3室1厅 | 134.11平米 | 西南,https://ke-image.ljcdn.com/110000-inspection/pc1_V9CKUT1iE_2.jpg!m_fill,w_280,h_210,f_jpg?from=ke.com
20240625,丰台,永定门,101123604446,南二环 东城区 郭庄北里 二层 田字格三居 满五,519万,75745元/平,低楼层 (共6层) 3室1厅 | 68.52平米 | 南 北,https://ke-image.ljcdn.com/110000-inspection/pc1_v8BPtkYWc_1.jpg!m_fill,w_280,h_210,f_jpg?from=ke.com
20240625,丰台,永定门,101123589315,永定门 管村26号院 急售两居必看好房,399万,58591元/平,底层 (共6层) 2室1厅 | 68.1平米 | 南 北,https://ke-image.ljcdn.com/110000-inspection/26d77b87-de5b-4356-bbe3-fe2b22bdb6e0_1000.jpg!m_fill,w_280,h_210,f_jpg?from=ke.com
20240625,丰台,永定门,101123487472,景泰西里 东城南二环简单装修小区已经改造房主自荐,339万,58967元/平,顶层 (共6层) 2室1厅 | 57.49平米 | 东 西,https://ke-image.ljcdn.com/110000-inspection/a5852a3a-0e5b-4a1a-baf7-f3eb09e83fa8_1000.jpg!m_fill,w_280,h_210,f_jpg?from=ke.com
20240625,丰台,永定门,101123450190,东城区 三轨交汇 南北通透 近天坛公园 低楼层,420万,72364元/平,低楼层 (共6层) 2室1厅 | 58.04平米 | 南 北,https://ke-image.ljcdn.com/110000-inspection/efa8650d-2d22-4e50-80d3-3d2c7db6e31d_1000.jpg!m_fill,w_280,h_210,f_jpg?from=ke.com
20240625,丰台,永定门,101123428205,西革新里110号院 正规一居室  急售,279万,57872元/平,顶层 (共6层) 1室1厅 | 48.21平米 | 东,https://ke-image.ljcdn.com/110000-inspection/pc1_3W0ZnwWH2_1.jpg!m_fill,w_280,h_210,f_jpg?from=ke.com
20240625,丰台,永定门,101123393965,东城定安里 中间楼层 南北通透 精装修带客厅必看好房,358万,64750元/平,中楼层 (共6层) 2室1厅 | 55.29平米 | 南 北,https://ke-image.ljcdn.com/110000-inspection/96c2ca5e-4969-4eef-beaf-7d8cacd447b6_1000.jpg!m_fill,w_280,h_210,f_jpg?from=ke.com
20240625,丰台,永定门,101123323165,满五年唯一 东城 中间层楼层 一居室 无遮挡 诚心出售房主自荐,289万,65032元/平,中楼层 (共6层) | 1992年 | 1室1厅 | 44.44平米 | 东,https://ke-image.ljcdn.com/110000-inspection/190f8d12-cf6f-4224-86fb-80e026efc60b_1000.jpg!m_fill,w_280,h_210,f_jpg?from=ke.com
20240625,丰台,永定门,101123280264,东城百荣嘉园 满五唯一正规三居 临双地铁 看房随时必看好房,550万,68931元/平,低楼层 (共21层) 3室1厅 | 79.79平米 | 东南 北,https://ke-image.ljcdn.com/110000-inspection/pc1_GyCR087j3_2.jpg!m_fill,w_280,h_210,f_jpg?from=ke.com
20240625,丰台,永定门,101123238144,东城区 南二环 满五唯一 两居室必看好房,568万,71411元/平,中楼层 (共11层) 2室1厅 | 79.54平米 | 东南,https://ke-image.ljcdn.com/110000-inspection/pc1_XgPimyVJp_2.jpg!m_fill,w_280,h_210,f_jpg?from=ke.com
20240625,丰台,永定门,101123223088,东城区安乐林二条非顶层南北通透两居满五唯一房主自荐,358万,61767元/平,高楼层 (共6层) 2室1厅 | 57.96平米 | 南 北,https://ke-image.ljcdn.com/110000-inspection/pc1_kAG7J85Qa_1.jpg!m_fill,w_280,h_210,f_jpg?from=ke.com
20240625,丰台,永定门,101123037383,东城南北通透两居室。小区中间位置采光通风好！,445万,71705元/平,高楼层 (共6层) | 1990年 | 2室1厅 | 62.06平米 | 南 北,https://ke-image.ljcdn.com/110000-inspection/d6997b3a-4308-456e-b07f-decb01c5cc33_1000.jpg!m_fill,w_280,h_210,f_jpg?from=ke.com
20240625,丰台,永定门,101122979874,东城区 琉璃井东街 南北通透 精装修两居室必看好房,425万,74068元/平,高楼层 (共6层) 2室1厅 | 57.38平米 | 南 北,https://ke-image.ljcdn.com/110000-inspection/21702c45-b68b-43fc-840f-8839edbaadbc_1000.jpg!m_fill,w_280,h_210,f_jpg?from=ke.com
20240625,丰台,永定门,101122673651,东城2009年精装标准两居近公园近地铁。必看好房,496万,62398元/平,中楼层 (共12层) 2室1厅 | 79.49平米 | 东 北,https://ke-image.ljcdn.com/110000-inspection/pc1_X5ztOVBnQ_1.jpg!m_fill,w_280,h_210,f_jpg?from=ke.com
20240625,丰台,永定门,101122568075,满五年唯一商品房精装修大客厅。房主自荐,570万,61238元/平,低楼层 (共19层) 2室1厅 | 93.08平米 | 西,https://ke-image.ljcdn.com/110000-inspection/c4268912-adac-44f7-a35a-61b9c2915e83_1000.jpg!m_fill,w_280,h_210,f_jpg?from=ke.com
20240625,丰台,永定门,101122482052,定安里东南精装两居全明格局非顶层近地铁急售,335万,67135元/平,高楼层 (共6层) 2室1厅 | 49.9平米 | 东南,https://ke-image.ljcdn.com/110000-inspection/4afc962d-2ec7-4725-9d67-c7123b2ed7fb_1000.jpg!m_fill,w_280,h_210,f_jpg?from=ke.com
20240625,丰台,永定门,101122455843,东城区富莱茵花园小区满五唯一优质精装电梯观景房房主自荐,656万,72025元/平,高楼层 (共21层) 3室1厅 | 91.08平米 | 南 西北,https://ke-image.ljcdn.com/110000-inspection/pc1_DauPqsW1F.jpg!m_fill,w_280,h_210,f_jpg?from=ke.com
20240625,丰台,永定门,101121967070,南二环 东城区 桃杨路北里 中间楼层 南北通透必看好房,398万,69459元/平,中楼层 (共6层) 2室1厅 | 57.3平米 | 南 北,https://ke-image.ljcdn.com/110000-inspection/86ec7000-b638-44ae-86b0-6612d567fcb3_1000.jpg!m_fill,w_280,h_210,f_jpg?from=ke.com
20240625,丰台,永定门,101121758942,东城区 诚意出售  满五唯一 不挨铁路 户型好利用,420万,84695元/平,底层 (共6层) 2室1厅 | 49.59平米 | 南 北,https://ke-image.ljcdn.com/110000-inspection/pc1_oWspekc7F_1.jpg!m_fill,w_280,h_210,f_jpg?from=ke.com
20240625,丰台,永定门,101125038838,东城区 二环边 03年商品房社区 天天家园必看好房,728万,72208元/平,中楼层 (共11层) | 2002年 | 3室1厅 | 100.82平米 | 东,https://ke-image.ljcdn.com/110000-inspection/7abb75bb-0765-4acf-872d-a60382a30939_1000.jpg!m_fill,w_280,h_210,f_jpg?from=ke.com
20240625,丰台,永定门,101124944832,东城区 南二环外全明格局 正规三居 精装修必看好房,560万,72671元/平,高楼层 (共6层) 3室1厅 | 77.06平米 | 南 北,https://ke-image.ljcdn.com/110000-inspection/52a1abb1-d390-4498-832e-a558fb807ee3_1000.jpg!m_fill,w_280,h_210,f_jpg?from=ke.com
20240625,丰台,永定门,101124735068,东城区永定门 百荣嘉园 满五唯一 无遮挡 视野好,519万,76527元/平,高楼层 (共21层) 2室1厅 | 67.82平米 | 南,https://ke-image.ljcdn.com/110000-inspection/pc1_a7SvYVVzI_1.jpg!m_fill,w_280,h_210,f_jpg?from=ke.com
20240625,丰台,永定门,101124426714,二环 东城区 2005年花园洋房小区 低密舒适宜居房主自荐,995万,88288元/平,中楼层 (共8层) 2室1厅 | 112.7平米 | 南 北,https://ke-image.ljcdn.com/110000-inspection/df9e8fa2-06ef-47ff-ad22-4a2b18cc5ecd_1000.jpg!m_fill,w_280,h_210,f_jpg?from=ke.com
20240625,丰台,永定门,101124103783,东城区西革新里108号院 正规一层 满五年唯一必看好房,328万,58572元/平,底层 (共6层) 2室1厅 | 56平米 | 南 北,https://ke-image.ljcdn.com/110000-inspection/b6161a26-7c08-4f7f-a718-f341912b9d0b_1000.jpg!m_fill,w_280,h_210,f_jpg?from=ke.com
20240625,丰台,永定门,101124087731,2002年商品房板楼带电梯一梯两户不临街无遮挡必看好房,1120万,80270元/平,中楼层 (共12层) 3室2厅 | 139.53平米 | 南 北,https://ke-image.ljcdn.com/110000-inspection/12175e86-b961-4ba3-ac8d-0f3ba8d7f445_1000.jpg!m_fill,w_280,h_210,f_jpg?from=ke.com
20240625,丰台,永定门,101123890730,东城近地铁满五唯一全明格局板楼三居室,530万,83386元/平,中楼层 (共5层) 3室1厅 | 63.56平米 | 东 南 西,https://ke-image.ljcdn.com/110000-inspection/pc1_srChQ8I6P_1.jpg!m_fill,w_280,h_210,f_jpg?from=ke.com
20240625,丰台,永定门,101123563808,东城区 满五唯一 精装修 三轨交汇 近天坛公园房主自荐,295万,76307元/平,中楼层 (共6层) 1室1厅 | 38.66平米 | 南,https://ke-image.ljcdn.com/110000-inspection/a5876914-9422-46b0-aa09-6e958de94e63_1000.jpg!m_fill,w_280,h_210,f_jpg?from=ke.com
20240625,丰台,永定门,101122997493,东城区2005年次新小区景泰西里西区近地铁必看好房,450万,74640元/平,中楼层 (共10层) 1室1厅 | 60.29平米 | 南,https://ke-image.ljcdn.com/110000-inspection/33f662c0-d106-40c0-9426-19c56d4b13ca_1000.jpg!m_fill,w_280,h_210,f_jpg?from=ke.com
20240625,丰台,永定门,101122683608,东城区 05年商品房 南北挂东窗 满五唯一 精装修,1030万,85913元/平,中楼层 (共9层) 2室1厅 | 119.89平米 | 东 南 北,https://ke-image.ljcdn.com/110000-inspection/pc1_iPpSBaTZ8_1.jpg!m_fill,w_280,h_210,f_jpg?from=ke.com
20240625,丰台,永定门,101122661196,东城区 07年商品房南二环  南北通透 看房方便必看好房,488万,60742元/平,低楼层 (共16层) 2室1厅 | 80.34平米 | 南 北,https://ke-image.ljcdn.com/110000-inspection/c21b355e-ab50-4af1-9a39-aea5716421b8_1000.jpg!m_fill,w_280,h_210,f_jpg?from=ke.com
20240625,丰台,永定门,101122636059,北京南站 南北通透 中间楼层  不临街 随时看房,730万,61542元/平,中楼层 (共6层) 3室1厅 | 118.62平米 | 南 北,https://ke-image.ljcdn.com/110000-inspection/7ab1a79f-a743-47ff-a34b-4576a992c707_1000.jpg!m_fill,w_280,h_210,f_jpg?from=ke.com
20240625,丰台,永定门,101121624990,商品房 满五唯一 高楼层 视野好 有电梯 可观国贸景观必看好房,780万,77977元/平,顶层 (共12层) 3室2厅 | 100.03平米 | 东北,https://ke-image.ljcdn.com/110000-inspection/pc1_vAQlE996c_1.jpg!m_fill,w_280,h_210,f_jpg?from=ke.com
20240625,丰台,永定门,101121510056,陶然桥下 东城区 悠胜美苑 三居 诚意卖房必看好房,898万,60775元/平,高楼层 (共18层) 3室2厅 | 147.76平米 | 东北,https://ke-image.ljcdn.com/110000-inspection/0eb36282-84f9-471d-a443-170acee5a6b9_1000.jpg!m_fill,w_280,h_210,f_jpg?from=ke.com
20240625,丰台,永定门,101121329152,东城区 南二环 06年洋房社区 次顶层 近地铁 近公园必看好房,1290万,81672元/平,高楼层 (共11层) 3室1厅 | 157.95平米 | 南 北,https://ke-image.ljcdn.com/110000-inspection/pc1_3hlSc91W8_2.jpg!m_fill,w_280,h_210,f_jpg?from=ke.com
20240625,丰台,永定门,101120455673,东城 南北通透三居室 双地铁 一梯两户 前后花园不临街,1050万,82587元/平,低楼层 (共12层) 3室2厅 | 127.14平米 | 南 北,https://ke-image.ljcdn.com/110000-inspection/pc1_bLxPmovCG_2.jpg!m_fill,w_280,h_210,f_jpg?from=ke.com
20240625,丰台,永定门,101125059711,东城永定门 2015年 南北三居室 有钥匙 诚心卖新上,619万,74026元/平,顶层 (共21层) | 2016年 | 3室1厅 | 83.62平米 | 南 北,https://ke-image.ljcdn.com/110000-inspection/3b668748-5b25-4654-bd7c-7fe4eb327ef1_1000.jpg!m_fill,w_280,h_210,f_jpg?from=ke.com
20240625,丰台,永定门,101125038647,东城西南北三居室 电梯直达 户型方正 采光视野无遮新上,1055万,80235元/平,高楼层 (共18层) 3室1厅 | 131.49平米 | 南 北,https://ke-image.ljcdn.com/110000-inspection/ae657b6e-fe6b-4c5f-9634-e9245f59a0f9_1000.jpg!m_fill,w_280,h_210,f_jpg?from=ke.com
20240625,丰台,永定门,101124994898,东城区永定门 满五唯一 二居室 商品房新上,550万,82373元/平,高楼层 (共21层) 2室1厅 | 66.77平米 | 西南,https://ke-image.ljcdn.com/110000-inspection/0f4449fd-ade5-43cc-82d8-fb2009cdf9ef_1000.jpg!m_fill,w_280,h_210,f_jpg?from=ke.com
20240625,丰台,永定门,101124994852,东城区永定门 带电梯 两居室 近地铁新上,530万,79377元/平,低楼层 (共21层) 2室1厅 | 66.77平米 | 西南,https://ke-image.ljcdn.com/110000-inspection/4665bd12-b3a5-47c1-b99a-4ec6cc928a43_1000.jpg!m_fill,w_280,h_210,f_jpg?from=ke.com
20240625,丰台,永定门,101124991642,东城 一居价买2居 满五唯一 诚意卖 看房方便新上,345万,66757元/平,中楼层 (共5层) 2室1厅 | 51.68平米 | 东,https://ke-image.ljcdn.com/110000-inspection/898e19ac-ed9a-4983-a9b7-117313016add_1000.jpg!m_fill,w_280,h_210,f_jpg?from=ke.com
20240625,丰台,永定门,101124991134,李村东里 正规两居 中间楼层 诚售。新上,410万,71193元/平,中楼层 (共6层) 2室1厅 | 57.59平米 | 东 西 南,https://ke-image.ljcdn.com/110000-inspection/pc1_G5iRHAwFP_1.jpg!m_fill,w_280,h_210,f_jpg?from=ke.com
20240625,丰台,永定门,101124962358,李村 1室1厅 东 西新上,350万,86017元/平,顶层 (共6层) 1室1厅 | 40.69平米 | 东 西,https://ke-image.ljcdn.com/110000-inspection/pc1_B6bc72Qog_1.jpg!m_fill,w_280,h_210,f_jpg?from=ke.com
20240625,丰台,永定门,101124927694,东城区 二环边  朝南两居 精装修   邻地铁房主自荐,570万,91435元/平,中楼层 (共12层) 2室1厅 | 62.34平米 | 南,https://ke-image.ljcdn.com/110000-inspection/51acd2f5-bea6-48e8-878a-a3c257750014_1000.jpg!m_fill,w_280,h_210,f_jpg?from=ke.com
20240625,丰台,永定门,101124924122,东城商品房 20万精装2居室 净层高3.1米房主自荐,530万,74428元/平,底层 (共11层) | 2002年 | 2室1厅 | 71.21平米 | 西南,https://ke-image.ljcdn.com/110000-inspection/pc1_nEQKHYdlD_2.jpg!m_fill,w_280,h_210,f_jpg?from=ke.com
20240625,丰台,永定门,101124912373,建予园 3室1厅 西北,630万,57289元/平,顶层 (共16层) 3室1厅 | 109.97平米 | 西北,https://ke-image.ljcdn.com/110000-inspection/55a5389b-e2e9-4b4d-9117-b2e397c47193_1000.jpg!m_fill,w_280,h_210,f_jpg?from=ke.com
20240625,丰台,永定门,101124895099,东城区定安里东西南大两居采光好,416万,70689元/平,高楼层 (共6层) 2室1厅 | 58.85平米 | 东南,https://ke-image.ljcdn.com/110000-inspection/8d6b0bce-cc5a-4615-93ea-af81a7c66c6c_1000.jpg!m_fill,w_280,h_210,f_jpg?from=ke.com
20240625,丰台,永定门,101124854084,永铁苑新上东南大两居东向无遮挡,700万,77770元/平,中楼层 (共22层) 2室1厅 | 90.01平米 | 东南 东,https://ke-image.ljcdn.com/110000-inspection/94ea4db4-bf59-46aa-9dac-a3b054eec0d0_1000.jpg!m_fill,w_280,h_210,f_jpg?from=ke.com
20240625,丰台,永定门,101124853299,东城区2015年小区满五年唯一西南向无遮挡房主自荐,535万,80283元/平,高楼层 (共21层) 2室1厅 | 66.64平米 | 西南,https://ke-image.ljcdn.com/110000-inspection/pc1_zbvZS9UEW_1.jpg!m_fill,w_280,h_210,f_jpg?from=ke.com
20240625,丰台,永定门,101124841223,东城区 近地铁、公园、医院 南向两居 满五唯一,600万,90512元/平,高楼层 (共12层) 2室1厅 | 66.29平米 | 南,https://ke-image.ljcdn.com/110000-inspection/f2f39317-b25a-4bac-84bd-3f983df69652_1000.jpg!m_fill,w_280,h_210,f_jpg?from=ke.com
20240625,丰台,永定门,101124762411,东城区09年小区精装修西南向采光和视野都好,1100万,85015元/平,高楼层 (共12层) 3室2厅 | 129.39平米 | 西南,https://ke-image.ljcdn.com/110000-inspection/02112580-47be-44ca-b62e-19ce6a55775a_1000.jpg!m_fill,w_280,h_210,f_jpg?from=ke.com
20240625,丰台,永定门,101124756939,定安里 3室1厅 南 北,498万,71707元/平,中楼层 (共6层) | 1980年 | 3室1厅 | 69.45平米 | 南 北,https://ke-image.ljcdn.com/110000-inspection/3014a1e5-cafb-43d2-9355-22b88ba8bdfb_1000.jpg!m_fill,w_280,h_210,f_jpg?from=ke.com
20240625,丰台,永定门,101124726616,西革新里112号院 2室1厅 东北,550万,60400元/平,低楼层 (共19层) 2室1厅 | 91.06平米 | 东北,https://ke-image.ljcdn.com/110000-inspection/c9372560-929e-42c1-a512-d976cd66e608_1000.jpg!m_fill,w_280,h_210,f_jpg?from=ke.com
20240625,丰台,永定门,101124695076,东城区  景泰嘉园 精装  无遮挡,778万,67471元/平,低楼层 (共12层) 3室1厅 | 115.31平米 | 东 北,https://ke-image.ljcdn.com/110000-inspection/pc1_kCOKSWJ8Y_2.jpg!m_fill,w_280,h_210,f_jpg?from=ke.com
20240625,丰台,永定门,101124695050,西革新里112号院 2室1厅 东南,490万,69415元/平,中楼层 (共19层) 2室1厅 | 70.59平米 | 东南,https://ke-image.ljcdn.com/110000-inspection/pc1_tBl7agdtD_2.jpg!m_fill,w_280,h_210,f_jpg?from=ke.com
20240625,丰台,永定门,101124686623,富莱茵花园 2室1厅 西,498万,77619元/平,中楼层 (共21层) 2室1厅 | 64.16平米 | 西,https://ke-image.ljcdn.com/110000-inspection/pc1_6gv5aRol4_1.jpg!m_fill,w_280,h_210,f_jpg?from=ke.com
20240625,丰台,永定门,101124647253,东城永定门 粮食局单位房 高楼层 无遮挡 价格可谈,420万,71844元/平,高楼层 (共21层) 2室1厅 | 58.46平米 | 东南,https://ke-image.ljcdn.com/110000-inspection/932d10ad-a31f-4dee-9f29-ca48dbef9d49_1000.jpg!m_fill,w_280,h_210,f_jpg?from=ke.com
20240625,丰台,永定门,101124637534,东城区二环边*’2002年板楼一梯两户精装修近地铁,850万,79888元/平,中楼层 (共12层) 2室1厅 | 106.4平米 | 东 西,https://ke-image.ljcdn.com/110000-inspection/d55c5116-3d46-4648-a6bd-6e37784b93af_1000.jpg!m_fill,w_280,h_210,f_jpg?from=ke.com
20240625,丰台,永定门,101124609738,东城区 永定门 华龙美晟 2009年 商品房 两居,650万,80476元/平,高楼层 (共12层) 2室1厅 | 80.77平米 | 东,https://ke-image.ljcdn.com/110000-inspection/pc1_k4XBSzT9R.jpg!m_fill,w_280,h_210,f_jpg?from=ke.com
20240625,丰台,永定门,101124608457,2009年商品房小区小一居室,388万,88283元/平,中楼层 (共12层) 1室0厅 | 43.95平米 | 北,https://ke-image.ljcdn.com/110000-inspection/pc1_ZgHj7JPBS.jpg!m_fill,w_280,h_210,f_jpg?from=ke.com
20240625,丰台,永定门,101124607265,天天家园 1室1厅 东北,460万,69121元/平,中楼层 (共11层) 1室1厅 | 66.55平米 | 东北,https://ke-image.ljcdn.com/110000-inspection/pc1_lvkW3wKOA_1.jpg!m_fill,w_280,h_210,f_jpg?from=ke.com
20240625,丰台,永定门,101124605692,李村南里 3室1厅 南 北,578万,78693元/平,中楼层 (共6层) 3室1厅 | 73.45平米 | 南 北,https://ke-image.ljcdn.com/110000-inspection/pc1_AN5YfnVIb_1.jpg!m_fill,w_280,h_210,f_jpg?from=ke.com
20240625,丰台,永定门,101124594951,东城区鼎盛园小区精装修两居视野好,696万,82387元/平,顶层 (共11层) 2室1厅 | 84.48平米 | 东,https://ke-image.ljcdn.com/110000-inspection/pc1_5EZOJVU8F.jpg!m_fill,w_280,h_210,f_jpg?from=ke.com
20240625,丰台,永定门,101124580018,沙子口路65号 2室1厅 西南,430万,79263元/平,底层 (共6层) | 1985年 | 2室1厅 | 54.25平米 | 西南,https://ke-image.ljcdn.com/110000-inspection/pc1_IW8G0pkHk_1.jpg!m_fill,w_280,h_210,f_jpg?from=ke.com
20240625,丰台,永定门,101124553468,老旧翻新名单 层高2.73米 永定门外地铁站房主自荐,390万,73683元/平,中楼层 (共6层) 2室1厅 | 52.93平米 | 南 北,https://ke-image.ljcdn.com/110000-inspection/14510d59-7769-40bd-9809-f6f84d0a09eb_1000.jpg!m_fill,w_280,h_210,f_jpg?from=ke.com
20240625,丰台,永定门,101124473601,富莱茵花园 南北两居中间层 安静不临街,480万,77420元/平,中楼层 (共6层) 2室1厅 | 62平米 | 南 北,https://ke-image.ljcdn.com/110000-inspection/pc1_NpIUrx63x.jpg!m_fill,w_280,h_210,f_jpg?from=ke.com
20240625,丰台,永定门,101124466381,华龙IN巷 东城区 新房在售小区 近地铁房主自荐,386万,92257元/平,中楼层 (共17层) 1室1厅 | 41.84平米 | 东北,https://ke-image.ljcdn.com/110000-inspection/pc1_fOHKZUDrN_1.jpg!m_fill,w_280,h_210,f_jpg?from=ke.com
20240625,丰台,永定门,101124444123,东城区 14号线地铁三居室 非楼顶 位置好 无遮挡,520万,72626元/平,高楼层 (共6层) 3室1厅 | 71.6平米 | 西南 东北,https://ke-image.ljcdn.com/110000-inspection/pc1_ZTEjFX1hG_1.jpg!m_fill,w_280,h_210,f_jpg?from=ke.com
20240625,丰台,永定门,101124419170,李村南里 2室1厅 南 北,420万,73517元/平,顶层 (共6层) 2室1厅 | 57.13平米 | 南 北,https://ke-image.ljcdn.com/110000-inspection/pc1_NA8ZwFDSv_1.jpg!m_fill,w_280,h_210,f_jpg?from=ke.com
20240625,丰台,永定门,101124414420,革新南路2号院 2室1厅 南,530万,66350元/平,低楼层 (共21层) 2室1厅 | 79.88平米 | 南,https://ke-image.ljcdn.com/110000-inspection/e23acb17-b24b-4488-9757-d7493cfeef18_1000.jpg!m_fill,w_280,h_210,f_jpg?from=ke.com
20240625,丰台,永定门,101124385324,东城区 南二环 天坛南门 2层朝南 满五年 近地铁,400万,75344元/平,低楼层 (共6层) 2室1厅 | 53.09平米 | 南,https://ke-image.ljcdn.com/110000-inspection/6bdcbdd8-5e21-41b5-a664-b88bb17678ae_1000.jpg!m_fill,w_280,h_210,f_jpg?from=ke.com
20240625,丰台,永定门,101124380393,杨家园西里 3室1厅 南 北,545万,84470元/平,底层 (共6层) 3室1厅 | 64.52平米 | 南 北,https://ke-image.ljcdn.com/110000-inspection/aeacaec9-91fc-40e5-a403-9614a0eac84f_1000.jpg!m_fill,w_280,h_210,f_jpg?from=ke.com
20240625,丰台,永定门,101124379805,东城区 望陶园小区 满五唯一 带电梯 三居室,750万,72936元/平,低楼层 (共18层) 3室1厅 | 102.83平米 | 东 南 北,https://ke-image.ljcdn.com/110000-inspection/pc1_PN9ZBZP7b_2.jpg!m_fill,w_280,h_210,f_jpg?from=ke.com
20240625,丰台,永定门,101124347809,东城南北通透挂东窗三面采光钢混电梯房。,568万,71546元/平,中楼层 (共18层) 3室1厅 | 79.39平米 | 东 南 北,https://ke-image.ljcdn.com/110000-inspection/pc1_ZPi9sMSYP_1.jpg!m_fill,w_280,h_210,f_jpg?from=ke.com
20240625,丰台,永定门,101124327186,东城永定门 2015年商品房 满五唯一 好户型临地铁,450万,67528元/平,顶层 (共21层) 2室1厅 | 66.64平米 | 西南,https://ke-image.ljcdn.com/110000-inspection/12c669a6-478b-4046-b56d-d4118cca6cba_1000.jpg!m_fill,w_280,h_210,f_jpg?from=ke.com
20240625,丰台,永定门,101124319235,东城带电梯紧凑三居诚信出售。,680万,69120元/平,中楼层 (共21层) 3室1厅 | 98.38平米 | 南 西 北,https://ke-image.ljcdn.com/110000-inspection/pc1_ueKMy7f9n_2.jpg!m_fill,w_280,h_210,f_jpg?from=ke.com
20240625,丰台,永定门,101124316501,新奥洋房 一居室 满五唯一  视野好,418万,99076元/平,顶层 (共11层) | 2005年 | 1室1厅 | 42.19平米 | 西,https://ke-image.ljcdn.com/110000-inspection/a43c414f-4f23-47ac-98ec-4cbbf0b651d4_1000.jpg!m_fill,w_280,h_210,f_jpg?from=ke.com
20240625,丰台,永定门,101124315793,东城区 李村东里 南北两居 价格可谈 诚意出售,510万,88665元/平,高楼层 (共6层) 2室1厅 | 57.52平米 | 南 北,https://ke-image.ljcdn.com/110000-inspection/c5d5b0a0-a1ef-4f66-b144-5310dac67cba_1000.jpg!m_fill,w_280,h_210,f_jpg?from=ke.com
20240625,丰台,永定门,101124290949,永铁苑 3室2厅 东北,836万,70968元/平,底层 (共22层) | 2000年 | 3室2厅 | 117.8平米 | 东北,https://ke-image.ljcdn.com/110000-inspection/ddc9f0bc-34fc-4ac6-8ada-708b74a8b480_1000.jpg!m_fill,w_280,h_210,f_jpg?from=ke.com
20240625,丰台,永定门,101124290114,东城区 永定门外 沙子口路 独楼独院 精装修 三居,890万,76507元/平,低楼层 (共18层) 3室2厅 | 116.33平米 | 东 北,https://ke-image.ljcdn.com/110000-inspection/762e3337-5447-4832-9eda-15519d0546e7_1000.jpg!m_fill,w_280,h_210,f_jpg?from=ke.com
20240625,丰台,永定门,101124288416,东城区 2005年社区   交通便利  带电梯房主自荐,422万,69158元/平,低楼层 (共9层) 1室1厅 | 61.02平米 | 南,https://ke-image.ljcdn.com/110000-inspection/0585b308-ebe0-4b80-9936-0efb02903aef_1000.jpg!m_fill,w_280,h_210,f_jpg?from=ke.com
20240625,丰台,永定门,101124269860,东城区 永定门外 双地铁 300万内两居 满5年,278万,40823元/平,地下室 (共6层) 2室1厅 | 68.1平米 | 南 北,https://ke-image.ljcdn.com/110000-inspection/2e30258d-b8cf-4dd9-99c6-3d1669d38c9e_1000.jpg!m_fill,w_280,h_210,f_jpg?from=ke.com
20240625,丰台,永定门,101124267198,东城2000年小区管理好精装标准两居。,660万,73735元/平,底层 (共21层) | 2000年 | 2室1厅 | 89.51平米 | 南 西,https://ke-image.ljcdn.com/110000-inspection/1ca6bbd2-5801-4b83-a624-cb0e3ea0a561_1000.jpg!m_fill,w_280,h_210,f_jpg?from=ke.com
20240625,丰台,永定门,101124261734,定安里 朝南两居室 满五 视野好,370万,67531元/平,顶层 (共6层) 2室1厅 | 54.79平米 | 南,https://ke-image.ljcdn.com/110000-inspection/209189e7-9ac7-4a3c-b872-a3268f37b0d9_1000.jpg!m_fill,w_280,h_210,f_jpg?from=ke.com
20240625,丰台,永定门,101124221067,东城区 管村10号 中间楼层 精装房源出售,548万,73905元/平,中楼层 (共6层) | 1984年 | 3室1厅 | 74.15平米 | 东 西,https://ke-image.ljcdn.com/110000-inspection/318b239f-b40f-404f-9f52-d54d8e52e378_1000.jpg!m_fill,w_280,h_210,f_jpg?from=ke.com
20240625,丰台,永定门,101124214379,东城区满五年优质东南两居视野采光好电梯房,505万,76365元/平,中楼层 (共21层) 2室1厅 | 66.13平米 | 西南,https://ke-image.ljcdn.com/110000-inspection/b81988ed-99e0-4080-8e6a-f348538867ad_1000.jpg!m_fill,w_280,h_210,f_jpg?from=ke.com
20240625,丰台,永定门,101124123332,东城区 东南向改善3居 高板带电梯 视野好安静临地铁,1085万,71415元/平,中楼层 (共11层) 3室2厅 | 151.93平米 | 东南,https://ke-image.ljcdn.com/110000-inspection/2bc6d2a4-d8f3-4567-8c8a-179e8f723797_1000.jpg!m_fill,w_280,h_210,f_jpg?from=ke.com
20240625,丰台,永定门,101124122473,东城区 永定门外 双线地铁 沙子口路 小户型 出售房主自荐,328万,89864元/平,顶层 (共18层) | 1989年 | 1室1厅 | 36.5平米 | 南,https://ke-image.ljcdn.com/110000-inspection/pc1_g6mu8cESC_1.jpg!m_fill,w_280,h_210,f_jpg?from=ke.com
20240625,丰台,永定门,101124107737,东城区 全南向两居室 2015年小区 近地铁,419万,73859元/平,低楼层 (共21层) 2室1厅 | 56.73平米 | 南,https://ke-image.ljcdn.com/110000-inspection/dd24aec4-4e94-4303-b44e-f250beeb30f6_1000.jpg!m_fill,w_280,h_210,f_jpg?from=ke.com
20240625,丰台,永定门,101124060238,安乐林二条 2室1厅 南 北,390万,67428元/平,顶层 (共6层) 2室1厅 | 57.84平米 | 南 北,https://ke-image.ljcdn.com/110000-inspection/69cd5b6b-439c-4b88-8eb4-cf865e78a7bd_1000.jpg!m_fill,w_280,h_210,f_jpg?from=ke.com
20240625,丰台,永定门,101124057798,南二环 东城区 明厨明卫明厅三居 李村东里,560万,72671元/平,高楼层 (共6层) 3室1厅 | 77.06平米 | 南 西 北,https://ke-image.ljcdn.com/110000-inspection/c3f7c679-fe49-4da0-9b8d-29510c32658f_1000.jpg!m_fill,w_280,h_210,f_jpg?from=ke.com
20240625,丰台,永定门,101124046701,东城区2005年商品房正规两居带电梯,660万,78675元/平,低楼层 (共11层) 2室1厅 | 83.89平米 | 东 南 西,https://ke-image.ljcdn.com/110000-inspection/pc1_G1kqk6asG_1.jpg!m_fill,w_280,h_210,f_jpg?from=ke.com
20240625,丰台,永定门,101124044587,东城区永定门百荣嘉园全明格局两居室,530万,72953元/平,中楼层 (共21层) 2室1厅 | 72.65平米 | 南 北,https://ke-image.ljcdn.com/110000-inspection/1408fa2e-a4e4-4c3d-98dc-693881683ed9_1000.jpg!m_fill,w_280,h_210,f_jpg?from=ke.com
20240625,丰台,永定门,101124031059,东城区 李村东里 南北三居室 天坛南门 诚意出售,640万,82645元/平,高楼层 (共6层) 3室1厅 | 77.44平米 | 南 北,https://ke-image.ljcdn.com/110000-inspection/pc1_MGB3yjsFY.jpg!m_fill,w_280,h_210,f_jpg?from=ke.com
20240625,丰台,永定门,101124025144,东城区经典两居有租赁车位满五年唯一,620万,67443元/平,中楼层 (共19层) 2室1厅 | 91.93平米 | 西,https://ke-image.ljcdn.com/110000-inspection/92ff6a5c-69fc-4262-8cd7-c869b917c026_1000.jpg!m_fill,w_280,h_210,f_jpg?from=ke.com
20240625,丰台,永定门,101124020593,东城区 新奥洋房 南二环 近地铁 近天坛公园 满五唯一房主自荐,388万,83495元/平,中楼层 (共5层) | 2005年 | 1室1厅 | 46.47平米 | 北,https://ke-image.ljcdn.com/110000-inspection/pc1_DfFd0OcTM_2.jpg!m_fill,w_280,h_210,f_jpg?from=ke.com
20240625,丰台,永定门,101124002673,景泰西里西区 1室1厅 北,400万,70910元/平,低楼层 (共11层) | 2005年 | 1室1厅 | 56.41平米 | 北,https://ke-image.ljcdn.com/110000-inspection/58e34530-4d86-46a5-830e-9e4d37e89df7_1000.jpg!m_fill,w_280,h_210,f_jpg?from=ke.com
20240625,丰台,永定门,101123993240,东城区2015年小区带电梯满五唯一精装修房主自荐,550万,83536元/平,低楼层 (共21层) 2室1厅 | 65.84平米 | 南 西,https://ke-image.ljcdn.com/110000-inspection/27e01fe0-0a07-436c-95e4-5b43e6a7ad52_1000.jpg!m_fill,w_280,h_210,f_jpg?from=ke.com
20240625,丰台,永定门,101123952164,东城区 永定门外 双地铁8+14号线 2015年楼龄 满5年,660万,78516元/平,中楼层 (共20层) 3室1厅 | 84.06平米 | 南 北,https://ke-image.ljcdn.com/110000-inspection/5a5fcfc6-434d-4d55-8ca0-c89e18e17507_1000.jpg!m_fill,w_280,h_210,f_jpg?from=ke.com
20240625,丰台,永定门,101123951346,此房南北通透 采光好满二年唯一  精装修,459万,61961元/平,高楼层 (共6层) | 1996年 | 2室1厅 | 74.08平米 | 南 北,https://ke-image.ljcdn.com/110000-inspection/be6f6d7a-fe29-4906-be52-3b433d69170b_1000.jpg!m_fill,w_280,h_210,f_jpg?from=ke.com
20240625,丰台,永定门,101123944659,东城区09年商品房社区人车分流2居室精装修,498万,65952元/平,低楼层 (共12层) 2室1厅 | 75.51平米 | 西北,https://ke-image.ljcdn.com/110000-inspection/pc1_H5xy85q4X_1.jpg!m_fill,w_280,h_210,f_jpg?from=ke.com
20240625,丰台,永定门,101123926103,陶然桥下 东城区 革新南路2号院 无遮挡 视野开阔,279万,75528元/平,高楼层 (共21层) 1室1厅 | 36.94平米 | 东南,https://ke-image.ljcdn.com/110000-inspection/pc1_ZgvYQVrMG_2.jpg!m_fill,w_280,h_210,f_jpg?from=ke.com
20240625,丰台,永定门,101123925952,2009年华龙美晟商品房东南朝向三居格局合理,888万,88332元/平,低楼层 (共12层) 3室2厅 | 100.53平米 | 东南,https://ke-image.ljcdn.com/110000-inspection/pc1_XIijEfg6a_1.jpg!m_fill,w_280,h_210,f_jpg?from=ke.com
20240625,丰台,永定门,101123917583,东城区二环商品房 高层一居带电梯 视野好对小区花园房主自荐,368万,83732元/平,高楼层 (共12层) | 2009年 | 1室1厅 | 43.95平米 | 北,https://ke-image.ljcdn.com/110000-inspection/deb99ff8-a0cb-40dc-b708-e30af500761b_1000.jpg!m_fill,w_280,h_210,f_jpg?from=ke.com
20240625,丰台,永定门,101123915184,华龙美晟   2009年商品房   人车分流无遮挡,675万,84197元/平,低楼层 (共9层) 2室1厅 | 80.17平米 | 东,https://ke-image.ljcdn.com/110000-inspection/b0814be6-d627-4048-b8ce-dd5c7eb7d0b1_1000.jpg!m_fill,w_280,h_210,f_jpg?from=ke.com
20240625,丰台,永定门,101123900482,东城区 南二环 新奥洋房院内 朝南两居 明厨明卫 精装,445万,76897元/平,高楼层 (共6层) | 1985年 | 2室1厅 | 57.87平米 | 南,https://ke-image.ljcdn.com/110000-inspection/pc1_Pv26VPuP3_1.jpg!m_fill,w_280,h_210,f_jpg?from=ke.com
20240625,丰台,永定门,101123895922,景泰西里 3室1厅 南 北,430万,61054元/平,顶层 (共6层) 3室1厅 | 70.43平米 | 南 北,https://ke-image.ljcdn.com/110000-inspection/0adfd2de-a9c2-427b-ba22-ec3e62247fa2_1000.jpg!m_fill,w_280,h_210,f_jpg?from=ke.com
20240625,丰台,永定门,101123875965,东城永定门 临双地铁站口 楼层好采光好视野宽阔,280万,75799元/平,中楼层 (共21层) 1室1厅 | 36.94平米 | 东南,https://ke-image.ljcdn.com/110000-inspection/0459643c-61e9-476a-aad4-6eaf0bd07fb3_1000.jpg!m_fill,w_280,h_210,f_jpg?from=ke.com
20240625,丰台,永定门,101123859685,郭庄北里 2室1厅 南 北,439万,70750元/平,底层 (共6层) | 1995年 | 2室1厅 | 62.05平米 | 南 北,https://ke-image.ljcdn.com/110000-inspection/15ba10e7-fc6a-4509-b4ab-55353f6773e1_1000.jpg!m_fill,w_280,h_210,f_jpg?from=ke.com
20240625,丰台,永定门,101123846456,东城区 公安家属院 东南向2居 下楼双地铁 采光充足,535万,85820元/平,低楼层 (共12层) 2室1厅 | 62.34平米 | 东南,https://ke-image.ljcdn.com/110000-inspection/pc1_baixr0hto_2.jpg!m_fill,w_280,h_210,f_jpg?from=ke.com
20240625,丰台,永定门,101123834262,东城区2003年商品房 300米地铁8+14永外站高楼层无遮挡,430万,86087元/平,中楼层 (共12层) 1室1厅 | 49.95平米 | 西 北,https://ke-image.ljcdn.com/110000-inspection/pc1_1CsZcbonY.jpg!m_fill,w_280,h_210,f_jpg?from=ke.com
20240625,丰台,永定门,101123832539,管村26号院高楼层两居室采光充裕全明格局,460万,65249元/平,顶层 (共6层) 2室1厅 | 70.5平米 | 西南,https://ke-image.ljcdn.com/110000-inspection/2c0254c2-6e8b-4df8-97ce-b22473ba24b0_1000.jpg!m_fill,w_280,h_210,f_jpg?from=ke.com
20240625,丰台,永定门,101123828434,永合馨苑低楼层精致一居室满五商品房,390万,74828元/平,底层 (共11层) 1室1厅 | 52.12平米 | 西,https://ke-image.ljcdn.com/110000-inspection/91dd5595-3ab3-4fcf-944e-9e8720549d9a_1000.jpg!m_fill,w_280,h_210,f_jpg?from=ke.com
20240625,丰台,永定门,101123824170,城市亮点满五唯一   三面朝南卧室  客厅大落地窗,1020万,87992元/平,中楼层 (共12层) 3室1厅 | 115.92平米 | 西南,https://ke-image.ljcdn.com/110000-inspection/bf96a7b6-c9f5-4f53-bc6e-c7696b9efc43_1000.jpg!m_fill,w_280,h_210,f_jpg?from=ke.com
20240625,丰台,永定门,101123822499,东城区 双地铁交汇 南北通透 低楼层 精装修 近天坛,520万,86022元/平,低楼层 (共6层) 3室1厅 | 60.45平米 | 南 北,https://ke-image.ljcdn.com/110000-inspection/pc1_LNuylaX0N_1.jpg!m_fill,w_280,h_210,f_jpg?from=ke.com
20240625,丰台,永定门,101123806095,东城满五唯一南北通透6层板楼带电梯有车位。,1095万,73540元/平,低楼层 (共6层) 3室2厅 | 148.9平米 | 南 北,https://ke-image.ljcdn.com/110000-inspection/pc1_hL0aBTntS_2.jpg!m_fill,w_280,h_210,f_jpg?from=ke.com
20240625,丰台,永定门,101123787292,东城区 南二环 新奥洋房 05年洋房社区 近地铁 近公园,395万,82810元/平,低楼层 (共11层) | 2006年 | 1室1厅 | 47.7平米 | 北,https://ke-image.ljcdn.com/110000-inspection/pc1_bnlWFV7zC.jpg!m_fill,w_280,h_210,f_jpg?from=ke.com
20240625,丰台,永定门,101123784886,东城区 全明格局一居室 高层 视野开阔,488万,70480元/平,高楼层 (共11层) 1室1厅 | 69.24平米 | 东 西 北,https://ke-image.ljcdn.com/110000-inspection/e5acaabe-15a3-4fb7-9625-ad83c53a75a5_1000.jpg!m_fill,w_280,h_210,f_jpg?from=ke.com
20240625,丰台,永定门,101123772068,富莱茵花园 1室1厅 南,380万,82145元/平,高楼层 (共6层) 1室1厅 | 46.26平米 | 南,https://ke-image.ljcdn.com/110000-inspection/pc1_VXRZLtTER_2.jpg!m_fill,w_280,h_210,f_jpg?from=ke.com
20240625,丰台,永定门,101123752864,安乐林路 2室1厅 南 北,500万,75121元/平,中楼层 (共6层) 2室1厅 | 66.56平米 | 南 北,https://ke-image.ljcdn.com/110000-inspection/d5721f01-1804-4794-8375-1a64368b0b40_1000.jpg!m_fill,w_280,h_210,f_jpg?from=ke.com
20240625,丰台,永定门,101123743008,东城区新奥洋房精装婚房朝北一居室 洋房小区 诚心出售,390万,84325元/平,高楼层 (共9层) 1室1厅 | 46.25平米 | 北,https://ke-image.ljcdn.com/110000-inspection/pc1_9msxTqSEF_2.jpg!m_fill,w_280,h_210,f_jpg?from=ke.com
20240625,丰台,永定门,101123728875,东城区 次顶层 精装全南大两居大落地窗户,670万,63083元/平,高楼层 (共19层) 2室2厅 | 106.21平米 | 南,https://ke-image.ljcdn.com/110000-inspection/db92c533-08b4-4f93-94d8-7575c21478cc_1000.jpg!m_fill,w_280,h_210,f_jpg?from=ke.com
20240625,丰台,永定门,101123728811,东城区2006年商品房交通便利采光充足产权清晰。,1466万,98914元/平,高楼层 (共6层) 3室2厅 | 148.21平米 | 南 北,https://ke-image.ljcdn.com/110000-inspection/d0d091d7-683c-42d5-9601-b90a99eb19de_1000.jpg!m_fill,w_280,h_210,f_jpg?from=ke.com
20240625,丰台,永定门,101123693816,东城近地铁高楼层满五唯一三居室,1020万,81692元/平,顶层 (共12层) 3室1厅 | 124.86平米 | 东南,https://ke-image.ljcdn.com/110000-inspection/e2c2979e-85fe-4d65-adfb-30183468a3ee_1000.jpg!m_fill,w_280,h_210,f_jpg?from=ke.com
20240625,丰台,永定门,101123673905,郭庄北里 1室1厅 南,346万,82480元/平,高楼层 (共6层) 1室1厅 | 41.95平米 | 南,https://ke-image.ljcdn.com/110000-inspection/820c6b0a-eb7f-47cd-8993-9127295dc01e_1000.jpg!m_fill,w_280,h_210,f_jpg?from=ke.com
20240625,丰台,永定门,101123672454,东城区两居室 近地铁 满五年唯一,530万,68133元/平,低楼层 (共16层) 2室1厅 | 77.79平米 | 南 西,https://ke-image.ljcdn.com/110000-inspection/pc1_w7SIZy6f2_2.jpg!m_fill,w_280,h_210,f_jpg?from=ke.com
20240625,丰台,永定门,101123654961,东城区花园洋房满五年唯一视野好观景房房主自荐,389万,90655元/平,低楼层 (共11层) 1室1厅 | 42.91平米 | 东,https://ke-image.ljcdn.com/110000-inspection/pc1_U6DbZgztq_2.jpg!m_fill,w_280,h_210,f_jpg?from=ke.com
20240625,丰台,永定门,101123646375,东城区  富莱茵花园  朝东两居  高楼层  采光视野好,515万,80269元/平,高楼层 (共21层) 2室1厅 | 64.16平米 | 东,https://ke-image.ljcdn.com/110000-inspection/pc1_nKtDECb2N_1.jpg!m_fill,w_280,h_210,f_jpg?from=ke.com
20240625,丰台,永定门,101123625761,天坛南门 李村 东西通透正规三居,419万,59206元/平,高楼层 (共6层) 3室1厅 | 70.77平米 | 东 西,https://ke-image.ljcdn.com/110000-inspection/9b2d1126-a98a-404d-ab30-4247912922b7_1000.jpg!m_fill,w_280,h_210,f_jpg?from=ke.com
20240625,丰台,永定门,101123608971,东城区 二环边 新小区 落地窗 一梯两户 通风采光充足,858万,80982元/平,高楼层 (共11层) 2室2厅 | 105.95平米 | 东 西,https://ke-image.ljcdn.com/110000-inspection/pc1_w4w5bnNge_2.jpg!m_fill,w_280,h_210,f_jpg?from=ke.com
20240625,丰台,永定门,101123580501,东城区 2005年小区 精装南向一居 高楼层视野开阔房主自荐,500万,81968元/平,高楼层 (共10层) | 2005年 | 1室1厅 | 61平米 | 南,https://ke-image.ljcdn.com/110000-inspection/pc1_kEtS3K7Te.jpg!m_fill,w_280,h_210,f_jpg?from=ke.com
20240625,丰台,永定门,101123577625,景泰西里西区 1室1厅 南,438万,72649元/平,底层 (共10层) 1室1厅 | 60.29平米 | 南,https://ke-image.ljcdn.com/110000-inspection/134049e5-8ecd-4a76-a563-0dec4f2e6ba8_1000.jpg!m_fill,w_280,h_210,f_jpg?from=ke.com
20240625,丰台,永定门,101123576701,东城区 优质3居室大客厅 户型方正 满五年 诚意卖,465万,66639元/平,中楼层 (共6层) 3室1厅 | 69.78平米 | 南 北,https://ke-image.ljcdn.com/110000-inspection/357a94d7-f1fa-4517-8664-3abf8cc8f2c6_1000.jpg!m_fill,w_280,h_210,f_jpg?from=ke.com
20240625,丰台,永定门,101123574883,东城区 次新房 百荣嘉园 满五唯一商品房,475万,83730元/平,中楼层 (共21层) 2室1厅 | 56.73平米 | 南,https://ke-image.ljcdn.com/110000-inspection/e4b0cbf4-e8ac-4df3-9530-dbad9bf425c8_1000.jpg!m_fill,w_280,h_210,f_jpg?from=ke.com
20240625,丰台,永定门,101123572500,鼎盛园小区精装修一居室视野采光好。,518万,75920元/平,中楼层 (共11层) | 2005年 | 1室1厅 | 68.23平米 | 东 西,https://ke-image.ljcdn.com/110000-inspection/06fec846-1716-460f-8b0a-00e88c75e400_1000.jpg!m_fill,w_280,h_210,f_jpg?from=ke.com
20240625,丰台,永定门,101123568667,革新里小区 3室1厅 南 北,430万,55086元/平,地下室 (共6层) 3室1厅 | 78.06平米 | 南 北,https://ke-image.ljcdn.com/110000-inspection/2692cc51-967b-4652-88b5-ce36a3c4e919_1000.jpg!m_fill,w_280,h_210,f_jpg?from=ke.com
20240625,丰台,永定门,101123564335,东城区 满五年唯一 户型方正优质2居诚意卖,378万,69871元/平,顶层 (共6层) 2室1厅 | 54.1平米 | 南 北,https://ke-image.ljcdn.com/110000-inspection/pc1_VuMdEpn2D_1.jpg!m_fill,w_280,h_210,f_jpg?from=ke.com
20240625,丰台,永定门,101123554540,东城区  西南向三居室  采光好无遮挡  8号14号双地铁,830万,63568元/平,中楼层 (共21层) 3室2厅 | 130.57平米 | 西南,https://ke-image.ljcdn.com/110000-inspection/a3269ef4-161b-4c27-a0dc-ba0bbce7e907_1000.jpg!m_fill,w_280,h_210,f_jpg?from=ke.com
20240625,丰台,永定门,101123551557,东城南二环 2015年 满五唯一精装 全南两居室 随时可看,538万,75403元/平,低楼层 (共21层) 2室1厅 | 71.35平米 | 南,https://ke-image.ljcdn.com/110000-inspection/pc1_Kz4yrJZRe_1.jpg!m_fill,w_280,h_210,f_jpg?from=ke.com
20240625,丰台,永定门,101123546154,东城区 满五唯一 东西通透两居室,698万,77076元/平,低楼层 (共11层) 2室1厅 | 90.56平米 | 东 西,https://ke-image.ljcdn.com/110000-inspection/pc1_MIHKfRzPm_1.jpg!m_fill,w_280,h_210,f_jpg?from=ke.com
20240625,丰台,永定门,101123544061,东城百荣嘉园南北向三居满五唯一商品房近地铁,610万,73098元/平,低楼层 (共20层) 3室1厅 | 83.45平米 | 东 南 北,https://ke-image.ljcdn.com/110000-inspection/pc1_g9S42Xsy0_2.jpg!m_fill,w_280,h_210,f_jpg?from=ke.com
20240625,丰台,永定门,101123541540,安乐林路 3室1厅 南 北,458万,65048元/平,中楼层 (共6层) 3室1厅 | 70.41平米 | 南 北,https://ke-image.ljcdn.com/110000-inspection/7cd52ede-7a6b-4c68-bb99-82e93def976f_1000.jpg!m_fill,w_280,h_210,f_jpg?from=ke.com
20240625,丰台,永定门,101123540619,李村南里 1室1厅 南房主自荐,419万,99834元/平,低楼层 (共6层) | 1990年 | 1室1厅 | 41.97平米 | 南,https://ke-image.ljcdn.com/110000-inspection/pc1_DPSHLFhc2.jpg!m_fill,w_280,h_210,f_jpg?from=ke.com
20240625,丰台,永定门,101123501249,东城区 沙子口路61号 南向三层 板楼 采光好 无遮挡,335万,75281元/平,中楼层 (共6层) 1室1厅 | 44.5平米 | 西南 东北,https://ke-image.ljcdn.com/110000-inspection/bb7bcce6-5cad-4a47-85d7-9949e69a8fff_1000.jpg!m_fill,w_280,h_210,f_jpg?from=ke.com
20240625,丰台,永定门,101123476651,东城区沙子口路61号楼交通方便楼层好随时签约,395万,64448元/平,中楼层 (共6层) 2室1厅 | 61.29平米 | 西南 东北,https://ke-image.ljcdn.com/110000-inspection/60225887-945f-47aa-982d-4d0f24c6ad9f_1000.jpg!m_fill,w_280,h_210,f_jpg?from=ke.com
20240625,丰台,永定门,101123475611,东城区城市亮点 高层带电梯 无遮挡 采光好 双轨地铁,439万,93187元/平,高楼层 (共12层) | 2003年 | 1室0厅 | 47.11平米 | 西,https://ke-image.ljcdn.com/110000-inspection/b85ff426-69b5-4ac7-a8d2-4eed15c6405d_1000.jpg!m_fill,w_280,h_210,f_jpg?from=ke.com
20240625,丰台,永定门,101123459728,此房满五唯一东西通透高楼层视野好交通便利。,730万,80824元/平,中楼层 (共11层) | 2005年 | 2室1厅 | 90.32平米 | 东 西,https://ke-image.ljcdn.com/110000-inspection/pc1_wkmEZjTqt_1.jpg!m_fill,w_280,h_210,f_jpg?from=ke.com
20240625,丰台,永定门,101123459578,依陶阁 1室1厅 北,325万,87132元/平,高楼层 (共15层) 1室1厅 | 37.3平米 | 北,https://ke-image.ljcdn.com/110000-inspection/37d50bf7-661e-44fc-94b9-1ada6e3d5073_1000.jpg!m_fill,w_280,h_210,f_jpg?from=ke.com
20240625,丰台,永定门,101123459259,东城 宝华家园 三室两厅两卫 精装修房主自荐,815万,64982元/平,中楼层 (共21层) | 2000年 | 3室2厅 | 125.42平米 | 东南 北,https://ke-image.ljcdn.com/110000-inspection/2fd0d36e-b653-4a1d-a8cb-f976dd8b799c_1000.jpg!m_fill,w_280,h_210,f_jpg?from=ke.com
20240625,丰台,永定门,101123455581,东城区 南二环外全明格局 正规两居 精装修 南北通透,490万,84776元/平,中楼层 (共6层) 2室1厅 | 57.8平米 | 南 北,https://ke-image.ljcdn.com/110000-inspection/pc1_0IU36WABj.jpg!m_fill,w_280,h_210,f_jpg?from=ke.com
20240625,丰台,永定门,101123444849,依陶阁 2室1厅 南 西 北,568万,74669元/平,低楼层 (共15层) 2室1厅 | 76.07平米 | 南 西 北,https://ke-image.ljcdn.com/110000-inspection/pc1_ZhMTXgDty_1.jpg!m_fill,w_280,h_210,f_jpg?from=ke.com
20240625,丰台,永定门,101123444230,东城永定门 精装可拎包入住 南北两居 交通便利,530万,78114元/平,中楼层 (共6层) | 1997年 | 2室1厅 | 67.85平米 | 南 北,https://ke-image.ljcdn.com/110000-inspection/9fc83772-5010-4d2e-a0e9-7827c2cf7403_1000.jpg!m_fill,w_280,h_210,f_jpg?from=ke.com
20240625,丰台,永定门,101123414655,正规西向两居室商品房交通便捷,628万,76651元/平,低楼层 (共11层) 2室1厅 | 81.93平米 | 西,https://ke-image.ljcdn.com/110000-inspection/5227046c-304e-460f-9152-9c17eaf9eaab_1000.jpg!m_fill,w_280,h_210,f_jpg?from=ke.com
20240625,丰台,永定门,101123400683,东城区 永定门旁精装修 高楼层 朝南两居,516万,77641元/平,高楼层 (共21层) | 1989年 | 2室1厅 | 66.46平米 | 南,https://ke-image.ljcdn.com/110000-inspection/06fd7ddf-9744-4198-930b-9e8d43d11a1d_1000.jpg!m_fill,w_280,h_210,f_jpg?from=ke.com
20240625,丰台,永定门,101123381564,东城区 二环边 09花园式小区 精装小两居室,570万,94591元/平,高楼层 (共12层) | 2009年 | 2室1厅 | 60.26平米 | 北,https://ke-image.ljcdn.com/110000-inspection/pc1_VKNbhQwye_1.jpg!m_fill,w_280,h_210,f_jpg?from=ke.com
20240625,丰台,永定门,101123351916,李村南里 2室1厅 南 北,480万,84019元/平,高楼层 (共6层) 2室1厅 | 57.13平米 | 南 北,https://ke-image.ljcdn.com/110000-inspection/pc1_guJslazlW_1.jpg!m_fill,w_280,h_210,f_jpg?from=ke.com
20240625,丰台,永定门,101123350896,桃杨路北里12号院 2室1厅 南 北,492万,83419元/平,中楼层 (共6层) 2室1厅 | 58.98平米 | 南 北,https://ke-image.ljcdn.com/110000-inspection/fe26fbc2-2bef-4ea2-a25c-6b0b7e621ec9_1000.jpg!m_fill,w_280,h_210,f_jpg?from=ke.com
20240625,丰台,永定门,101123342410,东城 电梯房 天坛公园 次新房主自荐,430万,91276元/平,低楼层 (共12层) | 2003年 | 1室1厅 | 47.11平米 | 西,https://ke-image.ljcdn.com/110000-inspection/e2c9eea2-b949-4a06-a8e3-806deeffd663_1000.jpg!m_fill,w_280,h_210,f_jpg?from=ke.com
20240625,丰台,永定门,101123339969,琉璃井东街 全南两居 东城区 采光好 产权清晰,430万,84796元/平,低楼层 (共6层) 2室1厅 | 50.71平米 | 南,https://ke-image.ljcdn.com/110000-inspection/b5dbf147-7aa1-4c28-88aa-ef1db211d53e_1000.jpg!m_fill,w_280,h_210,f_jpg?from=ke.com
20240625,丰台,永定门,101123331847,东城区 朝南1居室 格局方正 采光好,378万,76705元/平,低楼层 (共6层) | 1990年 | 1室1厅 | 49.28平米 | 南,https://ke-image.ljcdn.com/110000-inspection/9a6e7569-e76d-4a83-b599-849c62427d0b_1000.jpg!m_fill,w_280,h_210,f_jpg?from=ke.com
20240625,丰台,永定门,101123327633,东城区 三轨交汇 南北通透 近天坛公园 低楼层,545万,93885元/平,低楼层 (共6层) 2室1厅 | 58.05平米 | 南 北,https://ke-image.ljcdn.com/110000-inspection/fcfaed84-36d4-4c2b-a3ff-3beb4f3ecb7c_1000.jpg!m_fill,w_280,h_210,f_jpg?from=ke.com
20240625,丰台,永定门,101123294419,东城区 三轨交通 南北通透三居室 全明格局,650万,84350元/平,中楼层 (共6层) 3室1厅 | 77.06平米 | 南 西 北,https://ke-image.ljcdn.com/110000-inspection/pc1_zHYcLrMoP_2.jpg!m_fill,w_280,h_210,f_jpg?from=ke.com
20240625,丰台,永定门,101123282386,满五唯一商品房近地铁视野采光好。房主自荐,468万,67591元/平,中楼层 (共11层) | 2005年 | 1室1厅 | 69.24平米 | 东 西,https://ke-image.ljcdn.com/110000-inspection/pc1_i1OysNUYp_1.jpg!m_fill,w_280,h_210,f_jpg?from=ke.com
20240625,丰台,永定门,101123251540,2009年商品房 精装修 无遮挡 满五年唯一 不临街,756万,83361元/平,中楼层 (共8层) 2室1厅 | 90.69平米 | 东,https://ke-image.ljcdn.com/110000-inspection/pc1_xXsfagTS1.jpg!m_fill,w_280,h_210,f_jpg?from=ke.com
20240625,丰台,永定门,101123250589,满五唯一商品房 楼龄2015年 无遮挡 采光棒 近地铁,450万,67568元/平,顶层 (共21层) 2室1厅 | 66.6平米 | 东南,https://ke-image.ljcdn.com/110000-inspection/9d88ea60-613d-4944-a946-1089b0b3091b_1000.jpg!m_fill,w_280,h_210,f_jpg?from=ke.com
20240625,丰台,永定门,101123245859,总监推荐 东城区次新房 百荣嘉园 正规三居室 满5唯一,650万,80040元/平,低楼层 (共21层) 3室1厅 | 81.21平米 | 西南 北,https://ke-image.ljcdn.com/110000-inspection/pc1_ZPXCxyZCj_2.jpg!m_fill,w_280,h_210,f_jpg?from=ke.com
20240625,丰台,永定门,101123240759,东革新里40号院 2室1厅 南 北,438万,73987元/平,中楼层 (共6层) | 1985年 | 2室1厅 | 59.2平米 | 南 北,https://ke-image.ljcdn.com/110000-inspection/819e93fc-ef40-4ac2-86f9-cbc4b0254521_1000.jpg!m_fill,w_280,h_210,f_jpg?from=ke.com
20240625,丰台,永定门,101123199308,东城 永外 琉璃井东街 双南两居 交通方便,370万,72964元/平,顶层 (共6层) 2室1厅 | 50.71平米 | 南,https://ke-image.ljcdn.com/110000-inspection/8c378dec-4221-46b0-8636-7d0bed18fc46_1000.jpg!m_fill,w_280,h_210,f_jpg?from=ke.com
20240625,丰台,永定门,101123197163,东城永定门 1997年小区 南北两居室 随时签约 看房随时,465万,67363元/平,高楼层 (共6层) 2室1厅 | 69.03平米 | 南 北,https://ke-image.ljcdn.com/110000-inspection/pc1_bMs679tGk_2.jpg!m_fill,w_280,h_210,f_jpg?from=ke.com
20240625,丰台,永定门,101123189075,东城天坛旁 高层板楼带电梯 正规2居 精装带阳台房主自荐,750万,85941元/平,中楼层 (共11层) 2室1厅 | 87.27平米 | 西,https://ke-image.ljcdn.com/110000-inspection/32c5091f-7941-4d31-98e3-a3e36778cb86_1000.jpg!m_fill,w_280,h_210,f_jpg?from=ke.com
20240625,丰台,永定门,101123164348,东城区 天坛南 桃杨路北里 中间层 精装修两居室,530万,92496元/平,中楼层 (共6层) 2室1厅 | 57.3平米 | 东 西,https://ke-image.ljcdn.com/110000-inspection/pc1_C7lMHy45I_1.jpg!m_fill,w_280,h_210,f_jpg?from=ke.com
20240625,丰台,永定门,101123161429,革新里小区 2室1厅 西南,408万,67106元/平,顶层 (共6层) 2室1厅 | 60.8平米 | 西南,https://ke-image.ljcdn.com/110000-inspection/a6d97bcd-b462-4589-a33d-af2d2d0c30ea_1000.jpg!m_fill,w_280,h_210,f_jpg?from=ke.com
20240625,丰台,永定门,101123158449,东城区西革新里110号院、两居室南北通透,460万,76021元/平,顶层 (共6层) 2室1厅 | 60.51平米 | 南 北,https://ke-image.ljcdn.com/110000-inspection/0dbbb1a1-6348-4d6e-86ea-d2abd1dd7b38_1000.jpg!m_fill,w_280,h_210,f_jpg?from=ke.com
20240625,丰台,永定门,101123136048,东城区 建予园两居 南向 采光充足 新装修房主自荐,679万,64245元/平,底层 (共16层) | 2001年 | 2室1厅 | 105.69平米 | 南,https://ke-image.ljcdn.com/110000-inspection/59ad16a5-9d83-4126-bbbb-b12d0907571c_1000.jpg!m_fill,w_280,h_210,f_jpg?from=ke.com
20240625,丰台,永定门,101123117499,鼎盛园中间楼层全南向满五年唯一商品房,599万,87229元/平,中楼层 (共9层) 1室1厅 | 68.67平米 | 南,https://ke-image.ljcdn.com/110000-inspection/69f288c9-567a-4f37-9928-f5fd585336d8_1000.jpg!m_fill,w_280,h_210,f_jpg?from=ke.com
20240625,丰台,永定门,101123110492,安乐林头条2号院 两居室 满五年,435万,75117元/平,中楼层 (共6层) 2室1厅 | 57.91平米 | 南 北,https://ke-image.ljcdn.com/110000-inspection/ca65d167-334e-47ed-b982-9b28cf3ef804_1000.jpg!m_fill,w_280,h_210,f_jpg?from=ke.com
20240625,丰台,永定门,101123096531,琉璃井路 2室1厅 南,550万,88610元/平,高楼层 (共12层) 2室1厅 | 62.07平米 | 南,https://ke-image.ljcdn.com/110000-inspection/378a9b2f-08f6-487a-ba13-3891332616e1_1000.jpg!m_fill,w_280,h_210,f_jpg?from=ke.com
20240625,丰台,永定门,101123092937,东城永定门地铁口300米南北通透两居室,358万,60138元/平,顶层 (共6层) 2室1厅 | 59.53平米 | 南 北,https://ke-image.ljcdn.com/110000-inspection/75602c0d-9089-4fad-a059-1bed6dd17b38_1000.jpg!m_fill,w_280,h_210,f_jpg?from=ke.com
20240625,丰台,永定门,101123074458,东城区2009年商品房 满五年唯一 人车分流 物业管理好房主自荐,740万,77732元/平,底层 (共12层) 2室1厅 | 95.2平米 | 东,https://ke-image.ljcdn.com/110000-inspection/9b9bfef2-1110-412a-a6c6-636124f54a99_1000.jpg!m_fill,w_280,h_210,f_jpg?from=ke.com
20240625,丰台,永定门,101123060252,东城 南二环 天坛公园 南北通透 近地铁 诚心出售,450万,83134元/平,高楼层 (共6层) 2室1厅 | 54.13平米 | 南 北,https://ke-image.ljcdn.com/110000-inspection/1ed92ad6-de2e-4546-8402-56d4aa953174_1000.jpg!m_fill,w_280,h_210,f_jpg?from=ke.com
20240625,丰台,永定门,101123042760,东城区两居 2015年 中高层采光好 满五唯一商品房,480万,84612元/平,高楼层 (共21层) 2室1厅 | 56.73平米 | 南,https://ke-image.ljcdn.com/110000-inspection/157a6f1a-2ac0-4dcc-94f2-4704db90d878_1000.jpg!m_fill,w_280,h_210,f_jpg?from=ke.com
20240625,丰台,永定门,101123040420,陶然桥下 东城区  无遮挡 视野开阔 诚意卖房,329万,88204元/平,中楼层 (共15层) | 2007年 | 1室1厅 | 37.3平米 | 北,https://ke-image.ljcdn.com/110000-inspection/1cdb2415-1a28-4784-ba46-af1e39d44fce_1000.jpg!m_fill,w_280,h_210,f_jpg?from=ke.com
20240625,丰台,永定门,101123036354,东城区2001年 富莱茵花园  全明格局 三居两卫房主自荐,869万,63505元/平,低楼层 (共21层) 3室1厅 | 136.84平米 | 西南,https://ke-image.ljcdn.com/110000-inspection/pc1_6DH6nU4Ce_2.jpg!m_fill,w_280,h_210,f_jpg?from=ke.com
20240625,丰台,永定门,101123026362,东城二环边 商品房带电梯 精装一居 近地铁满五年唯一,518万,77837元/平,高楼层 (共11层) 1室1厅 | 66.55平米 | 东北,https://ke-image.ljcdn.com/110000-inspection/pc1_17pVmkaIA_1.jpg!m_fill,w_280,h_210,f_jpg?from=ke.com
20240625,丰台,永定门,101123022381,东城区陶然亭公园南二环边新上精装修两居室,355万,58668元/平,顶层 (共6层) 2室1厅 | 60.51平米 | 南 北,https://ke-image.ljcdn.com/110000-inspection/8b84b77b-a6a4-46aa-b453-38e3933fe71c_1000.jpg!m_fill,w_280,h_210,f_jpg?from=ke.com
20240625,丰台,永定门,101123021479,东城区 满五唯一 南北通透非顶层 不临街 户型方正,468万,64847元/平,高楼层 (共6层) 3室1厅 | 72.17平米 | 南 北,https://ke-image.ljcdn.com/110000-inspection/a76c1da5-2d4e-40ae-a791-d762dcef9d8a_1000.jpg!m_fill,w_280,h_210,f_jpg?from=ke.com
20240625,丰台,永定门,101123017066,东城区 南二环 教师楼 南北通透 明厨明卫 层高2.8米房主自荐,478万,77762元/平,高楼层 (共6层) 2室1厅 | 61.47平米 | 南 北,https://ke-image.ljcdn.com/110000-inspection/48ea2174-8e08-4c23-ac59-b0f6ced282bf_1000.jpg!m_fill,w_280,h_210,f_jpg?from=ke.com
20240625,丰台,永定门,101123012088,东城区2005年商品房满屋五年唯一,368万,65237元/平,底层 (共11层) | 2005年 | 1室1厅 | 56.41平米 | 北,https://ke-image.ljcdn.com/110000-inspection/f586d11f-2071-45fc-89fb-341a91ef31d1_1000.jpg!m_fill,w_280,h_210,f_jpg?from=ke.com
20240625,丰台,永定门,101122982162,东城区 南北通透 一层半采光好 23年完成改造,368万,73132元/平,底层 (共6层) | 1990年 | 1室1厅 | 50.32平米 | 南 北,https://ke-image.ljcdn.com/110000-inspection/pc1_BeirRjffS.jpg!m_fill,w_280,h_210,f_jpg?from=ke.com
20240625,丰台,永定门,101122972083,东城二环 东南向2居带电梯 公安家属楼 下楼地铁,550万,88226元/平,顶层 (共12层) 2室1厅 | 62.34平米 | 东南,https://ke-image.ljcdn.com/110000-inspection/a3c9fc42-69b7-4af5-a410-b65e24922798_1000.jpg!m_fill,w_280,h_210,f_jpg?from=ke.com
20240625,丰台,永定门,101122959934,满五年唯一 高楼层  精装修  电梯房  东城区 近地铁房主自荐,439万,78156元/平,中楼层 (共11层) | 2005年 | 1室1厅 | 56.17平米 | 北,https://ke-image.ljcdn.com/110000-inspection/pc1_XO0rz6uun_1.jpg!m_fill,w_280,h_210,f_jpg?from=ke.com
20240625,丰台,永定门,101122959133,东城区 李村南里 中楼层 精装修 朝南向 一居室,358万,98190元/平,中楼层 (共6层) 1室1厅 | 36.46平米 | 南,https://ke-image.ljcdn.com/110000-inspection/pc1_tmCDZkzKd.jpg!m_fill,w_280,h_210,f_jpg?from=ke.com
20240625,丰台,永定门,101122947050,永铁苑 3室2厅 西南,980万,82236元/平,中楼层 (共22层) 3室2厅 | 119.17平米 | 西南,https://ke-image.ljcdn.com/110000-inspection/b67a77bf-d3d6-4c03-914a-1e50dadfc916_1000.jpg!m_fill,w_280,h_210,f_jpg?from=ke.com
20240625,丰台,永定门,101122942987,东城区景泰家园朝东两居格局好采光无遮挡,780万,71837元/平,中楼层 (共11层) 2室2厅 | 108.58平米 | 东,https://ke-image.ljcdn.com/110000-inspection/pc1_2Yl6WEf89_1.jpg!m_fill,w_280,h_210,f_jpg?from=ke.com
20240625,丰台,永定门,101122908183,东城区 09年商品房小区 精装修正规三居室 满五唯一,1025万,75191元/平,底层 (共12层) 3室2厅 | 136.32平米 | 东 南,https://ke-image.ljcdn.com/110000-inspection/pc1_RuK848WF3_1.jpg!m_fill,w_280,h_210,f_jpg?from=ke.com
20240625,丰台,永定门,101122882176,天天家园南北通透方正三居室,1149万,83802元/平,低楼层 (共12层) 3室2厅 | 137.11平米 | 南 北,https://ke-image.ljcdn.com/110000-inspection/c79c320c-f97e-4a43-b7ad-17ff74f8cada_1000.jpg!m_fill,w_280,h_210,f_jpg?from=ke.com
20240625,丰台,永定门,101122879175,东城区 永定门一居室 商品房 出售,325万,87132元/平,高楼层 (共15层) 1室1厅 | 37.3平米 | 北,https://ke-image.ljcdn.com/110000-inspection/pc1_nd3t25wsR_2.jpg!m_fill,w_280,h_210,f_jpg?from=ke.com
20240625,丰台,永定门,101122873386,东城区 永定门外 朝南一居出售 无遮挡房主自荐,298万,81711元/平,中楼层 (共5层) | 1979年 | 1室1厅 | 36.47平米 | 南,https://ke-image.ljcdn.com/110000-inspection/e54f0a7b-fb81-4fd0-bec6-c74454eaed78_1000.jpg!m_fill,w_280,h_210,f_jpg?from=ke.com
20240625,丰台,永定门,101122869384,东城区 2005年商品房 西南大两居  满五年唯一,795万,79964元/平,高楼层 (共11层) 2室1厅 | 99.42平米 | 西南,https://ke-image.ljcdn.com/110000-inspection/4542ac3d-ad2f-431d-8e09-c644c752b2eb_1000.jpg!m_fill,w_280,h_210,f_jpg?from=ke.com
20240625,丰台,永定门,101122865638,东城区二环边 无遮挡 视野好 近地铁,360万,66262元/平,顶层 (共6层) 2室1厅 | 54.33平米 | 东 西,https://ke-image.ljcdn.com/110000-inspection/e12c8e5e-9d06-46b7-a216-6d7b4148daf3_1000.jpg!m_fill,w_280,h_210,f_jpg?from=ke.com
20240625,丰台,永定门,101122859692,东城区 天坛南门  低楼层 采光充足 交通便利,480万,91151元/平,低楼层 (共6层) 2室1厅 | 52.66平米 | 南,https://ke-image.ljcdn.com/110000-inspection/pc1_yNI3VQxTl.jpg!m_fill,w_280,h_210,f_jpg?from=ke.com
20240625,丰台,永定门,101122819005,东城区天坛南 李村东里 南向两居室,408万,101619元/平,底层 (共6层) 2室1厅 | 40.15平米 | 南,https://ke-image.ljcdn.com/110000-inspection/pc1_q1eraovho_1.jpg!m_fill,w_280,h_210,f_jpg?from=ke.com
20240625,丰台,永定门,101122812460,西革新里108号院 2室1厅 南 北,360万,60041元/平,高楼层 (共7层) 2室1厅 | 59.96平米 | 南 北,https://ke-image.ljcdn.com/110000-inspection/36d6fcea-64e0-4e37-8c4e-d8454b94a50b_1000.jpg!m_fill,w_280,h_210,f_jpg?from=ke.com
20240625,丰台,永定门,101122801459,北京南站 全南无遮挡 满五唯一 不临街,335万,77944元/平,底层 (共6层) 1室1厅 | 42.98平米 | 南,https://ke-image.ljcdn.com/110000-inspection/3f094358-009d-486b-93b0-35c99a001761_1000.jpg!m_fill,w_280,h_210,f_jpg?from=ke.com
20240625,丰台,永定门,101122794445,东城区 东革新里40号院 南北通透两居室 带租赁车位,428万,73755元/平,中楼层 (共6层) | 1985年 | 2室1厅 | 58.03平米 | 南 北,https://ke-image.ljcdn.com/110000-inspection/db70ccf9-5949-40ba-84af-03050f8a5194_1000.jpg!m_fill,w_280,h_210,f_jpg?from=ke.com
20240625,丰台,永定门,101122735256,东城区 8号14号双地铁 正规两居  朝东对小区花园,818万,84505元/平,高楼层 (共12层) 2室1厅 | 96.8平米 | 东 西,https://ke-image.ljcdn.com/110000-inspection/bdaee258-598f-45e7-97bf-a02c3306a356_1000.jpg!m_fill,w_280,h_210,f_jpg?from=ke.com
20240625,丰台,永定门,101122710831,东城区 南二环  安乐林 南北朝向 低楼层 近天坛,296万,59071元/平,地下室 (共6层) 2室1厅 | 50.11平米 | 南 北,https://ke-image.ljcdn.com/110000-inspection/pc1_3HVOAqfTd.jpg!m_fill,w_280,h_210,f_jpg?from=ke.com
20240625,丰台,永定门,101122697064,东城区 陶然桥下 东南大三居 户型方正 诚意卖房,810万,60399元/平,高楼层 (共18层) 3室2厅 | 134.11平米 | 南 北,https://ke-image.ljcdn.com/110000-inspection/70de6782-eaaf-4cfd-9a8d-3684bc0a0f25_1000.jpg!m_fill,w_280,h_210,f_jpg?from=ke.com
20240625,丰台,永定门,101122688673,东城望陶园 满五唯一商品房 格局方正配套齐 临双地铁,649万,72955元/平,低楼层 (共18层) 2室1厅 | 88.96平米 | 东南,https://ke-image.ljcdn.com/110000-inspection/8b1a7c60-73d6-4437-a696-879f901e0aef_1000.jpg!m_fill,w_280,h_210,f_jpg?from=ke.com
20240625,丰台,永定门,101122687256,百荣嘉园全南的两居室楼龄也新好户型。,470万,82849元/平,中楼层 (共21层) 2室1厅 | 56.73平米 | 南,https://ke-image.ljcdn.com/110000-inspection/941a4caf-e0a6-441c-b2d1-b11870e6d42b_1000.jpg!m_fill,w_280,h_210,f_jpg?from=ke.com
20240625,丰台,永定门,101122642126,东城区 南二环 永定门外 地铁8+14号线 2015年两居,475万,83730元/平,中楼层 (共21层) 2室1厅 | 56.73平米 | 南,https://ke-image.ljcdn.com/110000-inspection/f6b2a22a-0e88-4c0e-b005-31c84426c53d_1000.jpg!m_fill,w_280,h_210,f_jpg?from=ke.com
20240625,丰台,永定门,101122601757,东城区 粮食局单位分房 南北通透  诚心卖 服务费1%,420万,61154元/平,顶层 (共6层) | 1997年 | 2室1厅 | 68.68平米 | 南 北,https://ke-image.ljcdn.com/110000-inspection/8aa37d52-ea8e-4a82-8976-5a885241b00c_1000.jpg!m_fill,w_280,h_210,f_jpg?from=ke.com
20240625,丰台,永定门,101122584558,富莱茵花园 2室1厅 东 西,560万,80507元/平,高楼层 (共21层) | 1995年 | 2室1厅 | 69.56平米 | 东 西,https://ke-image.ljcdn.com/110000-inspection/99cf9ef1-b0b3-45cf-9b90-b29deddb47bf_1000.jpg!m_fill,w_280,h_210,f_jpg?from=ke.com
20240625,丰台,永定门,101122551960,富莱茵花园 1室1厅 西南,390万,75073元/平,高楼层 (共21层) 1室1厅 | 51.95平米 | 西南,https://ke-image.ljcdn.com/110000-inspection/pc1_Eyzx5YIuH_1.jpg!m_fill,w_280,h_210,f_jpg?from=ke.com
20240625,丰台,永定门,101122517137,东城天坛边满五唯一次新商品房带电梯,710万,84064元/平,中楼层 (共12层) 2室1厅 | 84.46平米 | 东,https://ke-image.ljcdn.com/110000-inspection/18d5dc34-8808-4ee0-ae6d-def2828d7ff9_1000.jpg!m_fill,w_280,h_210,f_jpg?from=ke.com
20240625,丰台,永定门,101122461001,东城区 无遮挡大两居  精装修 全屋定制 带租赁车位房主自荐,860万,72209元/平,中楼层 (共21层) | 2001年 | 2室1厅 | 119.1平米 | 东北,https://ke-image.ljcdn.com/110000-inspection/7973cacc-6a85-435d-830a-985844b24af1_1000.jpg!m_fill,w_280,h_210,f_jpg?from=ke.com
20240625,丰台,永定门,101122449426,东城区南北通透大朝小区花园一梯2户,579万,82715元/平,中楼层 (共10层) | 2005年 | 1室1厅 | 70平米 | 南 北,https://ke-image.ljcdn.com/110000-inspection/1410ecb7-9184-49cf-9118-966c48be8e8e_1000.jpg!m_fill,w_280,h_210,f_jpg?from=ke.com
20240625,丰台,永定门,101122435233,东城景泰西里精装修南北通透两居室,568万,84980元/平,中楼层 (共6层) 3室1厅 | 66.84平米 | 南 北,https://ke-image.ljcdn.com/110000-inspection/d484f747-230b-4527-9f44-33ee67d2c84e_1000.jpg!m_fill,w_280,h_210,f_jpg?from=ke.com
20240625,丰台,永定门,101122379159,东城区 永外97年 粮食局宿舍 东南北明厅两居,550万,82422元/平,中楼层 (共6层) 2室1厅 | 66.73平米 | 南 北,https://ke-image.ljcdn.com/110000-inspection/ce4959e6-2722-4e76-b326-acc657afbb4f_1000.jpg!m_fill,w_280,h_210,f_jpg?from=ke.com
20240625,丰台,永定门,101122376671,东城区  华龙美晟 南北三居室 业主诚意出售看房方便房主自荐,898万,77696元/平,底层 (共12层) 3室1厅 | 115.58平米 | 南 北,https://ke-image.ljcdn.com/110000-inspection/9d3f80df-3207-4d66-9047-e870eb2ef766_1000.jpg!m_fill,w_280,h_210,f_jpg?from=ke.com
20240625,丰台,永定门,101122374936,东城区 南北通透两居室高楼层采光好无遮挡！,415万,74413元/平,顶层 (共6层) 2室1厅 | 55.77平米 | 南 北,https://ke-image.ljcdn.com/110000-inspection/986bb1e8-2663-4f81-9271-ceb7d5cff1cb_1000.jpg!m_fill,w_280,h_210,f_jpg?from=ke.com
20240625,丰台,永定门,101122364277,东城 天坛 景泰 李村 南北两居 中间层 采光视野好,430万,75426元/平,中楼层 (共6层) 2室1厅 | 57.01平米 | 南 北,https://ke-image.ljcdn.com/110000-inspection/805f2cf6-083d-4659-8842-515e3156aeda_1000.jpg!m_fill,w_280,h_210,f_jpg?from=ke.com
20240625,丰台,永定门,101122354769,东城区封闭洋房社区满五年唯一视野好近地铁,440万,96853元/平,顶层 (共8层) 1室1厅 | 45.43平米 | 北,https://ke-image.ljcdn.com/110000-inspection/pc1_AEX93AnCx_1.jpg!m_fill,w_280,h_210,f_jpg?from=ke.com
20240625,丰台,永定门,101122342071,东城区 琉璃井东街 低楼 两居房主自荐,470万,90874元/平,底层 (共6层) 2室1厅 | 51.72平米 | 东 西,https://ke-image.ljcdn.com/110000-inspection/pc1_9f3qnZjzu_1.jpg!m_fill,w_280,h_210,f_jpg?from=ke.com
20240625,丰台,永定门,101122340497,满五唯一商品房 楼龄2015年 地铁永定门外站 视野佳,368万,80018元/平,中楼层 (共21层) 1室1厅 | 45.99平米 | 西,https://ke-image.ljcdn.com/110000-inspection/pc1_qMG6fAJDR_2.jpg!m_fill,w_280,h_210,f_jpg?from=ke.com
20240625,丰台,永定门,101122222137,东城区 新奥洋房 南向一居室满五唯一,530万,92869元/平,中楼层 (共9层) 1室1厅 | 57.07平米 | 南,https://ke-image.ljcdn.com/110000-inspection/b142844c-1840-4de1-8e84-f309229cf1a8_1000.jpg!m_fill,w_280,h_210,f_jpg?from=ke.com
20240625,丰台,永定门,101122200535,南北通透格局好 楼层好前后无遮挡 采光视野俱佳房主自荐,505万,67622元/平,低楼层 (共6层) 2室1厅 | 74.68平米 | 南 北,https://ke-image.ljcdn.com/110000-inspection/pc1_I1Vjt8TLP_1.jpg!m_fill,w_280,h_210,f_jpg?from=ke.com
20240625,丰台,永定门,101122168122,永铁苑 3室1厅 西南 北房主自荐,890万,72529元/平,低楼层 (共22层) | 2000年 | 3室1厅 | 122.71平米 | 西南 北,https://ke-image.ljcdn.com/110000-inspection/ca3a1c7f-e73e-456f-99d6-b0e426b1b6b8_1000.jpg!m_fill,w_280,h_210,f_jpg?from=ke.com
20240625,丰台,永定门,101122139070,东城区满五年唯一商品房不临街精装修近地铁,520万,78137元/平,中楼层 (共11层) 2室1厅 | 66.55平米 | 西北,https://ke-image.ljcdn.com/110000-inspection/9d8bd39b-0b7e-4256-9fea-b674a8de00eb_1000.jpg!m_fill,w_280,h_210,f_jpg?from=ke.com
20240625,丰台,永定门,101122122848,东城区 三轨交错 南北通透  采光好,399万,73292元/平,顶层 (共6层) 2室1厅 | 54.44平米 | 南 北,https://ke-image.ljcdn.com/110000-inspection/fcb1eec7-e1b0-449e-8c7a-6f2727a3c27c_1000.jpg!m_fill,w_280,h_210,f_jpg?from=ke.com
20240625,丰台,永定门,101122082571,永定门外西革新里108号院两居室,560万,71039元/平,低楼层 (共7层) 2室1厅 | 78.83平米 | 南 北,https://ke-image.ljcdn.com/110000-inspection/pc1_Teif5Sd90_2.jpg!m_fill,w_280,h_210,f_jpg?from=ke.com
20240625,丰台,永定门,101122021903,景泰西里西区 朝南一居精装修房主自荐,425万,69925元/平,低楼层 (共8层) | 2005年 | 1室1厅 | 60.78平米 | 南,https://ke-image.ljcdn.com/110000-inspection/pc1_Cft37QKN1_1.jpg!m_fill,w_280,h_210,f_jpg?from=ke.com
20240625,丰台,永定门,101122017155,望陶园小区 3室1厅 东南 北,745万,72450元/平,高楼层 (共18层) 3室1厅 | 102.83平米 | 东南 北,https://ke-image.ljcdn.com/110000-inspection/5aa9e291-9257-4288-b9c1-3adc15ddbd3c_1000.jpg!m_fill,w_280,h_210,f_jpg?from=ke.com
20240625,丰台,永定门,101122011479,新奥洋房 近地铁 满五唯一东西通透两居,780万,84709元/平,中楼层 (共6层) 2室2厅 | 92.08平米 | 东 西 北,https://ke-image.ljcdn.com/110000-inspection/pc1_azcMfWfIK_1.jpg!m_fill,w_280,h_210,f_jpg?from=ke.com
20240625,丰台,永定门,101122003378,建予园  满五唯一 东南向精装修 业主诚意出售,780万,82011元/平,中楼层 (共16层) 2室1厅 | 95.11平米 | 东南,https://ke-image.ljcdn.com/110000-inspection/pc1_yfYNeYKWJ.jpg!m_fill,w_280,h_210,f_jpg?from=ke.com
20240625,丰台,永定门,101121975657,陶然桥下 东城区 西南向 采光充足,529.8万,81709元/平,顶层 (共12层) | 2011年 | 2室1厅 | 64.84平米 | 西南,https://ke-image.ljcdn.com/110000-inspection/pc1_Wi0E546t8_1.jpg!m_fill,w_280,h_210,f_jpg?from=ke.com
20240625,丰台,永定门,101121887264,东城区 富莱茵花园  西南向 高楼层无遮挡 采光视野好,350万,67373元/平,高楼层 (共21层) | 1995年 | 1室1厅 | 51.95平米 | 西南,https://ke-image.ljcdn.com/110000-inspection/pc1_ceIEeBAxA_1.jpg!m_fill,w_280,h_210,f_jpg?from=ke.com
20240625,丰台,永定门,101121877995,东城区 南北通透 两居室 电梯房,660万,74442元/平,中楼层 (共9层) 2室1厅 | 88.66平米 | 南 北,https://ke-image.ljcdn.com/110000-inspection/pc1_OHSdUDfYB_2.jpg!m_fill,w_280,h_210,f_jpg?from=ke.com
20240625,丰台,永定门,101121877970,东城区  南向一居室  电梯房  南向,445万,73810元/平,低楼层 (共10层) | 2005年 | 1室1厅 | 60.29平米 | 南,https://ke-image.ljcdn.com/110000-inspection/pc1_vZGUJ35h1_1.jpg!m_fill,w_280,h_210,f_jpg?from=ke.com
20240625,丰台,永定门,101121864160,东城区 永定门外 沙子口满五唯一 西南向 两居室,520万,89857元/平,中楼层 (共6层) 2室1厅 | 57.87平米 | 西南,https://ke-image.ljcdn.com/110000-inspection/da883cef-77af-48ca-921a-83ace8cf3167_1000.jpg!m_fill,w_280,h_210,f_jpg?from=ke.com
20240625,丰台,永定门,101121858446,南北通透 采光足 地铁永定门外站（8号线+14号线）,400万,69882元/平,低楼层 (共6层) 2室1厅 | 57.24平米 | 南 北,https://ke-image.ljcdn.com/110000-inspection/abc02b7f-edbd-4743-bb8c-e4a95bcde135_1000.jpg!m_fill,w_280,h_210,f_jpg?from=ke.com
20240625,丰台,永定门,101121840477,东城区 西革新里108号院 中间层南北两居 地铁580米,399万,71250元/平,中楼层 (共6层) 2室1厅 | 56平米 | 南 北,https://ke-image.ljcdn.com/110000-inspection/pc1_F9975aaKN_2.jpg!m_fill,w_280,h_210,f_jpg?from=ke.com
20240625,丰台,永定门,101121829149,09年商品房大两居满五唯一人车分流诚心出售,769万,80914元/平,中楼层 (共12层) 2室1厅 | 95.04平米 | 东,https://ke-image.ljcdn.com/110000-inspection/pc1_clNIISL3O_1.jpg!m_fill,w_280,h_210,f_jpg?from=ke.com
20240625,丰台,永定门,101121808503,华龙美晟2009年商品房小区中高楼层精装修两居室。,595万,82639元/平,中楼层 (共12层) | 2009年 | 2室1厅 | 72平米 | 南 西,https://ke-image.ljcdn.com/110000-inspection/6fe43610-dfd0-4df3-93d2-d02925b50af1_1000.jpg!m_fill,w_280,h_210,f_jpg?from=ke.com
20240625,丰台,永定门,101121782273,新奥洋房正规一居室满五年唯一精装修房主自荐,530万,84909元/平,低楼层 (共11层) 1室1厅 | 62.42平米 | 西,https://ke-image.ljcdn.com/110000-inspection/pc1_l4x1ylTfc_2.jpg!m_fill,w_280,h_210,f_jpg?from=ke.com
20240625,丰台,永定门,101121777191,景泰西里西区 朝西两居室  楼层好,655万,82546元/平,高楼层 (共11层) 2室1厅 | 79.35平米 | 西,https://ke-image.ljcdn.com/110000-inspection/119f0dcd-9f9f-4c86-9a82-ada276b99dc5_1000.jpg!m_fill,w_280,h_210,f_jpg?from=ke.com
20240625,丰台,永定门,101121765441,东城区 房本满五年 正规两居室 老崇文区教师楼,330万,56546元/平,顶层 (共6层) 2室1厅 | 58.36平米 | 东 西,https://ke-image.ljcdn.com/110000-inspection/pc1_ds450BPnt_1.jpg!m_fill,w_280,h_210,f_jpg?from=ke.com
20240625,丰台,永定门,101121764406,满五唯一可配合转商采光视野好。,720万,79506元/平,中楼层 (共11层) 2室1厅 | 90.56平米 | 东 西,https://ke-image.ljcdn.com/110000-inspection/7eb827de-6e2a-4c34-b067-27d76c2f8597_1000.jpg!m_fill,w_280,h_210,f_jpg?from=ke.com
20240625,丰台,永定门,101121763414,东城区 建予园小区 满五唯一 视野好 诚意出售,568万,67854元/平,中楼层 (共16层) 2室1厅 | 83.71平米 | 东,https://ke-image.ljcdn.com/110000-inspection/d45096dc-c846-4675-be95-ca851f7e56c7_1000.jpg!m_fill,w_280,h_210,f_jpg?from=ke.com
20240625,丰台,永定门,101121699572,定安里 双朝南向两居中间楼层,375万,70186元/平,中楼层 (共5层) 2室1厅 | 53.43平米 | 南,https://ke-image.ljcdn.com/110000-inspection/dd08c2d4-7436-4c10-bdca-d7d34c088a0c_1000.jpg!m_fill,w_280,h_210,f_jpg?from=ke.com
20240625,丰台,永定门,101121689952,永外西革新里110号院正规两居干净近地铁,430万,70033元/平,顶层 (共6层) 2室1厅 | 61.4平米 | 南 北,https://ke-image.ljcdn.com/110000-inspection/pc1_VPzmSsQFS_2.jpg!m_fill,w_280,h_210,f_jpg?from=ke.com
20240625,丰台,永定门,101121688279,东城区板楼一层两户私密性好满五年唯一商品房,650万,70278元/平,高楼层 (共6层) 2室1厅 | 92.49平米 | 南 北,https://ke-image.ljcdn.com/110000-inspection/b31048e5-ca51-486b-a2ff-0625b8fab537_1000.jpg!m_fill,w_280,h_210,f_jpg?from=ke.com
20240625,丰台,永定门,101121662817,华龙美晟   高楼层  无遮挡  8号14号双地铁房主自荐,638万,82344元/平,高楼层 (共12层) | 2009年 | 2室1厅 | 77.48平米 | 东 北,https://ke-image.ljcdn.com/110000-inspection/fd47f47e-1632-45d8-b045-73b60f53887c_1000.jpg!m_fill,w_280,h_210,f_jpg?from=ke.com
20240625,丰台,永定门,101121645087,东城电梯新小区近地铁精装修,460万,92093元/平,低楼层 (共12层) | 2003年 | 1室1厅 | 49.95平米 | 西北,https://ke-image.ljcdn.com/110000-inspection/pc1_RglwNiMBz.jpg!m_fill,w_280,h_210,f_jpg?from=ke.com
20240625,丰台,永定门,101121644641,东城区满五唯一商品房小区中间位置比较安静房主自荐,916万,81228元/平,中楼层 (共11层) 2室2厅 | 112.77平米 | 西北,https://ke-image.ljcdn.com/110000-inspection/pc1_2AQr8RP0C_1.jpg!m_fill,w_280,h_210,f_jpg?from=ke.com
20240625,丰台,永定门,101121621806,东城区1990年的楼东南向一居采光好不临街,309万,82820元/平,中楼层 (共6层) 1室1厅 | 37.31平米 | 东南,https://ke-image.ljcdn.com/110000-inspection/7e2dd5a1-3f51-4cad-b467-373618d9feac_1000.jpg!m_fill,w_280,h_210,f_jpg?from=ke.com
20240625,丰台,永定门,101121525759,东城区西革新里110号院南北通透两居视野好,366万,59610元/平,顶层 (共6层) 2室1厅 | 61.4平米 | 南 北,https://ke-image.ljcdn.com/110000-inspection/d0f2e94f-ed7c-40ab-89d0-ca103e1c4847_1000.jpg!m_fill,w_280,h_210,f_jpg?from=ke.com
20240625,丰台,永定门,101121522234,东城区 2002年商品房 朝东大两居 中间层无遮挡,839万,77271元/平,中楼层 (共11层) | 2002年 | 2室1厅 | 108.58平米 | 东,https://ke-image.ljcdn.com/110000-inspection/pc1_55TZ4wOKK_1.jpg!m_fill,w_280,h_210,f_jpg?from=ke.com
20240625,丰台,永定门,101121441586,东城区 革新里小区 南北两居出售,388万,67596元/平,中楼层 (共6层) 2室1厅 | 57.4平米 | 南 北,https://ke-image.ljcdn.com/110000-inspection/38b1701d-622f-4357-8e04-2fce2ca76501_1000.jpg!m_fill,w_280,h_210,f_jpg?from=ke.com
20240625,丰台,永定门,101121439461,东城区永定门外双地铁 粮食局家属院 南北四居全明格局房主自荐,688万,67951元/平,中楼层 (共6层) 4室1厅 | 101.25平米 | 南 北,https://ke-image.ljcdn.com/110000-inspection/80cd7967-1e72-4851-b526-f78552ccfe35_1000.jpg!m_fill,w_280,h_210,f_jpg?from=ke.com
20240625,丰台,永定门,101121420038,东城 永定门 琉璃井路 满五唯一 全明,400万,64392元/平,底层 (共12层) 2室1厅 | 62.12平米 | 东北,https://ke-image.ljcdn.com/110000-inspection/95f64272-79c6-43a9-8650-b94ded30d571_1000.jpg!m_fill,w_280,h_210,f_jpg?from=ke.com
20240625,丰台,永定门,101121395528,东城区 望陶园两居 无遮挡视野好,660万,73612元/平,中楼层 (共18层) | 2001年 | 2室1厅 | 89.66平米 | 西南,https://ke-image.ljcdn.com/110000-inspection/pc1_18KbeUGdQ_2.jpg!m_fill,w_280,h_210,f_jpg?from=ke.com
20240625,丰台,永定门,101121394683,东城  西南北三面采光中间楼层采光视野好,599万,66181元/平,中楼层 (共6层) 3室1厅 | 90.51平米 | 南 北 西,https://ke-image.ljcdn.com/110000-inspection/2efea6f9-a1a4-49e9-9f56-13a4167d06c3_1000.jpg!m_fill,w_280,h_210,f_jpg?from=ke.com
20240625,丰台,永定门,101121361029,东城区09年商品房满五年唯一人车分流环境好,839万,86674元/平,低楼层 (共12层) 3室1厅 | 96.8平米 | 东,https://ke-image.ljcdn.com/110000-inspection/pc1_V8vYIDs6z_1.jpg!m_fill,w_280,h_210,f_jpg?from=ke.com
20240625,丰台,永定门,101121315341,东城区西革新里108号院三居诚心出售,799万,67370元/平,中楼层 (共6层) 3室1厅 | 118.6平米 | 南 北,https://ke-image.ljcdn.com/110000-inspection/3f1b21ae-8e6d-4701-8ac4-7857698b8250_1000.jpg!m_fill,w_280,h_210,f_jpg?from=ke.com
20240625,丰台,永定门,101121282031,安乐林二条 精装修 南北通透 2居房主自荐,388万,66943元/平,顶层 (共6层) 2室1厅 | 57.96平米 | 南 北,https://ke-image.ljcdn.com/110000-inspection/83a39403-16d7-4ae0-922a-1bfb8f170424_1000.jpg!m_fill,w_280,h_210,f_jpg?from=ke.com
20240625,丰台,永定门,101121234613,东城区 景泰西里  低楼层 南北通透三居室 精装修,639万,90729元/平,低楼层 (共6层) 3室1厅 | 70.43平米 | 南 北,https://ke-image.ljcdn.com/110000-inspection/pc1_dsnUJx6Xx_1.jpg!m_fill,w_280,h_210,f_jpg?from=ke.com
20240625,丰台,永定门,101121211186,东城满五唯一东南向无遮挡标准两居,685万,76528元/平,低楼层 (共21层) 2室1厅 | 89.51平米 | 东南,https://ke-image.ljcdn.com/110000-inspection/302f551d-c2c9-444e-86b0-713af8056f3d_1000.jpg!m_fill,w_280,h_210,f_jpg?from=ke.com
20240625,丰台,永定门,101121158918,东城区全南两居室。满两年原 值350等同于满五唯一,382万,70754元/平,高楼层 (共6层) 2室1厅 | 53.99平米 | 南,https://ke-image.ljcdn.com/110000-inspection/pc1_5brjjeNWq_1.jpg!m_fill,w_280,h_210,f_jpg?from=ke.com
20240625,丰台,永定门,101121041343,东城区华龙IN巷精装修业主诚心出售临地铁出行方便,348万,83174元/平,低楼层 (共17层) 1室0厅 | 41.84平米 | 东北,https://ke-image.ljcdn.com/110000-inspection/43b54deb-c27e-4790-a0af-ee68c47c1504_1000.jpg!m_fill,w_280,h_210,f_jpg?from=ke.com
20240625,丰台,永定门,101121040805,东城区 依陶阁 07年商品房 地铁400米,355万,95175元/平,高楼层 (共15层) | 2007年 | 1室1厅 | 37.3平米 | 北,https://ke-image.ljcdn.com/110000-inspection/6aa9e691-8b90-49e6-b4bb-7da546ad7422_1000.jpg!m_fill,w_280,h_210,f_jpg?from=ke.com
20240625,丰台,永定门,101121034129,李村东里 东城区 南北两居 天坛公园南门 14号线350米房主自荐,453万,78374元/平,高楼层 (共6层) | 1980年 | 2室1厅 | 57.8平米 | 南 北,https://ke-image.ljcdn.com/110000-inspection/6f8d7e72-e2cc-45a1-a0a7-05bd8b358974_1000.jpg!m_fill,w_280,h_210,f_jpg?from=ke.com
20240625,丰台,永定门,101121019742,东城区 新奥洋房 东西通透两居室 对花园,820万,82687元/平,低楼层 (共11层) 2室1厅 | 99.17平米 | 东 西,https://ke-image.ljcdn.com/110000-inspection/pc1_Ixhx3NtxS_1.jpg!m_fill,w_280,h_210,f_jpg?from=ke.com
20240625,丰台,永定门,101121013722,此房朝南精装 中间楼层 无遮挡 交通便利 配套齐全。,460万,80589元/平,高楼层 (共6层) 1室1厅 | 57.08平米 | 南,https://ke-image.ljcdn.com/110000-inspection/pc1_Eglw7ZQUG_1.jpg!m_fill,w_280,h_210,f_jpg?from=ke.com
20240625,丰台,永定门,101121012603,满五唯一东城区二环精装修2居全明格局大客厅房主自荐,390万,78503元/平,低楼层 (共6层) 2室1厅 | 49.68平米 | 东南,https://ke-image.ljcdn.com/110000-inspection/pc1_WTwM2TOMp_1.jpg!m_fill,w_280,h_210,f_jpg?from=ke.com
20240625,丰台,永定门,101120957692,东城 2011年楼龄新 一梯两户南向两居室采光好无遮挡,588万,64708元/平,高楼层 (共12层) 2室1厅 | 90.87平米 | 南 西,https://ke-image.ljcdn.com/110000-inspection/pc1_MOnqTgKfs_1.jpg!m_fill,w_280,h_210,f_jpg?from=ke.com
20240625,丰台,永定门,101120955735,东城望陶园 满五唯一临双地铁 诚意出售,730万,66358元/平,底层 (共18层) | 1999年 | 2室1厅 | 110.01平米 | 西北,https://ke-image.ljcdn.com/110000-inspection/pc1_W1lhDUD6C_2.jpg!m_fill,w_280,h_210,f_jpg?from=ke.com
20240625,丰台,永定门,101120949323,东城永铁苑中高层两居满5唯一近地铁精装修,670万,74437元/平,中楼层 (共22层) 2室1厅 | 90.01平米 | 东,https://ke-image.ljcdn.com/110000-inspection/db323705-777e-4bf5-935a-744e1546bdbe_1000.jpg!m_fill,w_280,h_210,f_jpg?from=ke.com
20240625,丰台,永定门,101120949164,郭庄北里 东城区 优质一居室 天坛南门,320万,73886元/平,中楼层 (共6层) 1室1厅 | 43.31平米 | 东,https://ke-image.ljcdn.com/110000-inspection/07701939-4099-401d-867d-4f744be01f67_1000.jpg!m_fill,w_280,h_210,f_jpg?from=ke.com
20240625,丰台,永定门,101120913730,宝华家园 3室1厅 西北,890万,70962元/平,低楼层 (共21层) | 2000年 | 3室1厅 | 125.42平米 | 西北,https://ke-image.ljcdn.com/110000-inspection/e525981e-6382-44cc-9f96-022566c66ab9_1000.jpg!m_fill,w_280,h_210,f_jpg?from=ke.com
20240625,丰台,永定门,101120896327,城市亮点高楼层视野好地铁300米,699万,89478元/平,顶层 (共12层) 2室1厅 | 78.12平米 | 东,https://ke-image.ljcdn.com/110000-inspection/pc1_4lF7wujLa_1.jpg!m_fill,w_280,h_210,f_jpg?from=ke.com
20240625,丰台,永定门,101120879251,中高层视野采光都很好一直自住维护的不错,650万,84252元/平,中楼层 (共22层) 2室1厅 | 77.15平米 | 西南,https://ke-image.ljcdn.com/110000-inspection/1ad509ad-b300-408a-b51d-03d46ade8f59_1000.jpg!m_fill,w_280,h_210,f_jpg?from=ke.com
20240625,丰台,永定门,101120877361,东城区 富莱茵花园 大两居 视野开阔 无遮挡,940万,68694元/平,高楼层 (共21层) | 2001年 | 2室1厅 | 136.84平米 | 西南,https://ke-image.ljcdn.com/110000-inspection/c6a19915-a7b0-4eaf-b660-7962bc4fdb29_1000.jpg!m_fill,w_280,h_210,f_jpg?from=ke.com
20240625,丰台,永定门,101120876007,东城区  09年小区  8号14号双地铁,398万,96649元/平,顶层 (共12层) | 2009年 | 1室1厅 | 41.18平米 | 北,https://ke-image.ljcdn.com/110000-inspection/pc1_HsvgyxW14_1.jpg!m_fill,w_280,h_210,f_jpg?from=ke.com
20240625,丰台,永定门,101120871112,东城2009年商品房费少价优标准两居。,660万,85184元/平,低楼层 (共12层) | 2009年 | 2室1厅 | 77.48平米 | 北,https://ke-image.ljcdn.com/110000-inspection/c32cf10b-274d-4449-ba92-2be0956a4b3a_1000.jpg!m_fill,w_280,h_210,f_jpg?from=ke.com
20240625,丰台,永定门,101120838620,满五唯一商品房 楼龄2015年 无遮挡 采光棒 近地铁房主自荐,495万,75183元/平,顶层 (共21层) 2室1厅 | 65.84平米 | 西南,https://ke-image.ljcdn.com/110000-inspection/7c645caa-45a6-48b2-8f0c-a757e4bb8082_1000.jpg!m_fill,w_280,h_210,f_jpg?from=ke.com
20240625,丰台,永定门,101120830643,东城区09年纯商品房高楼层视野好,688万,84542元/平,高楼层 (共12层) 2室1厅 | 81.38平米 | 东北,https://ke-image.ljcdn.com/110000-inspection/df5bd767-2c0d-4f99-a800-e84a32cc90c4_1000.jpg!m_fill,w_280,h_210,f_jpg?from=ke.com
20240625,丰台,永定门,101120778327,永铁苑西南向两居室 满五年唯一 出行方便 诚意出售,660万,73326元/平,低楼层 (共22层) 2室1厅 | 90.01平米 | 西南,https://ke-image.ljcdn.com/110000-inspection/b6bec20b-4500-4fbf-bfbf-c82dda984951_1000.jpg!m_fill,w_280,h_210,f_jpg?from=ke.com
20240625,丰台,永定门,101120770577,05年小区隶属东城区中间层东西通透两居采光好,610万,72819元/平,中楼层 (共11层) 2室1厅 | 83.77平米 | 西 东,https://ke-image.ljcdn.com/110000-inspection/pc1_uVlIff0Dy_2.jpg!m_fill,w_280,h_210,f_jpg?from=ke.com
20240625,丰台,永定门,101120691732,东城区 富莱茵花园 有电梯 采光好  有地下车位,389万,80589元/平,高楼层 (共21层) 2室1厅 | 48.27平米 | 东 南,https://ke-image.ljcdn.com/110000-inspection/ba6e1479-ef6f-4547-a570-2961e33751ea_1000.jpg!m_fill,w_280,h_210,f_jpg?from=ke.com
20240625,丰台,永定门,101120683360,东城区  定安里社区  小三居  满五年唯一,398万,69642元/平,顶层 (共5层) 3室1厅 | 57.15平米 | 东 南 西,https://ke-image.ljcdn.com/110000-inspection/731b434d-e2a3-4306-8aaa-9e57ec359ed8_1000.jpg!m_fill,w_280,h_210,f_jpg?from=ke.com
20240625,丰台,永定门,101120652472,东城区永定门地铁口满五年唯一双落地阳台,566万,62931元/平,低楼层 (共19层) 2室1厅 | 89.94平米 | 东 北,https://ke-image.ljcdn.com/110000-inspection/97ebb7ea-333e-4c17-80ba-dbd56c8e3bbc_1000.jpg!m_fill,w_280,h_210,f_jpg?from=ke.com
20240625,丰台,永定门,101120645844,东城区 天天家园 精装 板楼 南北通透,1380万,88707元/平,高楼层 (共10层) 3室1厅 | 155.57平米 | 南 北,https://ke-image.ljcdn.com/110000-inspection/1b28864c-5357-4dd3-8fe7-b6084c918d57_1000.jpg!m_fill,w_280,h_210,f_jpg?from=ke.com
20240625,丰台,永定门,101120612304,东城区 永定门外 朝南一室一厅出售,375万,82782元/平,中楼层 (共21层) 1室1厅 | 45.3平米 | 南,https://ke-image.ljcdn.com/110000-inspection/f9c00e31-a583-4e2a-b7fe-0269c129b0af_1000.jpg!m_fill,w_280,h_210,f_jpg?from=ke.com
20240625,丰台,永定门,101120605423,东城区南北通透两居前后不临街采光充足,349万,64726元/平,底层 (共4层) | 1980年 | 2室1厅 | 53.92平米 | 南 北,https://ke-image.ljcdn.com/110000-inspection/7625f4ff-ba93-4524-aa66-405da86163f3_1000.jpg!m_fill,w_280,h_210,f_jpg?from=ke.com
20240625,丰台,永定门,101120552635,东城区  定安里  三居室  通透户型  集中供暖,409万,71529元/平,中楼层 (共5层) 3室1厅 | 57.18平米 | 东 西 北,https://ke-image.ljcdn.com/110000-inspection/pc1_1hMkErpeO_1.jpg!m_fill,w_280,h_210,f_jpg?from=ke.com
20240625,丰台,永定门,101120462097,华龙美晟 东城天坛正南 次新商品房社区带电梯,380万,86462元/平,低楼层 (共12层) | 2009年 | 1室1厅 | 43.95平米 | 北,https://ke-image.ljcdn.com/110000-inspection/pc1_bplnoysfZ_2.jpg!m_fill,w_280,h_210,f_jpg?from=ke.com
20240625,丰台,永定门,101120378467,东城定安里小区精装修南向小一居视野采光好,285万,71250元/平,顶层 (共6层) 1室1厅 | 40平米 | 南,https://ke-image.ljcdn.com/110000-inspection/d32f47f2-bc0c-44df-b384-931855c4c3ff_1000.jpg!m_fill,w_280,h_210,f_jpg?from=ke.com
20240625,丰台,永定门,101120169442,桃杨路北里格局户型好精装修低楼层配套齐全,480万,83770元/平,低楼层 (共6层) 2室1厅 | 57.3平米 | 东 西,https://ke-image.ljcdn.com/110000-inspection/aaf98a6e-2579-4758-898a-0a7cb8727319_1000.jpg!m_fill,w_280,h_210,f_jpg?from=ke.com
20240625,丰台,永定门,101120148592,满五年唯一带电梯纯南向两居室格局方正,405万,64225元/平,低楼层 (共21层) 2室1厅 | 63.06平米 | 南,https://ke-image.ljcdn.com/110000-inspection/pc1_Q9GD815d0_2.jpg!m_fill,w_280,h_210,f_jpg?from=ke.com
20240625,丰台,永定门,101120078438,东城区西南3居室采光好无遮挡有车位,1100万,85015元/平,中楼层 (共12层) 3室2厅 | 129.39平米 | 西南,https://ke-image.ljcdn.com/110000-inspection/d0a52724-7309-4fb2-9568-84c33195adb7_1000.jpg!m_fill,w_280,h_210,f_jpg?from=ke.com
20240625,丰台,永定门,101120071001,东城区 02年商品房 南北通透一室一厅 满五唯一住房,488万,71408元/平,中楼层 (共14层) 1室1厅 | 68.34平米 | 南 北,https://ke-image.ljcdn.com/110000-inspection/pc1_TfODkGzao_1.jpg!m_fill,w_280,h_210,f_jpg?from=ke.com
20240625,丰台,永定门,101120042251,东城区 永外 悠胜美苑 南向两居室 电梯中层房主自荐,845万,80715元/平,中楼层 (共18层) | 2001年 | 2室1厅 | 104.69平米 | 南,https://ke-image.ljcdn.com/110000-inspection/22d99763-7505-4126-8147-7b01e9f847d9_1000.jpg!m_fill,w_280,h_210,f_jpg?from=ke.com
20240625,丰台,永定门,101119986421,东城区 南北通透板楼两居室 诚心出售,450万,72569元/平,中楼层 (共6层) 2室1厅 | 62.01平米 | 南 北,https://ke-image.ljcdn.com/110000-inspection/pc1_Qg97mSKCn_1.jpg!m_fill,w_280,h_210,f_jpg?from=ke.com
20240625,丰台,永定门,101119978817,定安里 3室1厅 南 北,478万,69853元/平,顶层 (共6层) 3室1厅 | 68.43平米 | 南 北,https://ke-image.ljcdn.com/110000-inspection/1e6e3b3f-dd04-4c4a-ac63-2a00752ccfdc_1000.jpg!m_fill,w_280,h_210,f_jpg?from=ke.com
20240625,丰台,永定门,101119966179,东城区  正规三居室  双地铁 出行方便,780万,62192元/平,底层 (共21层) 3室1厅 | 125.42平米 | 西北,https://ke-image.ljcdn.com/110000-inspection/bcf165c2-b4a5-4e72-bcdf-dff67171dafb_1000.jpg!m_fill,w_280,h_210,f_jpg?from=ke.com
20240625,丰台,永定门,101119931599,杨家园西里1988年的楼可以公积金贷款提前约。房主自荐,666万,96438元/平,高楼层 (共6层) 3室1厅 | 69.06平米 | 南 北,https://ke-image.ljcdn.com/110000-inspection/pc1_kpx3PYGb9_1.jpg!m_fill,w_280,h_210,f_jpg?from=ke.com
20240625,丰台,永定门,101119810892,东南向一居室 采光好 无遮挡 满五唯一商品房,488万,81852元/平,低楼层 (共21层) 1室1厅 | 59.62平米 | 东南,https://ke-image.ljcdn.com/110000-inspection/e94caa58-46f5-4642-9b91-2d4f472363fb_1000.jpg!m_fill,w_280,h_210,f_jpg?from=ke.com
20240625,丰台,永定门,101119728849,东城区 革新南路2号院 近地铁  满五年唯一南北 三居,535万,73168元/平,中楼层 (共21层) 3室1厅 | 73.12平米 | 南 北,https://ke-image.ljcdn.com/110000-inspection/pc1_9AkJxoDFQ_2.jpg!m_fill,w_280,h_210,f_jpg?from=ke.com
20240625,丰台,永定门,101119701624,沙子口路65号 2室1厅 东 西房主自荐,455万,74056元/平,顶层 (共6层) 2室1厅 | 61.44平米 | 东 西,https://ke-image.ljcdn.com/110000-inspection/pc1_Wmkpyqf4v_2.jpg!m_fill,w_280,h_210,f_jpg?from=ke.com
20240625,丰台,永定门,101119654052,东城区花园洋房新奥洋房南北通透大3居,1450万,95761元/平,低楼层 (共11层) | 2006年 | 3室2厅 | 151.42平米 | 南 北,https://ke-image.ljcdn.com/110000-inspection/pc1_z1W74fFJ1.jpg!m_fill,w_280,h_210,f_jpg?from=ke.com
20240625,丰台,永定门,101119623852,东城 天天家园 南北通透三居室 板楼 一梯两户,1080万,78216元/平,低楼层 (共11层) 3室2厅 | 138.08平米 | 南 北,https://ke-image.ljcdn.com/110000-inspection/pc1_suI7C7Epz.jpg!m_fill,w_280,h_210,f_jpg?from=ke.com
20240625,丰台,永定门,101119518989,东城区 8号14号双地铁有电梯小两居房主自荐,485万,69724元/平,中楼层 (共21层) 2室1厅 | 69.56平米 | 西,https://ke-image.ljcdn.com/110000-inspection/eb44adf6-31e2-4421-84b2-14a2298cc79a_1000.jpg!m_fill,w_280,h_210,f_jpg?from=ke.com
20240625,丰台,永定门,101119518159,永定门外大街二环边南北通透,505万,100698元/平,低楼层 (共6层) 2室1厅 | 50.15平米 | 南 北,https://ke-image.ljcdn.com/110000-inspection/pc1_HrcJJ4c5Y_1.jpg!m_fill,w_280,h_210,f_jpg?from=ke.com
20240625,丰台,永定门,101119423750,悠胜美苑 东城区永定门 板楼商品房 出售,795万,59793元/平,底层 (共5层) 3室1厅 | 132.96平米 | 东 西,https://ke-image.ljcdn.com/110000-inspection/pc1_Br5jsaDpZ_1.jpg!m_fill,w_280,h_210,f_jpg?from=ke.com
20240625,丰台,永定门,101119419181,景泰西里西区 满五唯一 东西通透,440万,67933元/平,底层 (共11层) 1室1厅 | 64.77平米 | 东 西,https://ke-image.ljcdn.com/110000-inspection/83950b3d-d009-437e-a77d-751c920f21f2_1000.jpg!m_fill,w_280,h_210,f_jpg?from=ke.com
20240625,丰台,永定门,101119375609,东城区景泰西里65号院中楼层南北两居,465万,75647元/平,中楼层 (共6层) 2室1厅 | 61.47平米 | 南 北,https://ke-image.ljcdn.com/110000-inspection/c6979149-5326-4a85-b30c-3984c60a9227_1000.jpg!m_fill,w_280,h_210,f_jpg?from=ke.com
20240625,丰台,永定门,101119279198,东城区景泰西里西区次顶层南北通透视野开阔通风好,699万,79225元/平,高楼层 (共8层) 2室1厅 | 88.23平米 | 南 北,https://ke-image.ljcdn.com/110000-inspection/pc1_7iOTl1L6K_1.jpg!m_fill,w_280,h_210,f_jpg?from=ke.com
20240625,丰台,永定门,101119248454,东城2009年商品房小区正规两居室8号14号双地铁,610万,85566元/平,高楼层 (共12层) 2室1厅 | 71.29平米 | 东 南,https://ke-image.ljcdn.com/110000-inspection/pc1_VriwfSCoG_1.jpg!m_fill,w_280,h_210,f_jpg?from=ke.com
20240625,丰台,永定门,101119201110,定安里 南北通透 满五年 视野好 采光好,388万,70354元/平,顶层 (共6层) 2室1厅 | 55.15平米 | 南 北,https://ke-image.ljcdn.com/110000-inspection/5eaf4e0f-3eb0-4612-bc5b-c43c4a30aa0e_1000.jpg!m_fill,w_280,h_210,f_jpg?from=ke.com
20240625,丰台,永定门,101119197438,东城区  景泰西里西区 南北通透  安静不临街,710万,81041元/平,低楼层 (共10层) 2室1厅 | 87.61平米 | 南 北,https://ke-image.ljcdn.com/110000-inspection/489bff9b-ffd9-4b2d-a06e-a6408642a6b1_1000.jpg!m_fill,w_280,h_210,f_jpg?from=ke.com
20240625,丰台,永定门,101119179030,东城百荣嘉园 南北三居格局方正 满五唯一 临双地铁,607万,74819元/平,低楼层 (共21层) | 2016年 | 3室1厅 | 81.13平米 | 南 北,https://ke-image.ljcdn.com/110000-inspection/pc1_NkQYtsSAo_1.jpg!m_fill,w_280,h_210,f_jpg?from=ke.com
20240625,丰台,永定门,101119174876,二环边 东城区 09年花园式小区 人车分流 配套齐全房主自荐,898万,90974元/平,高楼层 (共12层) 2室1厅 | 98.71平米 | 东 西,https://ke-image.ljcdn.com/110000-inspection/pc1_tFmLYgiVq_1.jpg!m_fill,w_280,h_210,f_jpg?from=ke.com
20240625,丰台,永定门,101119163489,东城区永定门外双地铁8+14号线2015年楼龄南北三居室房主自荐,660万,79071元/平,顶层 (共21层) 3室1厅 | 83.47平米 | 东 南 北,https://ke-image.ljcdn.com/110000-inspection/pc1_D55YQVZIc_2.jpg!m_fill,w_280,h_210,f_jpg?from=ke.com
20240625,丰台,永定门,101119150360,东城区09年的商品房西向两居室满五年唯一商品房,729万,80535元/平,低楼层 (共12层) 2室1厅 | 90.52平米 | 西,https://ke-image.ljcdn.com/110000-inspection/0e4fae47-a16d-49b7-ad02-297af26a10af_1000.jpg!m_fill,w_280,h_210,f_jpg?from=ke.com
20240625,丰台,永定门,101119118699,满五唯一商品房南北通透采光视野好。,660万,74409元/平,低楼层 (共10层) | 2005年 | 2室1厅 | 88.7平米 | 南 北,https://ke-image.ljcdn.com/110000-inspection/3ec73c6c-f735-460b-bbaf-de0662a9919a_1000.jpg!m_fill,w_280,h_210,f_jpg?from=ke.com
20240625,丰台,永定门,101119059380,革新里小区 东城区一居室 随时前约,348万,84528元/平,低楼层 (共6层) 1室1厅 | 41.17平米 | 南,https://ke-image.ljcdn.com/110000-inspection/18e5126d-9b6e-4039-a322-2b082f54b6e3_1000.jpg!m_fill,w_280,h_210,f_jpg?from=ke.com
20240625,丰台,永定门,101119058207,东城区百荣嘉园南向带电梯一居室满五唯一,398万,92387元/平,低楼层 (共21层) 1室1厅 | 43.08平米 | 南,https://ke-image.ljcdn.com/110000-inspection/8e3b111c-b5c4-4968-99cb-41f96fa73b9d_1000.jpg!m_fill,w_280,h_210,f_jpg?from=ke.com
20240625,丰台,永定门,101119045680,东城区 03年商品房  满五年唯一  高楼层 无遮挡,718万,85011元/平,高楼层 (共12层) 2室1厅 | 84.46平米 | 东,https://ke-image.ljcdn.com/110000-inspection/e868e4e7-1ea9-44e8-8350-758cbcee86ab_1000.jpg!m_fill,w_280,h_210,f_jpg?from=ke.com
20240625,丰台,永定门,101119034297,东城区 新奥洋房 南北通透大三居 高楼层 满五年唯一,1436万,92401元/平,高楼层 (共8层) 3室2厅 | 155.41平米 | 南 北,https://ke-image.ljcdn.com/110000-inspection/pc1_9lXc3BOmP_1.jpg!m_fill,w_280,h_210,f_jpg?from=ke.com
20240625,丰台,永定门,101118980729,东城南向两居室采光好视野开阔。,678万,69775元/平,高楼层 (共18层) 2室1厅 | 97.17平米 | 南 北,https://ke-image.ljcdn.com/110000-inspection/pc1_WAInzud8L_1.jpg!m_fill,w_280,h_210,f_jpg?from=ke.com
20240625,丰台,永定门,101118881604,郭庄北里满五唯一看房方便小区中间位置房主自荐,385万,76193元/平,顶层 (共5层) 2室1厅 | 50.53平米 | 南,https://ke-image.ljcdn.com/110000-inspection/38bb02aa-dfdb-43eb-a97a-b9943fb9437a_1000.jpg!m_fill,w_280,h_210,f_jpg?from=ke.com
20240625,丰台,永定门,101118875639,郭庄北里正规一居室中间层看房提前约房主自荐,350万,84664元/平,中楼层 (共6层) 1室1厅 | 41.34平米 | 南,https://ke-image.ljcdn.com/110000-inspection/efb6b2ba-67c3-4a26-8106-6955643f46af_1000.jpg!m_fill,w_280,h_210,f_jpg?from=ke.com
20240625,丰台,永定门,101118798586,东城区 永定门外 永合馨苑 南北电梯房两居出售,765万,64754元/平,低楼层 (共11层) 2室2厅 | 118.14平米 | 南 北,https://ke-image.ljcdn.com/110000-inspection/pc1_IpBbwAwiv_2.jpg!m_fill,w_280,h_210,f_jpg?from=ke.com
20240625,丰台,永定门,101118771420,东城区 琉璃井东街 正规三居室 天坛南门 价格可谈,699万,94832元/平,底层 (共6层) 3室1厅 | 73.71平米 | 南 北,https://ke-image.ljcdn.com/110000-inspection/pc1_ZxnebV6yd_1.jpg!m_fill,w_280,h_210,f_jpg?from=ke.com
20240625,丰台,永定门,101118747205,西革新里110号院一居室采光好,320万,72008元/平,顶层 (共6层) 1室1厅 | 44.44平米 | 东,https://ke-image.ljcdn.com/110000-inspection/pc1_lsrQDunxs_2.jpg!m_fill,w_280,h_210,f_jpg?from=ke.com
20240625,丰台,永定门,101118720030,东城区 华龙美晟 一居室 有电梯,358万,107734元/平,顶层 (共12层) 1室0厅 | 33.23平米 | 北,https://ke-image.ljcdn.com/110000-inspection/64d4982c-dd41-4de4-9bf5-0cd305cfde60_1000.jpg!m_fill,w_280,h_210,f_jpg?from=ke.com
20240625,丰台,永定门,101118709069,东城区 南北通透 两居室 低楼层,350万,61083元/平,底层 (共6层) 2室1厅 | 57.3平米 | 南 北,https://ke-image.ljcdn.com/110000-inspection/pc1_NDXQpHYPC.jpg!m_fill,w_280,h_210,f_jpg?from=ke.com
20240625,丰台,永定门,101118660988,定安里南北通透两居室南北通透,390万,72357元/平,中楼层 (共6层) 2室1厅 | 53.9平米 | 南 北,https://ke-image.ljcdn.com/110000-inspection/1d93f336-1f1a-4b43-9933-d0e5fbd0ff42_1000.jpg!m_fill,w_280,h_210,f_jpg?from=ke.com
20240625,丰台,永定门,101118611979,东城区 2006年商品房 朝南一居 满五年唯一房主自荐,568万,96337元/平,中楼层 (共11层) | 2006年 | 1室1厅 | 58.96平米 | 南,https://ke-image.ljcdn.com/110000-inspection/cdae3ffc-fef5-4aea-b9f8-aeedeb78fe10_1000.jpg!m_fill,w_280,h_210,f_jpg?from=ke.com
20240625,丰台,永定门,101118594250,东城区 满五年唯一 南向一居 无遮挡 随时签约房主自荐,325万,78125元/平,顶层 (共6层) | 1993年 | 1室1厅 | 41.6平米 | 南,https://ke-image.ljcdn.com/110000-inspection/46cdd165-a240-430e-a4cd-43ebec52d6c4_1000.jpg!m_fill,w_280,h_210,f_jpg?from=ke.com
20240625,丰台,永定门,101118535083,天天家园商品房朝东两居满五唯一,788万,77210元/平,低楼层 (共11层) | 2002年 | 3室1厅 | 102.06平米 | 东,https://ke-image.ljcdn.com/110000-inspection/cb6c46f2-3e24-4f30-b6c5-84dd63931495_1000.jpg!m_fill,w_280,h_210,f_jpg?from=ke.com
20240625,丰台,永定门,101118523983,东城区  正规两居室  户型方正  09年商品房,620万,82877元/平,高楼层 (共12层) 2室1厅 | 74.81平米 | 南,https://ke-image.ljcdn.com/110000-inspection/pc1_Y6QA97olM_1.jpg!m_fill,w_280,h_210,f_jpg?from=ke.com
20240625,丰台,永定门,101118421139,革新南路2号院  近地铁满五年的两居格局合理,496万,74632元/平,中楼层 (共21层) 2室1厅 | 66.46平米 | 南,https://ke-image.ljcdn.com/110000-inspection/788b2cb1-d869-4194-8d75-38e1441d5499_1000.jpg!m_fill,w_280,h_210,f_jpg?from=ke.com
20240625,丰台,永定门,101118406647,华龙美晟 正规两居 南北通透 靠谱出售房主自荐,670万,77511元/平,底层 (共12层) 2室1厅 | 86.44平米 | 南 北,https://ke-image.ljcdn.com/110000-inspection/8a6470d8-2c72-4b16-a9aa-03d81cadeeda_1000.jpg!m_fill,w_280,h_210,f_jpg?from=ke.com
20240625,丰台,永定门,101118401139,永铁苑  干部楼三居  看房方便,880万,71714元/平,中楼层 (共22层) 3室2厅 | 122.71平米 | 东北,https://ke-image.ljcdn.com/110000-inspection/pc1_1TT3x6dGY_1.jpg!m_fill,w_280,h_210,f_jpg?from=ke.com
20240625,丰台,永定门,101118366405,此房东城区 高楼层大两居南北通透视野开阔,880万,74558元/平,高楼层 (共11层) 2室2厅 | 118.03平米 | 南 北,https://ke-image.ljcdn.com/110000-inspection/53d8bb81-1007-4bc3-9829-582a742d08e1_1000.jpg!m_fill,w_280,h_210,f_jpg?from=ke.com
20240625,丰台,永定门,101118362756,永铁苑东南三居室 高层视野好 满五唯一 看房方便,760万,70267元/平,高楼层 (共22层) 3室1厅 | 108.16平米 | 西北,https://ke-image.ljcdn.com/110000-inspection/pc1_kSy6gT2mi_1.jpg!m_fill,w_280,h_210,f_jpg?from=ke.com
20240625,丰台,永定门,101118362330,西革新里110号院南北通透采光无遮挡看房方便,518万,85919元/平,中楼层 (共6层) 2室1厅 | 60.29平米 | 南 北,https://ke-image.ljcdn.com/110000-inspection/pc1_evrEntAi8_2.jpg!m_fill,w_280,h_210,f_jpg?from=ke.com
20240625,丰台,永定门,101118351999,东城区  景泰西里西区  2005年电梯房小区房主自荐,524万,86899元/平,中楼层 (共10层) | 2005年 | 1室1厅 | 60.3平米 | 南,https://ke-image.ljcdn.com/110000-inspection/372a2947-925a-46e8-a73b-b28aed184ff2_1000.jpg!m_fill,w_280,h_210,f_jpg?from=ke.com
20240625,丰台,永定门,101118277974,永合馨苑 南二环边上楼龄新 近地铁 精装修的两居,865万,73349元/平,中楼层 (共11层) | 2001年 | 2室1厅 | 117.93平米 | 南 北,https://ke-image.ljcdn.com/110000-inspection/c9df7727-7ecc-4ece-bb47-5cfd287dd6b7_1000.jpg!m_fill,w_280,h_210,f_jpg?from=ke.com
20240625,丰台,永定门,101118253921,东城区 正规 3居室 高楼层 视野好,758万,68928元/平,高楼层 (共16层) | 1999年 | 3室1厅 | 109.97平米 | 东北,https://ke-image.ljcdn.com/110000-inspection/pc1_7lUwVzae1_2.jpg!m_fill,w_280,h_210,f_jpg?from=ke.com
20240625,丰台,永定门,101118230932,郭庄北里 南北三居室看房方便采光好房主自荐,518万,66021元/平,顶层 (共6层) 3室1厅 | 78.46平米 | 西南 北,https://ke-image.ljcdn.com/110000-inspection/pc1_f9HsgEx5t_1.jpg!m_fill,w_280,h_210,f_jpg?from=ke.com
20240625,丰台,永定门,101118222829,二环边琉璃井路满五唯一全明格局电梯直达,510万,77344元/平,中楼层 (共12层) | 1987年 | 2室1厅 | 65.94平米 | 东北,https://ke-image.ljcdn.com/110000-inspection/pc1_EggOl7B7K_1.jpg!m_fill,w_280,h_210,f_jpg?from=ke.com
20240625,丰台,永定门,101118216610,此房满五唯一全明格局电梯房两室两卫视野开阔,805万,67591元/平,高楼层 (共21层) 2室1厅 | 119.1平米 | 西北,https://ke-image.ljcdn.com/110000-inspection/pc1_EmuFOStra_1.jpg!m_fill,w_280,h_210,f_jpg?from=ke.com
20240625,丰台,永定门,101118155138,东城区 大2居 满五年唯一 采光好 视野好 双轨地铁,795万,94128元/平,顶层 (共12层) 2室1厅 | 84.46平米 | 东,https://ke-image.ljcdn.com/110000-inspection/2d325963-851e-4e63-859f-8d78d397499a_1000.jpg!m_fill,w_280,h_210,f_jpg?from=ke.com
20240625,丰台,永定门,101118144959,民主北街22号院  中间楼层 全明格局三居室,499万,79094元/平,中楼层 (共5层) 3室1厅 | 63.09平米 | 东 南 西,https://ke-image.ljcdn.com/110000-inspection/d4a0cb48-cb6e-45f9-9a79-1b45e73bc6aa_1000.jpg!m_fill,w_280,h_210,f_jpg?from=ke.com
20240625,丰台,永定门,101118124856,安乐林二条-南北通透两居室-采光好-安静舒适,400万,69014元/平,高楼层 (共6层) 2室1厅 | 57.96平米 | 南 北,https://ke-image.ljcdn.com/110000-inspection/c47ce3c3-648f-4c14-94d6-3d6009f01175_1000.jpg!m_fill,w_280,h_210,f_jpg?from=ke.com
20240625,丰台,永定门,101118007414,东城区 郭庄北里  南北两居室看房方便随时签约房主自荐,575万,86169元/平,高楼层 (共6层) 2室1厅 | 66.73平米 | 南 北,https://ke-image.ljcdn.com/110000-inspection/ff4a4e4a-018c-4c33-b1cf-b77001d32cb8_1000.jpg!m_fill,w_280,h_210,f_jpg?from=ke.com
20240625,丰台,永定门,101117915873,东城区 建予园 东南向低楼层  两居,499万,64148元/平,底层 (共16层) 2室1厅 | 77.79平米 | 东南,https://ke-image.ljcdn.com/110000-inspection/pc1_Lya8bFFca_2.jpg!m_fill,w_280,h_210,f_jpg?from=ke.com
20240625,丰台,永定门,101117911866,新奥洋房满五年唯一正规一室一厅,549万,101068元/平,中楼层 (共11层) | 2006年 | 1室1厅 | 54.32平米 | 西,https://ke-image.ljcdn.com/110000-inspection/pc1_tdwp3UwVe_1.jpg!m_fill,w_280,h_210,f_jpg?from=ke.com
20240625,丰台,永定门,101117910482,东城区 富莱茵花园 电梯房 小两居,457万,87970元/平,低楼层 (共21层) | 1995年 | 2室1厅 | 51.95平米 | 东南,https://ke-image.ljcdn.com/110000-inspection/2fe05450-876f-4d21-90bf-1edc1b38c53f_1000.jpg!m_fill,w_280,h_210,f_jpg?from=ke.com
20240625,丰台,永定门,101117875616,东城区正规两居东北朝向两个大落地窗,630万,70047元/平,低楼层 (共19层) | 2001年 | 2室1厅 | 89.94平米 | 东北,https://ke-image.ljcdn.com/110000-inspection/c24baa06-d568-47eb-8146-3d157946c71b_1000.jpg!m_fill,w_280,h_210,f_jpg?from=ke.com
20240625,丰台,永定门,101117875466,全明格局洋房社区出门地铁景泰站有电梯无遮挡房主自荐,428万,80271元/平,中楼层 (共5层) 1室1厅 | 53.32平米 | 东 北,https://ke-image.ljcdn.com/110000-inspection/pc1_pQOnw5jPl_1.jpg!m_fill,w_280,h_210,f_jpg?from=ke.com
20240625,丰台,永定门,101117871411,沙子口路50号 东城区 三居室 户型方正 有电梯,895万,74072元/平,低楼层 (共18层) 3室1厅 | 120.83平米 | 东 西,https://ke-image.ljcdn.com/110000-inspection/pc1_rKZcXvM24_2.jpg!m_fill,w_280,h_210,f_jpg?from=ke.com
20240625,丰台,永定门,101117861193,定安里 3室1厅 南 北,554万,83146元/平,高楼层 (共6层) 3室1厅 | 66.63平米 | 南 北,https://ke-image.ljcdn.com/110000-inspection/pc1_yuhaXYrOd.jpg!m_fill,w_280,h_210,f_jpg?from=ke.com
20240625,丰台,永定门,101117777079,华龙美晟满五唯一商品房减少购房成本。,470万,107355元/平,低楼层 (共12层) 1室1厅 | 43.78平米 | 南,https://ke-image.ljcdn.com/110000-inspection/1a0e8d27-1e2b-4c84-8613-c1e200286983_1000.jpg!m_fill,w_280,h_210,f_jpg?from=ke.com
20240625,丰台,永定门,101117680815,南二环 临天坛公园 东城区商品房 无遮挡 双轨地铁,520万,110217元/平,中楼层 (共12层) | 2003年 | 1室1厅 | 47.18平米 | 北,https://ke-image.ljcdn.com/110000-inspection/758e786e-b6bf-48d1-a9d0-08d35119c04b_1000.jpg!m_fill,w_280,h_210,f_jpg?from=ke.com
20240625,丰台,永定门,101117670532,东城区带电梯满五年唯一对着小区花园,520万,74756元/平,低楼层 (共21层) 2室1厅 | 69.56平米 | 东,https://ke-image.ljcdn.com/110000-inspection/pc1_Q2lacyZpT_1.jpg!m_fill,w_280,h_210,f_jpg?from=ke.com
20240625,丰台,永定门,101117185398,新奥洋房 满五唯一购房成本少户型比较通透,1000万,76459元/平,底层 (共11层) | 2005年 | 3室2厅 | 130.79平米 | 东 南 西,https://ke-image.ljcdn.com/110000-inspection/pc1_pZNYjoQoM_1.jpg!m_fill,w_280,h_210,f_jpg?from=ke.com
20240625,丰台,永定门,101117032244,东城区 正规三居室 东南向  采光视野好,980万,75056元/平,低楼层 (共21层) | 2000年 | 3室1厅 | 130.57平米 | 东南,https://ke-image.ljcdn.com/110000-inspection/e13dfc4e-bbaa-4a42-bba8-72b663f98be0_1000.jpg!m_fill,w_280,h_210,f_jpg?from=ke.com
20240625,丰台,永定门,101116922792,二环边 民主北街22号院 一层三居 诚意出售,670万,93537元/平,底层 (共5层) | 1970年 | 3室1厅 | 71.63平米 | 南 北,https://ke-image.ljcdn.com/110000-inspection/pc1_z6bcr4btx.jpg!m_fill,w_280,h_210,f_jpg?from=ke.com
20240625,丰台,永定门,101116901121,东城  03年纯商品房 天天家园 东南三居,1100万,72402元/平,低楼层 (共11层) | 2002年 | 3室1厅 | 151.93平米 | 东 南,https://ke-image.ljcdn.com/110000-inspection/fc2bb7db-6140-4235-8b6d-fe556554a71f_1000.jpg!m_fill,w_280,h_210,f_jpg?from=ke.com
20240625,丰台,永定门,101116871760,满五唯一东城区电梯新小区一居价格两居户型,458万,94883元/平,高楼层 (共21层) 2室1厅 | 48.27平米 | 东南,https://ke-image.ljcdn.com/110000-inspection/22431729-5c83-411b-85c7-db3e411662ab_1000.jpg!m_fill,w_280,h_210,f_jpg?from=ke.com
20240625,丰台,永定门,101116651317,东城区3室2卫满五唯一高楼层视野无遮挡近地铁,858万,85775元/平,中楼层 (共12层) | 2003年 | 3室1厅 | 100.03平米 | 东 北,https://ke-image.ljcdn.com/110000-inspection/pc1_zH6dp43Rt_2.jpg!m_fill,w_280,h_210,f_jpg?from=ke.com
20240625,丰台,永定门,101116499004,二环边 东城区 永定门桥下 南北两居,430万,80045元/平,底层 (共5层) | 1970年 | 3室1厅 | 53.72平米 | 南 北,https://ke-image.ljcdn.com/110000-inspection/0b3dc59c-a5f3-46d1-8324-32fddccaa59a_1000.jpg!m_fill,w_280,h_210,f_jpg?from=ke.com
20240625,丰台,永定门,101116353800,东城 永定门 优质三居室 双地铁 双阳台,580万,71650元/平,中楼层 (共21层) | 1980年 | 3室1厅 | 80.95平米 | 西南 北,https://ke-image.ljcdn.com/110000-inspection/pc1_tMtt62uZ6_2.jpg!m_fill,w_280,h_210,f_jpg?from=ke.com
20240625,丰台,永定门,101114187285,新奥洋房精装修正规一室一厅正对小区花园房主自荐,599万,92325元/平,中楼层 (共11层) | 2006年 | 1室1厅 | 64.88平米 | 东 西,https://ke-image.ljcdn.com/110000-inspection/5dd1a190-17a9-4cae-b0f0-e8abc38e6e7c_1000.jpg!m_fill,w_280,h_210,f_jpg?from=ke.com
20240625,丰台,永定门,101113678442,西革新里108号院 央产房小区房主自荐,729万,78820元/平,中楼层 (共6层) | 1996年 | 3室2厅 | 92.49平米 | 南 北,https://ke-image.ljcdn.com/110000-inspection/273f7377-3070-46f5-a793-62658d0ebc4e_1000.jpg!m_fill,w_280,h_210,f_jpg?from=ke.com
20240625,丰台,永定门,101106023317,东城区 南北通透 采光好 交通便利房主自荐,468万,80913元/平,顶层 (共6层) | 1990年 | 2室1厅 | 57.84平米 | 北 南,https://ke-image.ljcdn.com/110000-inspection/pc1_OAUeLWHau_1.jpg!m_fill,w_280,h_210,f_jpg?from=ke.com
20240625,丰台,永定门,101125113527,东城 永定门 拎包入住全南两居室 地铁14号线和8,598万,81941元/平,中楼层 (共15层) 2室1厅 | 72.98平米 | 南,https://ke-image.ljcdn.com/110000-inspection/09b04952-b038-47a6-bbd6-d2687ef3a74a_1000.jpg!m_fill,w_280,h_210,f_jpg?from=ke.com
20240625,丰台,永定门,101125113055,东城区 南北精装无遮挡 满五年房改房 随时看房,365万,64625元/平,中楼层 (共6层) 2室1厅 | 56.48平米 | 南 北,https://ke-image.ljcdn.com/110000-inspection/921090a1-f935-407e-889b-81a4b1ca190a_1000.jpg!m_fill,w_280,h_210,f_jpg?from=ke.com
20240625,丰台,永定门,101125107640,城市亮点 2室1厅 东,699万,82762元/平,中楼层 (共12层) 2室1厅 | 84.46平米 | 东,https://ke-image.ljcdn.com/110000-inspection/pc1_1k6nTLD7M_2.jpg!m_fill,w_280,h_210,f_jpg?from=ke.com
20240625,丰台,永定门,101125100850,东城区百荣嘉园 满五唯一 南向无遮挡 价格可谈,345万,76159元/平,高楼层 (共20层) 1室1厅 | 45.3平米 | 南,https://ke-image.ljcdn.com/110000-inspection/c0e75f11-5e30-458c-a0c8-bede9f5c6817_1000.jpg!m_fill,w_280,h_210,f_jpg?from=ke.com
20240625,丰台,永定门,101125084627,东革新里40号院 2室1厅 南 北,360万,65610元/平,顶层 (共5层) 2室1厅 | 54.87平米 | 南 北,https://ke-image.ljcdn.com/110000-inspection/138ddfc1-50a2-425d-851f-ca3b55b236f9_1000.jpg!m_fill,w_280,h_210,f_jpg?from=ke.com
20240625,丰台,永定门,101125068350,百荣嘉园 3室1厅 南新上,640万,77803元/平,顶层 (共21层) 3室1厅 | 82.26平米 | 南,https://ke-image.ljcdn.com/110000-inspection/pc1_6J0sJztsa_2.jpg!m_fill,w_280,h_210,f_jpg?from=ke.com
20240625,丰台,永定门,101125067146,本房满五年户型方正卫生间带窗户视野开阔新上,560万,66962元/平,低楼层 (共21层) 3室1厅 | 83.63平米 | 北 南,https://ke-image.ljcdn.com/110000-inspection/68b01fa2-23cf-4049-b5ea-ea7851844074_1000.jpg!m_fill,w_280,h_210,f_jpg?from=ke.com
20240625,丰台,永定门,101125064607,东城新奥洋房商品房 南北通透两居室 无遮挡 户型好新上,975万,84489元/平,中楼层 (共11层) 2室1厅 | 115.4平米 | 南 北,https://ke-image.ljcdn.com/110000-inspection/pc1_8E5GuxfUj_1.jpg!m_fill,w_280,h_210,f_jpg?from=ke.com
20240625,丰台,永定门,101125064535,此房东城区格局好户型方正正对小区花园不临街新上,340万,59566元/平,中楼层 (共6层) 1室1厅 | 57.08平米 | 南,https://ke-image.ljcdn.com/110000-inspection/c08b7760-7b65-4155-aba2-349c8f273993_1000.jpg!m_fill,w_280,h_210,f_jpg?from=ke.com
20240625,丰台,永定门,101125041039,东城区 永外 天坛 景泰 李村 南向 满五唯一新上,485万,64641元/平,顶层 (共6层) | 1995年 | 2室2厅 | 75.03平米 | 南,https://ke-image.ljcdn.com/110000-inspection/pc1_xOaaMx0Or_1.jpg!m_fill,w_280,h_210,f_jpg?from=ke.com
20240625,丰台,永定门,101125031696,东城区  富莱茵花园  周边配套齐全  出行方便新上,420万,87011元/平,低楼层 (共21层) 2室1厅 | 48.27平米 | 东南,https://ke-image.ljcdn.com/110000-inspection/2ac45453-0c62-4da8-a7fc-4543ca2d750f_1000.jpg!m_fill,w_280,h_210,f_jpg?from=ke.com
20240625,丰台,永定门,101125029006,东城 西革新里 双南两居室 交通方便新上,336万,65909元/平,顶层 (共6层) 2室1厅 | 50.98平米 | 南,https://ke-image.ljcdn.com/110000-inspection/7d16c65c-c9af-4cac-ade5-173b1ad27355_1000.jpg!m_fill,w_280,h_210,f_jpg?from=ke.com
20240625,丰台,永定门,101124985218,东城区 百荣嘉园 大一居室 双地铁新上,360万,78347元/平,高楼层 (共21层) 1室1厅 | 45.95平米 | 西,https://ke-image.ljcdn.com/110000-inspection/pc1_VLp62aum2_2.jpg!m_fill,w_280,h_210,f_jpg?from=ke.com
20240625,丰台,永定门,101124983319,东城永外建予园 西南向好楼层满五唯一商品房 临地铁新上,682万,72523元/平,中楼层 (共16层) | 1999年 | 2室1厅 | 94.04平米 | 西南,https://ke-image.ljcdn.com/110000-inspection/0cadcaeb-2fa3-4c0b-8a96-e50b0b12968f_1000.jpg!m_fill,w_280,h_210,f_jpg?from=ke.com
20240625,丰台,永定门,101124982557,天天家园满五年唯一商品房格局合理精装新上,750万,58073元/平,低楼层 (共11层) 3室1厅 | 129.15平米 | 东 北,https://ke-image.ljcdn.com/110000-inspection/pc1_imJTwtyj5_1.jpg!m_fill,w_280,h_210,f_jpg?from=ke.com
20240625,丰台,永定门,101124958007,华龙美晟 东城 次新房 电梯新上,435万,103057元/平,顶层 (共12层) | 2009年 | 1室1厅 | 42.21平米 | 东,https://ke-image.ljcdn.com/110000-inspection/f2809818-f579-47b1-9dea-d0355976b9ed_1000.jpg!m_fill,w_280,h_210,f_jpg?from=ke.com
20240625,丰台,永定门,101124926640,东城区 永定门外 2000年 商品房 两居室,680万,75970元/平,中楼层 (共21层) | 2000年 | 2室1厅 | 89.51平米 | 西南,https://ke-image.ljcdn.com/110000-inspection/pc1_S8gR8hGS1_1.jpg!m_fill,w_280,h_210,f_jpg?from=ke.com
20240625,丰台,永定门,101124906234,此房满五唯一商品房一梯两户南北通透无遮挡。,1000万,88732元/平,中楼层 (共8层) 2室2厅 | 112.7平米 | 南 北,https://ke-image.ljcdn.com/110000-inspection/6f5042d0-1956-4efc-a4a2-75f1d92d03a5_1000.jpg!m_fill,w_280,h_210,f_jpg?from=ke.com
20240625,丰台,永定门,101124882167,东城区 双地铁 8+14号线 2015年带电梯东南,530万,74944元/平,低楼层 (共20层) 2室1厅 | 70.72平米 | 东南,https://ke-image.ljcdn.com/110000-inspection/pc1_tbErSbnjE_1.jpg!m_fill,w_280,h_210,f_jpg?from=ke.com
20240625,丰台,永定门,101124863217,百荣嘉园 1室1厅 南,360万,83566元/平,底层 (共21层) 1室1厅 | 43.08平米 | 南,https://ke-image.ljcdn.com/110000-inspection/74b460f4-50b0-45c9-a286-e76260afb185_1000.jpg!m_fill,w_280,h_210,f_jpg?from=ke.com
20240625,丰台,永定门,101124862762,东城天坛边商品房两居室 无遮挡五年唯一 视野开阔房主自荐,768万,66604元/平,顶层 (共12层) 2室1厅 | 115.31平米 | 西北,https://ke-image.ljcdn.com/110000-inspection/bc98062b-bcb1-4715-ad88-5e8c4dd10bf0_1000.jpg!m_fill,w_280,h_210,f_jpg?from=ke.com
20240625,丰台,永定门,101124822796,东城区 近地铁 五居室 新奥洋房 电梯房 满五年,1350万,75559元/平,顶层 (共11层) 4室3厅 | 178.67平米 | 东 西 南,https://ke-image.ljcdn.com/110000-inspection/285488cc-a876-4a75-b06f-2be3a8d125ef_1000.jpg!m_fill,w_280,h_210,f_jpg?from=ke.com
20240625,丰台,永定门,101124797434,东城区 郭庄北里复式两居 满五年 诚售,599万,84106元/平,顶层 (共6层) 2室1厅 | 71.22平米 | 南 北,https://ke-image.ljcdn.com/110000-inspection/3f392a2f-7efc-471b-a4f2-880442d1149b_1000.jpg!m_fill,w_280,h_210,f_jpg?from=ke.com
20240625,丰台,永定门,101124792114,东西通透中间层 地铁永定门外站（8号线+14号线）,386万,67271元/平,中楼层 (共6层) 2室1厅 | 57.38平米 | 东 西,https://ke-image.ljcdn.com/110000-inspection/pc1_QE2ihxeCO_1.jpg!m_fill,w_280,h_210,f_jpg?from=ke.com
20240625,丰台,永定门,101124763637,东城区 双地铁8+14号线 永定门外站 南北两居,298万,59139元/平,底层 (共6层) 2室1厅 | 50.39平米 | 南 北,https://ke-image.ljcdn.com/110000-inspection/fa0ed394-b752-413f-9124-48c69d9b3c49_1000.jpg!m_fill,w_280,h_210,f_jpg?from=ke.com
20240625,丰台,永定门,101124757171,桃杨路教师楼 4室2厅 南 北,938万,72895元/平,顶层 (共6层) 4室2厅 | 128.68平米 | 南 北,https://ke-image.ljcdn.com/110000-inspection/29c63e1e-e8e1-40a4-954a-0e1ea804bed9_1000.jpg!m_fill,w_280,h_210,f_jpg?from=ke.com
20240625,丰台,永定门,101124728415,郭庄北里 2室1厅 南 北,399万,68475元/平,高楼层 (共6层) 2室1厅 | 58.27平米 | 南 北,https://ke-image.ljcdn.com/110000-inspection/01e7cf3a-e3bc-4bdc-ba28-913624c97806_1000.jpg!m_fill,w_280,h_210,f_jpg?from=ke.com
20240625,丰台,永定门,101124671774,东城区永定门外 南北通透 明厨明卫 满五唯一商品房,402万,69455元/平,中楼层 (共6层) 2室1厅 | 57.88平米 | 南 西 北,https://ke-image.ljcdn.com/110000-inspection/5a2268e0-2c5d-4676-b0b2-2f8f44c535e6_1000.jpg!m_fill,w_280,h_210,f_jpg?from=ke.com
20240625,丰台,永定门,101124617220,东城07年商品房 精装修一年 高楼层采光好,599万,79359元/平,高楼层 (共15层) 2室1厅 | 75.48平米 | 南,https://ke-image.ljcdn.com/110000-inspection/pc1_hB0rUX3Ai_2.jpg!m_fill,w_280,h_210,f_jpg?from=ke.com
20240625,丰台,永定门,101124569764,华龙美晟 车位,50万,12295元/平,地下室 (共12层) 1室0厅 | 40.67平米 | 南,https://ke-image.ljcdn.com/110000-inspection/pc1_qoVko8jwa.jpg!m_fill,w_280,h_210,f_jpg?from=ke.com
20240625,丰台,永定门,101124485700,陶然桥下 东城区 西向三层复式 无遮挡,1088万,92376元/平,底层 (共20层) 4室2厅 | 117.78平米 | 西,https://ke-image.ljcdn.com/110000-inspection/05e3a10e-26f9-4cc6-90a7-86661802adcd_1000.jpg!m_fill,w_280,h_210,f_jpg?from=ke.com
20240625,丰台,永定门,101124475137,西革新里108号院南向一居室采光好无纠纷,340万,83436元/平,顶层 (共6层) 1室1厅 | 40.75平米 | 南,https://ke-image.ljcdn.com/110000-inspection/674abbc7-02b2-47a4-8981-65d94b657174_1000.jpg!m_fill,w_280,h_210,f_jpg?from=ke.com
20240625,丰台,永定门,101124376467,东城天坛边 板楼 电梯房 南北通透,1030万,77119元/平,顶层 (共10层) 3室2厅 | 133.56平米 | 南 北,https://ke-image.ljcdn.com/110000-inspection/844b5a65-ddb5-47b8-a2a7-53185607821f_1000.jpg!m_fill,w_280,h_210,f_jpg?from=ke.com
20240625,丰台,永定门,101124272082,东城安乐林二条南北两居不临街无遮挡满五年房主自荐,329万,56764元/平,顶层 (共6层) 2室1厅 | 57.96平米 | 南 北,https://ke-image.ljcdn.com/110000-inspection/pc1_ZC3VdWhPW_1.jpg!m_fill,w_280,h_210,f_jpg?from=ke.com
20240625,丰台,永定门,101124239127,琉璃井东街 2室1厅 南,348万,94798元/平,高楼层 (共6层) | 1983年 | 2室1厅 | 36.71平米 | 南,https://ke-image.ljcdn.com/110000-inspection/pc1_sMwjCg8Oq_1.jpg!m_fill,w_280,h_210,f_jpg?from=ke.com
20240625,丰台,永定门,101124226376,东城区 永定门 97年板楼 南北两居,479万,69391元/平,中楼层 (共6层) | 1997年 | 2室1厅 | 69.03平米 | 南 北,https://ke-image.ljcdn.com/110000-inspection/e9a0132f-8699-415d-b02b-352db8af2abb_1000.jpg!m_fill,w_280,h_210,f_jpg?from=ke.com
20240625,丰台,永定门,101124219260,东城区南北三居好户型近地铁采光好,610万,66674元/平,顶层 (共6层) 3室1厅 | 91.49平米 | 南 西 北,https://ke-image.ljcdn.com/110000-inspection/pc1_Mxoqx554d_2.jpg!m_fill,w_280,h_210,f_jpg?from=ke.com
20240625,丰台,永定门,101124209040,东城2001年全明格局电梯房两室两卫视野开阔。,798万,67003元/平,低楼层 (共21层) 2室1厅 | 119.1平米 | 东 北,https://ke-image.ljcdn.com/110000-inspection/pc1_V1QLRIgbQ_1.jpg!m_fill,w_280,h_210,f_jpg?from=ke.com
20240625,丰台,永定门,101124200035,东城区 2005年小区 精装修大三居 高楼层采光好,745万,77807元/平,顶层 (共11层) | 2005年 | 3室1厅 | 95.75平米 | 东,https://ke-image.ljcdn.com/110000-inspection/pc1_pxvb69qFR_2.jpg!m_fill,w_280,h_210,f_jpg?from=ke.com
20240625,丰台,永定门,101124083119,东城区 带大平台 不临街 无遮挡 近地铁,499万,75998元/平,低楼层 (共11层) | 2002年 | 1室1厅 | 65.66平米 | 东北,https://ke-image.ljcdn.com/110000-inspection/pc1_RDRBmOGDX_1.jpg!m_fill,w_280,h_210,f_jpg?from=ke.com
20240625,丰台,永定门,101124038108,东城区2009年商品房高楼层正对小区花园近地铁房主自荐,730万,84112元/平,高楼层 (共12层) 2室1厅 | 86.79平米 | 西,https://ke-image.ljcdn.com/110000-inspection/pc1_j9hp8P2ae_2.jpg!m_fill,w_280,h_210,f_jpg?from=ke.com
20240625,丰台,永定门,101124026001,满五唯一商品房小区朝南正规一居采光视野好,560万,87065元/平,中楼层 (共11层) 1室1厅 | 64.32平米 | 南,https://ke-image.ljcdn.com/110000-inspection/pc1_1Cw6FfPTA_2.jpg!m_fill,w_280,h_210,f_jpg?from=ke.com
20240625,丰台,永定门,101124024562,郭庄北里 3室1厅 南 北,698万,119358元/平,底层 (共5层) 3室1厅 | 58.48平米 | 南 北,https://ke-image.ljcdn.com/110000-inspection/pc1_kh5iaqvxG_1.jpg!m_fill,w_280,h_210,f_jpg?from=ke.com
20240625,丰台,永定门,101124022463,新奥洋房 2室1厅 南 北,1050万,88788元/平,中楼层 (共9层) 2室1厅 | 118.26平米 | 南 北,https://ke-image.ljcdn.com/110000-inspection/pc1_IvLm91wg0_1.jpg!m_fill,w_280,h_210,f_jpg?from=ke.com
20240625,丰台,永定门,101124013929,百荣嘉园 东城区楼龄新的南向一居 近地铁,368万,85463元/平,中楼层 (共21层) 1室1厅 | 43.06平米 | 南,https://ke-image.ljcdn.com/110000-inspection/pc1_ZH3hIAHy2_1.jpg!m_fill,w_280,h_210,f_jpg?from=ke.com
20240625,丰台,永定门,101124003911,东城区定安里南北通透2居满五年唯一,350万,62758元/平,顶层 (共6层) 2室1厅 | 55.77平米 | 南 北,https://ke-image.ljcdn.com/110000-inspection/60c116b6-244e-47aa-8e12-defe46f29512_1000.jpg!m_fill,w_280,h_210,f_jpg?from=ke.com
20240625,丰台,永定门,101123944406,东城南北通透20万精装新装小区独门独院封闭管理。,518万,69363元/平,高楼层 (共6层) | 1990年 | 2室1厅 | 74.68平米 | 南 北,https://ke-image.ljcdn.com/110000-inspection/pc1_UnEMpFI6n_1.jpg!m_fill,w_280,h_210,f_jpg?from=ke.com
20240625,丰台,永定门,101123934105,东城区 南二环 新奥洋房社区里 近天坛 近地铁 精装修,488万,79389元/平,顶层 (共6层) | 1985年 | 3室1厅 | 61.47平米 | 南 北,https://ke-image.ljcdn.com/110000-inspection/16013f65-6a75-41e4-948a-add8fdf079a5_1000.jpg!m_fill,w_280,h_210,f_jpg?from=ke.com
20240625,丰台,永定门,101123930717,东城 革新南路2号院 双地铁2两居室,438万,74924元/平,低楼层 (共21层) | 1980年 | 2室1厅 | 58.46平米 | 东南,https://ke-image.ljcdn.com/110000-inspection/458252f4-ea02-4dc3-99b2-a51446c63b73_1000.jpg!m_fill,w_280,h_210,f_jpg?from=ke.com
20240625,丰台,永定门,101123908861,东城区双地铁 中信开发 复式结构 两室两卫 带车位,725万,123510元/平,中楼层 (共20层) 2室1厅 | 58.7平米 | 东,https://ke-image.ljcdn.com/110000-inspection/1ec9b794-9f2d-427b-bb7d-df1249c4d27d_1000.jpg!m_fill,w_280,h_210,f_jpg?from=ke.com
20240625,丰台,永定门,101123897822,悠胜美苑 4室3厅 南,1500万,56694元/平,底层 (共13层) 4室3厅 | 264.58平米 | 南,https://ke-image.ljcdn.com/110000-inspection/pc1_5qUFFAD9G.jpg!m_fill,w_280,h_210,f_jpg?from=ke.com
20240625,丰台,永定门,101123888754,东城新小区满五唯一电梯高层双阳台两居室,798万,78190元/平,中楼层 (共11层) | 2002年 | 2室1厅 | 102.06平米 | 东,https://ke-image.ljcdn.com/110000-inspection/pc1_kIWSNm7p0_1.jpg!m_fill,w_280,h_210,f_jpg?from=ke.com
20240625,丰台,永定门,101123882019,革新南路2号院 3室1厅 东南 西南 西北,529万,66225元/平,低楼层 (共21层) 3室1厅 | 79.88平米 | 东南 西南 西北,https://ke-image.ljcdn.com/110000-inspection/c1e5f8cf-bb2e-42ab-a6a4-7f37b2b7abe2_1000.jpg!m_fill,w_280,h_210,f_jpg?from=ke.com
20240625,丰台,永定门,101123863483,陶然桥下 东城区 望陶园 南向两居 无遮挡 视野开阔,830万,76400元/平,中楼层 (共18层) 2室1厅 | 108.64平米 | 南,https://ke-image.ljcdn.com/110000-inspection/50871ff6-9674-46f6-9392-5103e630f648_1000.jpg!m_fill,w_280,h_210,f_jpg?from=ke.com
20240625,丰台,永定门,101123843961,东城区 建予园 西南两居室 中楼层 无遮挡,545万,70097元/平,中楼层 (共16层) 2室1厅 | 77.75平米 | 南 西,https://ke-image.ljcdn.com/110000-inspection/6765a87c-590a-4cb5-861d-1f181de3e4e2_1000.jpg!m_fill,w_280,h_210,f_jpg?from=ke.com
20240625,丰台,永定门,101123759984,东城区建予园东南向精装修满五唯一商品房房主自荐,518万,72560元/平,低楼层 (共16层) 2室1厅 | 71.39平米 | 东南,https://ke-image.ljcdn.com/110000-inspection/504f8e18-fa9e-4d7e-ac17-7707b95decb1_1000.jpg!m_fill,w_280,h_210,f_jpg?from=ke.com
20240625,丰台,永定门,101123729697,诚心出售 南二环边 天坛公园 南北通透 近地铁,469万,87878元/平,底层 (共6层) 2室1厅 | 53.37平米 | 南 北,https://ke-image.ljcdn.com/110000-inspection/f237f73d-00f7-43c0-98fc-4013c7fa71e7_1000.jpg!m_fill,w_280,h_210,f_jpg?from=ke.com
20240625,丰台,永定门,101123715752,郭庄北里 2室1厅 南 北,598万,89615元/平,中楼层 (共6层) 2室1厅 | 66.73平米 | 南 北,https://ke-image.ljcdn.com/110000-inspection/9f76daf2-cc01-44f4-ac00-833cc5538aac_1000.jpg!m_fill,w_280,h_210,f_jpg?from=ke.com
20240625,丰台,永定门,101123709516,东城区 有电梯 南向复式3居室 近地铁 满五年唯一商品房主自荐,800万,74551元/平,顶层 (共8层) | 2005年 | 3室1厅 | 107.31平米 | 南,https://ke-image.ljcdn.com/110000-inspection/5f53eea6-fbcc-4c6f-ba36-430b627aade5_1000.jpg!m_fill,w_280,h_210,f_jpg?from=ke.com
20240625,丰台,永定门,101123639224,东城区 景泰西里西区 东西通透两居室 满五唯一随时,690万,76075元/平,中楼层 (共11层) 2室1厅 | 90.7平米 | 东 西,https://ke-image.ljcdn.com/110000-inspection/89ea2e5f-4045-4297-81b4-87abbf0efaf4_1000.jpg!m_fill,w_280,h_210,f_jpg?from=ke.com
20240625,丰台,永定门,101123635308,东城建予园 精装满五唯一商品房 好楼层无遮挡临双地铁,598万,63958元/平,中楼层 (共16层) | 2001年 | 2室1厅 | 93.5平米 | 西北,https://ke-image.ljcdn.com/110000-inspection/pc1_5HUgNv00U_2.jpg!m_fill,w_280,h_210,f_jpg?from=ke.com
20240625,丰台,永定门,101123629839,东城区 满五年  楼栋已翻新 价格可谈,375万,68195元/平,高楼层 (共6层) | 1982年 | 2室1厅 | 54.99平米 | 东北,https://ke-image.ljcdn.com/110000-inspection/5a8f8475-05b5-4b5e-bfd0-a82e7571fb15_1000.jpg!m_fill,w_280,h_210,f_jpg?from=ke.com
20240625,丰台,永定门,101123628754,东城区 中间层 优质2居 满五唯一商品房 有钥匙随时看,369万,67275元/平,中楼层 (共6层) 2室1厅 | 54.85平米 | 南 北,https://ke-image.ljcdn.com/110000-inspection/d0a9a3c4-db5a-4a75-b9ea-14a7e9ee1325_1000.jpg!m_fill,w_280,h_210,f_jpg?from=ke.com
20240625,丰台,永定门,101123606298,桃园南街10号院 2室1厅 南,408万,77819元/平,底层 (共6层) 2室1厅 | 52.43平米 | 南,https://ke-image.ljcdn.com/110000-inspection/8fef05ee-9a48-4e9c-82a3-8316325aff1a_1000.jpg!m_fill,w_280,h_210,f_jpg?from=ke.com
20240625,丰台,永定门,101123603516,东城区 革新里小区 永定门外地铁站300米,462万,88830元/平,中楼层 (共6层) 1室1厅 | 52.01平米 | 东 西,https://ke-image.ljcdn.com/110000-inspection/9af8f7f5-4278-4c35-822e-2c6f3656ab42_1000.jpg!m_fill,w_280,h_210,f_jpg?from=ke.com
20240625,丰台,永定门,101123595914,东城区 永定门 楼龄新 电梯大两居,666万,73992元/平,低楼层 (共22层) | 2000年 | 2室1厅 | 90.01平米 | 西 南,https://ke-image.ljcdn.com/110000-inspection/933074eb-d214-413e-9905-3043938e71d9_1000.jpg!m_fill,w_280,h_210,f_jpg?from=ke.com
20240625,丰台,永定门,101123591792,东城永外地铁口 精装满五唯一好户型 随时签约,450万,76976元/平,低楼层 (共21层) | 1989年 | 2室1厅 | 58.46平米 | 东南,https://ke-image.ljcdn.com/110000-inspection/pc1_xRUudQlX1_2.jpg!m_fill,w_280,h_210,f_jpg?from=ke.com
20240625,丰台,永定门,101123536843,东城区 景泰嘉园 低密社区 安静宜居,950万,64237元/平,低楼层 (共12层) | 2002年 | 3室1厅 | 147.89平米 | 东南,https://ke-image.ljcdn.com/110000-inspection/pc1_AxtYJlFh3_1.jpg!m_fill,w_280,h_210,f_jpg?from=ke.com
20240625,丰台,永定门,101123495958,东城区 中间层2居 户型方正  前后无挡,369万,66970元/平,中楼层 (共6层) 2室1厅 | 55.1平米 | 南 北,https://ke-image.ljcdn.com/110000-inspection/8b61ee3e-5636-414e-aad2-139209d21bfc_1000.jpg!m_fill,w_280,h_210,f_jpg?from=ke.com
20240625,丰台,永定门,101123388217,东城永外革新里 满五唯一临双地铁 看房方便随时签约,618万,62192元/平,中楼层 (共6层) 3室2厅 | 99.37平米 | 东 南 西,https://ke-image.ljcdn.com/110000-inspection/e6acf840-3b04-42bf-aeee-baf3e07857c0_1000.jpg!m_fill,w_280,h_210,f_jpg?from=ke.com
20240625,丰台,永定门,101123375444,南二环  东城 天坛公园 近地铁 郭庄北里 南北通透两居,420万,73312元/平,高楼层 (共6层) 2室1厅 | 57.29平米 | 南 北,https://ke-image.ljcdn.com/110000-inspection/pc1_b9BDbx2e7_2.jpg!m_fill,w_280,h_210,f_jpg?from=ke.com
20240625,丰台,永定门,101123359544,东城区 永定门旁 2001年板楼大复式房主自荐,650万,53367元/平,顶层 (共6层) 3室1厅 | 121.8平米 | 南 北,https://ke-image.ljcdn.com/110000-inspection/pc1_B8TC8U1Ww_2.jpg!m_fill,w_280,h_210,f_jpg?from=ke.com
20240625,丰台,永定门,101123334611,东城区永定门地铁西革新里108号院满五年,326万,60753元/平,高楼层 (共6层) 2室1厅 | 53.66平米 | 南 北,https://ke-image.ljcdn.com/110000-inspection/pc1_MCSZ2c9LT_2.jpg!m_fill,w_280,h_210,f_jpg?from=ke.com
20240625,丰台,永定门,101123305224,天坛公园 景泰地铁站  李村东里 一居室 急售,380万,92435元/平,高楼层 (共6层) | 1980年 | 1室1厅 | 41.11平米 | 南,https://ke-image.ljcdn.com/110000-inspection/5a18cdd9-68c7-42b5-b591-9a4c5aa34024_1000.jpg!m_fill,w_280,h_210,f_jpg?from=ke.com
20240625,丰台,永定门,101123294600,新奥洋房花园式小区交通便利视野好房主自荐,590万,92622元/平,低楼层 (共11层) 2室1厅 | 63.7平米 | 西,https://ke-image.ljcdn.com/110000-inspection/2dbf94b1-fa3f-46d0-9d64-e266c73e7181_1000.jpg!m_fill,w_280,h_210,f_jpg?from=ke.com
20240625,丰台,永定门,101123287578,东城区 天坛公园 景泰地铁 李村小区 南向两居 诚心卖,390万,77474元/平,中楼层 (共6层) 2室1厅 | 50.34平米 | 南,https://ke-image.ljcdn.com/110000-inspection/pc1_y2y2z3GGi_1.jpg!m_fill,w_280,h_210,f_jpg?from=ke.com
20240625,丰台,永定门,101123250822,满五唯一商品房 楼龄2015年 无遮挡 采光棒 近地铁,465万,69820元/平,顶层 (共21层) 2室1厅 | 66.6平米 | 西南,https://ke-image.ljcdn.com/110000-inspection/cd13906d-c8e9-4da1-9ff2-ee0659e8e580_1000.jpg!m_fill,w_280,h_210,f_jpg?from=ke.com
20240625,丰台,永定门,101123219717,东城永外 南北四居满五唯一商品房 邻双地铁站口,666万,65778元/平,顶层 (共6层) 4室1厅 | 101.25平米 | 南 北,https://ke-image.ljcdn.com/110000-inspection/pc1_K5c6gIqj1_1.jpg!m_fill,w_280,h_210,f_jpg?from=ke.com
20240625,丰台,永定门,101123209964,天天家园 2室1厅 西北房主自荐,750万,66508元/平,低楼层 (共11层) 2室1厅 | 112.77平米 | 西北,https://ke-image.ljcdn.com/110000-inspection/pc1_pTa2TkFWV_2.jpg!m_fill,w_280,h_210,f_jpg?from=ke.com
20240625,丰台,永定门,101123201424,东城区 永定门外 双线地铁 带电梯 中楼层 三居室,678万,68917元/平,中楼层 (共21层) 3室1厅 | 98.38平米 | 东 南 北,https://ke-image.ljcdn.com/110000-inspection/pc1_bt7DuJxtQ_1.jpg!m_fill,w_280,h_210,f_jpg?from=ke.com
20240625,丰台,永定门,101123167737,东城区 富莱茵花园 南北通透 无遮挡 中间楼层 采光好房主自荐,520万,83858元/平,中楼层 (共6层) | 1995年 | 2室1厅 | 62.01平米 | 南 北,https://ke-image.ljcdn.com/110000-inspection/pc1_KzigQGsF2.jpg!m_fill,w_280,h_210,f_jpg?from=ke.com
20240625,丰台,永定门,101123158608,东城永定门  悠胜美苑 精装两居室 满五年唯一近地铁,820万,78327元/平,低楼层 (共18层) | 2001年 | 2室1厅 | 104.69平米 | 南,https://ke-image.ljcdn.com/110000-inspection/b78fbbf5-8eb2-40ac-aba1-aa66be4e7729_1000.jpg!m_fill,w_280,h_210,f_jpg?from=ke.com
20240625,丰台,永定门,101123151815,东城09年商品房精装修没遮挡通透户型有车位,750万,77480元/平,中楼层 (共12层) | 2009年 | 2室1厅 | 96.8平米 | 东 西,https://ke-image.ljcdn.com/110000-inspection/pc1_nTOc91fzR_1.jpg!m_fill,w_280,h_210,f_jpg?from=ke.com
20240625,丰台,永定门,101123133449,望陶园 2居室 视野好 满五唯一商品房,689万,83597元/平,高楼层 (共18层) 2室1厅 | 82.42平米 | 西,https://ke-image.ljcdn.com/110000-inspection/pc1_4yr6K4Fd9_2.jpg!m_fill,w_280,h_210,f_jpg?from=ke.com
20240625,丰台,永定门,101123127425,满五年唯一商品房 近地铁 东向对小区 视野好无遮挡,605万,71615元/平,中楼层 (共11层) | 2005年 | 2室1厅 | 84.48平米 | 东,https://ke-image.ljcdn.com/110000-inspection/b9fac291-4cf5-4dc3-8793-4397f90cbb46_1000.jpg!m_fill,w_280,h_210,f_jpg?from=ke.com
20240625,丰台,永定门,101123065052,东城区 景泰西里西区 东西通透两居室 满五唯一诚心卖,668万,73650元/平,中楼层 (共11层) 2室1厅 | 90.7平米 | 东 西,https://ke-image.ljcdn.com/110000-inspection/7461f68d-2750-48c6-ae75-7136272052b2_1000.jpg!m_fill,w_280,h_210,f_jpg?from=ke.com
20240625,丰台,永定门,101123045506,东城区 永定门旁 南北向 精装修两居,399万,68101元/平,顶层 (共7层) 2室1厅 | 58.59平米 | 南 北,https://ke-image.ljcdn.com/110000-inspection/pc1_8INuy6Iyi_2.jpg!m_fill,w_280,h_210,f_jpg?from=ke.com
20240625,丰台,永定门,101123033015,东城区 郭庄北里 南向一居室 近地铁 采光好无遮挡,380万,91921元/平,顶层 (共6层) 1室1厅 | 41.34平米 | 南,https://ke-image.ljcdn.com/110000-inspection/pc1_RRHFObtwb_2.jpg!m_fill,w_280,h_210,f_jpg?from=ke.com
20240625,丰台,永定门,101123003284,东城区 陶然桥下东南两居 视野开阔 带租赁车位,653万,79229元/平,中楼层 (共18层) | 2002年 | 2室1厅 | 82.42平米 | 东南,https://ke-image.ljcdn.com/110000-inspection/82c0330b-75ca-4573-9662-f3f26f476a7e_1000.jpg!m_fill,w_280,h_210,f_jpg?from=ke.com
20240625,丰台,永定门,101123001631,琉璃井东街两居 南北通透 采光好 诚意出售,499万,87177元/平,顶层 (共6层) 2室1厅 | 57.24平米 | 北 南,https://ke-image.ljcdn.com/110000-inspection/9cc6f99e-ec6d-4ab6-960c-0e31573a17c4_1000.jpg!m_fill,w_280,h_210,f_jpg?from=ke.com
20240625,丰台,永定门,101122957888,依陶阁 2室1厅 南 北房主自荐,628万,78168元/平,高楼层 (共16层) 2室1厅 | 80.34平米 | 南 北,https://ke-image.ljcdn.com/110000-inspection/38cfb6df-78c4-4f9a-8f0a-0eaa2554b2ba_1000.jpg!m_fill,w_280,h_210,f_jpg?from=ke.com
20240625,丰台,永定门,101122954420,东城 景泰西里 全南两居 满五唯一 产权清晰 带车位房主自荐,350万,66465元/平,顶层 (共6层) 2室1厅 | 52.66平米 | 南,https://ke-image.ljcdn.com/110000-inspection/8c3aa26c-b7e6-4f13-82e0-6aa034f1f43d_1000.jpg!m_fill,w_280,h_210,f_jpg?from=ke.com
20240625,丰台,永定门,101122953885,东城区 永定门外 双地铁 8+14号线 塔楼带电梯一居室,285万,77153元/平,中楼层 (共21层) 1室1厅 | 36.94平米 | 东南,https://ke-image.ljcdn.com/110000-inspection/a5e82eaf-548d-4ee1-92a8-c185e5800ab4_1000.jpg!m_fill,w_280,h_210,f_jpg?from=ke.com
20240625,丰台,永定门,101122948510,景泰西里西区满五年唯一南北通透两居室。,670万,75938元/平,底层 (共8层) | 2005年 | 2室1厅 | 88.23平米 | 南 北,https://ke-image.ljcdn.com/110000-inspection/pc1_aq8KhbN3Y_1.jpg!m_fill,w_280,h_210,f_jpg?from=ke.com
20240625,丰台,永定门,101122948156,革新南路2号院 1室1厅 东南,285万,77153元/平,低楼层 (共21层) | 1980年 | 1室1厅 | 36.94平米 | 东南,https://ke-image.ljcdn.com/110000-inspection/pc1_Y91F7EXFl.jpg!m_fill,w_280,h_210,f_jpg?from=ke.com
20240625,丰台,永定门,101122940125,东城区06年商品房南北通透五居双卫三世同堂,1460万,82903元/平,顶层 (共11层) 5室2厅 | 176.11平米 | 南 北,https://ke-image.ljcdn.com/110000-inspection/pc1_QTXi0NIg4_2.jpg!m_fill,w_280,h_210,f_jpg?from=ke.com
20240625,丰台,永定门,101122871356,东城区桃园南街10号院  楼层好 视野宽阔 采光充足。,593万,98098元/平,中楼层 (共6层) 2室1厅 | 60.45平米 | 南 北,https://ke-image.ljcdn.com/110000-inspection/b352ca84-ca96-4b86-901d-09e928e5254c_1000.jpg!m_fill,w_280,h_210,f_jpg?from=ke.com
20240625,丰台,永定门,101122848152,东城 满二年 非顶层 96年南北通透大客厅 诚心卖,470万,66563元/平,高楼层 (共6层) 2室1厅 | 70.61平米 | 南 北,https://ke-image.ljcdn.com/110000-inspection/pc1_yhwo4yFAT_1.jpg!m_fill,w_280,h_210,f_jpg?from=ke.com
20240625,丰台,永定门,101122824079,永铁苑西南向两居室精装修高楼层采光充足,610万,79067元/平,高楼层 (共22层) | 2000年 | 2室1厅 | 77.15平米 | 西南,https://ke-image.ljcdn.com/110000-inspection/5eae79d7-fff6-4780-9bb3-14dded951857_1000.jpg!m_fill,w_280,h_210,f_jpg?from=ke.com
20240625,丰台,永定门,101122782118,郭庄北里.有装修有车位看房随时,366万,88535元/平,顶层 (共6层) | 1990年 | 1室1厅 | 41.34平米 | 南,https://ke-image.ljcdn.com/110000-inspection/c8e4a8c6-6836-45b6-9be9-310530e9a78d_1000.jpg!m_fill,w_280,h_210,f_jpg?from=ke.com
20240625,丰台,永定门,101122764747,东城区 定安里 中间楼层 南北通透 无遮挡,600万,75340元/平,中楼层 (共6层) 3室1厅 | 79.64平米 | 南 北 东,https://ke-image.ljcdn.com/110000-inspection/pc1_2lG3UE2Ni_1.jpg!m_fill,w_280,h_210,f_jpg?from=ke.com
20240625,丰台,永定门,101122728098,东城区 南二环 新奥洋房 近地铁 近天坛公园 满五唯一,1028万,90050元/平,中楼层 (共11层) 2室2厅 | 114.16平米 | 南 北,https://ke-image.ljcdn.com/110000-inspection/fef8e7ec-3bcd-4f7f-8635-8f1efb5395dc_1000.jpg!m_fill,w_280,h_210,f_jpg?from=ke.com
20240625,丰台,永定门,101122725496,华龙美晟2009年商品房楼龄新中间层采光好,765万,83243元/平,中楼层 (共12层) 2室1厅 | 91.9平米 | 东,https://ke-image.ljcdn.com/110000-inspection/ed7daa16-2c39-44db-85bf-f7f2c0666476_1000.jpg!m_fill,w_280,h_210,f_jpg?from=ke.com
20240625,丰台,永定门,101122715162,东城二环城市亮点满五唯一商品房 电梯,1050万,84508元/平,高楼层 (共12层) 3室2厅 | 124.25平米 | 西南,https://ke-image.ljcdn.com/110000-inspection/pc1_0x3Vt3lEa_2.jpg!m_fill,w_280,h_210,f_jpg?from=ke.com
20240625,丰台,永定门,101122668019,郭庄北里精装修南向一居室中间楼层前后没有遮挡,415万,98928元/平,中楼层 (共6层) 1室1厅 | 41.95平米 | 南,https://ke-image.ljcdn.com/110000-inspection/pc1_aqPPyrTSc_1.jpg!m_fill,w_280,h_210,f_jpg?from=ke.com
20240625,丰台,永定门,101122641907,东城区 三轨交汇 低楼层 精装修 近天坛公园,590万,97473元/平,底层 (共6层) 2室2厅 | 60.53平米 | 东 西,https://ke-image.ljcdn.com/110000-inspection/7140c526-8527-47d7-9759-6789db32745e_1000.jpg!m_fill,w_280,h_210,f_jpg?from=ke.com
20240625,丰台,永定门,101122640417,南二环 东城区 永外 李村 91年两居室 景泰,530万,84369元/平,顶层 (共6层) | 1991年 | 2室1厅 | 62.82平米 | 东 西,https://ke-image.ljcdn.com/110000-inspection/ab806fcb-a5f1-48e5-9c95-d542031c2d7b_1000.jpg!m_fill,w_280,h_210,f_jpg?from=ke.com
20240625,丰台,永定门,101122636813,东城区定安里南北通透无遮挡采光好,405万,60784元/平,中楼层 (共6层) 3室1厅 | 66.63平米 | 南 北,https://ke-image.ljcdn.com/110000-inspection/acf31fad-f41f-4976-9d2d-13a6c15c18bf_1000.jpg!m_fill,w_280,h_210,f_jpg?from=ke.com
20240625,丰台,永定门,101122634196,琉璃井东街 3室1厅 南 北,660万,95945元/平,中楼层 (共6层) 3室1厅 | 68.79平米 | 南 北,https://ke-image.ljcdn.com/110000-inspection/aa9bdd96-5d85-4ef5-8ae2-038f8e642ddb_1000.jpg!m_fill,w_280,h_210,f_jpg?from=ke.com
20240625,丰台,永定门,101122631294,东城区 郭庄北里 精装修南北向三居 业主诚心卖,465万,81881元/平,中楼层 (共5层) 3室1厅 | 56.79平米 | 南 北,https://ke-image.ljcdn.com/110000-inspection/d68b5e59-6c30-4278-b44d-1b8a17a9bc16_1000.jpg!m_fill,w_280,h_210,f_jpg?from=ke.com
20240625,丰台,永定门,101122606606,东城区 琉璃井东街 中楼层两居室 满五年成本价,460万,90712元/平,中楼层 (共6层) | 1983年 | 2室1厅 | 50.71平米 | 东,https://ke-image.ljcdn.com/110000-inspection/pc1_eTONxULwJ_1.jpg!m_fill,w_280,h_210,f_jpg?from=ke.com
20240625,丰台,永定门,101122603567,东城区 低楼层 南北通透三居室 采光好 精装修,625万,84873元/平,底层 (共6层) 3室1厅 | 73.64平米 | 南 北,https://ke-image.ljcdn.com/110000-inspection/pc1_94PZbjr5x_1.jpg!m_fill,w_280,h_210,f_jpg?from=ke.com
20240625,丰台,永定门,101122568983,东城区 南二环 永外 天坛 精装 李村南里两居室,370万,64237元/平,地下室 (共6层) | 1990年 | 2室1厅 | 57.6平米 | 南 北,https://ke-image.ljcdn.com/110000-inspection/73d18684-8cd6-4d6f-b50c-5dca82d9fabd_1000.jpg!m_fill,w_280,h_210,f_jpg?from=ke.com
20240625,丰台,永定门,101122549289,东城永定门 新楼龄 复式户型 满五唯一商品房,688万,117207元/平,中楼层 (共20层) 2室2厅 | 58.7平米 | 东,https://ke-image.ljcdn.com/110000-inspection/pc1_u4OAalhwk_2.jpg!m_fill,w_280,h_210,f_jpg?from=ke.com
20240625,丰台,永定门,101122542850,东城区 华龙美晟09年电梯商品房。满五唯一房主自荐,606万,79154元/平,中楼层 (共8层) 2室1厅 | 76.56平米 | 西,https://ke-image.ljcdn.com/110000-inspection/pc1_ajQZKzwjJ_1.jpg!m_fill,w_280,h_210,f_jpg?from=ke.com
20240625,丰台,永定门,101122536029,2005年东城区满五唯一商品房全南向,433万,71808元/平,底层 (共10层) 1室1厅 | 60.3平米 | 南,https://ke-image.ljcdn.com/110000-inspection/2980f605-315a-4689-951a-1404a1dae848_1000.jpg!m_fill,w_280,h_210,f_jpg?from=ke.com
20240625,丰台,永定门,101122519151,东城区 景泰西里西区 无遮挡  精装,454万,74402元/平,低楼层 (共9层) | 2005年 | 1室1厅 | 61.02平米 | 南,https://ke-image.ljcdn.com/110000-inspection/pc1_UmLc0F4pG_2.jpg!m_fill,w_280,h_210,f_jpg?from=ke.com
20240625,丰台,永定门,101122515702,2005年满五唯一商品房近地铁无遮挡,1468万,79983元/平,顶层 (共8层) 5室2厅 | 183.54平米 | 南 北,https://ke-image.ljcdn.com/110000-inspection/d4808dd4-3d3c-4994-b00f-696e502ab05d_1000.jpg!m_fill,w_280,h_210,f_jpg?from=ke.com
20240625,丰台,永定门,101122502396,东城区 永定门外 南二环 粮食局干部楼 南北通透 三居,640万,72902元/平,中楼层 (共6层) | 1997年 | 3室1厅 | 87.79平米 | 南 北 东,https://ke-image.ljcdn.com/110000-inspection/072878be-0298-436e-8e69-e62894b874d1_1000.jpg!m_fill,w_280,h_210,f_jpg?from=ke.com
20240625,丰台,永定门,101122484641,华龙美晟 2室1厅 西南,780万,95460元/平,中楼层 (共12层) 2室1厅 | 81.71平米 | 西南,https://ke-image.ljcdn.com/110000-inspection/pc1_6v7FLl5UF.jpg!m_fill,w_280,h_210,f_jpg?from=ke.com
20240625,丰台,永定门,101122392234,东城区 新奥洋房 西南三居室 次顶层 无遮挡,1150万,85142元/平,高楼层 (共6层) 3室1厅 | 135.07平米 | 西南,https://ke-image.ljcdn.com/110000-inspection/8e31a842-64ef-4064-9b5e-b69d74211083_1000.jpg!m_fill,w_280,h_210,f_jpg?from=ke.com
20240625,丰台,永定门,101122386865,东城望陶园 满五唯一商品房 南向好楼层 临双地铁,730万,85802元/平,高楼层 (共18层) 2室1厅 | 85.08平米 | 南,https://ke-image.ljcdn.com/110000-inspection/e3bc184e-628e-4269-93e2-c4bb927fb2b4_1000.jpg!m_fill,w_280,h_210,f_jpg?from=ke.com
20240625,丰台,永定门,101122371134,交易只有契税次顶层一梯三户。,535万,83049元/平,高楼层 (共11层) | 2005年 | 2室1厅 | 64.42平米 | 东 西,https://ke-image.ljcdn.com/110000-inspection/pc1_zKkSSEt4N_2.jpg!m_fill,w_280,h_210,f_jpg?from=ke.com
20240625,丰台,永定门,101122348394,永铁苑    视野开阔  满五唯一,508万,68317元/平,顶层 (共22层) 2室1厅 | 74.36平米 | 西南,https://ke-image.ljcdn.com/110000-inspection/2b4f388b-8b41-4901-b073-a49cd9def0fe_1000.jpg!m_fill,w_280,h_210,f_jpg?from=ke.com
20240625,丰台,永定门,101122196721,东城区 富莱茵花园  2000年板楼 一梯两户 南北通透房主自荐,730万,82692元/平,顶层 (共6层) 2室2厅 | 88.28平米 | 南 北,https://ke-image.ljcdn.com/110000-inspection/6ca251cb-5fc0-4a81-a84a-8aa84d98eb78_1000.jpg!m_fill,w_280,h_210,f_jpg?from=ke.com
20240625,丰台,永定门,101122176023,陶然桥下 东城区 望陶园 东向 视野开阔 无遮挡房主自荐,655万,79472元/平,中楼层 (共18层) 2室1厅 | 82.42平米 | 东,https://ke-image.ljcdn.com/110000-inspection/pc1_mvLtjXPfx_2.jpg!m_fill,w_280,h_210,f_jpg?from=ke.com
20240625,丰台,永定门,101122106003,南二环 天坛南门 东城 复式 99年 南北通透四居房主自荐,998万,73318元/平,顶层 (共6层) 3室2厅 | 136.12平米 | 南 北,https://ke-image.ljcdn.com/110000-inspection/9ecd311b-1e0c-4f04-9691-8537e6948b22_1000.jpg!m_fill,w_280,h_210,f_jpg?from=ke.com
20240625,丰台,永定门,101122098126,东城区 2000年小区 满五年 唯一住房 带电梯 单独管理,615万,68708元/平,低楼层 (共21层) | 2000年 | 2室1厅 | 89.51平米 | 西南,https://ke-image.ljcdn.com/110000-inspection/pc1_zbDu8Ymn5_1.jpg!m_fill,w_280,h_210,f_jpg?from=ke.com
20240625,丰台,永定门,101122092406,南北通透格局精装修前后不临街。,1200万,83328元/平,低楼层 (共8层) 3室1厅 | 144.01平米 | 南 北,https://ke-image.ljcdn.com/110000-inspection/669867c5-be56-4e64-958a-5c76d3757173_1000.jpg!m_fill,w_280,h_210,f_jpg?from=ke.com
20240625,丰台,永定门,101122034726,东城区 鼎盛园小区 朝西两居室 高层 视野采光好,588万,71787元/平,顶层 (共11层) 2室1厅 | 81.91平米 | 西,https://ke-image.ljcdn.com/110000-inspection/51237ead-cac7-4d7c-98f7-c909c1f0562c_1000.jpg!m_fill,w_280,h_210,f_jpg?from=ke.com
20240625,丰台,永定门,101122018308,东城区  南北通透三居室  满五年唯一,435万,64945元/平,中楼层 (共6层) | 1984年 | 3室1厅 | 66.98平米 | 南 北,https://ke-image.ljcdn.com/110000-inspection/849f8261-0c7d-4bcf-bb02-c35e527cf4f8_1000.jpg!m_fill,w_280,h_210,f_jpg?from=ke.com
20240625,丰台,永定门,101122006991,东城区 永定门外 富莱茵花园 带电梯 三居室 出售,676万,68714元/平,中楼层 (共21层) 3室1厅 | 98.38平米 | 西 南 北,https://ke-image.ljcdn.com/110000-inspection/fbeb5970-efe7-4890-beb9-35943e7d65ed_1000.jpg!m_fill,w_280,h_210,f_jpg?from=ke.com
20240625,丰台,永定门,101121842746,东城区 建予园 2001年 板楼南北大两居,568万,73997元/平,高楼层 (共6层) 2室1厅 | 76.76平米 | 南 北,https://ke-image.ljcdn.com/110000-inspection/pc1_rg9Juaeu2_2.jpg!m_fill,w_280,h_210,f_jpg?from=ke.com
20240625,丰台,永定门,101121820205,东城区 满五年唯一 正规两居室 中间层 采光好无遮挡,369万,73919元/平,高楼层 (共6层) 2室1厅 | 49.92平米 | 南 西北,https://ke-image.ljcdn.com/110000-inspection/8f8c2ce6-a083-4b14-8ca7-ef1d15e37927_1000.jpg!m_fill,w_280,h_210,f_jpg?from=ke.com
20240625,丰台,永定门,101121812042,东城2009年满五唯一商品房精装三居,1060万,81923元/平,低楼层 (共12层) 3室2厅 | 129.39平米 | 西南,https://ke-image.ljcdn.com/110000-inspection/20f879d5-77bb-49b5-a781-28e4cf706791_1000.jpg!m_fill,w_280,h_210,f_jpg?from=ke.com
20240625,丰台,永定门,101121678939,东城区二环边新小区 全明格局三居室前后不临街,1388万,98503元/平,中楼层 (共10层) | 2003年 | 3室2厅 | 140.91平米 | 东 南 北,https://ke-image.ljcdn.com/110000-inspection/pc1_7z70bA7Gp_2.jpg!m_fill,w_280,h_210,f_jpg?from=ke.com
20240625,丰台,永定门,101121643605,新奥洋房5居大复式270°三面朝阳观景房,1950万,93387元/平,顶层 (共9层) 5室1厅 | 208.81平米 | 东 南 西,https://ke-image.ljcdn.com/110000-inspection/pc1_6hXKUhdcQ_2.jpg!m_fill,w_280,h_210,f_jpg?from=ke.com
20240625,丰台,永定门,101121557604,东城区 永定门外 富莱茵花园 三居室 出售,696万,70747元/平,低楼层 (共21层) 3室1厅 | 98.38平米 | 东 南 北,https://ke-image.ljcdn.com/110000-inspection/0efbb33e-39a3-4b3c-aa1d-4abff142c2d0_1000.jpg!m_fill,w_280,h_210,f_jpg?from=ke.com
20240625,丰台,永定门,101121438147,东城区 二环边 三元街甲19号院 低楼层 满五年唯一房主自荐,399万,70495元/平,中楼层 (共5层) 3室0厅 | 56.6平米 | 南 北,https://ke-image.ljcdn.com/110000-inspection/pc1_6PJeY9IFO_1.jpg!m_fill,w_280,h_210,f_jpg?from=ke.com
20240625,丰台,永定门,101121369869,东城区2002年商品房    满五唯一   交通便利房主自荐,550万,75436元/平,低楼层 (共11层) | 2002年 | 1室1厅 | 72.91平米 | 东北,https://ke-image.ljcdn.com/110000-inspection/55580c42-0e9e-4172-997b-34915a5b0f47_1000.jpg!m_fill,w_280,h_210,f_jpg?from=ke.com
20240625,丰台,永定门,101121231303,东城区 桃杨路北里 南北通透 精装修 两居室 诚意出售,488万,85166元/平,高楼层 (共6层) 2室1厅 | 57.3平米 | 南 北,https://ke-image.ljcdn.com/110000-inspection/pc1_7gbffGYjx_1.jpg!m_fill,w_280,h_210,f_jpg?from=ke.com
20240625,丰台,永定门,101121126933,鼎盛园东南向两居室中间层婚房装修房主自荐,978万,97130元/平,中楼层 (共9层) | 2005年 | 2室1厅 | 100.69平米 | 东南,https://ke-image.ljcdn.com/110000-inspection/ad11bcca-ca53-4be6-9c38-1509a68ac7ce_1000.jpg!m_fill,w_280,h_210,f_jpg?from=ke.com
20240625,丰台,永定门,101121121474,东城区 悠胜美苑 精装 可以拎包入住 双地铁,550万,78382元/平,顶层 (共20层) | 2003年 | 2室1厅 | 70.17平米 | 东 北,https://ke-image.ljcdn.com/110000-inspection/0bc7b728-4aa0-40c4-8885-9bab7fdaa936_1000.jpg!m_fill,w_280,h_210,f_jpg?from=ke.com
20240625,丰台,永定门,101121119289,东城  二环边 三居室  低楼层,560万,62844元/平,低楼层 (共6层) 3室1厅 | 89.11平米 | 东 西,https://ke-image.ljcdn.com/110000-inspection/pc1_wUoud6RJA_2.jpg!m_fill,w_280,h_210,f_jpg?from=ke.com
20240625,丰台,永定门,101121097006,满五唯一商品房把边户型采光好。,1050万,95377元/平,底层 (共8层) 2室1厅 | 110.09平米 | 东 南 北,https://ke-image.ljcdn.com/110000-inspection/pc1_WCp36DtCT_1.jpg!m_fill,w_280,h_210,f_jpg?from=ke.com
20240625,丰台,永定门,101121078777,陶然桥下 东城 东向两居  满五唯一 视野开阔 带车位房主自荐,649万,78744元/平,低楼层 (共18层) | 2002年 | 2室1厅 | 82.42平米 | 东南,https://ke-image.ljcdn.com/110000-inspection/357b3c3b-1408-4ae3-ae46-90d32150bea1_1000.jpg!m_fill,w_280,h_210,f_jpg?from=ke.com
20240625,丰台,永定门,101121042603,东城区 安乐林二条 精装修上跃  采光视野好,640万,76896元/平,顶层 (共6层) 3室1厅 | 83.23平米 | 南 北,https://ke-image.ljcdn.com/110000-inspection/59ce892e-94cc-4689-b6af-4f570aec98a8_1000.jpg!m_fill,w_280,h_210,f_jpg?from=ke.com
20240625,丰台,永定门,101121017891,东城区永定门外双地铁8+14号线 商品房社区 满5年唯一,535万,74941元/平,低楼层 (共16层) | 1999年 | 2室1厅 | 71.39平米 | 南 西,https://ke-image.ljcdn.com/110000-inspection/pc1_ZRF2LewVx_1.jpg!m_fill,w_280,h_210,f_jpg?from=ke.com
20240625,丰台,永定门,101120997123,满五年唯一南北通透两居室采光视野好,450万,73290元/平,中楼层 (共6层) 2室1厅 | 61.4平米 | 南 北,https://ke-image.ljcdn.com/110000-inspection/01439841-f587-45b7-9fd4-74285e34439d_1000.jpg!m_fill,w_280,h_210,f_jpg?from=ke.com
20240625,丰台,永定门,101120682731,东城区 永定门 近地铁 高楼层一居室,345万,92494元/平,高楼层 (共15层) 1室1厅 | 37.3平米 | 北,https://ke-image.ljcdn.com/110000-inspection/5d9f4f53-d9d6-434c-b982-acca5e2443b1_1000.jpg!m_fill,w_280,h_210,f_jpg?from=ke.com
20240625,丰台,永定门,101120668717,东城天坛旁 板楼南北3居 一梯两户 高层带电梯 视野好,1180万,86063元/平,中楼层 (共12层) 3室2厅 | 137.11平米 | 南 北,https://ke-image.ljcdn.com/110000-inspection/673074ec-b533-4b42-a2de-8523b0a85caa_1000.jpg!m_fill,w_280,h_210,f_jpg?from=ke.com
20240625,丰台,永定门,101120528006,东城区 陶然桥下 建予园 三居 无遮挡 视野开阔,619万,56289元/平,低楼层 (共16层) 3室1厅 | 109.97平米 | 西北,https://ke-image.ljcdn.com/110000-inspection/d905e895-d283-4366-b9ad-6911df5a4dd0_1000.jpg!m_fill,w_280,h_210,f_jpg?from=ke.com
20240625,丰台,永定门,101120404278,东城区 天天家园  南北正规三居 层高2.71m,1180万,91701元/平,底层 (共12层) 3室2厅 | 128.68平米 | 南 北,https://ke-image.ljcdn.com/110000-inspection/pc1_r3vLzMGze.jpg!m_fill,w_280,h_210,f_jpg?from=ke.com
20240625,丰台,永定门,101120356634,东城区 永定门外 双地铁8+14号线 商品房社区 满5年,888万,66215元/平,中楼层 (共18层) 3室1厅 | 134.11平米 | 西南,https://ke-image.ljcdn.com/110000-inspection/pc1_eGPAQVfZ2_1.jpg!m_fill,w_280,h_210,f_jpg?from=ke.com
20240625,丰台,永定门,101120352362,东城区华龙美晟2009年小区楼龄新交通便利,732万,89949元/平,中楼层 (共12层) 2室1厅 | 81.38平米 | 西北,https://ke-image.ljcdn.com/110000-inspection/b681de75-861d-4b51-b8c0-6ec9a9eb425f_1000.jpg!m_fill,w_280,h_210,f_jpg?from=ke.com
20240625,丰台,永定门,101120184412,此房满五年唯一 高楼层 有电梯  诚心出售平台可利用,447万,96880元/平,顶层 (共12层) 1室1厅 | 46.14平米 | 东,https://ke-image.ljcdn.com/110000-inspection/a7bec6bf-eeb2-43c2-85fe-ca65b082a0e1_1000.jpg!m_fill,w_280,h_210,f_jpg?from=ke.com
20240625,丰台,永定门,101120078311,满五年唯一只有契税购房成本低,55万,14898元/平,地下室 (共12层) 1室0厅 | 36.92平米 | 南,https://ke-image.ljcdn.com/110000-inspection/pc1_JwSyiBhDj.jpg!m_fill,w_280,h_210,f_jpg?from=ke.com
20240625,丰台,永定门,101120033428,安乐林路 1室0厅 南,350万,92179元/平,中楼层 (共6层) | 1970年 | 1室0厅 | 37.97平米 | 南,https://ke-image.ljcdn.com/110000-inspection/5d0db523-abab-4858-ad6c-24a2b1a42cbe_1000.jpg!m_fill,w_280,h_210,f_jpg?from=ke.com
20240625,丰台,永定门,101120032912,东城区南北通透3居中楼层采光通风好,498万,70709元/平,中楼层 (共6层) | 1970年 | 3室1厅 | 70.43平米 | 南 北,https://ke-image.ljcdn.com/110000-inspection/pc1_YDbky5jN7.jpg!m_fill,w_280,h_210,f_jpg?from=ke.com
20240625,丰台,永定门,101119994951,东城区 永定门外 定安里小区 南向 两居室 出售,409万,74649元/平,高楼层 (共6层) | 1980年 | 2室1厅 | 54.79平米 | 南,https://ke-image.ljcdn.com/110000-inspection/6922ebb2-7155-4370-be75-a644e51f4e77_1000.jpg!m_fill,w_280,h_210,f_jpg?from=ke.com
20240625,丰台,永定门,101119881740,郭庄北里中间楼层南北向两居室前后不临街业主诚心出售,535万,79578元/平,中楼层 (共6层) 2室1厅 | 67.23平米 | 南 北,https://ke-image.ljcdn.com/110000-inspection/pc1_EB0SeAquh_1.jpg!m_fill,w_280,h_210,f_jpg?from=ke.com
20240625,丰台,永定门,101119860081,东城区 朝南一居 采光好 地铁近 天坛公园500米,415万,113824元/平,中楼层 (共6层) | 1980年 | 1室1厅 | 36.46平米 | 南,https://ke-image.ljcdn.com/110000-inspection/621298ff-5b5d-41df-89ba-b81146feb135_1000.jpg!m_fill,w_280,h_210,f_jpg?from=ke.com
20240625,丰台,永定门,101119769610,东城区 2009年 商品房社区 落地窗 无遮挡 满五唯一,788万,82913元/平,低楼层 (共12层) | 2009年 | 2室1厅 | 95.04平米 | 东,https://ke-image.ljcdn.com/110000-inspection/pc1_HzpIoiCCU_1.jpg!m_fill,w_280,h_210,f_jpg?from=ke.com
20240625,丰台,永定门,101119739312,东城二环边大3居 正对小区花园 高层带电梯 满五年唯一,1080万,68768元/平,高楼层 (共11层) | 2001年 | 3室2厅 | 157.05平米 | 东 北,https://ke-image.ljcdn.com/110000-inspection/e89b206b-8f00-4dca-9be6-c1c81cdd08e4_1000.jpg!m_fill,w_280,h_210,f_jpg?from=ke.com
20240625,丰台,永定门,101119708574,东城天坛商品房 3居带电梯 采光好 双地铁 满五年唯一,758万,58692元/平,低楼层 (共11层) | 2002年 | 3室1厅 | 129.15平米 | 西北,https://ke-image.ljcdn.com/110000-inspection/c4ac42d4-919f-43af-b40b-0a437dba2977_1000.jpg!m_fill,w_280,h_210,f_jpg?from=ke.com
20240625,丰台,永定门,101119245215,天天家园双卫生动静分离西北复式,698万,54046元/平,中楼层 (共11层) 3室1厅 | 129.15平米 | 西 北,https://ke-image.ljcdn.com/110000-inspection/pc1_bJHDny10c_1.jpg!m_fill,w_280,h_210,f_jpg?from=ke.com
20240625,丰台,永定门,101118995605,永铁苑东北三居室户型方正中间楼层诚意出售,798万,73780元/平,中楼层 (共22层) 3室1厅 | 108.16平米 | 东北,https://ke-image.ljcdn.com/110000-inspection/738381c8-20a9-4c70-92b7-289e043b991e_1000.jpg!m_fill,w_280,h_210,f_jpg?from=ke.com
20240625,丰台,永定门,101118990452,东城区 05年小区 正规三居室 无遮挡 五年唯一带大阳台,799万,72624元/平,顶层 (共11层) 3室2厅 | 110.02平米 | 东,https://ke-image.ljcdn.com/110000-inspection/9608c75b-3723-4c7e-8a51-1294712552b0_1000.jpg!m_fill,w_280,h_210,f_jpg?from=ke.com
20240625,丰台,永定门,101118741518,永定门两居 全南向 采光好 满五一套,499万,90415元/平,中楼层 (共6层) | 1980年 | 2室1厅 | 55.19平米 | 南,https://ke-image.ljcdn.com/110000-inspection/0d3fcbd8-30a8-44e3-a9cc-f7e792067223_1000.jpg!m_fill,w_280,h_210,f_jpg?from=ke.com
20240625,丰台,永定门,101118655046,华龙美晟 车位,49万,12510元/平,地下室 (共12层) 1室0厅 | 39.17平米 | 南,https://ke-image.ljcdn.com/110000-inspection/pc1_mrRsJu03I.jpg!m_fill,w_280,h_210,f_jpg?from=ke.com
20240625,丰台,永定门,101118576207,华龙美晟 车位,53万,14344元/平,地下室 (共12层) 1室0厅 | 36.95平米 | 南,https://ke-image.ljcdn.com/110000-inspection/635b43d9-98ca-4471-9967-d583cffb9549_1000.jpg!m_fill,w_280,h_210,f_jpg?from=ke.com
20240625,丰台,永定门,101118566976,西革新里108号院三居室业主诚意出售,519万,71676元/平,底层 (共6层) 3室1厅 | 72.41平米 | 南 北,https://ke-image.ljcdn.com/110000-inspection/51150773-6668-4027-9251-b1a66e0235db_1000.jpg!m_fill,w_280,h_210,f_jpg?from=ke.com
20240625,丰台,永定门,101118330834,东城区 新奥洋房南向大一居近地铁带电梯花园洋房,570万,89963元/平,中楼层 (共11层) | 2006年 | 1室0厅 | 63.36平米 | 南,https://ke-image.ljcdn.com/110000-inspection/ec024897-93ce-4360-a15f-34b8c5e3350c_1000.jpg!m_fill,w_280,h_210,f_jpg?from=ke.com
20240625,丰台,永定门,101118311508,此房是全南向两居室视野开阔没有遮挡双阳见光,408万,80252元/平,顶层 (共6层) | 1983年 | 2室1厅 | 50.84平米 | 南,https://ke-image.ljcdn.com/110000-inspection/a9082413-a343-4942-a262-62879ae23b79_1000.jpg!m_fill,w_280,h_210,f_jpg?from=ke.com
20240625,丰台,永定门,101118255960,东城区     交通便利   配套齐全,650万,78144元/平,低楼层 (共6层) 3室1厅 | 83.18平米 | 东北,https://ke-image.ljcdn.com/110000-inspection/dfbba5d4-33bf-475b-93d6-027146ef0936_1000.jpg!m_fill,w_280,h_210,f_jpg?from=ke.com
20240625,丰台,永定门,101117975781,满五年唯一楼层好正对小区花园视野采光无遮挡。,465万,82814元/平,中楼层 (共11层) | 2005年 | 1室1厅 | 56.15平米 | 北,https://ke-image.ljcdn.com/110000-inspection/pc1_LeiJEf3nV_1.jpg!m_fill,w_280,h_210,f_jpg?from=ke.com
20240625,丰台,永定门,101117909446,东城 景泰西里西区 南向 满五唯一 有固定车位 有电梯,460万,76298元/平,中楼层 (共10层) | 2005年 | 1室1厅 | 60.29平米 | 南,https://ke-image.ljcdn.com/110000-inspection/a5dcc9f0-6c15-4a01-a666-d30a24ab48ae_1000.jpg!m_fill,w_280,h_210,f_jpg?from=ke.com
20240625,丰台,永定门,101117869971,新奥洋房 通透两居室 满五年唯一 电梯房,1010万,83651元/平,低楼层 (共11层) | 2006年 | 2室1厅 | 120.74平米 | 东 西 北,https://ke-image.ljcdn.com/110000-inspection/pc1_kOtUi7IFV_1.jpg!m_fill,w_280,h_210,f_jpg?from=ke.com
20240625,丰台,永定门,101117725571,华龙美晟 车位,42万,11153元/平,地下室 (共12层) 1室0厅 | 37.66平米 | 南,https://ke-image.ljcdn.com/110000-inspection/pc1_A2FxWRA0e.jpg!m_fill,w_280,h_210,f_jpg?from=ke.com
20240625,丰台,永定门,101117718459,富莱茵花园  东城区 三居室 有电梯 诚心出售,718万,72983元/平,中楼层 (共21层) | 1995年 | 3室1厅 | 98.38平米 | 东 南 北,https://ke-image.ljcdn.com/110000-inspection/pc1_uBgvdoioi_1.jpg!m_fill,w_280,h_210,f_jpg?from=ke.com
20240625,丰台,永定门,101117201895,华龙美晟09年商品房社区大两居落地窗无遮挡,855万,93504元/平,高楼层 (共12层) 2室2厅 | 91.44平米 | 西北,https://ke-image.ljcdn.com/110000-inspection/pc1_ziN4todfl_1.jpg!m_fill,w_280,h_210,f_jpg?from=ke.com
20240625,丰台,永定门,101116822532,华龙美晟 车位,53万,13792元/平,地下室 (共12层) 1室0厅 | 38.43平米 | 南,https://ke-image.ljcdn.com/110000-inspection/pc1_yBjva196Z.jpg!m_fill,w_280,h_210,f_jpg?from=ke.com
20240625,丰台,永定门,101113367947,景泰西里东区——新奥洋房（花园洋房社区）,2460万,89293元/平,顶层 (共9层) | 2005年 | 6室2厅 | 275.5平米 | 南 西 北,https://ke-image.ljcdn.com/110000-inspection/11386d46-0274-48a9-9357-914e1581a690_1000.jpg!m_fill,w_280,h_210,f_jpg?from=ke.com
20240625,丰台,永定门,101111011270,华龙美晟 车位,53万,14356元/平,地下室 (共12层) | 2009年 | 1室0厅 | 36.92平米 | 南,https://ke-image.ljcdn.com/110000-inspection/pc1_bJQhCUoNv.jpg!m_fill,w_280,h_210,f_jpg?from=ke.com
20240625,丰台,永定门,101106834865,东城区 2005年商品房 复式四居,1250万,76304元/平,顶层 (共11层) | 2005年 | 4室2厅 | 163.82平米 | 东 南 北,https://ke-image.ljcdn.com/110000-inspection/pc1_ATtudmg4G_1.jpg!m_fill,w_280,h_210,f_jpg?from=ke.com
20240625,丰台,永定门,101125054182,望陶园小区 3室1厅 西北新上,750万,72936元/平,高楼层 (共18层) 3室1厅 | 102.83平米 | 西北,https://s1.ljcdn.com/pegasus/redskull/images/common/default_house_list.png?_v=20240624162946
20240625,丰台,永定门,101125040003,桃园南街10号院交通方便配套齐全南北通透新上,580万,95948元/平,中楼层 (共6层) 2室1厅 | 60.45平米 | 南 北,https://s1.ljcdn.com/pegasus/redskull/images/common/default_house_list.png?_v=20240624162946
20240625,丰台,永定门,101125037041,东城区  定安里 无遮挡  南向一居室新上,330万,80371元/平,高楼层 (共6层) | 1983年 | 1室1厅 | 41.06平米 | 南,https://s1.ljcdn.com/pegasus/redskull/images/common/default_house_list.png?_v=20240624162946
20240625,丰台,永定门,101124989859,天天家园 2室1厅 北新上,750万,99510元/平,低楼层 (共12层) 2室1厅 | 75.37平米 | 北,https://ke-image.ljcdn.com/110000-inspection/deaccfc1-8d27-4999-9c3d-d25584d55879_1000.jpg!m_fill,w_280,h_210,f_jpg?from=ke.com
20240625,丰台,永定门,101124984252,郭庄北里 2室1厅 南 北新上,425万,72937元/平,高楼层 (共6层) | 1990年 | 2室1厅 | 58.27平米 | 南 北,https://s1.ljcdn.com/pegasus/redskull/images/common/default_house_list.png?_v=20240624162946
20240625,丰台,永定门,101124935916,东革新里40号院 2室1厅 南 北,450万,77493元/平,低楼层 (共6层) 2室1厅 | 58.07平米 | 南 北,https://s1.ljcdn.com/pegasus/redskull/images/common/default_house_list.png?_v=20240624162946
20240625,丰台,永定门,101124872884,安乐林二条 东城区 南向一居室 无遮挡 采光好,377万,66048元/平,高楼层 (共6层) 1室1厅 | 57.08平米 | 南,https://s1.ljcdn.com/pegasus/redskull/images/common/default_house_list.png?_v=20240624162946
20240625,丰台,永定门,101124837777,景泰西里西区 1室1厅 南,439万,72803元/平,中楼层 (共10层) 1室1厅 | 60.3平米 | 南,https://s1.ljcdn.com/pegasus/redskull/images/common/default_house_list.png?_v=20240624162946
20240625,丰台,永定门,101124619340,东城区 无遮挡 满五唯一商品房,588万,73244元/平,底层 (共12层) 2室1厅 | 80.28平米 | 东,https://s1.ljcdn.com/pegasus/redskull/images/common/default_house_list.png?_v=20240624162946
20240625,丰台,永定门,101124493078,东城区 永定门 双地铁8+14号线 南北通透 次新,660万,79071元/平,高楼层 (共21层) | 2016年 | 3室1厅 | 83.47平米 | 南 北,https://s1.ljcdn.com/pegasus/redskull/images/common/default_house_list.png?_v=20240624162946
20240625,丰台,永定门,101124132231,东城区双地铁8+14号线永定门外2015年楼龄两居,500万,69090元/平,高楼层 (共21层) 2室1厅 | 72.37平米 | 南 北,https://s1.ljcdn.com/pegasus/redskull/images/common/default_house_list.png?_v=20240624162946
20240625,丰台,永定门,101120661098,景泰西里西区 3室1厅 南 北,710万,65814元/平,顶层 (共10层) | 2005年 | 3室1厅 | 107.88平米 | 南 北,https://ke-image.ljcdn.com/110000-inspection/001d4812-5630-4f36-b8fe-8220a6f09d43.jpg!m_fill,w_280,h_210,f_jpg?from=ke.com
20240625,丰台,永定门,101120434849,华龙美晟 车位,48.5万,11926元/平,地下室 (共12层) 1室0厅 | 40.67平米 | 南,https://ke-image.ljcdn.com/110000-inspection/fa25646ea4427f4f1588e082f8ce0bc7-095.jpg!m_fill,w_280,h_210,f_jpg?from=ke.com
20240625,丰台,永定门,101116263402,华龙美晟 车位,49万,12751元/平,地下室 (共12层) 1室0厅 | 38.43平米 | 南,https://ke-image.ljcdn.com/110000-inspection/6fc33623-a820-4e0e-a326-dc7093be6e33.jpg!m_fill,w_280,h_210,f_jpg?from=ke.com
