20231212,大兴,枣园,101122243342,满五唯一  南北通透  全明格局  采光充足必看好房,235万,30229元/平,高楼层 (共18层) | 2012年 | 2室2厅 | 77.74平米 | 南 北,https://ke-image.ljcdn.com/110000-inspection/8acd27af-bc65-4859-ad68-3176ed21450c_1000.jpg!m_fill,w_280,h_210,f_jpg?from=ke.com
20231212,大兴,枣园,101122226189,康宜家园南区 电梯南北三居看房提前联系 业主配和转商必看好房,210万,30039元/平,高楼层 (共15层) 3室1厅 | 69.91平米 | 南 北,https://ke-image.ljcdn.com/110000-inspection/8a0f2b60-63ca-408f-ba89-77c252c9cdb0_1000.jpg!m_fill,w_280,h_210,f_jpg?from=ke.com
20231212,大兴,枣园,101122176985,枣园尚城北区 2室1厅 南 北必看好房,330万,40969元/平,高楼层 (共17层) 2室1厅 | 80.55平米 | 南 北,https://ke-image.ljcdn.com/110000-inspection/pc1_IYjlSU1ed.jpg!m_fill,w_280,h_210,f_jpg?from=ke.com
20231212,大兴,枣园,101122128696,首座御园二期北区三期南北两居室满五年边户。必看好房,360万,37721元/平,中楼层 (共12层) | 2015年 | 2室1厅 | 95.44平米 | 东 南 北,https://ke-image.ljcdn.com/110000-inspection/47e6a190-7c2f-4d96-ae8e-b89edc57354a_1000.jpg!m_fill,w_280,h_210,f_jpg?from=ke.com
20231212,大兴,枣园,101122108055,康和名居远离高铁满五唯一精装两居必看好房,309万,40707元/平,高楼层 (共18层) 2室1厅 | 75.91平米 | 南,https://ke-image.ljcdn.com/110000-inspection/pc1_s0H9Uo5tW_2.jpg!m_fill,w_280,h_210,f_jpg?from=ke.com
20231212,大兴,枣园,101122139337,此房满五唯一 直厅户型 楼层高 视野宽阔 采光充足,310万,34820元/平,高楼层 (共15层) 2室2厅 | 89.03平米 | 南 北,https://ke-image.ljcdn.com/110000-inspection/pc1_4BHpx0Jjz_2.jpg!m_fill,w_280,h_210,f_jpg?from=ke.com
20231212,大兴,枣园,101122104298,彩虹新城南北通透两居采光好满五唯一必看好房,473万,51655元/平,中楼层 (共17层) | 2008年 | 2室1厅 | 91.57平米 | 南 北,https://ke-image.ljcdn.com/110000-inspection/65930492-6e97-4868-ba98-fcd90ad65eb0_1000.jpg!m_fill,w_280,h_210,f_jpg?from=ke.com
20231212,大兴,枣园,101122082966,中建国际港南向两居满五唯一拎包即住必看好房,445万,50380元/平,中楼层 (共29层) 2室1厅 | 88.33平米 | 南,https://ke-image.ljcdn.com/110000-inspection/pc1_ucCWGbxvM_2.jpg!m_fill,w_280,h_210,f_jpg?from=ke.com
20231212,大兴,枣园,101122076790,中建国际港 店长推荐 南向两居室 环境优美 交通便利必看好房,428万,49219元/平,低楼层 (共33层) 2室1厅 | 86.96平米 | 南,https://ke-image.ljcdn.com/110000-inspection/3d66bf08-7bc4-4876-810d-908fdc86a771_1000.jpg!m_fill,w_280,h_210,f_jpg?from=ke.com
20231212,大兴,枣园,101122074546,枣园尚城北区 1室1厅 南必看好房,269万,43819元/平,中楼层 (共17层) | 2012年 | 1室1厅 | 61.39平米 | 南,https://ke-image.ljcdn.com/110000-inspection/4b23d3e4-1767-4a38-9943-365c24b2510f_1000.jpg!m_fill,w_280,h_210,f_jpg?from=ke.com
20231212,大兴,枣园,101122056601,兴华园 精装两居室 满五唯一 业主诚心卖必看好房,309万,39298元/平,低楼层 (共6层) 2室2厅 | 78.63平米 | 南 北,https://ke-image.ljcdn.com/110000-inspection/46e27efa-53a5-4120-a875-63120c94742c_1000.jpg!m_fill,w_280,h_210,f_jpg?from=ke.com
20231212,大兴,枣园,101122052404,2015年电梯房楼层好视野开阔小区环境好业主诚心出售必看好房,320万,34745元/平,高楼层 (共14层) | 2015年 | 2室1厅 | 92.1平米 | 西南,https://ke-image.ljcdn.com/110000-inspection/pc1_EwT9fLKdA_2.jpg!m_fill,w_280,h_210,f_jpg?from=ke.com
20231212,大兴,枣园,101122049587,团河苑 2室1厅 南 北必看好房,176万,29437元/平,中楼层 (共6层) | 1994年 | 2室1厅 | 59.79平米 | 南 北,https://ke-image.ljcdn.com/110000-inspection/0ae72301-818f-4a93-9b07-bd9cccc4eae0_1000.jpg!m_fill,w_280,h_210,f_jpg?from=ke.com
20231212,大兴,枣园,101121999732,枣园小区大三居低楼层近东门。必看好房,445万,38525元/平,低楼层 (共6层) 3室2厅 | 115.51平米 | 南 北,https://ke-image.ljcdn.com/110000-inspection/pc1_cYroxxSlZ_2.jpg!m_fill,w_280,h_210,f_jpg?from=ke.com
20231212,大兴,枣园,101121998708,盛嘉华苑 2室1厅 南 北必看好房,263万,33714元/平,中楼层 (共15层) | 2012年 | 2室1厅 | 78.01平米 | 南 北,https://ke-image.ljcdn.com/110000-inspection/pc1_iF4746POi_2.jpg!m_fill,w_280,h_210,f_jpg?from=ke.com
20231212,大兴,枣园,101121994688,中建国际港 南北通透 满五年唯一 高楼层全明唯一必看好房,508万,56009元/平,中楼层 (共33层) | 2015年 | 2室1厅 | 90.7平米 | 南 北,https://ke-image.ljcdn.com/110000-inspection/6dc08386-0952-4a59-90d4-97982fc30e0d_1000.jpg!m_fill,w_280,h_210,f_jpg?from=ke.com
20231212,大兴,枣园,101121988025,商品房精装两居室产权清晰无抵押业主急售；房主自荐,345万,36389元/平,底层 (共12层) | 2015年 | 2室1厅 | 94.81平米 | 南 北,https://ke-image.ljcdn.com/110000-inspection/e14acf2d-1300-4392-a4d1-368e0535d6a2_1000.jpg!m_fill,w_280,h_210,f_jpg?from=ke.com
20231212,大兴,枣园,101121978381,康庄路52号院 满五唯一  诚心出售 看房方便必看好房,259万,29743元/平,顶层 (共21层) 2室1厅 | 87.08平米 | 南 北,https://ke-image.ljcdn.com/110000-inspection/pc1_5vSfuN7Xe_2.jpg!m_fill,w_280,h_210,f_jpg?from=ke.com
20231212,大兴,枣园,101121960080,康庄路50号院满五唯一看房方便必看好房,308万,34732元/平,顶层 (共14层) 2室2厅 | 88.68平米 | 南 北,https://ke-image.ljcdn.com/110000-inspection/pc1_1t9A1cB4L_2.jpg!m_fill,w_280,h_210,f_jpg?from=ke.com
20231212,大兴,枣园,101121946521,首座御园 商品房 满五唯一商品房 采光好 不临街必看好房,263万,32818元/平,高楼层 (共14层) | 2015年 | 2室1厅 | 80.14平米 | 西,https://ke-image.ljcdn.com/110000-inspection/fa3a38c6-c48d-4e44-8b74-b07b43d59fd2_1000.jpg!m_fill,w_280,h_210,f_jpg?from=ke.com
20231212,大兴,枣园,101121934162,婚房精致装修康宜家园电梯房2居必看好房,230万,32358元/平,低楼层 (共21层) 2室1厅 | 71.08平米 | 南 北,https://ke-image.ljcdn.com/110000-inspection/26c39359-a1d7-40ad-ba81-af35e8640028_1000.jpg!m_fill,w_280,h_210,f_jpg?from=ke.com
20231212,大兴,枣园,101121930438,枣园小区  南北通透一居室  高楼层采光好  满五唯一必看好房,183万,32207元/平,顶层 (共6层) 1室1厅 | 56.82平米 | 南 北,https://ke-image.ljcdn.com/110000-inspection/2fcff433-d4c0-4d6e-a450-c19293c93b42_1000.jpg!m_fill,w_280,h_210,f_jpg?from=ke.com
20231212,大兴,枣园,101121885231,康宜家园南区 2室1厅 南 北必看好房,205万,29324元/平,低楼层 (共17层) 2室1厅 | 69.91平米 | 南 北,https://ke-image.ljcdn.com/110000-inspection/d9c8280f-b802-4d68-a227-0bd29b8c76ec_1000.jpg!m_fill,w_280,h_210,f_jpg?from=ke.com
20231212,大兴,枣园,101121884857,首座御园2号院精装电梯房拎包入住,438万,37555元/平,中楼层 (共12层) | 2015年 | 3室1厅 | 116.63平米 | 南 北,https://ke-image.ljcdn.com/110000-inspection/pc1_93UsnFCsd_2.jpg!m_fill,w_280,h_210,f_jpg?from=ke.com
20231212,大兴,枣园,101121859429,康泰园 新近装修两年 高楼层采光好必看好房,345万,44373元/平,高楼层 (共18层) | 2011年 | 2室1厅 | 77.75平米 | 南 北,https://ke-image.ljcdn.com/110000-inspection/pc1_WxXiLajvW_2.jpg!m_fill,w_280,h_210,f_jpg?from=ke.com
20231212,大兴,枣园,101121857740,盛嘉华苑 南北三居室 满五唯一 2012年电梯房必看好房,310万,34820元/平,中楼层 (共18层) 3室2厅 | 89.03平米 | 南 北,https://ke-image.ljcdn.com/110000-inspection/c4cd9224-a587-474c-9df2-dddd691107b7_1000.jpg!m_fill,w_280,h_210,f_jpg?from=ke.com
20231212,大兴,枣园,101121857378,精装修 南北通透两居室 近地铁 业主诚售看房方便必看好房,258万,35854元/平,中楼层 (共6层) 2室1厅 | 71.96平米 | 南 北,https://ke-image.ljcdn.com/110000-inspection/pc1_ijhpzMZub_2.jpg!m_fill,w_280,h_210,f_jpg?from=ke.com
20231212,大兴,枣园,101121792358,满五唯一  南北通透  中间楼层  采光充足,255万,29766元/平,中楼层 (共6层) | 1998年 | 2室1厅 | 85.67平米 | 南 北,https://ke-image.ljcdn.com/110000-inspection/20c6e261-21d6-4c0d-b3f1-26cfc7cc051d_1000.jpg!m_fill,w_280,h_210,f_jpg?from=ke.com
20231212,大兴,枣园,101121729535,清泰园1号院小区环境好毛坯两居电梯房诚心出售必看好房,273万,30341元/平,低楼层 (共14层) | 2015年 | 2室1厅 | 89.98平米 | 东,https://ke-image.ljcdn.com/110000-inspection/2a2508cd-6d24-418b-8c61-a6b2286e8f16_1000.jpg!m_fill,w_280,h_210,f_jpg?from=ke.com
20231212,大兴,枣园,101121716549,大兴黄村  中建国际港  诚心出售   看房方便,860万,53473元/平,中楼层 (共29层) 4室2厅 | 160.83平米 | 南 北 西,https://ke-image.ljcdn.com/110000-inspection/pc1_y5L8ofQL8_2.jpg!m_fill,w_280,h_210,f_jpg?from=ke.com
20231212,大兴,枣园,101121711744,首开康乃馨城南北通透两居限价商品房必看好房,279万,30114元/平,中楼层 (共9层) | 2012年 | 2室1厅 | 92.65平米 | 南 北,https://ke-image.ljcdn.com/110000-inspection/7e1b3652-d024-483c-beae-cd2d56afad93_1000.jpg!m_fill,w_280,h_210,f_jpg?from=ke.com
20231212,大兴,枣园,101121693058,首座御园一期 房子满五年 小区中间位置 电梯房必看好房,515万,43086元/平,高楼层 (共8层) | 2009年 | 3室1厅 | 119.53平米 | 南 北,https://ke-image.ljcdn.com/110000-inspection/54a900db-baef-4920-bf84-182b89417e14_1000.jpg!m_fill,w_280,h_210,f_jpg?from=ke.com
20231212,大兴,枣园,101121653527,中建国际港 满五年唯一 南向两居 高楼层 视野采光好必看好房,458万,50867元/平,高楼层 (共34层) | 2013年 | 2室2厅 | 90.04平米 | 南,https://ke-image.ljcdn.com/110000-inspection/40583d4b-e195-4d74-be8a-1c82c0197a2a_1000.jpg!m_fill,w_280,h_210,f_jpg?from=ke.com
20231212,大兴,枣园,101121650265,首座御园一期 2室2厅 南 北必看好房,375万,40744元/平,底层 (共7层) 2室2厅 | 92.04平米 | 南 北,https://ke-image.ljcdn.com/110000-inspection/pc1_GAA2QujIX_3.jpg!m_fill,w_280,h_210,f_jpg?from=ke.com
20231212,大兴,枣园,101121642336,首座御园二期北区三期南北通透高楼层,340万,35881元/平,高楼层 (共12层) | 2015年 | 2室1厅 | 94.76平米 | 南 北,https://ke-image.ljcdn.com/110000-inspection/pc1_ajRFrpBaV.jpg!m_fill,w_280,h_210,f_jpg?from=ke.com
20231212,大兴,枣园,101121616109,滨河西里中区  经典两居明厅 低楼层 近地铁必看好房,199万,34258元/平,低楼层 (共6层) | 1990年 | 2室1厅 | 58.09平米 | 南 北,https://ke-image.ljcdn.com/110000-inspection/22db8e39-2ec2-42ba-a2ad-3cad808e7c8b_1000.jpg!m_fill,w_280,h_210,f_jpg?from=ke.com
20231212,大兴,枣园,101121609677,首座御园一期 南北朝向两居室满五唯一商品房房主自荐,310万,40063元/平,中楼层 (共8层) | 2009年 | 2室1厅 | 77.38平米 | 南 北,https://ke-image.ljcdn.com/110000-inspection/fd0d7913-7762-403b-8fc4-e4d50876b47c_1000.jpg!m_fill,w_280,h_210,f_jpg?from=ke.com
20231212,大兴,枣园,101121531363,彩虹新城 南向两居室 满五唯一住房,359万,45335元/平,中楼层 (共18层) | 2009年 | 2室1厅 | 79.19平米 | 南,https://ke-image.ljcdn.com/110000-inspection/e385ae77-b3c7-4efc-8d8e-5e6577931ba2_1000.jpg!m_fill,w_280,h_210,f_jpg?from=ke.com
20231212,大兴,枣园,101121508965,枣园北里 中间楼层 南北通透两居必看好房,218万,33446元/平,中楼层 (共6层) 2室1厅 | 65.18平米 | 南 北,https://ke-image.ljcdn.com/110000-inspection/23c6d5e6-4d01-4fcb-9371-c71d350200ce_1000.jpg!m_fill,w_280,h_210,f_jpg?from=ke.com
20231212,大兴,枣园,101121508944,首座御园二区二期 全南向两居室带电梯必看好房,268万,29561元/平,低楼层 (共14层) | 2015年 | 2室1厅 | 90.66平米 | 南,https://ke-image.ljcdn.com/110000-inspection/pc1_4k14gz5tM_1.jpg!m_fill,w_280,h_210,f_jpg?from=ke.com
20231212,大兴,枣园,101121478793,2015年电梯房楼层好视野开阔环境好品质高必看好房,345万,36389元/平,中楼层 (共12层) 2室1厅 | 94.81平米 | 南 北,https://ke-image.ljcdn.com/110000-inspection/pc1_TvzDyK3jb_1.jpg!m_fill,w_280,h_210,f_jpg?from=ke.com
20231212,大兴,枣园,101121466494,康宜家园  满五唯一   高楼层   采光好必看好房,218万,31742元/平,中楼层 (共17层) 2室1厅 | 68.68平米 | 南 北,https://ke-image.ljcdn.com/110000-inspection/b8c716e5-7919-4e31-a42a-c4c3760c5d4a_1000.jpg!m_fill,w_280,h_210,f_jpg?from=ke.com
20231212,大兴,枣园,101121455374,首座御园一期 南北通透两居 小区中间位置 商品房必看好房,376万,40684元/平,中楼层 (共8层) | 2013年 | 2室1厅 | 92.42平米 | 南 北,https://ke-image.ljcdn.com/110000-inspection/pc1_eNW9Wmabn.jpg!m_fill,w_280,h_210,f_jpg?from=ke.com
20231212,大兴,枣园,101121418943,康庄路52号院 满五唯一 小区停车免费必看好房,290万,33208元/平,低楼层 (共21层) | 2010年 | 2室1厅 | 87.33平米 | 南,https://ke-image.ljcdn.com/110000-inspection/98bc0654-41f4-4965-9272-d8a8aff86c5b_1000.jpg!m_fill,w_280,h_210,f_jpg?from=ke.com
20231212,大兴,枣园,101121389871,清源西里 1室1厅 南必看好房,179万,39902元/平,中楼层 (共6层) 1室1厅 | 44.86平米 | 南,https://ke-image.ljcdn.com/110000-inspection/d2147446-58a5-4bcf-b795-56bd3806bd41_1000.jpg!m_fill,w_280,h_210,f_jpg?from=ke.com
20231212,大兴,枣园,101121350739,彩虹新城 电梯中楼层 3居室 南北通透 满五年 首套住房必看好房,510万,42462元/平,中楼层 (共16层) | 2008年 | 3室2厅 | 120.11平米 | 南 北,https://ke-image.ljcdn.com/110000-inspection/352c2302-90c2-468d-94b4-8aa66e65a587_1000.jpg!m_fill,w_280,h_210,f_jpg?from=ke.com
20231212,大兴,枣园,101121349098,康庄路52号院 南向两居室 满五唯一必看好房,275万,31490元/平,高楼层 (共21层) 2室1厅 | 87.33平米 | 南,https://ke-image.ljcdn.com/110000-inspection/926bbaa4-7148-4da2-8114-aaf4c0a9f2bb_1000.jpg!m_fill,w_280,h_210,f_jpg?from=ke.com
20231212,大兴,枣园,101121346367,此房满五年唯一产权清晰朝南户型好采光充足,215万,30142元/平,低楼层 (共15层) 2室1厅 | 71.33平米 | 南,https://ke-image.ljcdn.com/110000-inspection/pc1_cFC5PBzkY_2.jpg!m_fill,w_280,h_210,f_jpg?from=ke.com
20231212,大兴,枣园,101121330863,康宜家园北区 两梯四户 南北通透 精装修必看好房,215万,30248元/平,中楼层 (共21层) 2室1厅 | 71.08平米 | 南 北,https://ke-image.ljcdn.com/110000-inspection/pc1_MIA2MKPqL_2.jpg!m_fill,w_280,h_210,f_jpg?from=ke.com
20231212,大兴,枣园,101121323672,首开康乃馨城 满五年唯一 南北通透两居 好楼层 好位置,292万,33828元/平,中楼层 (共16层) 2室1厅 | 86.32平米 | 南 北,https://ke-image.ljcdn.com/110000-inspection/c4d4579b-a552-4188-bec3-61f724e241d3_1000.jpg!m_fill,w_280,h_210,f_jpg?from=ke.com
20231212,大兴,枣园,101121308040,首座御园2号院西南向三居边户视野好小区中间位置房主自荐,420万,35594元/平,高楼层 (共12层) | 2015年 | 3室2厅 | 118平米 | 西南,https://ke-image.ljcdn.com/110000-inspection/pc1_WiUS7NiUh.jpg!m_fill,w_280,h_210,f_jpg?from=ke.com
20231212,大兴,枣园,101121298286,首座御园一期 2室1厅 南 北必看好房,306万,39546元/平,中楼层 (共8层) 2室1厅 | 77.38平米 | 南 北,https://ke-image.ljcdn.com/110000-inspection/118c832c-ef6a-4fc8-9019-88e7d272c8f2_1000.jpg!m_fill,w_280,h_210,f_jpg?from=ke.com
20231212,大兴,枣园,101121290630,大兴丽园B区  南北通透两居  满五唯一 价格可谈,415万,47674元/平,中楼层 (共7层) | 2004年 | 2室1厅 | 87.05平米 | 南 北,https://ke-image.ljcdn.com/110000-inspection/39d70e07-22d7-4c39-acc5-a1511e04fe67_1000.jpg!m_fill,w_280,h_210,f_jpg?from=ke.com
20231212,大兴,枣园,101121257050,首座御园一期 位置好 不临街 业主诚售,320万,34787元/平,底层 (共8层) | 2013年 | 2室1厅 | 91.99平米 | 南 北,https://ke-image.ljcdn.com/110000-inspection/615a9a81-c9b5-4b57-9828-8468a674a96d_1000.jpg!m_fill,w_280,h_210,f_jpg?from=ke.com
20231212,大兴,枣园,101121234472,187号院 一梯两户 落地窗 中间位置 满五唯一必看好房,358万,42747元/平,中楼层 (共13层) | 2009年 | 2室2厅 | 83.75平米 | 南 北,https://ke-image.ljcdn.com/110000-inspection/pc1_YUMvF4qsN.jpg!m_fill,w_280,h_210,f_jpg?from=ke.com
20231212,大兴,枣园,101121183580,丽园C区南北通透二居满五年唯一产权清晰必看好房,422万,42234元/平,中楼层 (共6层) 2室2厅 | 99.92平米 | 南 北,https://ke-image.ljcdn.com/110000-inspection/f847778b-5a5d-43cf-9e7f-fa8301102054_1000.jpg!m_fill,w_280,h_210,f_jpg?from=ke.com
20231212,大兴,枣园,101121126256,首开康乃馨。精装修。一梯三户高楼层必看好房,305万,33893元/平,高楼层 (共9层) | 2012年 | 2室1厅 | 89.99平米 | 南 北,https://ke-image.ljcdn.com/110000-inspection/pc1_cv6frp141_2.jpg!m_fill,w_280,h_210,f_jpg?from=ke.com
20231212,大兴,枣园,101121121742,满五唯一电梯房位置好户型好交通便利配套齐全必看好房,565万,40851元/平,中楼层 (共7层) | 2000年 | 3室2厅 | 138.31平米 | 南 北,https://ke-image.ljcdn.com/110000-inspection/91948e18-5556-4ecf-8884-593324e91ea4_1000.jpg!m_fill,w_280,h_210,f_jpg?from=ke.com
20231212,大兴,枣园,101121105285,彩虹新城 高楼层 南向两居室 无遮挡,385万,47455元/平,高楼层 (共18层) | 2009年 | 2室1厅 | 81.13平米 | 南,https://ke-image.ljcdn.com/110000-inspection/pc1_YuxSd2muM_2.jpg!m_fill,w_280,h_210,f_jpg?from=ke.com
20231212,大兴,枣园,101121064491,店长推荐 首开康乃馨城精装两居 业主诚心出售,338万,37855元/平,中楼层 (共16层) 2室2厅 | 89.29平米 | 东南,https://ke-image.ljcdn.com/110000-inspection/pc1_BW4URs317_2.jpg!m_fill,w_280,h_210,f_jpg?from=ke.com
20231212,大兴,枣园,101121049358,满五唯一南北通透精装修户型方正地铁500米公园150米,197万,33943元/平,顶层 (共6层) | 1994年 | 2室1厅 | 58.04平米 | 南 北,https://ke-image.ljcdn.com/110000-inspection/0bc799e3-cde4-4ff2-a3a0-118508aa7aa7_1000.jpg!m_fill,w_280,h_210,f_jpg?from=ke.com
20231212,大兴,枣园,101121047953,新安里 2室1厅 南 北必看好房,249万,29728元/平,中楼层 (共6层) | 1996年 | 2室1厅 | 83.76平米 | 南 北,https://ke-image.ljcdn.com/110000-inspection/pc1_j6aE72hjc.jpg!m_fill,w_280,h_210,f_jpg?from=ke.com
20231212,大兴,枣园,101121028682,满五年  南北通透  低楼层  有钥匙,215万,32210元/平,低楼层 (共6层) 2室1厅 | 66.75平米 | 南 北,https://ke-image.ljcdn.com/110000-inspection/6b73a24f-9dc4-4535-9d70-d6fceb4f9d08_1000.jpg!m_fill,w_280,h_210,f_jpg?from=ke.com
20231212,大兴,枣园,101121006413,丽园C区  精装修一天没住 满二年 有钥匙必看好房,279万,44662元/平,中楼层 (共10层) | 2008年 | 1室1厅 | 62.47平米 | 南,https://ke-image.ljcdn.com/110000-inspection/89ef0477-a388-424c-94b5-daaae2ba83b1_1000.jpg!m_fill,w_280,h_210,f_jpg?from=ke.com
20231212,大兴,枣园,101121001050,枣园尚城北区 南北两居 简单装修必看好房,340万,42263元/平,低楼层 (共18层) 2室1厅 | 80.45平米 | 南 北,https://ke-image.ljcdn.com/110000-inspection/043e2095-2416-4a70-86df-87903bbe8f23_1000.jpg!m_fill,w_280,h_210,f_jpg?from=ke.com
20231212,大兴,枣园,101120989950,满五唯一纯南向采光充足楼层好视野好必看好房,439万,50693元/平,高楼层 (共33层) | 2015年 | 2室1厅 | 86.6平米 | 南,https://ke-image.ljcdn.com/110000-inspection/a923eb8f-3be6-46b1-ae4c-42bcee9f2f04_1000.jpg!m_fill,w_280,h_210,f_jpg?from=ke.com
20231212,大兴,枣园,101120984995,首座御园一区二期东向两居室 户型方正 中楼层,293万,32430元/平,中楼层 (共12层) | 2015年 | 2室1厅 | 90.35平米 | 东,https://ke-image.ljcdn.com/110000-inspection/a08342bc-f376-42f1-a800-0dc86a25d64d_1000.jpg!m_fill,w_280,h_210,f_jpg?from=ke.com
20231212,大兴,枣园,101120938271,康和名居满五唯一2012年电梯房看房方便视野好必看好房,316万,39624元/平,中楼层 (共18层) | 2012年 | 2室1厅 | 79.75平米 | 南 北,https://ke-image.ljcdn.com/110000-inspection/c13b9970-6753-49b3-ac42-7d520dee32b7_1000.jpg!m_fill,w_280,h_210,f_jpg?from=ke.com
20231212,大兴,枣园,101120932824,满五年唯一商品房南北通透低楼层必看好房,245万,34052元/平,底层 (共6层) 2室2厅 | 71.95平米 | 南 北,https://ke-image.ljcdn.com/110000-inspection/eeeeaee7-b708-4e28-876d-6a56550e564a_1000.jpg!m_fill,w_280,h_210,f_jpg?from=ke.com
20231212,大兴,枣园,101120921965,康庄路50号院 满五唯一 南北通透两居室 一梯两户必看好房,326万,36762元/平,中楼层 (共14层) | 2012年 | 2室2厅 | 88.68平米 | 南 北,https://ke-image.ljcdn.com/110000-inspection/5c64c2e1-5555-4e97-8ac9-59d343b40aa2_1000.jpg!m_fill,w_280,h_210,f_jpg?from=ke.com
20231212,大兴,枣园,101120911853,首座御园一期 2室1厅 南 北必看好房,348万,37598元/平,低楼层 (共7层) 2室1厅 | 92.56平米 | 南 北,https://ke-image.ljcdn.com/110000-inspection/56c784b3-27a4-4560-9a1e-f3c5c7557bea_1000.jpg!m_fill,w_280,h_210,f_jpg?from=ke.com
20231212,大兴,枣园,101120905452,首开康乃馨城好楼层精装修拎包入住。必看好房,219万,34990元/平,高楼层 (共16层) | 2012年 | 1室1厅 | 62.59平米 | 南,https://ke-image.ljcdn.com/110000-inspection/796290a5-7140-49fa-965f-a955047f6eb6_1000.jpg!m_fill,w_280,h_210,f_jpg?from=ke.com
20231212,大兴,枣园,101120896286,大兴丽园c区满五唯一简单装修南北通透大两居必看好房,433万,39894元/平,高楼层 (共10层) | 2008年 | 2室1厅 | 108.54平米 | 南 北,https://ke-image.ljcdn.com/110000-inspection/75ef0293-dfef-4ae8-a6db-6c531fc081fb_1000.jpg!m_fill,w_280,h_210,f_jpg?from=ke.com
20231212,大兴,枣园,101120892289,大兴黄村  枣园小区  诚心出售  看房方便必看好房,290万,35401元/平,高楼层 (共6层) | 1995年 | 3室1厅 | 81.92平米 | 南 北,https://ke-image.ljcdn.com/110000-inspection/09cc5338-3d1d-4018-9cbe-119f658cf7ca_1000.jpg!m_fill,w_280,h_210,f_jpg?from=ke.com
20231212,大兴,枣园,101120891644,首开康乃馨城精装修一居室商品房只有契税,218万,34830元/平,高楼层 (共16层) | 2012年 | 1室1厅 | 62.59平米 | 南,https://ke-image.ljcdn.com/110000-inspection/2d0a612e-b655-4f2a-add3-3943b553c1ab_1000.jpg!m_fill,w_280,h_210,f_jpg?from=ke.com
20231212,大兴,枣园,101120886142,首开康乃馨城房本满两年精装修已转商仅有契税必看好房,209万,33392元/平,低楼层 (共16层) | 2012年 | 2室1厅 | 62.59平米 | 东南,https://ke-image.ljcdn.com/110000-inspection/0f981371-096f-4b11-8417-221fa20cef74_1000.jpg!m_fill,w_280,h_210,f_jpg?from=ke.com
20231212,大兴,枣园,101120885061,枣园小区一层精装修南北通透两居室满五年唯一房主自荐,255万,38573元/平,底层 (共6层) | 1995年 | 2室1厅 | 66.11平米 | 南 北,https://ke-image.ljcdn.com/110000-inspection/pc1_VxoZGMZ5Q_2.jpg!m_fill,w_280,h_210,f_jpg?from=ke.com
20231212,大兴,枣园,101120882607,盛嘉华苑小区南向小两居户型毛坯房必看好房,225万,32333元/平,高楼层 (共15层) | 2012年 | 2室1厅 | 69.59平米 | 南,https://ke-image.ljcdn.com/110000-inspection/a2345321-8459-4964-b3fc-f85fb63b73f6_1000.jpg!m_fill,w_280,h_210,f_jpg?from=ke.com
20231212,大兴,枣园,101120869211,商品房首开康乃馨城两居室 采光好  满五年唯一必看好房,217万,33462元/平,低楼层 (共9层) | 2012年 | 2室1厅 | 64.85平米 | 南,https://ke-image.ljcdn.com/110000-inspection/af165b91-a3c9-4946-b3d3-41fa2ed0530b_1000.jpg!m_fill,w_280,h_210,f_jpg?from=ke.com
20231212,大兴,枣园,101120862523,盛嘉华苑  纯南向两居室 落地窗 2012年建成必看好房,228万,30737元/平,中楼层 (共17层) 2室1厅 | 74.18平米 | 南,https://ke-image.ljcdn.com/110000-inspection/42ef842f-c841-4317-bbf9-bfae90e59371_1000.jpg!m_fill,w_280,h_210,f_jpg?from=ke.com
20231212,大兴,枣园,101120856802,清源西里 南北通透 近地铁两居 诚意出售必看好房,243万,32409元/平,高楼层 (共6层) 2室1厅 | 74.98平米 | 南 北,https://ke-image.ljcdn.com/110000-inspection/pc1_43LCqTqQO_2.jpg!m_fill,w_280,h_210,f_jpg?from=ke.com
20231212,大兴,枣园,101120854468,丽园B区带电梯三居室南北通透带电梯,619万,49473元/平,中楼层 (共8层) 3室1厅 | 125.12平米 | 南 北,https://ke-image.ljcdn.com/110000-inspection/pc1_TDJpjG42X_2.jpg!m_fill,w_280,h_210,f_jpg?from=ke.com
20231212,大兴,枣园,101120823175,新安里小区 小两居 68平南北通透二层必看好房,219万,32103元/平,低楼层 (共6层) | 1997年 | 2室1厅 | 68.22平米 | 南 北,https://ke-image.ljcdn.com/110000-inspection/49da5103-53a2-4e1c-acc1-004b7717f7dd_1000.jpg!m_fill,w_280,h_210,f_jpg?from=ke.com
20231212,大兴,枣园,101120810320,新安里小区 双卧朝南两居室 明厅,210万,30404元/平,底层 (共6层) 2室1厅 | 69.07平米 | 南 北,https://ke-image.ljcdn.com/110000-inspection/912dde43-0c8b-4544-ac95-eee0375c0bb5_1000.jpg!m_fill,w_280,h_210,f_jpg?from=ke.com
20231212,大兴,枣园,101120791330,枣园小区东门 去地铁很近 中间层 视野好 少有户型诚售必看好房,249万,35135元/平,中楼层 (共6层) 2室1厅 | 70.87平米 | 南 北,https://ke-image.ljcdn.com/110000-inspection/a59691f6-1a92-4426-a11e-a69d161632c7_1000.jpg!m_fill,w_280,h_210,f_jpg?from=ke.com
20231212,大兴,枣园,101120780044,1999年的房子近地铁  中间楼层三居室 诚意出售必看好房,449万,42136元/平,中楼层 (共6层) 3室2厅 | 106.56平米 | 南 北,https://ke-image.ljcdn.com/110000-inspection/33893608-90da-44b6-92da-db12301a36dc_1000.jpg!m_fill,w_280,h_210,f_jpg?from=ke.com
20231212,大兴,枣园,101120752974,枣园小区明厅南北通透户型满五年唯一采光好必看好房,249万,37377元/平,中楼层 (共6层) 2室1厅 | 66.62平米 | 南 北,https://ke-image.ljcdn.com/110000-inspection/3f5fe3e7-7c93-45cf-9249-97d270600d6b_1000.jpg!m_fill,w_280,h_210,f_jpg?from=ke.com
20231212,大兴,枣园,101120656963,枣园北里 南北通透 明厅满五年唯一必看好房,255万,35541元/平,中楼层 (共6层) | 1998年 | 2室1厅 | 71.75平米 | 南 北,https://ke-image.ljcdn.com/110000-inspection/cc5db64e-fdf5-432c-a123-711dd22b0bd4_1000.jpg!m_fill,w_280,h_210,f_jpg?from=ke.com
20231212,大兴,枣园,101120518390,滨河西里南区中间楼层南北通透小户型必看好房,206万,34118元/平,中楼层 (共6层) | 1991年 | 2室1厅 | 60.38平米 | 南 北,https://ke-image.ljcdn.com/110000-inspection/pc1_3KoxBPq5H.jpg!m_fill,w_280,h_210,f_jpg?from=ke.com
20231212,大兴,枣园,101120465416,首座御园二区二期 1室1厅 东,218万,27871元/平,低楼层 (共14层) | 2015年 | 1室1厅 | 78.22平米 | 东,https://ke-image.ljcdn.com/110000-inspection/pc1_G3Jn8orys.jpg!m_fill,w_280,h_210,f_jpg?from=ke.com
20231212,大兴,枣园,101120451542,东亚马赛公馆  商品房   人车分流房主自荐,455万,50416元/平,中楼层 (共17层) 2室1厅 | 90.25平米 | 南 北,https://ke-image.ljcdn.com/110000-inspection/pc1_eeFjOdm63_2.jpg!m_fill,w_280,h_210,f_jpg?from=ke.com
20231212,大兴,枣园,101120436449,不临街采光视野好满五年家庭唯一全明户型采光好,285万,37120元/平,高楼层 (共6层) 2室1厅 | 76.78平米 | 南 北,https://ke-image.ljcdn.com/110000-inspection/pc1_LCU26ukmy.jpg!m_fill,w_280,h_210,f_jpg?from=ke.com
20231212,大兴,枣园,101120082103,清源佳园 全明户型 电梯房 南北通透 诚意出售必看好房,249万,32876元/平,高楼层 (共18层) | 2019年 | 2室1厅 | 75.74平米 | 南 北,https://ke-image.ljcdn.com/110000-inspection/883b5e1f-0852-42e3-af6c-fca5bcc54678_1000.jpg!m_fill,w_280,h_210,f_jpg?from=ke.com
20231212,大兴,枣园,101119990809,枣园小区精装修三居室好楼层位置棒满五唯一。,325万,39673元/平,中楼层 (共5层) | 1995年 | 3室1厅 | 81.92平米 | 南 北,https://ke-image.ljcdn.com/110000-inspection/73047970-c13c-4cb0-ab7a-442b21aa0fe1_1000.jpg!m_fill,w_280,h_210,f_jpg?from=ke.com
20231212,大兴,枣园,101119970154,首座御园一区二期南向两居室精装修自住,309万,33875元/平,中楼层 (共14层) 2室1厅 | 91.22平米 | 南,https://ke-image.ljcdn.com/110000-inspection/pc1_JJZwpP17D_2.jpg!m_fill,w_280,h_210,f_jpg?from=ke.com
20231212,大兴,枣园,101119903725,红木林南区 满五唯一 不临街 中间楼层必看好房,439万,61571元/平,高楼层 (共28层) | 2013年 | 2室2厅 | 71.3平米 | 南,https://ke-image.ljcdn.com/110000-inspection/pc1_2j8dh2J4N_2.jpg!m_fill,w_280,h_210,f_jpg?from=ke.com
20231212,大兴,枣园,101119782608,康乃馨南向两居室满五年好位置好楼层房主自荐,215万,34544元/平,高楼层 (共16层) | 2012年 | 1室1厅 | 62.24平米 | 南,https://ke-image.ljcdn.com/110000-inspection/cb74294a-3210-4371-9bf1-e20712b34364_1000.jpg!m_fill,w_280,h_210,f_jpg?from=ke.com
20231212,大兴,枣园,101119778923,首开康乃馨城 12年 电梯房   满五唯一 商品房,330万,36959元/平,中楼层 (共16层) | 2012年 | 2室2厅 | 89.29平米 | 西南,https://ke-image.ljcdn.com/110000-inspection/dd6d51a4-e58b-4c13-8f56-689d1763c415_1000.jpg!m_fill,w_280,h_210,f_jpg?from=ke.com
20231212,大兴,枣园,101119747675,团河苑南区南北通透两居小区中间位置中间楼层必看好房,189万,31638元/平,中楼层 (共6层) | 1993年 | 2室2厅 | 59.74平米 | 南 北,https://ke-image.ljcdn.com/110000-inspection/3479c1a2-5556-4ee5-b5c9-4de7dedd3261_1000.jpg!m_fill,w_280,h_210,f_jpg?from=ke.com
20231212,大兴,枣园,101119725342,康庄中巷4号院南北通透干湿分离方正两居室必看好房,322万,37278元/平,低楼层 (共18层) | 2012年 | 2室1厅 | 86.38平米 | 南 北,https://ke-image.ljcdn.com/110000-inspection/6bebb4e5-7c83-42ec-abd1-2847a8aa05a7_1000.jpg!m_fill,w_280,h_210,f_jpg?from=ke.com
20231212,大兴,枣园,101119677849,此房满五年唯一远离高铁商品房仅有契税,299万,34250元/平,低楼层 (共21层) | 2010年 | 2室1厅 | 87.3平米 | 南,https://ke-image.ljcdn.com/110000-inspection/4e62ce16-312a-4908-a535-d4689441f5f0_1000.jpg!m_fill,w_280,h_210,f_jpg?from=ke.com
20231212,大兴,枣园,101119652752,南北西朝向 高楼层 采光好 业主诚心出售,555万,44643元/平,中楼层 (共27层) | 2013年 | 3室1厅 | 124.32平米 | 西 南 北,https://ke-image.ljcdn.com/110000-inspection/pc1_l7y7Mxmlf_2.jpg!m_fill,w_280,h_210,f_jpg?from=ke.com
20231212,大兴,枣园,101119530862,此房是满五年唯一南北通透两居室户型好 诚心出售必看好房,216万,31451元/平,高楼层 (共17层) 2室1厅 | 68.68平米 | 北 南,https://ke-image.ljcdn.com/110000-inspection/6d0c65a7-9899-497b-bcf1-455a96af8a4f_1000.jpg!m_fill,w_280,h_210,f_jpg?from=ke.com
20231212,大兴,枣园,101119484888,低楼层两居室采光好无遮挡南北通透,338万,42987元/平,低楼层 (共6层) 2室1厅 | 78.63平米 | 南 北,https://ke-image.ljcdn.com/110000-inspection/edeada93-3073-4f0e-a2a8-8a96bd2560d1_1000.jpg!m_fill,w_280,h_210,f_jpg?from=ke.com
20231212,大兴,枣园,101119395913,首座御园三期急售两居南北通透随时方便看房,356万,37549元/平,低楼层 (共12层) | 2015年 | 2室2厅 | 94.81平米 | 南 北,https://ke-image.ljcdn.com/110000-inspection/pc1_9jpvIM5JH.jpg!m_fill,w_280,h_210,f_jpg?from=ke.com
20231212,大兴,枣园,101119339576,红木林南区 精装修三居室  满五唯一 近地铁采光好必看好房,648万,58792元/平,中楼层 (共28层) 3室2厅 | 110.22平米 | 南 北,https://ke-image.ljcdn.com/110000-inspection/e7201120-1c04-492a-8d13-22efbc1a391d_1000.jpg!m_fill,w_280,h_210,f_jpg?from=ke.com
20231212,大兴,枣园,101119234093,团河苑小区明厅两居 满五唯一价格可商量。必看好房,149万,27330元/平,顶层 (共6层) | 1988年 | 2室1厅 | 54.52平米 | 南 北,https://ke-image.ljcdn.com/110000-inspection/f823f8da-cb3d-4267-a0cd-05b4b526a9ed_1000.jpg!m_fill,w_280,h_210,f_jpg?from=ke.com
20231212,大兴,枣园,101119216335,首座御园2号院  南北双通透  2015年电梯房诚心出售必看好房,328万,34743元/平,低楼层 (共15层) | 2015年 | 2室1厅 | 94.41平米 | 南 北,https://ke-image.ljcdn.com/110000-inspection/pc1_YYBPnwOl3_2.jpg!m_fill,w_280,h_210,f_jpg?from=ke.com
20231212,大兴,枣园,101119205779,南北通透 两居室 满五年唯一 商品房必看好房,180万,30106元/平,中楼层 (共6层) 2室1厅 | 59.79平米 | 南 北,https://ke-image.ljcdn.com/110000-inspection/pc1_6YhMcw4ok.jpg!m_fill,w_280,h_210,f_jpg?from=ke.com
20231212,大兴,枣园,101119191670,首开康乃馨城  南向一居 商品房必看好房,205万,32753元/平,低楼层 (共16层) | 2012年 | 1室1厅 | 62.59平米 | 南,https://ke-image.ljcdn.com/110000-inspection/eb9fce61-70ae-4e06-a928-42d9fc7a72fc_1000.jpg!m_fill,w_280,h_210,f_jpg?from=ke.com
20231212,大兴,枣园,101119088150,丽园C区满五唯一南北通透有电梯大两居必看好房,421万,40334元/平,低楼层 (共10层) | 2008年 | 2室2厅 | 104.38平米 | 南 北,https://ke-image.ljcdn.com/110000-inspection/pc1_texKf394z_2.jpg!m_fill,w_280,h_210,f_jpg?from=ke.com
20231212,大兴,枣园,101119055909,枣园东里满五年精装修诚心出售。必看好房,225万,31320元/平,顶层 (共6层) 2室1厅 | 71.84平米 | 南 北,https://ke-image.ljcdn.com/110000-inspection/pc1_XowUB6o0F.jpg!m_fill,w_280,h_210,f_jpg?from=ke.com
20231212,大兴,枣园,101118914727,团河苑正规一居室满五唯一产权清晰业主急售；房主自荐,139万,36618元/平,底层 (共4层) | 1984年 | 1室1厅 | 37.96平米 | 南,https://ke-image.ljcdn.com/110000-inspection/ebb5efaf-f431-420f-8482-10418dddaed4_1000.jpg!m_fill,w_280,h_210,f_jpg?from=ke.com
20231212,大兴,枣园,101118886470,两居室南北朝向采光好满五年家庭名下唯一住房；房主自荐,148万,27166元/平,顶层 (共6层) 2室1厅 | 54.48平米 | 南 北,https://ke-image.ljcdn.com/110000-inspection/d6a33c31-09bb-4a59-9a0a-af4376d3ae52_1000.jpg!m_fill,w_280,h_210,f_jpg?from=ke.com
20231212,大兴,枣园,101118870772,三卧朝南明厅格局大客厅配套全地铁公园房主自荐,312万,30163元/平,高楼层 (共6层) 3室2厅 | 103.44平米 | 东 南,https://ke-image.ljcdn.com/110000-inspection/9c0bc75a-0940-485f-a887-22a104e75eb9_1000.jpg!m_fill,w_280,h_210,f_jpg?from=ke.com
20231212,大兴,枣园,101118691276,康和名居南向两居满五唯一看房方便房主自荐,276万,36074元/平,顶层 (共12层) 2室1厅 | 76.51平米 | 南,https://ke-image.ljcdn.com/110000-inspection/32a2e417-a190-43d2-9460-3d66fd133d6c_1000.jpg!m_fill,w_280,h_210,f_jpg?from=ke.com
20231212,大兴,枣园,101118690753,首座御园一区二期精装两居室南北通透户型方正；,360万,38132元/平,中楼层 (共15层) | 2015年 | 2室2厅 | 94.41平米 | 南 北,https://ke-image.ljcdn.com/110000-inspection/ce0f194a-f4ca-4445-b121-972e6368633a_1000.jpg!m_fill,w_280,h_210,f_jpg?from=ke.com
20231212,大兴,枣园,101118579821,首座御园一期南北通透三居室满五年唯一诚心出售房主自荐,515万,43879元/平,低楼层 (共8层) | 2009年 | 3室1厅 | 117.37平米 | 南 北,https://ke-image.ljcdn.com/110000-inspection/c0ee58ec-0378-4043-a8a9-860f5b5bc8e5_1000.jpg!m_fill,w_280,h_210,f_jpg?from=ke.com
20231212,大兴,枣园,101118521706,团河苑全明格局两居室精装修低楼层必看好房,173万,29194元/平,底层 (共5层) 2室1厅 | 59.26平米 | 南 北,https://ke-image.ljcdn.com/110000-inspection/pc1_v2zhWRzve_3.jpg!m_fill,w_280,h_210,f_jpg?from=ke.com
20231212,大兴,枣园,101118514129,一层一层枣园北里明厅2居满5年出售,248万,34565元/平,底层 (共6层) | 1998年 | 2室1厅 | 71.75平米 | 南 北,https://ke-image.ljcdn.com/110000-inspection/01f72665-aa09-444e-889b-54f2cfba1ad1_1000.jpg!m_fill,w_280,h_210,f_jpg?from=ke.com
20231212,大兴,枣园,101118475455,团河苑低层小两居新改造社区环境好,149万,29372元/平,底层 (共6层) 2室1厅 | 50.73平米 | 东北,https://ke-image.ljcdn.com/110000-inspection/f9a59c6f-9a6d-4784-9385-527e22bd25c6_1000.jpg!m_fill,w_280,h_210,f_jpg?from=ke.com
20231212,大兴,枣园,101118449376,滨河西里北区 南北通透三居 精装修 高楼层采光好必看好房,278万,32300元/平,高楼层 (共6层) | 1994年 | 3室1厅 | 86.07平米 | 南 北,https://ke-image.ljcdn.com/110000-inspection/pc1_gcgR0E6o1_2.jpg!m_fill,w_280,h_210,f_jpg?from=ke.com
20231212,大兴,枣园,101118274330,康宜家园北区南北通透的2居 客厅朝南 满5年唯一必看好房,209万,30431元/平,低楼层 (共16层) 2室1厅 | 68.68平米 | 南 北,https://ke-image.ljcdn.com/110000-inspection/c378c4ad-1f85-454a-9513-50002ce96d20_1000.jpg!m_fill,w_280,h_210,f_jpg?from=ke.com
20231212,大兴,枣园,101118088591,康庄路52号院 2室1厅 南必看好房,286万,32859元/平,高楼层 (共22层) 2室1厅 | 87.04平米 | 南,https://ke-image.ljcdn.com/110000-inspection/21a823a0-c39a-4553-b402-13a9116e2de3_1000.jpg!m_fill,w_280,h_210,f_jpg?from=ke.com
20231212,大兴,枣园,101117967844,滨河西里南区 1室1厅 东 西必看好房,140万,29693元/平,中楼层 (共6层) | 1993年 | 1室1厅 | 47.15平米 | 东 西,https://ke-image.ljcdn.com/110000-inspection/83fce0b4-06d6-4f22-a46a-0cf7221c87cc_1000.jpg!m_fill,w_280,h_210,f_jpg?from=ke.com
20231212,大兴,枣园,101117911745,兴华园 2室2厅 南 北,309万,42156元/平,底层 (共6层) 2室2厅 | 73.3平米 | 南 北,https://ke-image.ljcdn.com/110000-inspection/pc1_XQjQmZHNF_1.jpg!m_fill,w_280,h_210,f_jpg?from=ke.com
20231212,大兴,枣园,101117714658,满五唯一 1997年 明厅中间楼层 近地铁配套齐全必看好房,269万,36966元/平,中楼层 (共7层) | 1999年 | 2室1厅 | 72.77平米 | 南 北,https://ke-image.ljcdn.com/110000-inspection/38d6dfa7-d660-4d91-a3d0-52e124130076_1000.jpg!m_fill,w_280,h_210,f_jpg?from=ke.com
20231212,大兴,枣园,101117690311,中建国际港南北通透2居室全明格局精装修必看好房,519万,58126元/平,中楼层 (共34层) | 2013年 | 2室1厅 | 89.29平米 | 南 北,https://ke-image.ljcdn.com/110000-inspection/d6bd04f0-a1a6-4464-8bdf-3709a4f594a2_1000.jpg!m_fill,w_280,h_210,f_jpg?from=ke.com
20231212,大兴,枣园,101117187526,满五唯一南北通透 不临街不把边业主急售。,226万,36440元/平,底层 (共6层) | 1995年 | 2室1厅 | 62.02平米 | 南 北,https://ke-image.ljcdn.com/110000-inspection/pc1_YBMq7pAOI_2.jpg!m_fill,w_280,h_210,f_jpg?from=ke.com
20231212,大兴,枣园,101117185369,兴华园满五年唯一两居户型好没有浪费面积。,368万,32412元/平,低楼层 (共18层) | 2001年 | 2室2厅 | 113.54平米 | 东 西,https://ke-image.ljcdn.com/110000-inspection/17a2c534-1587-43f6-a1ca-d7e1e3b3bad1_1000.jpg!m_fill,w_280,h_210,f_jpg?from=ke.com
20231212,大兴,枣园,101117133214,康泰园 满五年唯一 南北朝向 看房方便必看好房,223万,36225元/平,低楼层 (共18层) 1室1厅 | 61.56平米 | 南 北,https://ke-image.ljcdn.com/110000-inspection/848694e2-47a2-496a-8c9c-9c5fb51319e1_1000.jpg!m_fill,w_280,h_210,f_jpg?from=ke.com
20231212,大兴,枣园,101116818809,首邑溪谷 平层 三居 满5年唯一 精装,580万,46654元/平,高楼层 (共27层) 3室1厅 | 124.32平米 | 南 西 北,https://ke-image.ljcdn.com/110000-inspection/pc1_0qepJhSkQ_2.jpg!m_fill,w_280,h_210,f_jpg?from=ke.com
20231212,大兴,枣园,101116797847,红木林北区 精装自住 南北通透  看房方便,442万,57314元/平,低楼层 (共21层) | 2013年 | 2室1厅 | 77.12平米 | 南 北,https://ke-image.ljcdn.com/110000-inspection/afc6c33a-1793-4231-b645-8c21c50bf304_1000.jpg!m_fill,w_280,h_210,f_jpg?from=ke.com
20231212,大兴,枣园,101115912622,南北通透三居室产权清晰无抵押无户口；房主自荐,389万,33354元/平,底层 (共12层) | 2015年 | 3室1厅 | 116.63平米 | 南 北,https://ke-image.ljcdn.com/110000-inspection/pc1_GyAqAryrY_2.jpg!m_fill,w_280,h_210,f_jpg?from=ke.com
20231212,大兴,枣园,101114625583,明厅明卫  采光好 满五唯一  临地铁 临公园房主自荐,208万,37297元/平,顶层 (共6层) | 1991年 | 2室1厅 | 55.77平米 | 南 北,https://ke-image.ljcdn.com/110000-inspection/pc1_JZvTnhpdq.jpg!m_fill,w_280,h_210,f_jpg?from=ke.com
20231212,大兴,枣园,101114603774,中间层 精装修 南向 视野开阔 采光很棒 拎包入住,293万,47031元/平,中楼层 (共14层) | 2012年 | 1室1厅 | 62.3平米 | 南,https://ke-image.ljcdn.com/110000-inspection/c26873fa-fc89-46a3-91e3-b1fa3add8ee4_1000.jpg!m_fill,w_280,h_210,f_jpg?from=ke.com
20231212,大兴,枣园,101114535104,中建国际港 南北通透全明三居室 采光好,710万,57941元/平,低楼层 (共34层) | 2013年 | 3室2厅 | 122.54平米 | 东 南 北,https://ke-image.ljcdn.com/110000-inspection/pc1_PyVbZyyGd_2.jpg!m_fill,w_280,h_210,f_jpg?from=ke.com
20231212,大兴,枣园,101114523708,枣园东里 南北通透两居室 双卧朝南,265万,37504元/平,顶层 (共6层) | 1996年 | 2室1厅 | 70.66平米 | 南 北,https://ke-image.ljcdn.com/110000-inspection/pc1_PAcmvIcvl_1.jpg!m_fill,w_280,h_210,f_jpg?from=ke.com
20231212,大兴,枣园,101122222650,枣园东里 满五唯一 南北通透两居必看好房,256万,33204元/平,高楼层 (共6层) 2室1厅 | 77.1平米 | 南 北,https://ke-image.ljcdn.com/110000-inspection/pc1_NJXgdBds3_1.jpg!m_fill,w_280,h_210,f_jpg?from=ke.com
20231212,大兴,枣园,101122181476,首邑溪谷 南北向 带储藏间 满五年新上,288万,62650元/平,中楼层 (共16层) | 2012年 | 2室1厅 | 45.97平米 | 南 北,https://ke-image.ljcdn.com/110000-inspection/beb84b5a-cbb2-4730-aadb-dbedc1eb8192_1000.jpg!m_fill,w_280,h_210,f_jpg?from=ke.com
20231212,大兴,枣园,101122165986,首座御园一区二期全明格局两居室满五年诚心卖必看好房,277万,30218元/平,低楼层 (共12层) | 2015年 | 2室1厅 | 91.67平米 | 东北,https://ke-image.ljcdn.com/110000-inspection/e3573d45-b9cc-4166-b8d5-32012769be33_1000.jpg!m_fill,w_280,h_210,f_jpg?from=ke.com
20231212,大兴,枣园,101122161930,枣园北里 满五年唯一 南北通透 客厅朝东带窗户必看好房,226万,37523元/平,低楼层 (共6层) | 1994年 | 2室1厅 | 60.23平米 | 南 北,https://ke-image.ljcdn.com/110000-inspection/fd839154-f7b3-46cb-8e20-ac4d0a9d87a6_1000.jpg!m_fill,w_280,h_210,f_jpg?from=ke.com
20231212,大兴,枣园,101122155089,双河北里 3室2厅 南 北必看好房,335万,28810元/平,中楼层 (共6层) | 2000年 | 3室2厅 | 116.28平米 | 南 北,https://ke-image.ljcdn.com/110000-inspection/ab6a4110-9347-4886-8de8-0f06189b65e0_1000.jpg!m_fill,w_280,h_210,f_jpg?from=ke.com
20231212,大兴,枣园,101122051532,东亚康和名居 南向采光充足中间楼层前后无遮挡必看好房,290万,38204元/平,中楼层 (共15层) | 2012年 | 2室1厅 | 75.91平米 | 南 北,https://ke-image.ljcdn.com/110000-inspection/pc1_6jDDRVEsy_2.jpg!m_fill,w_280,h_210,f_jpg?from=ke.com
20231212,大兴,枣园,101121946854,清源西里满五年两居室户型方正看房方便必看好房,268万,39210元/平,低楼层 (共6层) 2室1厅 | 68.35平米 | 西南,https://ke-image.ljcdn.com/110000-inspection/pc1_vYGAWgYu3.jpg!m_fill,w_280,h_210,f_jpg?from=ke.com
20231212,大兴,枣园,101121927434,中建国际港  满五唯一高楼层视野无遮挡 拎包入住必看好房,509万,56581元/平,高楼层 (共33层) | 2015年 | 2室1厅 | 89.96平米 | 南 北,https://ke-image.ljcdn.com/110000-inspection/pc1_Q2RYGjvvy_2.jpg!m_fill,w_280,h_210,f_jpg?from=ke.com
20231212,大兴,枣园,101121888676,马赛公馆好楼层好位置满五唯一精装房主自荐,520万,49876元/平,中楼层 (共17层) | 2012年 | 2室2厅 | 104.26平米 | 南 北,https://ke-image.ljcdn.com/110000-inspection/pc1_c563cggyo_2.jpg!m_fill,w_280,h_210,f_jpg?from=ke.com
20231212,大兴,枣园,101121860788,大兴枣园 滨河西里北区 低楼层 近地铁 全明格局必看好房,203万,30531元/平,底层 (共6层) | 1995年 | 2室1厅 | 66.49平米 | 东 西 北,https://ke-image.ljcdn.com/110000-inspection/pc1_el1XHxshN.jpg!m_fill,w_280,h_210,f_jpg?from=ke.com
20231212,大兴,枣园,101121856657,滨河西里南区满五年唯一看房方便随时配合签约必看好房,191万,25749元/平,顶层 (共6层) | 1995年 | 2室1厅 | 74.18平米 | 东 西,https://ke-image.ljcdn.com/110000-inspection/8c0f2d87-84c1-4a47-9bba-44b33e564dbc_1000.jpg!m_fill,w_280,h_210,f_jpg?from=ke.com
20231212,大兴,枣园,101121778338,[店经理推荐]东朝向远离高铁无遮挡户型方正必看好房,208万,54351元/平,中楼层 (共12层) | 2013年 | 1室1厅 | 38.27平米 | 东,https://ke-image.ljcdn.com/110000-inspection/340ab580-bba6-4735-967d-53efb1891e19_1000.jpg!m_fill,w_280,h_210,f_jpg?from=ke.com
20231212,大兴,枣园,101121775005,首座御园一期南北边户商品房视觉采光好。必看好房,385万,41505元/平,高楼层 (共8层) 2室1厅 | 92.76平米 | 南 北,https://ke-image.ljcdn.com/110000-inspection/0bf30b61-3334-4aab-aee0-9184bc27ecba_1000.jpg!m_fill,w_280,h_210,f_jpg?from=ke.com
20231212,大兴,枣园,101121749394,清源东里 正规三居室 中间楼层 看房随时必看好房,210万,29102元/平,中楼层 (共6层) | 1987年 | 3室1厅 | 72.16平米 | 南 北,https://ke-image.ljcdn.com/110000-inspection/pc1_AhDoe4niM_2.jpg!m_fill,w_280,h_210,f_jpg?from=ke.com
20231212,大兴,枣园,101121741846,盛嘉华苑纯南两居室 满五年唯一 业主诚心卖必看好房,235万,33770元/平,高楼层 (共15层) | 2012年 | 2室1厅 | 69.59平米 | 南,https://ke-image.ljcdn.com/110000-inspection/4c3e9f02-baf3-46a4-8f2b-c7fba90b5eac_1000.jpg!m_fill,w_280,h_210,f_jpg?from=ke.com
20231212,大兴,枣园,101121725765,满五唯一  采光充足 视野开阔 明亮大客厅必看好房,286万,61216元/平,低楼层 (共14层) | 2013年 | 2室1厅 | 46.72平米 | 南 北,https://ke-image.ljcdn.com/110000-inspection/dee23906-e200-4a79-8323-5e2605a5c72b_1000.jpg!m_fill,w_280,h_210,f_jpg?from=ke.com
20231212,大兴,枣园,101121705393,首邑溪谷 精装loft 满五唯一 诚心出售 看房方便必看好房,390万,58868元/平,高楼层 (共16层) 3室1厅 | 66.25平米 | 西南,https://ke-image.ljcdn.com/110000-inspection/d716a274-e974-419a-9900-27b53e9a03c1_1000.jpg!m_fill,w_280,h_210,f_jpg?from=ke.com
20231212,大兴,枣园,101121571730,滨河西里中区 南北通透2居室 满五年唯一 近地铁必看好房,222万,29510元/平,顶层 (共6层) | 1992年 | 2室1厅 | 75.23平米 | 南 北,https://ke-image.ljcdn.com/110000-inspection/6379dd67-1874-4b69-99a8-008cdc050f40_1000.jpg!m_fill,w_280,h_210,f_jpg?from=ke.com
20231212,大兴,枣园,101121513313,【店长推荐】首邑溪谷 精装loft三居 不临铁路诚心出售,450万,69865元/平,中楼层 (共16层) 3室1厅 | 64.41平米 | 东南,https://ke-image.ljcdn.com/110000-inspection/5f77b737-d058-44de-afe0-fc64ec505eb5_1000.jpg!m_fill,w_280,h_210,f_jpg?from=ke.com
20231212,大兴,枣园,101121508868,枣园北里南北通透的2居 客厅朝南带窗户 满5年唯一必看好房,269万,37232元/平,低楼层 (共6层) 2室1厅 | 72.25平米 | 南 北,https://ke-image.ljcdn.com/110000-inspection/830790f0-21dc-4346-b03d-17e947e7f1be_1000.jpg!m_fill,w_280,h_210,f_jpg?from=ke.com
20231212,大兴,枣园,101121506553,首邑溪谷 满五唯一 有钥匙 随时看房主自荐,310万,53311元/平,中楼层 (共16层) | 2012年 | 2室1厅 | 58.15平米 | 南 北,https://ke-image.ljcdn.com/110000-inspection/f5cfb2c4-fbda-440d-831f-e91c17a04459_1000.jpg!m_fill,w_280,h_210,f_jpg?from=ke.com
20231212,大兴,枣园,101121497304,首开康乃馨城    精装修 好位置  采光无遮挡必看好房,232万,37228元/平,低楼层 (共16层) | 2012年 | 2室1厅 | 62.32平米 | 南,https://ke-image.ljcdn.com/110000-inspection/pc1_gZKoHSp0N_2.jpg!m_fill,w_280,h_210,f_jpg?from=ke.com
20231212,大兴,枣园,101121443455,枣园北里 满五年唯一 南北通透二居室楼层好必看好房,245万,30787元/平,中楼层 (共6层) 2室2厅 | 79.58平米 | 南 北,https://ke-image.ljcdn.com/110000-inspection/d666add7-c827-476a-8b67-3ec677faedf3_1000.jpg!m_fill,w_280,h_210,f_jpg?from=ke.com
20231212,大兴,枣园,101121335309,首开康乃馨城满五唯一 好楼层好位置正规三居室必看好房,329万,37075元/平,中楼层 (共9层) 3室1厅 | 88.74平米 | 南 北,https://ke-image.ljcdn.com/110000-inspection/pc1_35x1KaJ6o_2.jpg!m_fill,w_280,h_210,f_jpg?from=ke.com
20231212,大兴,枣园,101121191106,首邑溪谷两居室看房方便业主诚心出售。必看好房,273万,65547元/平,高楼层 (共16层) | 2013年 | 2室1厅 | 41.65平米 | 西,https://ke-image.ljcdn.com/110000-inspection/2d0f4fad-1c64-4236-8503-76e539838da9_1000.jpg!m_fill,w_280,h_210,f_jpg?from=ke.com
20231212,大兴,枣园,101121135495,盛嘉华苑 3室1厅 南 北必看好房,289万,33025元/平,中楼层 (共17层) | 2012年 | 3室1厅 | 87.51平米 | 南 北,https://ke-image.ljcdn.com/110000-inspection/pc1_0jGeQPBFR_2.jpg!m_fill,w_280,h_210,f_jpg?from=ke.com
20231212,大兴,枣园,101121028820,房子满五年唯一  远离高铁 全明格局必看好房,278万,32371元/平,高楼层 (共21层) 2室1厅 | 85.88平米 | 西南 北,https://ke-image.ljcdn.com/110000-inspection/ee663423-ee7a-4ef2-a58f-c59aa61b3481_1000.jpg!m_fill,w_280,h_210,f_jpg?from=ke.com
20231212,大兴,枣园,101120956743,首邑溪谷70年产权商品房民水民电天然气精装修拎包入住,292万,62474元/平,中楼层 (共15层) | 2013年 | 2室1厅 | 46.74平米 | 南 北,https://ke-image.ljcdn.com/110000-inspection/8db7b163-3928-4851-99f3-ab4b79cf18e3_1000.jpg!m_fill,w_280,h_210,f_jpg?from=ke.com
20231212,大兴,枣园,101120928928,首邑上城高楼层户型 景观花园一览无余必看好房,287.8万,40858元/平,顶层 (共15层) | 2007年 | 2室1厅 | 70.44平米 | 西北,https://ke-image.ljcdn.com/110000-inspection/301557a9-8398-409b-b2a9-6b271ae579e5_1000.jpg!m_fill,w_280,h_210,f_jpg?from=ke.com
20231212,大兴,枣园,101120927224,团河苑中层东南朝向2居满五年唯一必看好房,148万,26443元/平,中楼层 (共6层) 2室1厅 | 55.97平米 | 东南,https://ke-image.ljcdn.com/110000-inspection/9d2b54e5-24db-415d-95de-4ff757cf73f7_1000.jpg!m_fill,w_280,h_210,f_jpg?from=ke.com
20231212,大兴,枣园,101120747686,店长推荐首邑溪谷  远离高铁 不临路不把边 无遮挡必看好房,251万,54318元/平,低楼层 (共14层) 2室1厅 | 46.21平米 | 南 北,https://ke-image.ljcdn.com/110000-inspection/392a11a6-9045-43f1-974a-c45275f9d827_1000.jpg!m_fill,w_280,h_210,f_jpg?from=ke.com
20231212,大兴,枣园,101120726026,首邑溪谷 店长推荐 东北向 两居室必看好房,259万,54873元/平,高楼层 (共14层) | 2013年 | 2室1厅 | 47.2平米 | 东北,https://ke-image.ljcdn.com/110000-inspection/90e1e9cc-d689-4924-a46d-cb6bb47970bc_1000.jpg!m_fill,w_280,h_210,f_jpg?from=ke.com
20231212,大兴,枣园,101120502782,团河苑 2室1厅 南 北必看好房,160万,28721元/平,高楼层 (共6层) | 1989年 | 2室1厅 | 55.71平米 | 南 北,https://ke-image.ljcdn.com/110000-inspection/pc1_k9sSjPjkc.jpg!m_fill,w_280,h_210,f_jpg?from=ke.com
20231212,大兴,枣园,101120498741,康和名居南向两居满五唯一楼层好位置好房主自荐,303万,39864元/平,高楼层 (共18层) 2室1厅 | 76.01平米 | 南,https://ke-image.ljcdn.com/110000-inspection/b38c5043-76dd-45ca-9b63-1dd7d7c8681d_1000.jpg!m_fill,w_280,h_210,f_jpg?from=ke.com
20231212,大兴,枣园,101120370841,枣园小区 3居2卫 南北通透 交通便利 户型方正房主自荐,424万,33030元/平,高楼层 (共6层) | 2003年 | 3室2厅 | 128.37平米 | 南 北,https://ke-image.ljcdn.com/110000-inspection/c08f9700-073b-4eca-a87d-7b9cdf490dc1_1000.jpg!m_fill,w_280,h_210,f_jpg?from=ke.com
20231212,大兴,枣园,101120247504,枣园小区2居室精装修南北通透看房方便必看好房,228万,33995元/平,高楼层 (共6层) 2室1厅 | 67.07平米 | 南 北,https://ke-image.ljcdn.com/110000-inspection/d77a76aa-92c8-48f0-b12a-5818698b4b90_1000.jpg!m_fill,w_280,h_210,f_jpg?from=ke.com
20231212,大兴,枣园,101120153507,双河北里两居 南北双通透 满五年 中楼层必看好房,295万,31817元/平,中楼层 (共6层) | 2002年 | 2室2厅 | 92.72平米 | 南 北,https://ke-image.ljcdn.com/110000-inspection/pc1_UXCgTeGlo.jpg!m_fill,w_280,h_210,f_jpg?from=ke.com
20231212,大兴,枣园,101120147882,团河苑 1梯3户 满五唯一 采光好必看好房,143万,25577元/平,顶层 (共5层) | 1986年 | 2室1厅 | 55.91平米 | 东南,https://ke-image.ljcdn.com/110000-inspection/6edcec45-4389-49bb-950a-72704e0c3b1b_1000.jpg!m_fill,w_280,h_210,f_jpg?from=ke.com
20231212,大兴,枣园,101120127279,远离高铁一梯五户总高9层密度低房主自荐,275万,57472元/平,低楼层 (共16层) 3室1厅 | 47.85平米 | 东 西,https://ke-image.ljcdn.com/110000-inspection/7a37355c-3f8a-4428-a70b-7466075cd5c2_1000.jpg!m_fill,w_280,h_210,f_jpg?from=ke.com
20231212,大兴,枣园,101119813254,枣园小区 3室3厅 南 北必看好房,349万,24668元/平,顶层 (共5层) | 1996年 | 3室3厅 | 141.48平米 | 南 北,https://ke-image.ljcdn.com/110000-inspection/pc1_bHcCHviOl_1.jpg!m_fill,w_280,h_210,f_jpg?from=ke.com
20231212,大兴,枣园,101119760398,店经理推荐 满五唯一 精装修 看房随时 诚售价格可谈必看好房,410万,56599元/平,低楼层 (共16层) | 2013年 | 3室1厅 | 72.44平米 | 西南,https://ke-image.ljcdn.com/110000-inspection/184d4df6-ac83-4ab5-ac25-2bc9e26b464c_1000.jpg!m_fill,w_280,h_210,f_jpg?from=ke.com
20231212,大兴,枣园,101119634925,首邑溪谷店经理推荐房 精装修拎包入住,350万,58363元/平,高楼层 (共16层) | 2012年 | 3室2厅 | 59.97平米 | 南 北,https://ke-image.ljcdn.com/110000-inspection/5848c23f-a7f6-47e2-b6b5-3868ea30291e_1000.jpg!m_fill,w_280,h_210,f_jpg?from=ke.com
20231212,大兴,枣园,101119325429,首开康乃馨城 满五唯一 精装修必看好房,299万,33759元/平,底层 (共9层) | 2012年 | 2室1厅 | 88.57平米 | 南,https://ke-image.ljcdn.com/110000-inspection/pc1_9KYC2E20G_1.jpg!m_fill,w_280,h_210,f_jpg?from=ke.com
20231212,大兴,枣园,101119315643,康乃馨正规两居室南北通透看房方便房主自荐,279万,37008元/平,低楼层 (共9层) | 2012年 | 2室1厅 | 75.39平米 | 南 北,https://ke-image.ljcdn.com/110000-inspection/pc1_69kcZbLNA_1.jpg!m_fill,w_280,h_210,f_jpg?from=ke.com
20231212,大兴,枣园,101119270802,首邑溪谷loft 满五唯一 自住装修 看房方便,289万,61766元/平,中楼层 (共15层) | 2013年 | 2室1厅 | 46.79平米 | 南 北,https://ke-image.ljcdn.com/110000-inspection/9acbf35e-13a1-4b03-bf7a-18df6c901ebf_1000.jpg!m_fill,w_280,h_210,f_jpg?from=ke.com
20231212,大兴,枣园,101119204337,新上房源 采光好 近地铁 近公园 满五唯一,245万,32567元/平,高楼层 (共6层) | 1994年 | 2室1厅 | 75.23平米 | 东 西 南 北,https://ke-image.ljcdn.com/110000-inspection/f47b3103-5fee-49d7-8bc2-9b44696f251f_1000.jpg!m_fill,w_280,h_210,f_jpg?from=ke.com
20231212,大兴,枣园,101119156299,此房是朝南的1居户型方正精装修诚心出售房主自荐,207万,33296元/平,低楼层 (共16层) | 2012年 | 1室1厅 | 62.17平米 | 南,https://ke-image.ljcdn.com/110000-inspection/ad99cd75-6411-4a5e-b7b4-0a6a8e383955_1000.jpg!m_fill,w_280,h_210,f_jpg?from=ke.com
20231212,大兴,枣园,101119054411,首邑溪谷 南北通透loft 两居室 业主诚心出售 看房方便,300万,65119元/平,中楼层 (共16层) 2室1厅 | 46.07平米 | 南 北,https://ke-image.ljcdn.com/110000-inspection/5a1cafe0-7588-4655-82a1-3bd1bf2d9e53_1000.jpg!m_fill,w_280,h_210,f_jpg?from=ke.com
20231212,大兴,枣园,101118957147,滨河东里紧俏一居室 临公园 近地铁 楼层好必看好房,149万,36431元/平,中楼层 (共6层) | 1988年 | 1室1厅 | 40.9平米 | 南,https://ke-image.ljcdn.com/110000-inspection/pc1_qMS5goSHR.jpg!m_fill,w_280,h_210,f_jpg?from=ke.com
20231212,大兴,枣园,101118820354,滨河坊 2001年房 低楼层 近地铁 周边配套成熟,243万,29835元/平,底层 (共6层) | 2001年 | 2室1厅 | 81.45平米 | 东 西,https://ke-image.ljcdn.com/110000-inspection/pc1_EQe9TUXPg.jpg!m_fill,w_280,h_210,f_jpg?from=ke.com
20231212,大兴,枣园,101118817523,婚房装修保持的干净整洁位置远离高铁满五唯一。必看好房,225万,58793元/平,中楼层 (共12层) 2室1厅 | 38.27平米 | 西,https://ke-image.ljcdn.com/110000-inspection/297e237c-078e-4c42-b6a2-c1b41a2823ef_1000.jpg!m_fill,w_280,h_210,f_jpg?from=ke.com
20231212,大兴,枣园,101118798530,首邑溪谷 LOFT两居 满五唯一必看好房,200万,52261元/平,中楼层 (共12层) | 2013年 | 2室1厅 | 38.27平米 | 东,https://ke-image.ljcdn.com/110000-inspection/d4b0bff7-a6cd-4494-add6-cca5eb57d5db_1000.jpg!m_fill,w_280,h_210,f_jpg?from=ke.com
20231212,大兴,枣园,101118780451,康乃馨三个大阳台满五唯一中间楼层必看好房,285万,30712元/平,高楼层 (共9层) | 2012年 | 2室1厅 | 92.8平米 | 南 北,https://ke-image.ljcdn.com/110000-inspection/e4adb9be-0de5-4990-ab6c-b92f730671f2_1000.jpg!m_fill,w_280,h_210,f_jpg?from=ke.com
20231212,大兴,枣园,101118598461,首邑溪谷 顶层挑高6.9米带阳台 视野开阔 满五唯一房主自荐,260万,63107元/平,顶层 (共16层) | 2012年 | 2室1厅 | 41.2平米 | 东 西,https://ke-image.ljcdn.com/110000-inspection/pc1_MCkXaCti7_2.jpg!m_fill,w_280,h_210,f_jpg?from=ke.com
20231212,大兴,枣园,101118359500,店长推荐     首邑溪谷    业主自住   西向两居室必看好房,246万,59709元/平,中楼层 (共16层) 2室1厅 | 41.2平米 | 西,https://ke-image.ljcdn.com/110000-inspection/14e23420-c934-47cc-988d-cecfc9d5d648_1000.jpg!m_fill,w_280,h_210,f_jpg?from=ke.com
20231212,大兴,枣园,101118338021,首邑溪谷平层地暖层高2.7米前后是景观花园位置安静房主自荐,576万,47052元/平,低楼层 (共28层) | 2012年 | 3室2厅 | 122.42平米 | 南 北 西,https://ke-image.ljcdn.com/110000-inspection/pc1_erlUcZqj5_2.jpg!m_fill,w_280,h_210,f_jpg?from=ke.com
20231212,大兴,枣园,101118237800,首邑溪谷 3室2厅 南 北,399万,87443元/平,底层 (共16层) | 2013年 | 3室2厅 | 45.63平米 | 南 北,https://ke-image.ljcdn.com/110000-inspection/pc1_MbTv4Ba23_2.jpg!m_fill,w_280,h_210,f_jpg?from=ke.com
20231212,大兴,枣园,101118221026,首邑溪谷 店长推荐 满五年唯一两居室必看好房,275万,59926元/平,中楼层 (共16层) 2室1厅 | 45.89平米 | 南 北,https://ke-image.ljcdn.com/110000-inspection/80c03be0-e544-4f3c-86ef-cd19dfd187de_1000.jpg!m_fill,w_280,h_210,f_jpg?from=ke.com
20231212,大兴,枣园,101118154455,首邑溪谷 loft 满五唯一 朝西带大阳台 视野采光佳,252万,61947元/平,中楼层 (共16层) 2室1厅 | 40.68平米 | 西,https://ke-image.ljcdn.com/110000-inspection/31d3d62f-c923-4c41-884d-469897bbc8e8_1000.jpg!m_fill,w_280,h_210,f_jpg?from=ke.com
20231212,大兴,枣园,101117708885,南北通透一居室 低楼层 满五年唯一  适合老人居住必看好房,162万,31124元/平,底层 (共6层) | 2009年 | 1室1厅 | 52.05平米 | 南 北,https://ke-image.ljcdn.com/110000-inspection/a64dfc33-72d2-4446-80f8-7217bd7b2955_1000.jpg!m_fill,w_280,h_210,f_jpg?from=ke.com
20231212,大兴,枣园,101122105933,波普公社 50年商办 人车分流 交通便利 可注册必看好房,116万,17350元/平,低楼层 (共20层) | 2012年 | 1室1厅 | 66.86平米 | 北,https://s1.ljcdn.com/pegasus/redskull/images/common/default_house_list.png?_v=20231208163226
20231212,大兴,枣园,101122080743,首邑溪谷 2室1厅 东,230万,60100元/平,高楼层 (共12层) 2室1厅 | 38.27平米 | 东,https://s1.ljcdn.com/pegasus/redskull/images/common/default_house_list.png?_v=20231208163226
20231212,大兴,枣园,101122250375,东亚康和名居南向  采光充足 中间楼层 前后无遮挡新上,308万,40575元/平,中楼层 (共15层) 2室1厅 | 75.91平米 | 南,https://ke-image.ljcdn.com/110000-inspection/pc1_0QWfOUGxB_2.jpg!m_fill,w_280,h_210,f_jpg?from=ke.com
20231212,大兴,枣园,101122242677,红木林北区 满五唯一 南北通透 中间楼层新上,480万,62217元/平,高楼层 (共21层) 2室1厅 | 77.15平米 | 南 北,https://ke-image.ljcdn.com/110000-inspection/77a00d18-ffe6-423a-86f9-acb258b062b0_1000.jpg!m_fill,w_280,h_210,f_jpg?from=ke.com
20231212,大兴,枣园,101122240625,丽园A区正规三居满五年唯一双卫生间产权清晰新上,750万,52710元/平,底层 (共7层) 3室2厅 | 142.29平米 | 南 北,https://ke-image.ljcdn.com/110000-inspection/pc1_PyX2aj1FA_2.jpg!m_fill,w_280,h_210,f_jpg?from=ke.com
20231212,大兴,枣园,101122233545,丽园东里 2000年 南北通透3居室新上,425万,40905元/平,底层 (共6层) 3室1厅 | 103.9平米 | 南 北,https://ke-image.ljcdn.com/110000-inspection/pc1_wrX4hnFrH_2.jpg!m_fill,w_280,h_210,f_jpg?from=ke.com
20231212,大兴,枣园,101122225790,首座御园二区二期 2室2厅 东南新上,386万,41911元/平,低楼层 (共14层) | 2015年 | 2室2厅 | 92.1平米 | 东南,https://ke-image.ljcdn.com/110000-inspection/9093a0fe-e636-407d-ad83-1f5e12c9e0ec_1000.jpg!m_fill,w_280,h_210,f_jpg?from=ke.com
20231212,大兴,枣园,101122210489,新居里 2室1厅 南 北新上,239万,33399元/平,低楼层 (共6层) | 2000年 | 2室1厅 | 71.56平米 | 南 北,https://ke-image.ljcdn.com/110000-inspection/0a222cf8-d635-4d38-b5cb-3d25e75c5074_1000.jpg!m_fill,w_280,h_210,f_jpg?from=ke.com
20231212,大兴,枣园,101122199331,清源佳园 1室1厅 南新上,205万,40268元/平,顶层 (共18层) | 2016年 | 1室1厅 | 50.91平米 | 南,https://ke-image.ljcdn.com/110000-inspection/pc1_7rBNBZqRr.jpg!m_fill,w_280,h_210,f_jpg?from=ke.com
20231212,大兴,枣园,101122199060,康宜家园北区 楼层好精装修拎包入住 满五唯一可以转商新上,230万,32358元/平,高楼层 (共21层) 2室1厅 | 71.08平米 | 南 北,https://ke-image.ljcdn.com/110000-inspection/feeb6ad3-b174-4a9d-9bd1-21bc5dfa323a_1000.jpg!m_fill,w_280,h_210,f_jpg?from=ke.com
20231212,大兴,枣园,101122191968,康庄路52号院 2室1厅 南 北新上,290万,33816元/平,中楼层 (共22层) 2室1厅 | 85.76平米 | 南 北,https://ke-image.ljcdn.com/110000-inspection/pc1_vXHTmTcyc_2.jpg!m_fill,w_280,h_210,f_jpg?from=ke.com
20231212,大兴,枣园,101122191308,清源西里 2室1厅 西 南 东新上,229万,36978元/平,低楼层 (共6层) 2室1厅 | 61.93平米 | 西 南 东,https://ke-image.ljcdn.com/110000-inspection/pc1_tPhoj7Dgj_2.jpg!m_fill,w_280,h_210,f_jpg?from=ke.com
20231212,大兴,枣园,101122175180,丽园东里 3室2厅 南 北房主自荐,489万,41347元/平,中楼层 (共7层) | 2002年 | 3室2厅 | 118.27平米 | 南 北,https://ke-image.ljcdn.com/110000-inspection/pc1_7T5ULH5wr.jpg!m_fill,w_280,h_210,f_jpg?from=ke.com
20231212,大兴,枣园,101122165921,新安里 2室1厅 南 北,210万,30555元/平,高楼层 (共6层) | 1997年 | 2室1厅 | 68.73平米 | 南 北,https://ke-image.ljcdn.com/110000-inspection/c25c6687-6475-4cc5-bf90-9de931589adf_1000.jpg!m_fill,w_280,h_210,f_jpg?from=ke.com
20231212,大兴,枣园,101122165855,彩虹新城商品房东向正规一居室精装修房主自荐,312万,49003元/平,低楼层 (共18层) | 2007年 | 1室1厅 | 63.67平米 | 东,https://ke-image.ljcdn.com/110000-inspection/a00db416-99e6-4027-930f-09b9693f7740_1000.jpg!m_fill,w_280,h_210,f_jpg?from=ke.com
20231212,大兴,枣园,101122164144,首座御园一区二期 1室1厅 西,250万,31064元/平,中楼层 (共14层) | 2015年 | 1室1厅 | 80.48平米 | 西,https://ke-image.ljcdn.com/110000-inspection/f43e4e7e-a512-42dd-ac6f-9e1e99a66459_1000.jpg!m_fill,w_280,h_210,f_jpg?from=ke.com
20231212,大兴,枣园,101122160488,圣和巷8号院马赛公馆正规南北通透两居室,550万,56925元/平,低楼层 (共16层) | 2012年 | 2室2厅 | 96.62平米 | 南 北,https://ke-image.ljcdn.com/110000-inspection/18d88e0b-c716-4577-acab-aa761946f0df_1000.jpg!m_fill,w_280,h_210,f_jpg?from=ke.com
20231212,大兴,枣园,101122159621,新上滨河西里北区 低楼层三居室 精装修 满五唯一,349万,34706元/平,底层 (共6层) | 1994年 | 3室1厅 | 100.56平米 | 西南,https://ke-image.ljcdn.com/110000-inspection/78903eb6-c0d9-4fb6-9862-350996f86b4d_1000.jpg!m_fill,w_280,h_210,f_jpg?from=ke.com
20231212,大兴,枣园,101122158974,枣园尚城北区 南北两居室 交通便利 户型方正 环境优美,345万,42826元/平,中楼层 (共17层) 2室1厅 | 80.56平米 | 南 北,https://ke-image.ljcdn.com/110000-inspection/7586da39-46c2-420b-9552-429e872d9a67_1000.jpg!m_fill,w_280,h_210,f_jpg?from=ke.com
20231212,大兴,枣园,101122158125,马赛公馆 满五唯一商品房看房方便有钥匙,499万,51716元/平,中楼层 (共17层) | 2012年 | 2室2厅 | 96.49平米 | 南 北,https://ke-image.ljcdn.com/110000-inspection/pc1_5dquTXgwC_2.jpg!m_fill,w_280,h_210,f_jpg?from=ke.com
20231212,大兴,枣园,101122153097,滨河东里 1室1厅 南,169万,40960元/平,高楼层 (共6层) | 1988年 | 1室1厅 | 41.26平米 | 南,https://ke-image.ljcdn.com/110000-inspection/cfba2657-efb3-4de9-aee9-7b77fe06b19c_1000.jpg!m_fill,w_280,h_210,f_jpg?from=ke.com
20231212,大兴,枣园,101122149235,首座御园二区二期 2室1厅 东南,360万,39088元/平,中楼层 (共14层) | 2015年 | 2室1厅 | 92.1平米 | 东南,https://ke-image.ljcdn.com/110000-inspection/7c4ab424-7b1b-4d5b-b9b5-835a8b806f40_1000.jpg!m_fill,w_280,h_210,f_jpg?from=ke.com
20231212,大兴,枣园,101122147800,红木林北区 2室1厅 南 北,547.5万,67760元/平,中楼层 (共21层) | 2013年 | 2室1厅 | 80.8平米 | 南 北,https://ke-image.ljcdn.com/110000-inspection/be5666bd-5c0c-4554-b150-dd6233ef1833_1000.jpg!m_fill,w_280,h_210,f_jpg?from=ke.com
20231212,大兴,枣园,101122147693,首座御园一区二期 精装修 商品房 小区环境好房主自荐,230万,28700元/平,底层 (共14层) | 2015年 | 1室1厅 | 80.14平米 | 西,https://ke-image.ljcdn.com/110000-inspection/pc1_UQxA8SQRf_2.jpg!m_fill,w_280,h_210,f_jpg?from=ke.com
20231212,大兴,枣园,101122140600,清源西里近地铁的两居出行便利板楼社区车位充足,220万,40000元/平,低楼层 (共6层) | 1993年 | 2室1厅 | 55平米 | 南 北,https://ke-image.ljcdn.com/110000-inspection/e8866711-d6b1-48a6-84fb-3f9e831e2a29_1000.jpg!m_fill,w_280,h_210,f_jpg?from=ke.com
20231212,大兴,枣园,101122138158,康庄路52号院 满五唯一 南北向 诚心出售,266万,30238元/平,低楼层 (共18层) | 2010年 | 2室1厅 | 87.97平米 | 南 北,https://ke-image.ljcdn.com/110000-inspection/pc1_I2a3Ivmfu_2.jpg!m_fill,w_280,h_210,f_jpg?from=ke.com
20231212,大兴,枣园,101122135657,枣园东里南北通透H户型大两居室,325万,34767元/平,顶层 (共6层) | 2000年 | 2室1厅 | 93.48平米 | 南 北,https://ke-image.ljcdn.com/110000-inspection/6a5a24bd-bf9e-41bd-8ed2-9dd02291c33f_1000.jpg!m_fill,w_280,h_210,f_jpg?from=ke.com
20231212,大兴,枣园,101122133967,枣园北里 明厅两居室 采光好 南北通透两居,225万,31142元/平,顶层 (共6层) 2室1厅 | 72.25平米 | 南 北,https://ke-image.ljcdn.com/110000-inspection/27c3c3bd-c08e-47b7-89ba-d1d31b33735e_1000.jpg!m_fill,w_280,h_210,f_jpg?from=ke.com
20231212,大兴,枣园,101122131701,清源东里 2室1厅 南 北,195万,27024元/平,顶层 (共6层) | 1987年 | 2室1厅 | 72.16平米 | 南 北,https://ke-image.ljcdn.com/110000-inspection/5fa6823e-8f5c-4182-8b02-91720e5858b4_1000.jpg!m_fill,w_280,h_210,f_jpg?from=ke.com
20231212,大兴,枣园,101122124154,丽园C区 2室1厅 南 北,460万,44265元/平,低楼层 (共10层) | 2008年 | 2室1厅 | 103.92平米 | 南 北,https://ke-image.ljcdn.com/110000-inspection/pc1_fEOxqqYGs_2.jpg!m_fill,w_280,h_210,f_jpg?from=ke.com
20231212,大兴,枣园,101122123965,店长推荐 丽园B区经典两居双卫户型 业主急售,508万,50664元/平,低楼层 (共7层) 2室2厅 | 100.27平米 | 南 北,https://ke-image.ljcdn.com/110000-inspection/5d6c7992-67d1-473c-8c27-317e71a9914b_1000.jpg!m_fill,w_280,h_210,f_jpg?from=ke.com
20231212,大兴,枣园,101122123715,马赛公馆 2室1厅 南 北,540万,55930元/平,高楼层 (共17层) | 2012年 | 2室1厅 | 96.55平米 | 南 北,https://ke-image.ljcdn.com/110000-inspection/pc1_FUPjTc5iO_2.jpg!m_fill,w_280,h_210,f_jpg?from=ke.com
20231212,大兴,枣园,101122123586,沐浴阳光下感受温暖心情如同晴空万里  ~舒畅,320万,42413元/平,中楼层 (共18层) 2室1厅 | 75.45平米 | 南,https://ke-image.ljcdn.com/110000-inspection/cb25035c-6203-4649-a1fe-ec9cc6f65989_1000.jpg!m_fill,w_280,h_210,f_jpg?from=ke.com
20231212,大兴,枣园,101122123284,大兴枣园 滨河西里北区 中间楼层 小户型,225万,36420元/平,中楼层 (共6层) 2室1厅 | 61.78平米 | 东 西,https://ke-image.ljcdn.com/110000-inspection/4061bcbb-b3be-466c-b35d-ac7287ba7dd1_1000.jpg!m_fill,w_280,h_210,f_jpg?from=ke.com
20231212,大兴,枣园,101122121798,首座御园二期北区三期 2室2厅 东南,310万,32885元/平,底层 (共12层) | 2015年 | 2室2厅 | 94.27平米 | 东南,https://ke-image.ljcdn.com/110000-inspection/292ea86c-31ac-4ba5-b732-b233aeed46b1_1000.jpg!m_fill,w_280,h_210,f_jpg?from=ke.com
20231212,大兴,枣园,101122121256,滨河坊 1室1厅 东,190万,45271元/平,中楼层 (共6层) | 2005年 | 1室1厅 | 41.97平米 | 东,https://ke-image.ljcdn.com/110000-inspection/1e2aed54-15c2-41f1-ab61-1a7585f4a078_1000.jpg!m_fill,w_280,h_210,f_jpg?from=ke.com
20231212,大兴,枣园,101122114244,首座御园二区二期东南2居室精装修商品房,315万,35216元/平,低楼层 (共14层) 2室1厅 | 89.45平米 | 东南,https://ke-image.ljcdn.com/110000-inspection/pc1_zNZcge6WI_2.jpg!m_fill,w_280,h_210,f_jpg?from=ke.com
20231212,大兴,枣园,101122113295,首开康乃馨城 2室1厅 南,253万,34385元/平,中楼层 (共9层) | 2012年 | 2室1厅 | 73.58平米 | 南,https://ke-image.ljcdn.com/110000-inspection/62ef6f8e-acc6-44e4-8b68-4b75e958f788_1000.jpg!m_fill,w_280,h_210,f_jpg?from=ke.com
20231212,大兴,枣园,101122111564,滨河东里2居 精装拎包入住 满五唯一,235万,42481元/平,底层 (共6层) | 1988年 | 2室1厅 | 55.32平米 | 南 北,https://ke-image.ljcdn.com/110000-inspection/904d61fd-aa32-4bfd-948e-516dd4243ee2_1000.jpg!m_fill,w_280,h_210,f_jpg?from=ke.com
20231212,大兴,枣园,101122100641,首座御园一区二期2居室满五唯一商品房诚心出售,350万,38369元/平,低楼层 (共14层) 2室1厅 | 91.22平米 | 南,https://ke-image.ljcdn.com/110000-inspection/pc1_GZH3Ic71m.jpg!m_fill,w_280,h_210,f_jpg?from=ke.com
20231212,大兴,枣园,101122095563,滨河东里中间楼层纯南朝向诚心出售,145万,35453元/平,中楼层 (共6层) | 1989年 | 1室1厅 | 40.9平米 | 南,https://ke-image.ljcdn.com/110000-inspection/8fdc93a9-4e9f-4aac-a637-8d935d363aa2_1000.jpg!m_fill,w_280,h_210,f_jpg?from=ke.com
20231212,大兴,枣园,101122094101,彩虹新城 经典两居  南北通透 视野好 近地铁,459万,51574元/平,中楼层 (共18层) | 2008年 | 2室1厅 | 89平米 | 南 北,https://ke-image.ljcdn.com/110000-inspection/pc1_XjAyrhbim.jpg!m_fill,w_280,h_210,f_jpg?from=ke.com
20231212,大兴,枣园,101122083222,康泰园 精装两居  南北通透  业主自住 看房方便房主自荐,365万,41729元/平,低楼层 (共18层) 2室1厅 | 87.47平米 | 南 北,https://ke-image.ljcdn.com/110000-inspection/pc1_QCn9tOnXt_2.jpg!m_fill,w_280,h_210,f_jpg?from=ke.com
20231212,大兴,枣园,101122078739,新上滨河西里  满五唯一三居室  南北通透  户型采光好,249万,31243元/平,顶层 (共6层) 3室1厅 | 79.7平米 | 南 北,https://ke-image.ljcdn.com/110000-inspection/pc1_W5iX4qQd1_2.jpg!m_fill,w_280,h_210,f_jpg?from=ke.com
20231212,大兴,枣园,101122078642,中建国际港南向两居高楼层采光好,455万,52541元/平,高楼层 (共33层) 2室1厅 | 86.6平米 | 南,https://ke-image.ljcdn.com/110000-inspection/91b444d1-504d-4755-bd99-07faebfa36b4_1000.jpg!m_fill,w_280,h_210,f_jpg?from=ke.com
20231212,大兴,枣园,101122074510,团河苑 1室1厅 南 北,150万,32100元/平,顶层 (共6层) | 1988年 | 1室1厅 | 46.73平米 | 南 北,https://ke-image.ljcdn.com/110000-inspection/74f8bc2a-05d0-4451-add1-1db5991625b3_1000.jpg!m_fill,w_280,h_210,f_jpg?from=ke.com
20231212,大兴,枣园,101122074458,康庄路50号院 南北通透户型方正高楼层,478万,42867元/平,顶层 (共18层) | 2012年 | 3室1厅 | 111.51平米 | 南 北,https://ke-image.ljcdn.com/110000-inspection/4967b819-7940-4d25-bc75-70324ede682f_1000.jpg!m_fill,w_280,h_210,f_jpg?from=ke.com
20231212,大兴,枣园,101122072952,首座御园一区二期 2室1厅 东,310万,34388元/平,中楼层 (共14层) | 2015年 | 2室1厅 | 90.15平米 | 东,https://ke-image.ljcdn.com/110000-inspection/0535b01c-1206-43f4-86a3-8b81f4578651_1000.jpg!m_fill,w_280,h_210,f_jpg?from=ke.com
20231212,大兴,枣园,101122068501,滨河西里北区 2室1厅 南 北,309万,37523元/平,中楼层 (共6层) 2室1厅 | 82.35平米 | 南 北,https://ke-image.ljcdn.com/110000-inspection/ae9d306a-2bf5-406b-888f-c8debd50c1d2_1000.jpg!m_fill,w_280,h_210,f_jpg?from=ke.com
20231212,大兴,枣园,101122059569,首开康乃馨城 经典一居 业主诚心出售,230万,36996元/平,中楼层 (共16层) | 2012年 | 1室1厅 | 62.17平米 | 南,https://ke-image.ljcdn.com/110000-inspection/pc1_TmcS54MbM_2.jpg!m_fill,w_280,h_210,f_jpg?from=ke.com
20231212,大兴,枣园,101122059426,丽园C区 2室1厅 南 北,550万,55466元/平,底层 (共6层) 2室1厅 | 99.16平米 | 南 北,https://ke-image.ljcdn.com/110000-inspection/pc1_MuTaKbsRN_2.jpg!m_fill,w_280,h_210,f_jpg?from=ke.com
20231212,大兴,枣园,101122052926,滨河东里南区 2室1厅 南 北,196万,35113元/平,高楼层 (共6层) | 1990年 | 2室1厅 | 55.82平米 | 南 北,https://ke-image.ljcdn.com/110000-inspection/pc1_IFm57EaFw.jpg!m_fill,w_280,h_210,f_jpg?from=ke.com
20231212,大兴,枣园,101122052851,枣园小区南北通透精装修有钥匙随时看房子房主自荐,298万,37116元/平,顶层 (共6层) 2室1厅 | 80.29平米 | 南 北,https://ke-image.ljcdn.com/110000-inspection/pc1_BVjoElv25_2.jpg!m_fill,w_280,h_210,f_jpg?from=ke.com
20231212,大兴,枣园,101122052822,中建国际港 满五年唯一高楼层视野开阔 有钥匙随时看,456万,50645元/平,顶层 (共34层) | 2013年 | 2室1厅 | 90.04平米 | 南,https://ke-image.ljcdn.com/110000-inspection/pc1_u8eP0fY3n_2.jpg!m_fill,w_280,h_210,f_jpg?from=ke.com
20231212,大兴,枣园,101122049309,团河苑 2室1厅 南 北,185万,35502元/平,底层 (共3层) | 1983年 | 2室1厅 | 52.11平米 | 南 北,https://ke-image.ljcdn.com/110000-inspection/pc1_TIphoNSyT.jpg!m_fill,w_280,h_210,f_jpg?from=ke.com
20231212,大兴,枣园,101122048358,首开康乃馨城 1室1厅 南,225万,35851元/平,低楼层 (共16层) | 2012年 | 1室1厅 | 62.76平米 | 南,https://ke-image.ljcdn.com/110000-inspection/aa12ceb6-eb2c-4b1d-b030-b93524c963a7_1000.jpg!m_fill,w_280,h_210,f_jpg?from=ke.com
20231212,大兴,枣园,101122046310,枣园小区 2室1厅 南 北,235万,33852元/平,顶层 (共6层) 2室1厅 | 69.42平米 | 南 北,https://ke-image.ljcdn.com/110000-inspection/pc1_jOkVpO8DK_2.jpg!m_fill,w_280,h_210,f_jpg?from=ke.com
20231212,大兴,枣园,101122040201,满五年唯一 近地铁的两居室 出行便利,310万,43842元/平,低楼层 (共6层) | 1993年 | 2室1厅 | 70.71平米 | 南 北,https://ke-image.ljcdn.com/110000-inspection/pc1_MAHYdbM7t.jpg!m_fill,w_280,h_210,f_jpg?from=ke.com
20231212,大兴,枣园,101122034965,中建国际港 2室1厅 南,460万,51680元/平,低楼层 (共34层) | 2013年 | 2室1厅 | 89.01平米 | 南,https://ke-image.ljcdn.com/110000-inspection/pc1_BoqNGStMz_2.jpg!m_fill,w_280,h_210,f_jpg?from=ke.com
20231212,大兴,枣园,101122030099,康庄路52号院 南北向两居室 诚意出售,300万,34695元/平,中楼层 (共21层) 2室1厅 | 86.47平米 | 南 北,https://ke-image.ljcdn.com/110000-inspection/89a7af6e-c04a-419c-b76d-ba4c74815aa0_1000.jpg!m_fill,w_280,h_210,f_jpg?from=ke.com
20231212,大兴,枣园,101122024366,枣园尚城南区 南北通透 电梯房 满五年 精装保持好,389万,48043元/平,低楼层 (共17层) | 2012年 | 2室2厅 | 80.97平米 | 南 北,https://ke-image.ljcdn.com/110000-inspection/6dae77a1-c002-47de-b0aa-2179bc1d19c0_1000.jpg!m_fill,w_280,h_210,f_jpg?from=ke.com
20231212,大兴,枣园,101122022044,那尔水晶城社区 一居室 精装修 业主诚心出售,349万,50412元/平,中楼层 (共13层) 1室1厅 | 69.23平米 | 南,https://ke-image.ljcdn.com/110000-inspection/7c4f9dfb-9003-449f-ac5d-e9af4aabe210_1000.jpg!m_fill,w_280,h_210,f_jpg?from=ke.com
20231212,大兴,枣园,101122021379,首开康乃馨城 商品房南向采光充足,215万,34544元/平,低楼层 (共16层) | 2012年 | 1室1厅 | 62.24平米 | 南,https://ke-image.ljcdn.com/110000-inspection/14a242bd-8ae2-4dc3-abe3-3f647c53d513_1000.jpg!m_fill,w_280,h_210,f_jpg?from=ke.com
20231212,大兴,枣园,101122021279,兴盛街187号院 南北向两居室 诚意出售,320万,36302元/平,低楼层 (共12层) 2室1厅 | 88.15平米 | 南 北,https://ke-image.ljcdn.com/110000-inspection/fb70c7c2-3c76-48f8-963b-a0d2b293f076_1000.jpg!m_fill,w_280,h_210,f_jpg?from=ke.com
20231212,大兴,枣园,101122014936,中建国际港 南向两居室 满五年唯一 2015年 视野开阔,457万,51980元/平,高楼层 (共33层) | 2015年 | 2室1厅 | 87.92平米 | 南,https://ke-image.ljcdn.com/110000-inspection/7c5e9999-df60-4eb2-a1a7-1ffda8c20f26_1000.jpg!m_fill,w_280,h_210,f_jpg?from=ke.com
20231212,大兴,枣园,101122010241,彩虹新城南北通透急售三居室好位置价格可商量,505万,42101元/平,底层 (共16层) | 2008年 | 3室2厅 | 119.95平米 | 南 北,https://ke-image.ljcdn.com/110000-inspection/pc1_8pcniJnLa_2.jpg!m_fill,w_280,h_210,f_jpg?from=ke.com
20231212,大兴,枣园,101122008372,新居里  双南向卧室  大两居南北通透,255万,27062元/平,高楼层 (共6层) 2室2厅 | 94.23平米 | 南 北,https://ke-image.ljcdn.com/110000-inspection/pc1_WVfethK3B_1.jpg!m_fill,w_280,h_210,f_jpg?from=ke.com
20231212,大兴,枣园,101122007748,那尔水晶城 2室1厅 南 北,378万,43644元/平,中楼层 (共13层) | 2006年 | 2室1厅 | 86.61平米 | 南 北,https://ke-image.ljcdn.com/110000-inspection/pc1_c5c0YQ0cN_2.jpg!m_fill,w_280,h_210,f_jpg?from=ke.com
20231212,大兴,枣园,101121998867,枣园小区低楼层精装三居采光好,375万,44040元/平,低楼层 (共7层) | 1994年 | 3室1厅 | 85.15平米 | 南 北,https://ke-image.ljcdn.com/110000-inspection/pc1_zx4vlLyT1_2.jpg!m_fill,w_280,h_210,f_jpg?from=ke.com
20231212,大兴,枣园,101121993382,首座御园三居两卫 小区中间 中高楼层  看房方便,435万,35580元/平,中楼层 (共14层) | 2015年 | 3室2厅 | 122.26平米 | 南 西,https://ke-image.ljcdn.com/110000-inspection/11e46ae5-aa06-450f-acc8-cf6a4e4b7e9d_1000.jpg!m_fill,w_280,h_210,f_jpg?from=ke.com
20231212,大兴,枣园,101121990036,大兴新城团河苑业主诚心卖刚需两居小户型,195万,34643元/平,顶层 (共4层) | 1987年 | 2室1厅 | 56.29平米 | 南,https://ke-image.ljcdn.com/110000-inspection/de8bed79-8cff-444c-9f99-6bab7fde6ab7_1000.jpg!m_fill,w_280,h_210,f_jpg?from=ke.com
20231212,大兴,枣园,101121988805,全南两居 落地窗 采光视野好 满五唯一 自住装修 诚售,369万,44690元/平,中楼层 (共12层) 2室1厅 | 82.57平米 | 南,https://ke-image.ljcdn.com/110000-inspection/3e4cb1cb-d161-49d7-a177-aa7bde6b6a26_1000.jpg!m_fill,w_280,h_210,f_jpg?from=ke.com
20231212,大兴,枣园,101121988059,滨河西里北区 2室1厅 南 北,320万,42610元/平,中楼层 (共6层) | 1995年 | 2室1厅 | 75.1平米 | 南 北,https://ke-image.ljcdn.com/110000-inspection/a2aa649b-5661-4b92-87b9-56d80d82a6b2_1000.jpg!m_fill,w_280,h_210,f_jpg?from=ke.com
20231212,大兴,枣园,101121987963,首座御园一区二期 1室1厅 西,255万,31685元/平,中楼层 (共14层) | 2015年 | 1室1厅 | 80.48平米 | 西,https://ke-image.ljcdn.com/110000-inspection/ba7b4eb2-58ef-40c6-9c34-4ae4903bf354_1000.jpg!m_fill,w_280,h_210,f_jpg?from=ke.com
20231212,大兴,枣园,101121987567,首座御园二区二期东向两居室满五唯一诚心出售。,295万,32786元/平,中楼层 (共14层) 2室1厅 | 89.98平米 | 东 南,https://ke-image.ljcdn.com/110000-inspection/pc1_KCXOBv3gv.jpg!m_fill,w_280,h_210,f_jpg?from=ke.com
20231212,大兴,枣园,101121984988,首开康乃馨城 一层南北向看房方便,332万,37100元/平,底层 (共9层) 3室1厅 | 89.49平米 | 南 北,https://ke-image.ljcdn.com/110000-inspection/pc1_uGnPCt9Pl_2.jpg!m_fill,w_280,h_210,f_jpg?from=ke.com
20231212,大兴,枣园,101121983605,枣园东里满五年精装婚房拎包入住诚心出售房主自荐,298万,37560元/平,高楼层 (共6层) 3室1厅 | 79.34平米 | 南 北,https://ke-image.ljcdn.com/110000-inspection/pc1_JmqMm31C9.jpg!m_fill,w_280,h_210,f_jpg?from=ke.com
20231212,大兴,枣园,101121983448,首座御园一区二期 3室2厅 南 北,460万,39581元/平,低楼层 (共15层) | 2015年 | 3室2厅 | 116.22平米 | 南 北,https://ke-image.ljcdn.com/110000-inspection/pc1_BCyJ4ZNER_2.jpg!m_fill,w_280,h_210,f_jpg?from=ke.com
20231212,大兴,枣园,101121981864,兴华园好位置南向好楼层两居室房主自荐,419万,43295元/平,高楼层 (共10层) 2室1厅 | 96.78平米 | 南,https://ke-image.ljcdn.com/110000-inspection/pc1_rCs9U20Qh.jpg!m_fill,w_280,h_210,f_jpg?from=ke.com
20231212,大兴,枣园,101121976610,大兴丽园B区中楼层一居室临近地铁价格可以商量,279万,46254元/平,中楼层 (共7层) | 2004年 | 1室1厅 | 60.32平米 | 南 北,https://ke-image.ljcdn.com/110000-inspection/pc1_1NJ31KPTo_2.jpg!m_fill,w_280,h_210,f_jpg?from=ke.com
20231212,大兴,枣园,101121959857,楼龄新满五唯一明厅户型采光充足配套齐全房主自荐,290万,33296元/平,中楼层 (共7层) | 1997年 | 3室2厅 | 87.1平米 | 东北,https://ke-image.ljcdn.com/110000-inspection/8c2356b0-625c-47df-8c27-1cf54cec15e0_1000.jpg!m_fill,w_280,h_210,f_jpg?from=ke.com
20231212,大兴,枣园,101121958703,首座御园一期 2室1厅 南 北,336万,36794元/平,底层 (共8层) | 2011年 | 2室1厅 | 91.32平米 | 南 北,https://ke-image.ljcdn.com/110000-inspection/e7ed8384-3923-449d-9ab3-a097246770c5_1000.jpg!m_fill,w_280,h_210,f_jpg?from=ke.com
20231212,大兴,枣园,101121943711,滨河西里南区 2室1厅 东 西,214万,30952元/平,底层 (共6层) | 1995年 | 2室1厅 | 69.14平米 | 东 西,https://ke-image.ljcdn.com/110000-inspection/pc1_TERFEL0mO.jpg!m_fill,w_280,h_210,f_jpg?from=ke.com
20231212,大兴,枣园,101121941815,那尔水晶城 2室1厅 南 北,510万,46785元/平,中楼层 (共16层) | 2005年 | 2室1厅 | 109.01平米 | 南 北,https://ke-image.ljcdn.com/110000-inspection/pc1_SotP5KIwU.jpg!m_fill,w_280,h_210,f_jpg?from=ke.com
20231212,大兴,枣园,101121933282,急售枣园东里两居室满五唯一中间楼层看房方便,270万,37901元/平,中楼层 (共6层) | 1999年 | 2室1厅 | 71.24平米 | 南 北,https://ke-image.ljcdn.com/110000-inspection/pc1_PPn7WnoFI_2.jpg!m_fill,w_280,h_210,f_jpg?from=ke.com
20231212,大兴,枣园,101121929041,康庄路50号院 南北通透户型方正中间楼层,360万,40436元/平,中楼层 (共15层) | 2011年 | 2室1厅 | 89.03平米 | 南 北,https://ke-image.ljcdn.com/110000-inspection/ebe5388d-1eeb-46bd-91bf-3744a1abda95_1000.jpg!m_fill,w_280,h_210,f_jpg?from=ke.com
20231212,大兴,枣园,101121927329,中建国际港  枣园巷3号院  中建国际港社区,515万,57261元/平,高楼层 (共33层) | 2015年 | 2室2厅 | 89.94平米 | 南 北,https://ke-image.ljcdn.com/110000-inspection/2c2c4625-7884-475a-837a-8416bac07d32_1000.jpg!m_fill,w_280,h_210,f_jpg?from=ke.com
20231212,大兴,枣园,101121920610,枣园尚城北区 1室1厅 南 北,272万,40835元/平,低楼层 (共12层) 1室1厅 | 66.61平米 | 南 北,https://ke-image.ljcdn.com/110000-inspection/9cc08494-fda9-4a79-910d-b584b416ac1a_1000.jpg!m_fill,w_280,h_210,f_jpg?from=ke.com
20231212,大兴,枣园,101121912402,中建国际港 南向精装两居室 无遮挡,470万,53210元/平,高楼层 (共29层) | 2015年 | 2室1厅 | 88.33平米 | 南,https://ke-image.ljcdn.com/110000-inspection/pc1_CZQAfldzM_2.jpg!m_fill,w_280,h_210,f_jpg?from=ke.com
20231212,大兴,枣园,101121910167,康庄中巷4号院南北通透直厅H户型,340万,37803元/平,低楼层 (共14层) 2室2厅 | 89.94平米 | 南 北,https://ke-image.ljcdn.com/110000-inspection/pc1_QaBhkBLrJ_2.jpg!m_fill,w_280,h_210,f_jpg?from=ke.com
20231212,大兴,枣园,101121904904,兴盛街189号院 2室1厅 南 北,380万,44680元/平,顶层 (共7层) | 2009年 | 2室1厅 | 85.05平米 | 南 北,https://ke-image.ljcdn.com/110000-inspection/pc1_Agi1BvyEw_2.jpg!m_fill,w_280,h_210,f_jpg?from=ke.com
20231212,大兴,枣园,101121899506,滨河西里南区中间楼层社区安静采光好,212万,40228元/平,中楼层 (共6层) | 1993年 | 2室1厅 | 52.7平米 | 南 北,https://ke-image.ljcdn.com/110000-inspection/pc1_lqMAerCgR_2.jpg!m_fill,w_280,h_210,f_jpg?from=ke.com
20231212,大兴,枣园,101121899353,新安里 1室1厅 南 北,205万,39760元/平,底层 (共6层) | 1999年 | 1室1厅 | 51.56平米 | 南 北,https://ke-image.ljcdn.com/110000-inspection/pc1_81PiKsY0S.jpg!m_fill,w_280,h_210,f_jpg?from=ke.com
20231212,大兴,枣园,101121897348,首座御园一区二期 2室1厅 东,312万,34609元/平,高楼层 (共14层) | 2015年 | 2室1厅 | 90.15平米 | 东,https://ke-image.ljcdn.com/110000-inspection/63d85efe-3bd5-4cd3-a680-e4dd141f557e_1000.jpg!m_fill,w_280,h_210,f_jpg?from=ke.com
20231212,大兴,枣园,101121897209,清源西里 2室1厅 南 北房主自荐,280万,42534元/平,中楼层 (共6层) 2室1厅 | 65.83平米 | 南 北,https://ke-image.ljcdn.com/110000-inspection/pc1_HfT7HEDtX.jpg!m_fill,w_280,h_210,f_jpg?from=ke.com
20231212,大兴,枣园,101121893732,新安里 2室1厅 南 北,260万,34966元/平,底层 (共6层) | 1992年 | 2室1厅 | 74.36平米 | 南 北,https://ke-image.ljcdn.com/110000-inspection/8f1ba3ba-8922-439b-922d-86ed5dbac15e_1000.jpg!m_fill,w_280,h_210,f_jpg?from=ke.com
20231212,大兴,枣园,101121888744,中建国际港 高楼层 南北通透 全明格局3室2卫 随时可看,725万,53052元/平,中楼层 (共29层) 3室2厅 | 136.66平米 | 南 北,https://ke-image.ljcdn.com/110000-inspection/pc1_c0X6X65tg_2.jpg!m_fill,w_280,h_210,f_jpg?from=ke.com
20231212,大兴,枣园,101121884368,兴盛街187号院 南北向两居室 诚意出售,330万,37437元/平,顶层 (共12层) | 2009年 | 2室1厅 | 88.15平米 | 南 北,https://ke-image.ljcdn.com/110000-inspection/24c84000-7fc4-4d87-81f1-73d47d5b4ac9_1000.jpg!m_fill,w_280,h_210,f_jpg?from=ke.com
20231212,大兴,枣园,101121883930,彩虹新城 经典两居 南北通透 近地铁 业主诚售,470万,53156元/平,低楼层 (共17层) | 2009年 | 2室1厅 | 88.42平米 | 南 北,https://ke-image.ljcdn.com/110000-inspection/pc1_WDpbvX7IP.jpg!m_fill,w_280,h_210,f_jpg?from=ke.com
20231212,大兴,枣园,101121881794,康泰园 2室1厅 南 北房主自荐,398万,44654元/平,中楼层 (共18层) 2室1厅 | 89.13平米 | 南 北,https://ke-image.ljcdn.com/110000-inspection/e221bbb5-59e2-4b6e-95be-7325f05f1d5d_1000.jpg!m_fill,w_280,h_210,f_jpg?from=ke.com
20231212,大兴,枣园,101121880512,首座御园一期两居室二次装修满五年诚心出售。,375万,40000元/平,低楼层 (共8层) 2室1厅 | 93.75平米 | 南 北,https://ke-image.ljcdn.com/110000-inspection/95eccd94-767f-4b74-9107-735c3e8caf19_1000.jpg!m_fill,w_280,h_210,f_jpg?from=ke.com
20231212,大兴,枣园,101121878791,清源西里 2室1厅 南 北,242万,43730元/平,高楼层 (共6层) | 1992年 | 2室1厅 | 55.34平米 | 南 北,https://ke-image.ljcdn.com/110000-inspection/2603d159-9d54-41b0-9332-ddd2fafe1ce7_1000.jpg!m_fill,w_280,h_210,f_jpg?from=ke.com
20231212,大兴,枣园,101121874466,新安里 2室1厅 南 西,199万,26896元/平,底层 (共6层) 2室1厅 | 73.99平米 | 南 西,https://ke-image.ljcdn.com/110000-inspection/pc1_mrF7AKSQb.jpg!m_fill,w_280,h_210,f_jpg?from=ke.com
20231212,大兴,枣园,101121861712,2017年得电梯房近地铁枣园站出来100米,268万,52694元/平,中楼层 (共19层) | 2017年 | 1室1厅 | 50.86平米 | 东,https://ke-image.ljcdn.com/110000-inspection/89e29465-eb4e-4d7c-85b1-73f59e95df2b_1000.jpg!m_fill,w_280,h_210,f_jpg?from=ke.com
20231212,大兴,枣园,101121860664,首座御园一区二期 2室1厅 西北,315万,35000元/平,中楼层 (共14层) | 2015年 | 2室1厅 | 90平米 | 西北,https://ke-image.ljcdn.com/110000-inspection/c42c11e9-5320-4ddb-bfa7-71c01c0e8508_1000.jpg!m_fill,w_280,h_210,f_jpg?from=ke.com
20231212,大兴,枣园,101121855499,2017年得电梯房满五唯一近地铁枣园站出来100米,250万,49653元/平,中楼层 (共19层) | 2017年 | 1室1厅 | 50.35平米 | 东,https://ke-image.ljcdn.com/110000-inspection/e6dcf1c8-06a8-498d-b6b9-9cad277ec346_1000.jpg!m_fill,w_280,h_210,f_jpg?from=ke.com
20231212,大兴,枣园,101121852859,滨河西里南北两局带8平米阳台空间房主自荐,238万,41007元/平,底层 (共6层) | 1992年 | 2室1厅 | 58.04平米 | 南 北,https://ke-image.ljcdn.com/110000-inspection/pc1_xo2gxLfVT.jpg!m_fill,w_280,h_210,f_jpg?from=ke.com
20231212,大兴,枣园,101121842473,首开康乃馨城  满五年唯一 只有契税  采光无遮挡,278万,37783元/平,中楼层 (共9层) | 2012年 | 2室1厅 | 73.58平米 | 南,https://ke-image.ljcdn.com/110000-inspection/a566860b-a706-4295-9cdd-0f6a106eb08b_1000.jpg!m_fill,w_280,h_210,f_jpg?from=ke.com
20231212,大兴,枣园,101121833888,兴盛街187号院满五年唯一南北朝向无抵押采光充足,368万,43941元/平,低楼层 (共13层) | 2009年 | 2室1厅 | 83.75平米 | 南 北,https://ke-image.ljcdn.com/110000-inspection/b513ef41-d18c-4566-96cf-ca7eed9f5778_1000.jpg!m_fill,w_280,h_210,f_jpg?from=ke.com
20231212,大兴,枣园,101121830929,清源东里 精装修 三居室 诚心出售,298万,29635元/平,高楼层 (共6层) | 1997年 | 3室1厅 | 100.56平米 | 南 北,https://ke-image.ljcdn.com/110000-inspection/pc1_V3m2O4S0n_2.jpg!m_fill,w_280,h_210,f_jpg?from=ke.com
20231212,大兴,枣园,101121829674,南北一居室满五唯一适合老人孩子家庭看房方便。房主自荐,218万,38367元/平,底层 (共6层) | 1995年 | 1室1厅 | 56.82平米 | 南 北,https://ke-image.ljcdn.com/110000-inspection/e4bf7b2e-138f-45d8-8110-101e80adbca7_1000.jpg!m_fill,w_280,h_210,f_jpg?from=ke.com
20231212,大兴,枣园,101121825856,兴盛街187号院 一居室 户型方正,255万,46491元/平,低楼层 (共12层) | 2009年 | 1室1厅 | 54.85平米 | 南,https://ke-image.ljcdn.com/110000-inspection/59745520-9d14-452f-a734-0093fcfc5112_1000.jpg!m_fill,w_280,h_210,f_jpg?from=ke.com
20231212,大兴,枣园,101121820295,满五唯一 南北通透  店长推荐,350万,41827元/平,中楼层 (共18层) | 2009年 | 2室1厅 | 83.68平米 | 南 北,https://ke-image.ljcdn.com/110000-inspection/66d6f713-53aa-4b8f-8a9d-53e487d9142e_1000.jpg!m_fill,w_280,h_210,f_jpg?from=ke.com
20231212,大兴,枣园,101121813936,枣园东里 3室1厅 南 北,335万,35394元/平,中楼层 (共6层) | 1999年 | 3室1厅 | 94.65平米 | 南 北,https://ke-image.ljcdn.com/110000-inspection/504ecfec-3cdb-4045-a173-a83b55a52fad_1000.jpg!m_fill,w_280,h_210,f_jpg?from=ke.com
20231212,大兴,枣园,101121813225,新安里 2室1厅 南 北,219万,32150元/平,低楼层 (共6层) 2室1厅 | 68.12平米 | 南 北,https://ke-image.ljcdn.com/110000-inspection/pc1_4r8FJxrjh_2.jpg!m_fill,w_280,h_210,f_jpg?from=ke.com
20231212,大兴,枣园,101121812577,中建国际港 满五唯一 精装南向两居室,468万,53237元/平,高楼层 (共29层) 2室1厅 | 87.91平米 | 南,https://ke-image.ljcdn.com/110000-inspection/pc1_B1Ae5cHx0_2.jpg!m_fill,w_280,h_210,f_jpg?from=ke.com
20231212,大兴,枣园,101121808850,滨河西里北区 2室1厅 北 南,310万,40006元/平,低楼层 (共7层) | 1999年 | 2室1厅 | 77.49平米 | 北 南,https://ke-image.ljcdn.com/110000-inspection/7c5d1167-dc33-4858-97b5-4844060a88f7_1000.jpg!m_fill,w_280,h_210,f_jpg?from=ke.com
20231212,大兴,枣园,101121807617,丽园B区 1室1厅 南 北,269万,44596元/平,中楼层 (共7层) | 2004年 | 1室1厅 | 60.32平米 | 南 北,https://ke-image.ljcdn.com/110000-inspection/pc1_4TDPnT55X_2.jpg!m_fill,w_280,h_210,f_jpg?from=ke.com
20231212,大兴,枣园,101121806652,首座御园2号院 电梯房 精装两居两个卫生间房主自荐,345万,38330元/平,低楼层 (共14层) | 2015年 | 2室1厅 | 90.01平米 | 西南,https://ke-image.ljcdn.com/110000-inspection/7dd79eff-9413-4507-96dd-8b80bb44bf3a_1000.jpg!m_fill,w_280,h_210,f_jpg?from=ke.com
20231212,大兴,枣园,101121804866,双河北里 3室1厅 南 北,198万,35631元/平,中楼层 (共5层) 3室1厅 | 55.57平米 | 南 北,https://ke-image.ljcdn.com/110000-inspection/9e49ceae-d45d-4f8e-8db4-00611fc51692_1000.jpg!m_fill,w_280,h_210,f_jpg?from=ke.com
20231212,大兴,枣园,101121802947,康庄路52号院 南北两居室 诚意出售,275万,32342元/平,低楼层 (共21层) 2室1厅 | 85.03平米 | 南 北,https://ke-image.ljcdn.com/110000-inspection/62690b97-6ead-46b4-977b-75c629699c30_1000.jpg!m_fill,w_280,h_210,f_jpg?from=ke.com
20231212,大兴,枣园,101121802547,清源西里 2室1厅 南 北,249万,43846元/平,低楼层 (共6层) 2室1厅 | 56.79平米 | 南 北,https://ke-image.ljcdn.com/110000-inspection/pc1_imfIPsUv9_1.jpg!m_fill,w_280,h_210,f_jpg?from=ke.com
20231212,大兴,枣园,101121796769,康宜家园南区 2室1厅 南,245万,34406元/平,低楼层 (共15层) 2室1厅 | 71.21平米 | 南,https://ke-image.ljcdn.com/110000-inspection/a44f4f10-f748-44d7-af72-fc90be5c7506_1000.jpg!m_fill,w_280,h_210,f_jpg?from=ke.com
20231212,大兴,枣园,101121795134,滨河西里北区 2室1厅 南 北,300万,39841元/平,顶层 (共5层) | 1995年 | 2室1厅 | 75.3平米 | 南 北,https://ke-image.ljcdn.com/110000-inspection/929b9aab-ee1e-4b5d-83df-a33112f23d88_1000.jpg!m_fill,w_280,h_210,f_jpg?from=ke.com
20231212,大兴,枣园,101121793776,新上滨河西里北区  低楼层两居室  精装修 满五唯一房主自荐,300万,39995元/平,低楼层 (共6层) | 1994年 | 2室1厅 | 75.01平米 | 南 北,https://ke-image.ljcdn.com/110000-inspection/pc1_SGyS8lupg_1.jpg!m_fill,w_280,h_210,f_jpg?from=ke.com
20231212,大兴,枣园,101121792380,红木林北区店长推荐的好房拎包入住南北好格局,499万,62057元/平,低楼层 (共21层) 2室2厅 | 80.41平米 | 南 北,https://ke-image.ljcdn.com/110000-inspection/66f8ca38-5731-4088-ae59-b77a15e7f39e_1000.jpg!m_fill,w_280,h_210,f_jpg?from=ke.com
20231212,大兴,枣园,101121787698,电梯房 总高8层 一梯两户不临街小区中间位置,530万,44393元/平,中楼层 (共8层) 3室1厅 | 119.39平米 | 南 北,https://ke-image.ljcdn.com/110000-inspection/2a387cd6-37e4-4bee-923d-f2bd3e449b95_1000.jpg!m_fill,w_280,h_210,f_jpg?from=ke.com
20231212,大兴,枣园,101121786331,中建国际港 3室2厅 南 西 北,706万,56913元/平,中楼层 (共33层) | 2015年 | 3室2厅 | 124.05平米 | 南 西 北,https://ke-image.ljcdn.com/110000-inspection/pc1_U3gCkpXqL_2.jpg!m_fill,w_280,h_210,f_jpg?from=ke.com
20231212,大兴,枣园,101121784525,枣园近地铁精装一居室 位置好 枣园尚城南区电梯房,278万,45883元/平,中楼层 (共17层) 1室1厅 | 60.59平米 | 南,https://ke-image.ljcdn.com/110000-inspection/pc1_mamuntPSU_2.jpg!m_fill,w_280,h_210,f_jpg?from=ke.com
20231212,大兴,枣园,101121776303,彩虹新城  电梯房两居室  精装修  高楼层,465万,53162元/平,高楼层 (共18层) | 2008年 | 2室1厅 | 87.47平米 | 南 北,https://ke-image.ljcdn.com/110000-inspection/pc1_DjDvQNtHO.jpg!m_fill,w_280,h_210,f_jpg?from=ke.com
20231212,大兴,枣园,101121769062,康庄中巷4号院南北不通透全明格局。,325万,37430元/平,底层 (共18层) | 2012年 | 2室1厅 | 86.83平米 | 南 北,https://ke-image.ljcdn.com/110000-inspection/pc1_dw1EnUEKs_2.jpg!m_fill,w_280,h_210,f_jpg?from=ke.com
20231212,大兴,枣园,101121765201,首开康乃馨 满五唯一 中间位置 看房随时,320万,36073元/平,低楼层 (共9层) | 2012年 | 2室1厅 | 88.71平米 | 南,https://ke-image.ljcdn.com/110000-inspection/2982c881-2d8f-4ce9-b750-1bfdcc7c6481_1000.jpg!m_fill,w_280,h_210,f_jpg?from=ke.com
20231212,大兴,枣园,101121761538,双河北里尚城 2室1厅 东南房主自荐,345万,39107元/平,低楼层 (共18层) 2室1厅 | 88.22平米 | 东南,https://ke-image.ljcdn.com/110000-inspection/bbd3be8d-9b8a-4ac6-8bc7-d68fb1ae728d_1000.jpg!m_fill,w_280,h_210,f_jpg?from=ke.com
20231212,大兴,枣园,101121760624,房子12月20号就满五年唯一住房了高楼层采光好,415万,48675元/平,中楼层 (共19层) | 2017年 | 2室2厅 | 85.26平米 | 南,https://ke-image.ljcdn.com/110000-inspection/pc1_7tvp6uo0k_2.jpg!m_fill,w_280,h_210,f_jpg?from=ke.com
20231212,大兴,枣园,101121757040,康泰园 南北通透一居室 满五唯一 看房方便 诚心出售,235万,39656元/平,低楼层 (共18层) | 2011年 | 1室1厅 | 59.26平米 | 南 北,https://ke-image.ljcdn.com/110000-inspection/pc1_KakmQbcei_2.jpg!m_fill,w_280,h_210,f_jpg?from=ke.com
20231212,大兴,枣园,101121754931,枣园北里 2室1厅 南 北,264万,36399元/平,中楼层 (共6层) 2室1厅 | 72.53平米 | 南 北,https://ke-image.ljcdn.com/110000-inspection/df2151f2-b9f2-443d-a1b8-4aeb3d46d4ab_1000.jpg!m_fill,w_280,h_210,f_jpg?from=ke.com
20231212,大兴,枣园,101121752711,大兴枣园 滨河西里北区 精装修 低楼层,299万,34152元/平,底层 (共6层) | 1995年 | 3室1厅 | 87.55平米 | 南 北,https://ke-image.ljcdn.com/110000-inspection/480faeeb-20f4-4da7-a616-7f854ee563aa_1000.jpg!m_fill,w_280,h_210,f_jpg?from=ke.com
20231212,大兴,枣园,101121749136,兴盛街187号院3号楼南北通透户型好,300万,35403元/平,低楼层 (共12层) | 2009年 | 2室1厅 | 84.74平米 | 南 北,https://ke-image.ljcdn.com/110000-inspection/ceea842e-d1ee-4040-86fb-8db7e721f7f9_1000.jpg!m_fill,w_280,h_210,f_jpg?from=ke.com
20231212,大兴,枣园,101121747502,马赛公馆满五唯一精装修人车分流正规三居室,740万,52168元/平,低楼层 (共10层) | 2012年 | 3室2厅 | 141.85平米 | 南 北,https://ke-image.ljcdn.com/110000-inspection/pc1_uRuzVgr7U_2.jpg!m_fill,w_280,h_210,f_jpg?from=ke.com
20231212,大兴,枣园,101121746697,红木林南区 2室2厅 东 南,400万,60451元/平,低楼层 (共21层) 2室2厅 | 66.17平米 | 东 南,https://ke-image.ljcdn.com/110000-inspection/cad82112-4a18-4fb5-ac87-e0c14c3f165b_1000.jpg!m_fill,w_280,h_210,f_jpg?from=ke.com
20231212,大兴,枣园,101121746438,康宜家园北区 1室1厅 南,185万,39404元/平,底层 (共17层) 1室1厅 | 46.95平米 | 南,https://ke-image.ljcdn.com/110000-inspection/180fed3f-5b31-49b2-973d-ff52b5ecd463_1000.jpg!m_fill,w_280,h_210,f_jpg?from=ke.com
20231212,大兴,枣园,101121742655,团河苑 1室1厅 南房主自荐,153万,32742元/平,高楼层 (共6层) | 1989年 | 1室1厅 | 46.73平米 | 南,https://ke-image.ljcdn.com/110000-inspection/b6f6cba9-fd6c-4bdb-8a84-ccbd63221987_1000.jpg!m_fill,w_280,h_210,f_jpg?from=ke.com
20231212,大兴,枣园,101121739069,电梯房交通便利满五唯一精装修诚心出售,630万,45550元/平,中楼层 (共7层) | 2000年 | 3室2厅 | 138.31平米 | 南 北,https://ke-image.ljcdn.com/110000-inspection/9ab6f25b-731a-41a7-897e-771a91d7544a_1000.jpg!m_fill,w_280,h_210,f_jpg?from=ke.com
20231212,大兴,枣园,101121738539,新安里 3室2厅 南 北,259万,28229元/平,顶层 (共6层) 3室2厅 | 91.75平米 | 南 北,https://ke-image.ljcdn.com/110000-inspection/6263592d-3dfe-4f56-a0d6-a5a9787060c8_1000.jpg!m_fill,w_280,h_210,f_jpg?from=ke.com
20231212,大兴,枣园,101121735190,首开康乃馨城  南北户型 大客厅,335万,37227元/平,中楼层 (共9层) 2室1厅 | 89.99平米 | 南 北,https://ke-image.ljcdn.com/110000-inspection/a7ce213d-757d-4100-a5e2-e32fd19e6af9_1000.jpg!m_fill,w_280,h_210,f_jpg?from=ke.com
20231212,大兴,枣园,101121729471,东亚康和名居 优选楼层 南北通透 两居室,328万,41129元/平,高楼层 (共21层) 2室2厅 | 79.75平米 | 南 北,https://ke-image.ljcdn.com/110000-inspection/aff5cd97-5c4e-47b6-873e-606071fad369_1000.jpg!m_fill,w_280,h_210,f_jpg?from=ke.com
20231212,大兴,枣园,101121722846,清源西里 2室1厅 南 北,338万,45931元/平,低楼层 (共6层) | 1992年 | 2室1厅 | 73.59平米 | 南 北,https://ke-image.ljcdn.com/110000-inspection/2e67519f-ac4e-461a-8713-298ac450562a_1000.jpg!m_fill,w_280,h_210,f_jpg?from=ke.com
20231212,大兴,枣园,101121714069,店长推荐 首开康乃馨精装三居 业主诚心出售,330万,36959元/平,中楼层 (共16层) 3室1厅 | 89.29平米 | 南 北,https://ke-image.ljcdn.com/110000-inspection/e32847bb-53c1-4ad5-97d4-d57e385c05dd_1000.jpg!m_fill,w_280,h_210,f_jpg?from=ke.com
20231212,大兴,枣园,101121709962,丽园B区 2室1厅 南 北,468万,47427元/平,低楼层 (共11层) | 2008年 | 2室1厅 | 98.68平米 | 南 北,https://ke-image.ljcdn.com/110000-inspection/41502304-8129-419d-81ce-d87148f9cb2b_1000.jpg!m_fill,w_280,h_210,f_jpg?from=ke.com
20231212,大兴,枣园,101121708454,中建国际港2居 精装拎包入住 近地铁,475万,53776元/平,中楼层 (共29层) | 2015年 | 2室2厅 | 88.33平米 | 南,https://ke-image.ljcdn.com/110000-inspection/pc1_t7AyYTnlt_2.jpg!m_fill,w_280,h_210,f_jpg?from=ke.com
20231212,大兴,枣园,101121708103,滨河西里北区 非顶层 满五唯一,223万,30415元/平,高楼层 (共7层) | 1998年 | 2室1厅 | 73.32平米 | 东 西,https://ke-image.ljcdn.com/110000-inspection/7cf550b9-82dd-434c-8bf3-115d7f992628_1000.jpg!m_fill,w_280,h_210,f_jpg?from=ke.com
20231212,大兴,枣园,101121707562,滨河西里北区中间楼层南北通透两居,285万,37849元/平,中楼层 (共5层) | 1995年 | 2室1厅 | 75.3平米 | 南 北,https://ke-image.ljcdn.com/110000-inspection/pc1_zZAXVR3gq_2.jpg!m_fill,w_280,h_210,f_jpg?from=ke.com
20231212,大兴,枣园,101121705108,盛嘉华苑 2室1厅 南 北,275万,35252元/平,高楼层 (共15层) | 2012年 | 2室1厅 | 78.01平米 | 南 北,https://ke-image.ljcdn.com/110000-inspection/cdf1096a-8cf7-4ce8-ad9f-cb74095f18ed_1000.jpg!m_fill,w_280,h_210,f_jpg?from=ke.com
20231212,大兴,枣园,101121705035,店长推荐康乃馨城两居室南北通透户型好,315万,34776元/平,顶层 (共9层) | 2012年 | 2室1厅 | 90.58平米 | 南 北,https://ke-image.ljcdn.com/110000-inspection/pc1_G8O1wGcp5_2.jpg!m_fill,w_280,h_210,f_jpg?from=ke.com
20231212,大兴,枣园,101121704651,兴康家园 南北通透 低楼层两居室,279万,31832元/平,低楼层 (共22层) 2室1厅 | 87.65平米 | 南 北,https://ke-image.ljcdn.com/110000-inspection/43f8697b-bde3-410f-86ba-ec35273c87b9_1000.jpg!m_fill,w_280,h_210,f_jpg?from=ke.com
20231212,大兴,枣园,101121699085,康庄路50号院 南北通透 采光好 无遮挡。,247万,38438元/平,顶层 (共15层) 2室1厅 | 64.26平米 | 南 北,https://ke-image.ljcdn.com/110000-inspection/pc1_7wONTYEoY_1.jpg!m_fill,w_280,h_210,f_jpg?from=ke.com
20231212,大兴,枣园,101121698545,热推房源 马赛公馆 南北通透大两居,510万,48028元/平,低楼层 (共16层) | 2012年 | 2室2厅 | 106.19平米 | 南 北,https://ke-image.ljcdn.com/110000-inspection/pc1_5HhDFjuof_3.jpg!m_fill,w_280,h_210,f_jpg?from=ke.com
20231212,大兴,枣园,101121697539,新安里 2室1厅 南 北,218万,31458元/平,中楼层 (共6层) 2室1厅 | 69.3平米 | 南 北,https://ke-image.ljcdn.com/110000-inspection/216ba389-b249-47cf-af5d-4c6c6ce429fc_1000.jpg!m_fill,w_280,h_210,f_jpg?from=ke.com
20231212,大兴,枣园,101121694986,兴盛街189号院 2室2厅 南 北,378万,44634元/平,中楼层 (共9层) | 2009年 | 2室2厅 | 84.69平米 | 南 北,https://ke-image.ljcdn.com/110000-inspection/b691c787-3a51-4bf2-8f24-a6089878ec30_1000.jpg!m_fill,w_280,h_210,f_jpg?from=ke.com
20231212,大兴,枣园,101121691955,中建国际港 3室2厅 南 北房主自荐,720万,57193元/平,高楼层 (共34层) | 2013年 | 3室2厅 | 125.89平米 | 南 北,https://ke-image.ljcdn.com/110000-inspection/7f0184c8-63a7-449c-a273-fab632292c2c_1000.jpg!m_fill,w_280,h_210,f_jpg?from=ke.com
20231212,大兴,枣园,101121689641,枣园东里 南北通透 2居室 满二年 采光好 随时签约,343万,40751元/平,顶层 (共6层) | 1999年 | 2室1厅 | 84.17平米 | 南 北,https://ke-image.ljcdn.com/110000-inspection/4a02b5c6-9f7b-4392-97ab-70cddcf6432e_1000.jpg!m_fill,w_280,h_210,f_jpg?from=ke.com
20231212,大兴,枣园,101121688953,东亚康和名居 双南2居 中高楼层 带电梯,330万,43738元/平,高楼层 (共18层) 2室1厅 | 75.45平米 | 南,https://ke-image.ljcdn.com/110000-inspection/pc1_8dDRK1sse_2.jpg!m_fill,w_280,h_210,f_jpg?from=ke.com
20231212,大兴,枣园,101121672951,团河苑 3室1厅 南 西北,205万,28410元/平,高楼层 (共6层) 3室1厅 | 72.16平米 | 南 西北,https://ke-image.ljcdn.com/110000-inspection/ef01c215-95af-4320-a97b-9fea37bdd75e_1000.jpg!m_fill,w_280,h_210,f_jpg?from=ke.com
20231212,大兴,枣园,101121670844,盛嘉华苑 1室1厅 东 南,215万,37191元/平,低楼层 (共17层) | 2012年 | 1室1厅 | 57.81平米 | 东 南,https://ke-image.ljcdn.com/110000-inspection/pc1_I6PYNM7t1.jpg!m_fill,w_280,h_210,f_jpg?from=ke.com
20231212,大兴,枣园,101121666428,首座御园一区二期 精装修 三居室,475万,40255元/平,中楼层 (共12层) | 2015年 | 3室2厅 | 118平米 | 东南,https://ke-image.ljcdn.com/110000-inspection/pc1_QutNSpzWG_2.jpg!m_fill,w_280,h_210,f_jpg?from=ke.com
20231212,大兴,枣园,101121663876,康庄路52号院好房推荐中楼层诚心出售,245万,37914元/平,中楼层 (共18层) | 2010年 | 1室1厅 | 64.62平米 | 东北,https://ke-image.ljcdn.com/110000-inspection/215b39db-16d9-4f71-8685-270b03b1461f_1000.jpg!m_fill,w_280,h_210,f_jpg?from=ke.com
20231212,大兴,枣园,101121662594,双河北里社区 精装修两居室 首套购房1%契税 看房方便,235万,29027元/平,顶层 (共6层) 2室1厅 | 80.96平米 | 南 北,https://ke-image.ljcdn.com/110000-inspection/9ef04a49-41b1-43a8-8383-5397d7c81aa9_1000.jpg!m_fill,w_280,h_210,f_jpg?from=ke.com
20231212,大兴,枣园,101121659259,滨河东里 满五唯一中间楼层  精装修,212万,35334元/平,中楼层 (共6层) 2室1厅 | 60平米 | 南 北,https://ke-image.ljcdn.com/110000-inspection/dc6463c2-3726-42a0-835e-30df8b2fc467_1000.jpg!m_fill,w_280,h_210,f_jpg?from=ke.com
20231212,大兴,枣园,101121658406,滨河西里北区 精装修 满五唯一房主自荐,220万,34429元/平,中楼层 (共6层) | 1995年 | 2室1厅 | 63.9平米 | 东 西,https://ke-image.ljcdn.com/110000-inspection/1fdb9bd3-ea96-4d51-b3b6-36f114cef0df_1000.jpg!m_fill,w_280,h_210,f_jpg?from=ke.com
20231212,大兴,枣园,101121649539,新居里 2室1厅 南 北,225万,31408元/平,中楼层 (共6层) | 2000年 | 2室1厅 | 71.64平米 | 南 北,https://ke-image.ljcdn.com/110000-inspection/000e7e25-73f7-4a5f-acfd-9cc4c35012d6_1000.jpg!m_fill,w_280,h_210,f_jpg?from=ke.com
20231212,大兴,枣园,101121647817,团河苑 精装修 南北两居 价格可谈,155万,28430元/平,顶层 (共6层) | 1988年 | 2室1厅 | 54.52平米 | 南 北,https://ke-image.ljcdn.com/110000-inspection/faf1e797-0b4d-444e-9293-58156cd53aa1_1000.jpg!m_fill,w_280,h_210,f_jpg?from=ke.com
20231212,大兴,枣园,101121647517,兴华园带电梯南北通透一居户型方正。,218万,46002元/平,中楼层 (共9层) | 2003年 | 1室1厅 | 47.39平米 | 南 北,https://ke-image.ljcdn.com/110000-inspection/pc1_vrFJ3BHTi_1.jpg!m_fill,w_280,h_210,f_jpg?from=ke.com
20231212,大兴,枣园,101121645966,枣园路18号院  中建港怡嘉园  中建国际港三期房主自荐,515万,51485元/平,中楼层 (共19层) | 2017年 | 3室1厅 | 100.03平米 | 南 北,https://ke-image.ljcdn.com/110000-inspection/pc1_GUFCCxLlF.jpg!m_fill,w_280,h_210,f_jpg?from=ke.com
20231212,大兴,枣园,101121642568,商品房前后无遮挡采光充足户型好,170万,33611元/平,高楼层 (共6层) 1室1厅 | 50.58平米 | 南,https://ke-image.ljcdn.com/110000-inspection/21654de2-5b9a-47d4-bf37-7a232062538e_1000.jpg!m_fill,w_280,h_210,f_jpg?from=ke.com
20231212,大兴,枣园,101121638111,新安里 1室1厅 南,168万,31681元/平,低楼层 (共6层) 1室1厅 | 53.03平米 | 南,https://ke-image.ljcdn.com/110000-inspection/5e2a9d87-67c7-4ceb-b2a5-8672a9b87cfb_1000.jpg!m_fill,w_280,h_210,f_jpg?from=ke.com
20231212,大兴,枣园,101121638019,首邑上城 近地铁 南北三居室 双卫 满五年,615万,49826元/平,低楼层 (共16层) | 2007年 | 3室2厅 | 123.43平米 | 南 北,https://ke-image.ljcdn.com/110000-inspection/pc1_5b1Jk2Nhl.jpg!m_fill,w_280,h_210,f_jpg?from=ke.com
20231212,大兴,枣园,101121637795,滨河东里 1室0厅 南,168万,40718元/平,高楼层 (共6层) 1室0厅 | 41.26平米 | 南,https://ke-image.ljcdn.com/110000-inspection/pc1_MMrxKxnJx.jpg!m_fill,w_280,h_210,f_jpg?from=ke.com
20231212,大兴,枣园,101121636782,首开康乃馨城 3室1厅 东南,350万,39199元/平,中楼层 (共16层) 3室1厅 | 89.29平米 | 东南,https://ke-image.ljcdn.com/110000-inspection/8ff56e64-e47c-4d63-b47d-227c987af78b_1000.jpg!m_fill,w_280,h_210,f_jpg?from=ke.com
20231212,大兴,枣园,101121633612,新居里 2室1厅 南 北,249万,30959元/平,中楼层 (共6层) | 2000年 | 2室1厅 | 80.43平米 | 南 北,https://ke-image.ljcdn.com/110000-inspection/a3999838-b2e7-4ef7-b9db-bf60c8967af7_1000.jpg!m_fill,w_280,h_210,f_jpg?from=ke.com
20231212,大兴,枣园,101121631967,首开康乃馨城 2室1厅 南 北,295万,32782元/平,顶层 (共9层) 2室1厅 | 89.99平米 | 南 北,https://ke-image.ljcdn.com/110000-inspection/pc1_tNgBgHxDd_2.jpg!m_fill,w_280,h_210,f_jpg?from=ke.com
20231212,大兴,枣园,101121629916,滨河西里北区 中间楼层三居室 精装修,340万,35824元/平,中楼层 (共6层) 3室1厅 | 94.91平米 | 东 西,https://ke-image.ljcdn.com/110000-inspection/pc1_ZquzYmJBt_2.jpg!m_fill,w_280,h_210,f_jpg?from=ke.com
20231212,大兴,枣园,101121629398,双河南里尚城北区 电梯三居室 满两年 高楼层 看房方便,425万,40457元/平,中楼层 (共18层) 3室1厅 | 105.05平米 | 南 北,https://ke-image.ljcdn.com/110000-inspection/pc1_nj1v3or2n_1.jpg!m_fill,w_280,h_210,f_jpg?from=ke.com
20231212,大兴,枣园,101121628229,盛嘉华苑 中间楼层 精装修三居室,305万,33803元/平,中楼层 (共18层) 3室1厅 | 90.23平米 | 南 北,https://ke-image.ljcdn.com/110000-inspection/227e264b-dbf3-4b80-82b3-8d56ad3c76a6_1000.jpg!m_fill,w_280,h_210,f_jpg?from=ke.com
20231212,大兴,枣园,101121626550,兴盛街189号院一梯两户南北通透带电梯,359万,42390元/平,中楼层 (共9层) 2室1厅 | 84.69平米 | 南 北,https://ke-image.ljcdn.com/110000-inspection/54e271ce-6b13-4c60-b1ca-0d9c36fb70a0_1000.jpg!m_fill,w_280,h_210,f_jpg?from=ke.com
20231212,大兴,枣园,101121624962,双河北里尚城 2017年建成 电梯房 南北通透两居室,300万,33610元/平,顶层 (共12层) 2室1厅 | 89.26平米 | 南 北,https://ke-image.ljcdn.com/110000-inspection/3492e259-bbcf-481b-881c-5c935a196333_1000.jpg!m_fill,w_280,h_210,f_jpg?from=ke.com
20231212,大兴,枣园,101121624588,盛芳茗苑 满五唯一商品房 看房随时 诚心出售房主自荐,668万,47471元/平,底层 (共9层) | 2007年 | 3室1厅 | 140.72平米 | 南 北,https://ke-image.ljcdn.com/110000-inspection/40d8b01b-cc69-4303-8bec-f40a4287da1f_1000.jpg!m_fill,w_280,h_210,f_jpg?from=ke.com
20231212,大兴,枣园,101121622144,红木林北区精装修南北通透好格局满五唯一看房随时,520万,64669元/平,低楼层 (共21层) | 2013年 | 2室1厅 | 80.41平米 | 南 北,https://ke-image.ljcdn.com/110000-inspection/eef86c4f-2c66-4a8b-a947-0076bcf508fd_1000.jpg!m_fill,w_280,h_210,f_jpg?from=ke.com
20231212,大兴,枣园,101121614951,滨河东里满五年唯一住房低楼层通透户型,210万,37961元/平,底层 (共6层) | 1988年 | 2室1厅 | 55.32平米 | 南 北,https://ke-image.ljcdn.com/110000-inspection/9ab2ca05-b083-47dc-b5ca-4aed1223fc2b_1000.jpg!m_fill,w_280,h_210,f_jpg?from=ke.com
20231212,大兴,枣园,101121613213,滨河西里北区 精装修 满五唯一商品房 诚心出售房主自荐,286万,38083元/平,高楼层 (共6层) | 1994年 | 2室2厅 | 75.1平米 | 南 北,https://ke-image.ljcdn.com/110000-inspection/4148b678-2f9b-47ec-9d3b-193f10749dee_1000.jpg!m_fill,w_280,h_210,f_jpg?from=ke.com
20231212,大兴,枣园,101121605305,中建国际港 满五年 高楼层 采光充足 不临街,462万,52976元/平,高楼层 (共33层) 2室1厅 | 87.21平米 | 南,https://ke-image.ljcdn.com/110000-inspection/pc1_Bz0suV0Tz_2.jpg!m_fill,w_280,h_210,f_jpg?from=ke.com
20231212,大兴,枣园,101121599605,枣园尚城   满五唯一  高楼层  采光好,380万,46495元/平,高楼层 (共17层) | 2012年 | 2室1厅 | 81.73平米 | 南,https://ke-image.ljcdn.com/110000-inspection/b1c9bf34-771c-44c9-b06d-dfd0b9676c60_1000.jpg!m_fill,w_280,h_210,f_jpg?from=ke.com
20231212,大兴,枣园,101121596168,彩虹新城 满五唯一 配套齐全 精装修 一居室,350万,51577元/平,顶层 (共17层) | 2009年 | 1室1厅 | 67.86平米 | 南 北,https://ke-image.ljcdn.com/110000-inspection/f6ab1637-8193-4a6f-b5ac-88a457205c34_1000.jpg!m_fill,w_280,h_210,f_jpg?from=ke.com
20231212,大兴,枣园,101121595931,住总·兴康花园 康庄路52号院 兴康家园,315万,36278元/平,低楼层 (共22层) 2室1厅 | 86.83平米 | 南 北,https://ke-image.ljcdn.com/110000-inspection/pc1_0rXwuDbna_2.jpg!m_fill,w_280,h_210,f_jpg?from=ke.com
20231212,大兴,枣园,101121595237,彩虹新城一居室高楼层视野开阔自住装修,296万,49698元/平,中楼层 (共14层) | 2008年 | 1室1厅 | 59.56平米 | 东北,https://ke-image.ljcdn.com/110000-inspection/c8c9c8c6-5d01-4c86-a0e7-32a28587978f_1000.jpg!m_fill,w_280,h_210,f_jpg?from=ke.com
20231212,大兴,枣园,101121589543,清源西里 3室1厅 南 北,405万,45701元/平,高楼层 (共6层) | 1994年 | 3室1厅 | 88.62平米 | 南 北,https://ke-image.ljcdn.com/110000-inspection/pc1_8WdMETREw.jpg!m_fill,w_280,h_210,f_jpg?from=ke.com
20231212,大兴,枣园,101121587073,滨河东里 满五唯一 楼层好 看房方便 诚心出售,206万,34334元/平,中楼层 (共6层) | 1988年 | 2室1厅 | 60平米 | 南 北,https://ke-image.ljcdn.com/110000-inspection/3b521870-4edc-44bb-a827-c20f3c2b5612_1000.jpg!m_fill,w_280,h_210,f_jpg?from=ke.com
20231212,大兴,枣园,101121580568,正规大一居  中间位置中高楼层  采光好视野佳,258万,35170元/平,中楼层 (共11层) | 2012年 | 1室1厅 | 73.36平米 | 南,https://ke-image.ljcdn.com/110000-inspection/pc1_oUaxhQ5Je_2.jpg!m_fill,w_280,h_210,f_jpg?from=ke.com
20231212,大兴,枣园,101121579426,新居里    南北通透  两居室  精装修,255万,30160元/平,高楼层 (共6层) | 2002年 | 2室1厅 | 84.55平米 | 南 北,https://ke-image.ljcdn.com/110000-inspection/e0b6c734-aa32-4b43-a8ec-9276d509474d_1000.jpg!m_fill,w_280,h_210,f_jpg?from=ke.com
20231212,大兴,枣园,101121571618,全明户型南北通透 到地铁400米（高德测距）带电梯方便房主自荐,378万,46788元/平,高楼层 (共18层) | 2009年 | 2室1厅 | 80.79平米 | 南 北,https://ke-image.ljcdn.com/110000-inspection/pc1_3gUF6eJY2_2.jpg!m_fill,w_280,h_210,f_jpg?from=ke.com
20231212,大兴,枣园,101121568119,团河苑 1室1厅 南,145万,31050元/平,高楼层 (共6层) | 1987年 | 1室1厅 | 46.7平米 | 南,https://ke-image.ljcdn.com/110000-inspection/5a003e48-7527-455e-bd2d-b216d5dede1d_1000.jpg!m_fill,w_280,h_210,f_jpg?from=ke.com
20231212,大兴,枣园,101121567080,中建港怡嘉园 南向两居室 精装修一直自住高楼层采光好,420万,49262元/平,顶层 (共19层) | 2017年 | 2室2厅 | 85.26平米 | 南,https://ke-image.ljcdn.com/110000-inspection/pc1_CKMMb7s1X_2.jpg!m_fill,w_280,h_210,f_jpg?from=ke.com
20231212,大兴,枣园,101121566677,商圈推荐南北通透两居室满五年唯一,305万,35285元/平,高楼层 (共16层) 2室1厅 | 86.44平米 | 南 北,https://ke-image.ljcdn.com/110000-inspection/pc1_OfmXnU6Yy_2.jpg!m_fill,w_280,h_210,f_jpg?from=ke.com
20231212,大兴,枣园,101121563114,新安里 3室2厅 南 北,278万,30300元/平,中楼层 (共6层) | 1998年 | 3室2厅 | 91.75平米 | 南 北,https://ke-image.ljcdn.com/110000-inspection/0856e93f-2a5e-459c-98bb-37488c04f1a6_1000.jpg!m_fill,w_280,h_210,f_jpg?from=ke.com
20231212,大兴,枣园,101121559827,首座御园一期 2室2厅 南 北,386万,40986元/平,中楼层 (共8层) | 2009年 | 2室2厅 | 94.18平米 | 南 北,https://ke-image.ljcdn.com/110000-inspection/5d672e67-5048-4d01-b129-582be3c218c9_1000.jpg!m_fill,w_280,h_210,f_jpg?from=ke.com
20231212,大兴,枣园,101121557657,枣园北里 南北通透 满五年唯一 精装修房主自荐,260万,34019元/平,高楼层 (共6层) 2室1厅 | 76.43平米 | 南 北,https://ke-image.ljcdn.com/110000-inspection/8c854bf7-def5-4dbb-b089-20495fd907e5_1000.jpg!m_fill,w_280,h_210,f_jpg?from=ke.com
20231212,大兴,枣园,101121554420,彩虹新城2居室有电梯集中供暖房主自荐,385万,43085元/平,中楼层 (共18层) | 2008年 | 2室1厅 | 89.36平米 | 西北,https://ke-image.ljcdn.com/110000-inspection/5a6ca7b4-89b0-43ca-bc07-541ae1572e96_1000.jpg!m_fill,w_280,h_210,f_jpg?from=ke.com
20231212,大兴,枣园,101121548604,新居里 2室1厅 南 北房主自荐,215万,30066元/平,顶层 (共6层) | 2000年 | 2室1厅 | 71.51平米 | 南 北,https://ke-image.ljcdn.com/110000-inspection/188a4a8e-7e8f-40b1-83e3-b1c0a89b261d_1000.jpg!m_fill,w_280,h_210,f_jpg?from=ke.com
20231212,大兴,枣园,101121547677,新上彩虹新城优质大三居 中间位置  中间楼层,739万,53396元/平,高楼层 (共11层) 3室1厅 | 138.4平米 | 南 北,https://ke-image.ljcdn.com/110000-inspection/42f9568a-16e8-4e36-a197-80e61c5ae4ab_1000.jpg!m_fill,w_280,h_210,f_jpg?from=ke.com
20231212,大兴,枣园,101121536357,滨河西里北区  明厅三居  满五唯一  近地铁,335万,32352元/平,顶层 (共6层) 3室1厅 | 103.55平米 | 西南,https://ke-image.ljcdn.com/110000-inspection/441a1ae8-429c-4c90-a10c-3e5073be0d58_1000.jpg!m_fill,w_280,h_210,f_jpg?from=ke.com
20231212,大兴,枣园,101121535437,双河北里社区  中间楼层  南北两居,181万,32572元/平,中楼层 (共5层) | 1981年 | 2室1厅 | 55.57平米 | 南 北,https://ke-image.ljcdn.com/110000-inspection/bea88936-9607-4d0c-a6da-9a04fab13520_1000.jpg!m_fill,w_280,h_210,f_jpg?from=ke.com
20231212,大兴,枣园,101121534007,康庄路52号院直观公园前后无遮挡中高楼层南北通透三居,428万,40090元/平,中楼层 (共22层) | 2010年 | 3室1厅 | 106.76平米 | 南 北,https://ke-image.ljcdn.com/110000-inspection/29218098-afa6-4e3b-b866-0f8b9156a91d_1000.jpg!m_fill,w_280,h_210,f_jpg?from=ke.com
20231212,大兴,枣园,101121530398,滨河西里北区满五年家庭唯一住房。,285万,32722元/平,底层 (共7层) | 1998年 | 3室1厅 | 87.1平米 | 东 北,https://ke-image.ljcdn.com/110000-inspection/d415fd8c-ed13-4a79-ad97-1822c02b5b1c_1000.jpg!m_fill,w_280,h_210,f_jpg?from=ke.com
20231212,大兴,枣园,101121529984,中建国际港 2室1厅 南,475万,52843元/平,中楼层 (共34层) | 2013年 | 2室1厅 | 89.89平米 | 南,https://ke-image.ljcdn.com/110000-inspection/14a50a31-4c4d-44a3-961e-85d48b79fda9_1000.jpg!m_fill,w_280,h_210,f_jpg?from=ke.com
20231212,大兴,枣园,101121528077,新居里 2室2厅 南 北,290万,30627元/平,底层 (共6层) | 2002年 | 2室2厅 | 94.69平米 | 南 北,https://ke-image.ljcdn.com/110000-inspection/pc1_2iX0kHTl5_2.jpg!m_fill,w_280,h_210,f_jpg?from=ke.com
20231212,大兴,枣园,101121521253,中间楼层满五唯一商品房双卧朝南户型方正无浪费,315万,45110元/平,中楼层 (共6层) | 1998年 | 2室1厅 | 69.83平米 | 南 北,https://ke-image.ljcdn.com/110000-inspection/pc1_DUnsNVVfy_1.jpg!m_fill,w_280,h_210,f_jpg?from=ke.com
20231212,大兴,枣园,101121517314,满五唯一 精装修 南北通透格局好采光好居住舒适,270万,47527元/平,顶层 (共6层) | 1996年 | 2室2厅 | 56.81平米 | 北 南,https://ke-image.ljcdn.com/110000-inspection/a97bc3ce-7947-414f-acbf-cb4fd6f61d7c_1000.jpg!m_fill,w_280,h_210,f_jpg?from=ke.com
20231212,大兴,枣园,101121517083,首座御园一期 2室1厅 南 北,320万,41216元/平,中楼层 (共8层) | 2009年 | 2室1厅 | 77.64平米 | 南 北,https://ke-image.ljcdn.com/110000-inspection/a9d8f1a2-105d-4824-a0eb-ff0b27afe7cf_1000.jpg!m_fill,w_280,h_210,f_jpg?from=ke.com
20231212,大兴,枣园,101121516723,枣园东里 南北户型 2居室 明卫 满五年 首套房房主自荐,268万,40332元/平,中楼层 (共6层) 2室1厅 | 66.45平米 | 南 北,https://ke-image.ljcdn.com/110000-inspection/94d21397-31ee-44ec-a488-b5efb6eb91a8_1000.jpg!m_fill,w_280,h_210,f_jpg?from=ke.com
20231212,大兴,枣园,101121515096,康庄中巷4号院 康庄中巷4号院社区,360万,41677元/平,低楼层 (共18层) | 2012年 | 2室1厅 | 86.38平米 | 南 北,https://ke-image.ljcdn.com/110000-inspection/5113b19f-306d-4ea7-8eff-442b61473acd_1000.jpg!m_fill,w_280,h_210,f_jpg?from=ke.com
20231212,大兴,枣园,101121511942,团河苑 1室1厅 南,169万,44521元/平,中楼层 (共4层) | 1984年 | 1室1厅 | 37.96平米 | 南,https://ke-image.ljcdn.com/110000-inspection/2e374a74-47e6-4db7-a91b-9e762efa9ea8_1000.jpg!m_fill,w_280,h_210,f_jpg?from=ke.com
20231212,大兴,枣园,101121509908,此房是南北通透的满5年唯一 中高层 采光视野好,340万,37536元/平,中楼层 (共11层) 2室2厅 | 90.58平米 | 南 北,https://ke-image.ljcdn.com/110000-inspection/pc1_oFV14V6o6_2.jpg!m_fill,w_280,h_210,f_jpg?from=ke.com
20231212,大兴,枣园,101121500533,新居里 2室1厅 南 北,235万,33320元/平,中楼层 (共6层) 2室1厅 | 70.53平米 | 南 北,https://ke-image.ljcdn.com/110000-inspection/df9eabc5-12f5-42d6-9a2f-eda33337c377_1000.jpg!m_fill,w_280,h_210,f_jpg?from=ke.com
20231212,大兴,枣园,101121500269,店长推荐康泰园小区南北通透两居,319万,39564元/平,顶层 (共18层) | 2011年 | 2室1厅 | 80.63平米 | 南 北,https://ke-image.ljcdn.com/110000-inspection/4547acd3-d714-486a-8218-b367a8a68276_1000.jpg!m_fill,w_280,h_210,f_jpg?from=ke.com
20231212,大兴,枣园,101121496668,兴华园 中间楼层 电梯三居室 自住装修 诚心出售,420万,44591元/平,中楼层 (共9层) | 2003年 | 3室1厅 | 94.19平米 | 南 北,https://ke-image.ljcdn.com/110000-inspection/2ad3ee44-0768-41ac-9b44-8e96a5e1a1d5_1000.jpg!m_fill,w_280,h_210,f_jpg?from=ke.com
20231212,大兴,枣园,101121489623,彩虹新城 满五唯一 南北通透两居室房主自荐,465万,52590元/平,中楼层 (共17层) | 2009年 | 2室1厅 | 88.42平米 | 南 北,https://ke-image.ljcdn.com/110000-inspection/3fe40c6a-f242-406b-83f9-aa79d2ec6b1a_1000.jpg!m_fill,w_280,h_210,f_jpg?from=ke.com
20231212,大兴,枣园,101121489546,团河苑南北通透两居室中间层视觉采光好。房主自荐,180万,31978元/平,中楼层 (共6层) | 1990年 | 2室1厅 | 56.29平米 | 南 北,https://ke-image.ljcdn.com/110000-inspection/2f4288c1-b43e-4eef-be64-2ab1d1fd7af3_1000.jpg!m_fill,w_280,h_210,f_jpg?from=ke.com
20231212,大兴,枣园,101121487167,团河苑 2室1厅 南 北,180万,31078元/平,低楼层 (共6层) | 1988年 | 2室1厅 | 57.92平米 | 南 北,https://ke-image.ljcdn.com/110000-inspection/pc1_ngfJkjAdh_1.jpg!m_fill,w_280,h_210,f_jpg?from=ke.com
20231212,大兴,枣园,101121486757,枣园小区   南北通透三居   满五唯一   近地铁,319万,39277元/平,中楼层 (共7层) | 1994年 | 3室1厅 | 81.22平米 | 南 北,https://ke-image.ljcdn.com/110000-inspection/pc1_4CJyXKMP5_2.jpg!m_fill,w_280,h_210,f_jpg?from=ke.com
20231212,大兴,枣园,101121483485,首开康乃馨城 1室1厅 南,265万,42860元/平,高楼层 (共16层) | 2012年 | 1室1厅 | 61.83平米 | 南,https://ke-image.ljcdn.com/110000-inspection/b85be771-8312-4be5-b659-3fac5cdbecfc_1000.jpg!m_fill,w_280,h_210,f_jpg?from=ke.com
20231212,大兴,枣园,101121481322,首座御园二区二期南北通透视觉采光好满五年。,350万,37781元/平,顶层 (共14层) | 2015年 | 2室1厅 | 92.64平米 | 北 南,https://ke-image.ljcdn.com/110000-inspection/dea25f68-cf9b-40de-9e68-e315eee361c1_1000.jpg!m_fill,w_280,h_210,f_jpg?from=ke.com
20231212,大兴,枣园,101121478013,店长推荐 康泰园小区南北通透两居,345万,42446元/平,低楼层 (共18层) | 2011年 | 2室1厅 | 81.28平米 | 南 北,https://ke-image.ljcdn.com/110000-inspection/99e26242-9a1b-4fb7-90d6-b516f617f43e_1000.jpg!m_fill,w_280,h_210,f_jpg?from=ke.com
20231212,大兴,枣园,101121476509,大兴黄村  枣园小区  诚心出售房主自荐,189万,40839元/平,顶层 (共5层) | 1995年 | 1室1厅 | 46.28平米 | 南,https://ke-image.ljcdn.com/110000-inspection/53400029-793f-4dee-ad26-9a7e552608ee_1000.jpg!m_fill,w_280,h_210,f_jpg?from=ke.com
20231212,大兴,枣园,101121467365,枣园小区双卧朝南南北通透低楼层,329万,38638元/平,低楼层 (共7层) 3室2厅 | 85.15平米 | 南 北,https://ke-image.ljcdn.com/110000-inspection/350d5478-bc10-4df6-b2bc-a9b06e16fd63_1000.jpg!m_fill,w_280,h_210,f_jpg?from=ke.com
20231212,大兴,枣园,101121462533,新安里 3室1厅 南 北,269万,29843元/平,中楼层 (共6层) 3室1厅 | 90.14平米 | 南 北,https://ke-image.ljcdn.com/110000-inspection/pc1_PVKcLnbm3_2.jpg!m_fill,w_280,h_210,f_jpg?from=ke.com
20231212,大兴,枣园,101121454471,中高楼层   南北通透  采光充足,266万,31365元/平,高楼层 (共6层) | 1996年 | 2室1厅 | 84.81平米 | 南 北,https://ke-image.ljcdn.com/110000-inspection/5a5d0abb-3792-450c-bbf4-da3224da624f_1000.jpg!m_fill,w_280,h_210,f_jpg?from=ke.com
20231212,大兴,枣园,101121450321,首开康乃馨城 3室1厅 南 北,339万,37924元/平,低楼层 (共9层) | 2012年 | 3室1厅 | 89.39平米 | 南 北,https://ke-image.ljcdn.com/110000-inspection/pc1_ytB9B0m2Q_2.jpg!m_fill,w_280,h_210,f_jpg?from=ke.com
20231212,大兴,枣园,101121448065,首开康乃馨城南向的2居 客厅朝南 高楼层采光好,288万,36475元/平,顶层 (共9层) 2室1厅 | 78.96平米 | 南,https://ke-image.ljcdn.com/110000-inspection/0958acf7-b327-4502-94ad-ce15197d59e6_1000.jpg!m_fill,w_280,h_210,f_jpg?from=ke.com
20231212,大兴,枣园,101121439884,滨河东里南区 2室1厅 南,159万,27269元/平,顶层 (共6层) 2室1厅 | 58.31平米 | 南,https://ke-image.ljcdn.com/110000-inspection/b5bee9d4-e1e9-4327-b6d5-a4375ef1d248_1000.jpg!m_fill,w_280,h_210,f_jpg?from=ke.com
20231212,大兴,枣园,101121435129,满两年中楼层无遮挡采光好近地铁看房方便,282万,63657元/平,中楼层 (共21层) | 2013年 | 1室1厅 | 44.3平米 | 西 北,https://ke-image.ljcdn.com/110000-inspection/pc1_dEuNWMTMo_2.jpg!m_fill,w_280,h_210,f_jpg?from=ke.com
20231212,大兴,枣园,101121427974,枣园小区 南北通透三居室 精装修,565万,42074元/平,中楼层 (共10层) | 2003年 | 3室1厅 | 134.29平米 | 南 北,https://ke-image.ljcdn.com/110000-inspection/4042a40c-3db0-43f5-8507-79183b641528_1000.jpg!m_fill,w_280,h_210,f_jpg?from=ke.com
20231212,大兴,枣园,101121427501,滨河西里北区房子已经满五年中楼层诚心出售。,375万,42397元/平,中楼层 (共6层) | 1994年 | 3室1厅 | 88.45平米 | 南 北,https://ke-image.ljcdn.com/110000-inspection/pc1_F5E2mXBI7_2.jpg!m_fill,w_280,h_210,f_jpg?from=ke.com
20231212,大兴,枣园,101121426200,马赛公馆  南北通透两居 精装修,538万,52052元/平,高楼层 (共18层) | 2012年 | 2室1厅 | 103.36平米 | 北 南,https://ke-image.ljcdn.com/110000-inspection/pc1_6VAYw1nl2_2.jpg!m_fill,w_280,h_210,f_jpg?from=ke.com
20231212,大兴,枣园,101121423179,首座御园一期 2室2厅 南 北,336万,36562元/平,底层 (共8层) | 2013年 | 2室2厅 | 91.9平米 | 南 北,https://ke-image.ljcdn.com/110000-inspection/adef8bd9-dd57-4938-84c9-fbd03a3148f6_1000.jpg!m_fill,w_280,h_210,f_jpg?from=ke.com
20231212,大兴,枣园,101121421987,滨河西里南区明厅户型中间楼层业主诚心出售房主自荐,235万,40268元/平,中楼层 (共6层) | 1994年 | 2室1厅 | 58.36平米 | 南 北,https://ke-image.ljcdn.com/110000-inspection/b04ab053-de33-42de-b815-f61bfce4a565_1000.jpg!m_fill,w_280,h_210,f_jpg?from=ke.com
20231212,大兴,枣园,101121418873,兴康家园 满五年唯一 20万新装修一居室 品质家具家居,239万,35876元/平,中楼层 (共21层) | 2010年 | 1室1厅 | 66.62平米 | 东北,https://ke-image.ljcdn.com/110000-inspection/bfa45fb0-6f01-4ed4-bcbf-ab20aad22964_1000.jpg!m_fill,w_280,h_210,f_jpg?from=ke.com
20231212,大兴,枣园,101121418687,商品房  精装一居室  南向视野佳  刚需佳选,249万,40780元/平,低楼层 (共18层) | 2012年 | 1室1厅 | 61.06平米 | 南,https://ke-image.ljcdn.com/110000-inspection/2dea2570-0adc-4388-b40b-b35e8d375b9c_1000.jpg!m_fill,w_280,h_210,f_jpg?from=ke.com
20231212,大兴,枣园,101121417104,盛嘉华苑 2室2厅 南,290万,39381元/平,高楼层 (共18层) | 2012年 | 2室2厅 | 73.64平米 | 南,https://ke-image.ljcdn.com/110000-inspection/4dcee693-bc6b-4f96-8568-c6e029da4288_1000.jpg!m_fill,w_280,h_210,f_jpg?from=ke.com
20231212,大兴,枣园,101121415455,中建国际港 满五年唯一 2015年电梯房 高楼层全明户型,525万,57884元/平,高楼层 (共33层) | 2015年 | 2室1厅 | 90.7平米 | 南 北,https://ke-image.ljcdn.com/110000-inspection/pc1_aoEtP41gY_2.jpg!m_fill,w_280,h_210,f_jpg?from=ke.com
20231212,大兴,枣园,101121411655,首座御园一区二期三居室满五唯一视觉楼层好,435万,36865元/平,高楼层 (共12层) | 2015年 | 3室1厅 | 118平米 | 西南,https://ke-image.ljcdn.com/110000-inspection/3019a92b-ed29-4685-a5e7-36dd8e4e5c50_1000.jpg!m_fill,w_280,h_210,f_jpg?from=ke.com
20231212,大兴,枣园,101121410612,丽园B区两居室南北通透带电梯,528万,50072元/平,中楼层 (共8层) 2室2厅 | 105.45平米 | 南 北,https://ke-image.ljcdn.com/110000-inspection/8b077277-eac3-4a8d-859c-56dc85570176_1000.jpg!m_fill,w_280,h_210,f_jpg?from=ke.com
20231212,大兴,枣园,101121409983,清源西里 2室1厅 南 北,243万,43911元/平,顶层 (共6层) 2室1厅 | 55.34平米 | 南 北,https://ke-image.ljcdn.com/110000-inspection/cf72e08c-5a76-485b-b73b-2c2ddeeffc6e_1000.jpg!m_fill,w_280,h_210,f_jpg?from=ke.com
20231212,大兴,枣园,101121408431,首座御园二期北区三期 2室1厅 西南,368万,39037元/平,低楼层 (共12层) | 2015年 | 2室1厅 | 94.27平米 | 西南,https://ke-image.ljcdn.com/110000-inspection/a82ebe66-6487-4bbd-9f3e-c5c5d1c73090_1000.jpg!m_fill,w_280,h_210,f_jpg?from=ke.com
20231212,大兴,枣园,101121407132,首座御园一区二期  小区中间位置 采光视野好,340万,35421元/平,中楼层 (共9层) | 2015年 | 2室1厅 | 95.99平米 | 东南,https://ke-image.ljcdn.com/110000-inspection/892f28aa-9ef7-4ff0-acd3-ba7c6a8b203d_1000.jpg!m_fill,w_280,h_210,f_jpg?from=ke.com
20231212,大兴,枣园,101121403950,首座御园一区二期商品房一居室精装修全屋定制。,258万,32126元/平,底层 (共12层) | 2015年 | 1室1厅 | 80.31平米 | 东 南,https://ke-image.ljcdn.com/110000-inspection/b04312eb-370d-4fa3-8d4d-f1dc94db01c5_1000.jpg!m_fill,w_280,h_210,f_jpg?from=ke.com
20231212,大兴,枣园,101121401070,彩虹新城 地铁500m 落地窗客厅大窗户,310万,51097元/平,低楼层 (共12层) | 2008年 | 2室1厅 | 60.67平米 | 西北,https://ke-image.ljcdn.com/110000-inspection/40e6d313-3a7c-46b5-ae67-1da85376e77b_1000.jpg!m_fill,w_280,h_210,f_jpg?from=ke.com
20231212,大兴,枣园,101121396232,两居室  枣园小区 枣园小区社区,288万,40023元/平,中楼层 (共6层) 2室1厅 | 71.96平米 | 南 北,https://ke-image.ljcdn.com/110000-inspection/d398448a-f784-451d-95f1-fa1a94f22002_1000.jpg!m_fill,w_280,h_210,f_jpg?from=ke.com
20231212,大兴,枣园,101121394356,丽园B区 低楼层 绿色尽收眼底 满五年,449万,49973元/平,底层 (共7层) 2室1厅 | 89.85平米 | 南 北,https://ke-image.ljcdn.com/110000-inspection/97e80808-0e41-4aab-bc4d-c35f5b3f74ca_1000.jpg!m_fill,w_280,h_210,f_jpg?from=ke.com
20231212,大兴,枣园,101121392564,首座御园一期 2室1厅 南 北,420万,45633元/平,顶层 (共8层) | 2009年 | 2室1厅 | 92.04平米 | 南 北,https://ke-image.ljcdn.com/110000-inspection/4d34b6cb-bffe-46a6-a138-c645fa5a6d58_1000.jpg!m_fill,w_280,h_210,f_jpg?from=ke.com
20231212,大兴,枣园,101121389125,南北通透两居室  楼层好 户型好 70平米,220万,31474元/平,中楼层 (共6层) | 1996年 | 2室1厅 | 69.9平米 | 南 北,https://ke-image.ljcdn.com/110000-inspection/b8ab0af0-c8f4-475f-a569-2e190c896a41_1000.jpg!m_fill,w_280,h_210,f_jpg?from=ke.com
20231212,大兴,枣园,101121377828,丽园B区南北通透的1居 有电梯 满5年唯一,310万,46063元/平,中楼层 (共8层) | 2005年 | 1室1厅 | 67.3平米 | 南 北,https://ke-image.ljcdn.com/110000-inspection/d976fdf1-b5e2-4570-a745-7fb85a25b16e_1000.jpg!m_fill,w_280,h_210,f_jpg?from=ke.com
20231212,大兴,枣园,101121377146,枣园东里 2居 南北通透 满五年 首套住房 随时签约,416万,49424元/平,底层 (共6层) 2室1厅 | 84.17平米 | 南 北,https://ke-image.ljcdn.com/110000-inspection/2bfe8115-8b05-4a1f-99b1-d03d681f787d_1000.jpg!m_fill,w_280,h_210,f_jpg?from=ke.com
20231212,大兴,枣园,101121375888,滨河西里中区 中楼层 2居室 满二年  随时签约房主自荐,220万,37479元/平,中楼层 (共6层) | 1992年 | 2室1厅 | 58.7平米 | 东 西,https://ke-image.ljcdn.com/110000-inspection/0bc60dc1-93a5-4139-a518-d2616e383cbe_1000.jpg!m_fill,w_280,h_210,f_jpg?from=ke.com
20231212,大兴,枣园,101121375856,枣园东里 1室1厅 南 西 北,258万,42526元/平,顶层 (共6层) 1室1厅 | 60.67平米 | 南 西 北,https://ke-image.ljcdn.com/110000-inspection/94e924e0-ba35-439e-a206-403910782856_1000.jpg!m_fill,w_280,h_210,f_jpg?from=ke.com
20231212,大兴,枣园,101121375382,滨河西里中区 一居室 中层 满五年 看房提前联系房主自荐,170万,31824元/平,中楼层 (共6层) | 1990年 | 1室1厅 | 53.42平米 | 东 北,https://ke-image.ljcdn.com/110000-inspection/ef787879-7e3e-4a59-ac20-70a5ead252df_1000.jpg!m_fill,w_280,h_210,f_jpg?from=ke.com
20231212,大兴,枣园,101121371926,丽园C区 南北双通透三居双卫生间采光好,640万,48401元/平,高楼层 (共6层) | 2008年 | 3室2厅 | 132.23平米 | 南 北,https://ke-image.ljcdn.com/110000-inspection/pc1_YLHGUki5f_2.jpg!m_fill,w_280,h_210,f_jpg?from=ke.com
20231212,大兴,枣园,101121371831,满五唯一精装修户型好单价低拎包入住房主自荐,260万,31183元/平,顶层 (共6层) | 2001年 | 2室1厅 | 83.38平米 | 东 西,https://ke-image.ljcdn.com/110000-inspection/pc1_nq3MTJc04.jpg!m_fill,w_280,h_210,f_jpg?from=ke.com
20231212,大兴,枣园,101121371298,首座御园一区二期东向两居室视觉采光好诚信售,289万,31920元/平,中楼层 (共14层) 2室1厅 | 90.54平米 | 东,https://ke-image.ljcdn.com/110000-inspection/4b00c5eb-3da0-4271-a6b6-122e3e99b103_1000.jpg!m_fill,w_280,h_210,f_jpg?from=ke.com
20231212,大兴,枣园,101121370905,此房满五唯一商品房户型方正全明格局小两居。,208万,29596元/平,顶层 (共6层) | 1998年 | 2室1厅 | 70.28平米 | 南 北,https://ke-image.ljcdn.com/110000-inspection/pc1_P3nSTLG8H.jpg!m_fill,w_280,h_210,f_jpg?from=ke.com
20231212,大兴,枣园,101121365620,彩虹新城 2室2厅 南 北,458万,51455元/平,高楼层 (共18层) | 2008年 | 2室2厅 | 89.01平米 | 南 北,https://ke-image.ljcdn.com/110000-inspection/pc1_Mh1wdQome.jpg!m_fill,w_280,h_210,f_jpg?from=ke.com
20231212,大兴,枣园,101121365364,枣园 首开康乃馨城 南北通透两居室 高楼层 采光无遮挡,298万,34761元/平,高楼层 (共16层) | 2012年 | 2室1厅 | 85.73平米 | 南 北,https://ke-image.ljcdn.com/110000-inspection/c42e416b-4d8d-4125-b6d2-52792c3ead94_1000.jpg!m_fill,w_280,h_210,f_jpg?from=ke.com
20231212,大兴,枣园,101121364978,大兴黄村  中建国际港  诚心出售,475万,55060元/平,低楼层 (共33层) | 2015年 | 2室2厅 | 86.27平米 | 东 南,https://ke-image.ljcdn.com/110000-inspection/7c1be973-b99d-4567-83e1-cd34ae72b07c_1000.jpg!m_fill,w_280,h_210,f_jpg?from=ke.com
20231212,大兴,枣园,101121360187,丽园B区 1室1厅 南 北,315万,46806元/平,中楼层 (共8层) 1室1厅 | 67.3平米 | 南 北,https://ke-image.ljcdn.com/110000-inspection/408bb5f3-2b11-4d4d-bcb6-adf8a99993d8_1000.jpg!m_fill,w_280,h_210,f_jpg?from=ke.com
20231212,大兴,枣园,101121359306,2015年电梯房楼层好视野开阔小区环境好业主诚心出售,339万,34884元/平,低楼层 (共9层) | 2015年 | 2室1厅 | 97.18平米 | 南 北,https://ke-image.ljcdn.com/110000-inspection/ba4c30a9-3cd6-466e-aa10-dd6484d1b070_1000.jpg!m_fill,w_280,h_210,f_jpg?from=ke.com
20231212,大兴,枣园,101121357111,满五唯一  南北通透  采光充足,365万,27209元/平,顶层 (共6层) 3室2厅 | 134.15平米 | 南 北,https://ke-image.ljcdn.com/110000-inspection/pc1_LAtlmXtNH.jpg!m_fill,w_280,h_210,f_jpg?from=ke.com
20231212,大兴,枣园,101121352608,满五唯一好位置视野好纯南向两居户型方正,292万,38702元/平,顶层 (共18层) 2室1厅 | 75.45平米 | 南,https://ke-image.ljcdn.com/110000-inspection/pc1_Aj6LySoN8_2.jpg!m_fill,w_280,h_210,f_jpg?from=ke.com
20231212,大兴,枣园,101121351772,中建港怡嘉园   诚心出售  看房方便,415万,48312元/平,低楼层 (共19层) | 2017年 | 2室1厅 | 85.9平米 | 东 西,https://ke-image.ljcdn.com/110000-inspection/pc1_pDqrtKUGE_2.jpg!m_fill,w_280,h_210,f_jpg?from=ke.com
20231212,大兴,枣园,101121347128,枣园小区 低楼层两居室 近地铁  配套齐全,258万,36150元/平,中楼层 (共5层) | 1996年 | 2室1厅 | 71.37平米 | 南 北,https://ke-image.ljcdn.com/110000-inspection/pc1_qmugNTx0Q_2.jpg!m_fill,w_280,h_210,f_jpg?from=ke.com
20231212,大兴,枣园,101121337537,滨河西里 采光充足 通透性好 房本满五年 业主诚意出售房主自荐,273万,38413元/平,高楼层 (共6层) | 1990年 | 2室1厅 | 71.07平米 | 南 北,https://ke-image.ljcdn.com/110000-inspection/c29a6753-77f7-41ec-88b0-0c0e58646c78_1000.jpg!m_fill,w_280,h_210,f_jpg?from=ke.com
20231212,大兴,枣园,101121333933,新安里小区 南北通透 小两居 低楼层,208万,35696元/平,底层 (共6层) | 1994年 | 2室1厅 | 58.27平米 | 南 北,https://ke-image.ljcdn.com/110000-inspection/pc1_xsjY6QiAG_2.jpg!m_fill,w_280,h_210,f_jpg?from=ke.com
20231212,大兴,枣园,101121321243,枣园北里 2室1厅 南 北,229万,31828元/平,顶层 (共6层) 2室1厅 | 71.95平米 | 南 北,https://ke-image.ljcdn.com/110000-inspection/f4e7d3b6-d34f-47dc-a6cd-d21bde759799_1000.jpg!m_fill,w_280,h_210,f_jpg?from=ke.com
20231212,大兴,枣园,101121318123,枣园北里 南北通透 满五年唯一,225万,34520元/平,高楼层 (共6层) | 1994年 | 2室1厅 | 65.18平米 | 南 北,https://ke-image.ljcdn.com/110000-inspection/8573abb5-f583-4136-9c8c-76e4fdf08fa9_1000.jpg!m_fill,w_280,h_210,f_jpg?from=ke.com
20231212,大兴,枣园,101121317699,枣园小区明厨明卫中间楼层两居室房主自荐,268万,38573元/平,中楼层 (共7层) | 1994年 | 2室1厅 | 69.48平米 | 南 西 北,https://ke-image.ljcdn.com/110000-inspection/fec6d38a-576b-4db8-bf6a-8e7efae4e36e_1000.jpg!m_fill,w_280,h_210,f_jpg?from=ke.com
20231212,大兴,枣园,101121315551,彩虹新城   满五唯一  地铁500米  东南二居室,445万,50215元/平,高楼层 (共16层) | 2008年 | 2室1厅 | 88.62平米 | 东南,https://ke-image.ljcdn.com/110000-inspection/3ba3d687-c538-4e59-9acd-25c15c8d0d6f_1000.jpg!m_fill,w_280,h_210,f_jpg?from=ke.com
20231212,大兴,枣园,101121315517,滨河西里北区 满五唯一 精装修 诚心出售,239万,38296元/平,中楼层 (共6层) | 1995年 | 2室1厅 | 62.41平米 | 南 北,https://ke-image.ljcdn.com/110000-inspection/c4e35d37-d829-4bb2-8772-c9dcadb0fb7f_1000.jpg!m_fill,w_280,h_210,f_jpg?from=ke.com
20231212,大兴,枣园,101121315454,精装两居  中高楼层  全明格局  俯瞰小区园林景观,415万,49517元/平,高楼层 (共17层) | 2012年 | 2室2厅 | 83.81平米 | 南,https://ke-image.ljcdn.com/110000-inspection/pc1_pW4rfWQ80_2.jpg!m_fill,w_280,h_210,f_jpg?from=ke.com
20231212,大兴,枣园,101121311597,近地铁高品质社区精装修满五唯一采光好纯南格局房主自荐,472万,66200元/平,高楼层 (共28层) 2室1厅 | 71.3平米 | 南,https://ke-image.ljcdn.com/110000-inspection/pc1_OHhkQpQy5_2.jpg!m_fill,w_280,h_210,f_jpg?from=ke.com
20231212,大兴,枣园,101121308338,新居里 南北通透 2003年建成 大两居双卫,340万,31005元/平,中楼层 (共6层) 2室1厅 | 109.66平米 | 南 北,https://ke-image.ljcdn.com/110000-inspection/3610e6b6-a0f7-45b4-9f07-547962634df6_1000.jpg!m_fill,w_280,h_210,f_jpg?from=ke.com
20231212,大兴,枣园,101121304141,红木林北区  南北通透 满五唯一 中间楼层 诚意出售,485万,62890元/平,低楼层 (共21层) 2室1厅 | 77.12平米 | 南 北,https://ke-image.ljcdn.com/110000-inspection/49751031-1556-463b-9dc3-bd214cebcc05_1000.jpg!m_fill,w_280,h_210,f_jpg?from=ke.com
20231212,大兴,枣园,101121298159,大兴黄村  红木林二居室  看房方便,459万,64376元/平,中楼层 (共28层) | 2013年 | 2室1厅 | 71.3平米 | 东南,https://ke-image.ljcdn.com/110000-inspection/pc1_mkyVoc10F_2.jpg!m_fill,w_280,h_210,f_jpg?from=ke.com
20231212,大兴,枣园,101121297665,盛嘉华苑无浪费面积采光充足视野开阔。,300万,40839元/平,顶层 (共15层) | 2012年 | 2室1厅 | 73.46平米 | 南,https://ke-image.ljcdn.com/110000-inspection/d3a79249-1ba8-45ba-81da-4e9cf9ee9517_1000.jpg!m_fill,w_280,h_210,f_jpg?from=ke.com
20231212,大兴,枣园,101121292204,康乃馨城2012年电梯房中楼层满五唯一,210万,33687元/平,高楼层 (共16层) 1室1厅 | 62.34平米 | 南,https://ke-image.ljcdn.com/110000-inspection/4701c909-ae0e-4b3c-9ad4-39127bb56c2c_1000.jpg!m_fill,w_280,h_210,f_jpg?from=ke.com
20231212,大兴,枣园,101121291805,大兴丽园C区南北通透三居室,520万,42969元/平,高楼层 (共6层) | 2008年 | 3室2厅 | 121.02平米 | 南 北,https://ke-image.ljcdn.com/110000-inspection/d7366871-5c47-4164-bce4-65297b44df76_1000.jpg!m_fill,w_280,h_210,f_jpg?from=ke.com
20231212,大兴,枣园,101121291756,格局好高楼层采光好视野好满五唯一,406万,41378元/平,顶层 (共10层) 2室2厅 | 98.12平米 | 南,https://ke-image.ljcdn.com/110000-inspection/2c97cbb6-a3c7-45fd-8bf5-2a34f29d89d7_1000.jpg!m_fill,w_280,h_210,f_jpg?from=ke.com
20231212,大兴,枣园,101121289969,枣园东里3居室满五唯一南北通透地铁200米精装修,297万,33905元/平,高楼层 (共6层) 3室1厅 | 87.6平米 | 南 北,https://ke-image.ljcdn.com/110000-inspection/pc1_HfElwHOAN_2.jpg!m_fill,w_280,h_210,f_jpg?from=ke.com
20231212,大兴,枣园,101121285892,彩虹新城 1室1厅 东北,309万,50277元/平,底层 (共16层) | 2008年 | 1室1厅 | 61.46平米 | 东北,https://ke-image.ljcdn.com/110000-inspection/7a0cc73a-adc2-4617-beb8-0889e92f8d99_1000.jpg!m_fill,w_280,h_210,f_jpg?from=ke.com
20231212,大兴,枣园,101121266322,盛嘉华苑社区三居室南北通透格局房主自荐,319万,35355元/平,高楼层 (共18层) 3室1厅 | 90.23平米 | 南 北,https://ke-image.ljcdn.com/110000-inspection/295ae9f6-12e0-4fb6-a852-a0b172f02377_1000.jpg!m_fill,w_280,h_210,f_jpg?from=ke.com
20231212,大兴,枣园,101121265223,新安里 2室1厅 南 北,220万,26266元/平,顶层 (共6层) | 1996年 | 2室1厅 | 83.76平米 | 南 北,https://ke-image.ljcdn.com/110000-inspection/737e8c4d-baec-47a0-8bdd-d35eaa66647a_1000.jpg!m_fill,w_280,h_210,f_jpg?from=ke.com
20231212,大兴,枣园,101121255188,商品房采光视野好满五可唯一,330万,37117元/平,中楼层 (共16层) | 2012年 | 2室2厅 | 88.91平米 | 东南,https://ke-image.ljcdn.com/110000-inspection/53772a85-fa47-496a-ae2f-a48288ccf2bd_1000.jpg!m_fill,w_280,h_210,f_jpg?from=ke.com
20231212,大兴,枣园,101121255077,首座御园一期南北通透2居一层没有遮挡,318万,34671元/平,底层 (共8层) | 2009年 | 2室1厅 | 91.72平米 | 南 北,https://ke-image.ljcdn.com/110000-inspection/pc1_eyv8nux3l_2.jpg!m_fill,w_280,h_210,f_jpg?from=ke.com
20231212,大兴,枣园,101121250107,双河北里正规两居 明厅户型 二层 看房有钥匙 诚心出售房主自荐,235万,34509元/平,低楼层 (共6层) | 1995年 | 2室1厅 | 68.1平米 | 南 北,https://ke-image.ljcdn.com/110000-inspection/pc1_H8Ceeqwvn.jpg!m_fill,w_280,h_210,f_jpg?from=ke.com
20231212,大兴,枣园,101121248072,满五唯一全明格局交通便利配套齐全,725万,65772元/平,低楼层 (共28层) | 2013年 | 4室1厅 | 110.23平米 | 南 北 东,https://ke-image.ljcdn.com/110000-inspection/pc1_Zj3RLZX0B_2.jpg!m_fill,w_280,h_210,f_jpg?from=ke.com
20231212,大兴,枣园,101121245724,房子满五年出行方便配套齐全生活便利,389万,37440元/平,中楼层 (共10层) | 2002年 | 2室1厅 | 103.9平米 | 东 北,https://ke-image.ljcdn.com/110000-inspection/308dae0c-0569-4101-afec-1c3d8ef87336_1000.jpg!m_fill,w_280,h_210,f_jpg?from=ke.com
20231212,大兴,枣园,101121244139,枣园尚城南区 南北通透两居室 简单装修,356万,43919元/平,高楼层 (共14层) 2室1厅 | 81.06平米 | 南 北,https://ke-image.ljcdn.com/110000-inspection/93620d6c-6b99-401b-ac48-9dbeda0f6eea_1000.jpg!m_fill,w_280,h_210,f_jpg?from=ke.com
20231212,大兴,枣园,101121243496,康庄中巷4号院 精装修 满五唯一,355万,39471元/平,低楼层 (共14层) | 2012年 | 2室1厅 | 89.94平米 | 南 北,https://ke-image.ljcdn.com/110000-inspection/pc1_iT9P0A005.jpg!m_fill,w_280,h_210,f_jpg?from=ke.com
20231212,大兴,枣园,101121239803,滨河西里中区 经典两居 近地铁 装修好,209万,35545元/平,顶层 (共6层) 2室1厅 | 58.8平米 | 东 西,https://ke-image.ljcdn.com/110000-inspection/dd11b253-7000-400d-be12-1d976304a5dc_1000.jpg!m_fill,w_280,h_210,f_jpg?from=ke.com
20231212,大兴,枣园,101121238944,彩虹新城好房出售2009年房有电梯,330万,51830元/平,高楼层 (共18层) | 2008年 | 2室1厅 | 63.67平米 | 东北,https://ke-image.ljcdn.com/110000-inspection/42fa4a6f-9aad-4950-8439-0d8fc7231101_1000.jpg!m_fill,w_280,h_210,f_jpg?from=ke.com
20231212,大兴,枣园,101121234928,滨河东里南区 2室1厅 南 北,233万,40319元/平,底层 (共6层) | 1996年 | 2室1厅 | 57.79平米 | 南 北,https://ke-image.ljcdn.com/110000-inspection/319d51d5-cda4-4caa-8436-f6c780b7b325_1000.jpg!m_fill,w_280,h_210,f_jpg?from=ke.com
20231212,大兴,枣园,101121233555,枣园小区 中间楼层 全明三居 满五唯一,339万,39864元/平,中楼层 (共7层) 3室2厅 | 85.04平米 | 南 北,https://ke-image.ljcdn.com/110000-inspection/f92fce3a-e248-4111-be6b-355b50f30a40_1000.jpg!m_fill,w_280,h_210,f_jpg?from=ke.com
20231212,大兴,枣园,101121229548,精装修拎包入住好楼层南北通透采光好,269万,41057元/平,低楼层 (共6层) | 1999年 | 2室1厅 | 65.52平米 | 南 北,https://ke-image.ljcdn.com/110000-inspection/cd83e429-80a1-482f-b3b1-bd1cb8f92e19_1000.jpg!m_fill,w_280,h_210,f_jpg?from=ke.com
20231212,大兴,枣园,101121227316,兴盛街187号院  满五唯一 南北通透 两居室  落地窗,368万,43941元/平,低楼层 (共13层) 2室1厅 | 83.75平米 | 南 北,https://ke-image.ljcdn.com/110000-inspection/pc1_zs5Yt1XFu.jpg!m_fill,w_280,h_210,f_jpg?from=ke.com
20231212,大兴,枣园,101121222320,丽园路30号院首开康乃馨城南北正规两居,300万,34994元/平,中楼层 (共16层) | 2012年 | 2室1厅 | 85.73平米 | 南 北,https://ke-image.ljcdn.com/110000-inspection/38450e9e-59a6-4761-b1ee-df6d84d055d5_1000.jpg!m_fill,w_280,h_210,f_jpg?from=ke.com
20231212,大兴,枣园,101121221440,滨河西里中区 2室1厅 南 北,238万,40546元/平,高楼层 (共6层) | 1992年 | 2室1厅 | 58.7平米 | 南 北,https://ke-image.ljcdn.com/110000-inspection/dcb8721f-f8ea-4f8e-b05d-4343c90e82e8_1000.jpg!m_fill,w_280,h_210,f_jpg?from=ke.com
20231212,大兴,枣园,101121221148,滨河西里南区 2室2厅 南 北,228万,34163元/平,高楼层 (共6层) | 1992年 | 2室2厅 | 66.74平米 | 南 北,https://ke-image.ljcdn.com/110000-inspection/pc1_VSILZJBc5_2.jpg!m_fill,w_280,h_210,f_jpg?from=ke.com
20231212,大兴,枣园,101121218748,首座御园一期  南北通透两居室中间楼层带电梯房主自荐,335万,44062元/平,中楼层 (共8层) | 2009年 | 2室1厅 | 76.03平米 | 南 北,https://ke-image.ljcdn.com/110000-inspection/ea23676a-c6a5-45e7-9d19-eecc1ba651af_1000.jpg!m_fill,w_280,h_210,f_jpg?from=ke.com
20231212,大兴,枣园,101121216140,滨河西里北区 中间楼层两居室  采光好房主自荐,235万,31900元/平,中楼层 (共7层) | 1999年 | 2室1厅 | 73.67平米 | 东 西,https://ke-image.ljcdn.com/110000-inspection/654a9b2c-10d7-4584-8b23-0674d4c229af_1000.jpg!m_fill,w_280,h_210,f_jpg?from=ke.com
20231212,大兴,枣园,101121215329,清源路地铁口一层南北通透两居室业主已定高品质装修,286万,47017元/平,底层 (共6层) | 1992年 | 2室1厅 | 60.83平米 | 南 北,https://ke-image.ljcdn.com/110000-inspection/094a7c8e-fbe1-415c-87ac-8d9f63e213d2_1000.jpg!m_fill,w_280,h_210,f_jpg?from=ke.com
20231212,大兴,枣园,101121214400,首开康乃馨城 3室1厅 南 北,330万,37058元/平,高楼层 (共9层) | 2012年 | 3室1厅 | 89.05平米 | 南 北,https://ke-image.ljcdn.com/110000-inspection/f7d2c9bb-a697-4556-864a-b1cff390dc09_1000.jpg!m_fill,w_280,h_210,f_jpg?from=ke.com
20231212,大兴,枣园,101121212284,双河南里尚城南区 2室1厅 南 北,306万,37685元/平,中楼层 (共18层) | 2016年 | 2室1厅 | 81.2平米 | 南 北,https://ke-image.ljcdn.com/110000-inspection/pc1_gLGoKBAGY.jpg!m_fill,w_280,h_210,f_jpg?from=ke.com
20231212,大兴,枣园,101121209285,首开康乃馨  满五唯一  好位置 远离高铁,252万,34352元/平,底层 (共11层) 1室1厅 | 73.36平米 | 南,https://ke-image.ljcdn.com/110000-inspection/pc1_RMAT5Nlm7.jpg!m_fill,w_280,h_210,f_jpg?from=ke.com
20231212,大兴,枣园,101121208443,滨河西里中区 地铁800m 一层的房子,225万,43129元/平,底层 (共6层) | 1994年 | 2室1厅 | 52.17平米 | 东 西,https://ke-image.ljcdn.com/110000-inspection/pc1_wceAZWVS4.jpg!m_fill,w_280,h_210,f_jpg?from=ke.com
20231212,大兴,枣园,101121207614,店长推荐 首开康乃馨精装3居 业主诚心出售,345万,38639元/平,高楼层 (共16层) | 2012年 | 3室1厅 | 89.29平米 | 南 北,https://ke-image.ljcdn.com/110000-inspection/10225cfa-84bf-4f6f-a5af-d5ac4cd20f01_1000.jpg!m_fill,w_280,h_210,f_jpg?from=ke.com
20231212,大兴,枣园,101121206572,彩虹新城 满五唯一住房 南北通透两居室,429万,47346元/平,低楼层 (共14层) | 2007年 | 2室1厅 | 90.61平米 | 南 北,https://ke-image.ljcdn.com/110000-inspection/pc1_3cUSRMCdp.jpg!m_fill,w_280,h_210,f_jpg?from=ke.com
20231212,大兴,枣园,101121205535,格局方正无浪费面积采光充足视野开阔。,350万,42414元/平,中楼层 (共6层) | 1993年 | 3室1厅 | 82.52平米 | 南 北,https://ke-image.ljcdn.com/110000-inspection/53ad3361-aa27-46bd-bc97-8bfe84f1a01e_1000.jpg!m_fill,w_280,h_210,f_jpg?from=ke.com
20231212,大兴,枣园,101121205399,红木林南区 精装 南向两居 交通便利,469万,66057元/平,高楼层 (共28层) | 2013年 | 2室1厅 | 71平米 | 南,https://ke-image.ljcdn.com/110000-inspection/2d447710-f28a-4519-bfdb-ba26cba00646_1000.jpg!m_fill,w_280,h_210,f_jpg?from=ke.com
20231212,大兴,枣园,101121204870,滨河西里南北通透精装两居业主诚心出售。,238万,39813元/平,高楼层 (共6层) | 1993年 | 2室1厅 | 59.78平米 | 南 北,https://ke-image.ljcdn.com/110000-inspection/8634f6c5-fba2-45f4-8972-c860127ccbf8_1000.jpg!m_fill,w_280,h_210,f_jpg?from=ke.com
20231212,大兴,枣园,101121204662,滨河西里中区2居 精装 近地铁近公园 中楼层,213万,36373元/平,中楼层 (共6层) | 1992年 | 2室1厅 | 58.56平米 | 东 西,https://ke-image.ljcdn.com/110000-inspection/pc1_bsbfXdluV.jpg!m_fill,w_280,h_210,f_jpg?from=ke.com
20231212,大兴,枣园,101121203904,房子满五唯一精装修近地铁南向小两居配套齐全房主自荐,218万,45060元/平,底层 (共6层) | 1992年 | 2室1厅 | 48.38平米 | 南,https://ke-image.ljcdn.com/110000-inspection/ba41f56e-43ff-4636-b53b-4fd19af0dc1f_1000.jpg!m_fill,w_280,h_210,f_jpg?from=ke.com
20231212,大兴,枣园,101121196623,丽园C区 2室2厅 南,439万,45072元/平,中楼层 (共10层) 2室2厅 | 97.4平米 | 南,https://ke-image.ljcdn.com/110000-inspection/2504f46b-503a-40fe-a170-933427bc2bf7_1000.jpg!m_fill,w_280,h_210,f_jpg?from=ke.com
20231212,大兴,枣园,101121195575,枣园小区 3室2厅 南 北,316万,37877元/平,中楼层 (共5层) 3室2厅 | 83.43平米 | 南 北,https://ke-image.ljcdn.com/110000-inspection/7e15aa0b-364c-4ba7-b1f0-b1cd0d79d938_1000.jpg!m_fill,w_280,h_210,f_jpg?from=ke.com
20231212,大兴,枣园,101121190130,滨河东里 1室1厅 南,159万,38876元/平,高楼层 (共6层) | 1988年 | 1室1厅 | 40.9平米 | 南,https://ke-image.ljcdn.com/110000-inspection/5de1a536-9375-4551-9066-c928c0e1b10b_1000.jpg!m_fill,w_280,h_210,f_jpg?from=ke.com
20231212,大兴,枣园,101121185851,满五唯一 南北通透三室一厅 中间楼层 近地铁 诚心出售,305万,37988元/平,中楼层 (共6层) 3室1厅 | 80.29平米 | 南 北,https://ke-image.ljcdn.com/110000-inspection/da69556c-6b42-4794-9bc9-5d67ed0bacee_1000.jpg!m_fill,w_280,h_210,f_jpg?from=ke.com
20231212,大兴,枣园,101121185062,南北通透格局好采光好户型好,300万,31329元/平,中楼层 (共6层) 2室1厅 | 95.76平米 | 南 北,https://ke-image.ljcdn.com/110000-inspection/dcea911e-6402-4ed6-92bd-2b1fea79150a_1000.jpg!m_fill,w_280,h_210,f_jpg?from=ke.com
20231212,大兴,枣园,101121181773,首座御园一期 南北通透 商品房 边户随时 可多贷款,379万,41049元/平,中楼层 (共8层) 2室2厅 | 92.33平米 | 南 北,https://ke-image.ljcdn.com/110000-inspection/9c0105dc-2d5c-4ab9-8898-c5ef5f7706cb_1000.jpg!m_fill,w_280,h_210,f_jpg?from=ke.com
20231212,大兴,枣园,101121181286,房本满五年南北通透明厅户型采光充足配套齐全,288万,38395元/平,中楼层 (共6层) | 1994年 | 2室1厅 | 75.01平米 | 南 北,https://ke-image.ljcdn.com/110000-inspection/d009ec2c-a727-4c9e-aeac-a5b295bc305d_1000.jpg!m_fill,w_280,h_210,f_jpg?from=ke.com
20231212,大兴,枣园,101121180684,新安里 2室1厅 南 北,210万,29462元/平,顶层 (共6层) 2室1厅 | 71.28平米 | 南 北,https://ke-image.ljcdn.com/110000-inspection/ef9df4a6-572b-4516-b92b-eee2bd6c2a65_1000.jpg!m_fill,w_280,h_210,f_jpg?from=ke.com
20231212,大兴,枣园,101121176685,满五唯一 交通便利 配套齐全,225万,33729元/平,顶层 (共6层) 2室1厅 | 66.71平米 | 南 北,https://ke-image.ljcdn.com/110000-inspection/32b612a6-6863-4027-948c-1fe05f071a8f_1000.jpg!m_fill,w_280,h_210,f_jpg?from=ke.com
20231212,大兴,枣园,101121174789,新安里 2室1厅 南 北,280万,31233元/平,中楼层 (共6层) | 2003年 | 2室1厅 | 89.65平米 | 南 北,https://ke-image.ljcdn.com/110000-inspection/5318fe81-8806-426d-915c-c2c3a0a8fb95_1000.jpg!m_fill,w_280,h_210,f_jpg?from=ke.com
20231212,大兴,枣园,101121173171,康庄中巷4号院 康庄中巷4号院社区,347万,40172元/平,低楼层 (共18层) 2室1厅 | 86.38平米 | 南 北,https://ke-image.ljcdn.com/110000-inspection/18fb22a6-5c1a-4f95-80a1-afca0e7d69e7_1000.jpg!m_fill,w_280,h_210,f_jpg?from=ke.com
20231212,大兴,枣园,101121171064,中建国际港 2室1厅 南,475万,52843元/平,中楼层 (共34层) | 2013年 | 2室1厅 | 89.89平米 | 南,https://ke-image.ljcdn.com/110000-inspection/11325ae0-6ed0-446a-a526-d6d88c9ff9fa_1000.jpg!m_fill,w_280,h_210,f_jpg?from=ke.com
20231212,大兴,枣园,101121165661,马赛公馆 人车分流 卫生间有窗户  精装修,518万,50277元/平,低楼层 (共18层) | 2012年 | 2室2厅 | 103.03平米 | 南 北,https://ke-image.ljcdn.com/110000-inspection/pc1_8N9zUkTOO_2.jpg!m_fill,w_280,h_210,f_jpg?from=ke.com
20231212,大兴,枣园,101121163534,中建国际港 2室1厅 南,468万,53231元/平,低楼层 (共33层) | 2015年 | 2室1厅 | 87.92平米 | 南,https://ke-image.ljcdn.com/110000-inspection/235668ac-480b-4b89-87fd-af54981dc98f_1000.jpg!m_fill,w_280,h_210,f_jpg?from=ke.com
20231212,大兴,枣园,101121158116,丽园东里 满五唯一 南北通透 中间层房主自荐,362万,42030元/平,中楼层 (共6层) 2室1厅 | 86.13平米 | 南 北,https://ke-image.ljcdn.com/110000-inspection/b2775a07-9c13-4b53-8bed-bb84c560c0fa_1000.jpg!m_fill,w_280,h_210,f_jpg?from=ke.com
20231212,大兴,枣园,101121157381,满五唯一商品房精装修东边位置,308万,35682元/平,低楼层 (共16层) | 2012年 | 2室1厅 | 86.32平米 | 南 北,https://ke-image.ljcdn.com/110000-inspection/pc1_l6EnuNvPm_2.jpg!m_fill,w_280,h_210,f_jpg?from=ke.com
20231212,大兴,枣园,101121157203,马赛公馆2012年人车分流社区 挑高2.8米 南北通透,497.8万,46892元/平,顶层 (共17层) | 2012年 | 3室1厅 | 106.16平米 | 南 北,https://ke-image.ljcdn.com/110000-inspection/pc1_HN1dRvfop_2.jpg!m_fill,w_280,h_210,f_jpg?from=ke.com
20231212,大兴,枣园,101121157113,【红木林】60万装修全明格局【采光充足无遮挡】,716万,66960元/平,高楼层 (共23层) | 2013年 | 3室2厅 | 106.93平米 | 南 北 东,https://ke-image.ljcdn.com/110000-inspection/b36fa32b-7f17-4c52-9c59-a53f383eacb6_1000.jpg!m_fill,w_280,h_210,f_jpg?from=ke.com
20231212,大兴,枣园,101121155634,兴华园 2室2厅 南 北,305万,39575元/平,高楼层 (共6层) 2室2厅 | 77.07平米 | 南 北,https://ke-image.ljcdn.com/110000-inspection/ffacebf2-389f-4626-9e02-4fa47df2c05b_1000.jpg!m_fill,w_280,h_210,f_jpg?from=ke.com
20231212,大兴,枣园,101121155109,兴盛街189号院 2室2厅 南 北,379万,44752元/平,中楼层 (共10层) | 2009年 | 2室2厅 | 84.69平米 | 南 北,https://ke-image.ljcdn.com/110000-inspection/pc1_o0E5s0ucg_2.jpg!m_fill,w_280,h_210,f_jpg?from=ke.com
20231212,大兴,枣园,101121144954,兴盛街187号院 南向 一居室 看房方便房主自荐,242万,44129元/平,底层 (共12层) | 2009年 | 1室1厅 | 54.84平米 | 南,https://ke-image.ljcdn.com/110000-inspection/71e30b8c-3218-4e21-ac23-7143b8298e55_1000.jpg!m_fill,w_280,h_210,f_jpg?from=ke.com
20231212,大兴,枣园,101121144969,满五年  南北通透三居室  采光充足,273万,31737元/平,中楼层 (共17层) 3室2厅 | 86.02平米 | 南 北,https://ke-image.ljcdn.com/110000-inspection/7569e263-254c-4112-a274-fed73461d4f2_1000.jpg!m_fill,w_280,h_210,f_jpg?from=ke.com
20231212,大兴,枣园,101121137509,首座御园一区二期 2室1厅 东,300万,33205元/平,顶层 (共12层) | 2015年 | 2室1厅 | 90.35平米 | 东,https://ke-image.ljcdn.com/110000-inspection/5ebcd5fc-8ce7-40db-b553-28c0b145cd62_1000.jpg!m_fill,w_280,h_210,f_jpg?from=ke.com
20231212,大兴,枣园,101121136633,枣园东里低楼层南北通透中间位置两居室,270万,39619元/平,底层 (共6层) | 1999年 | 2室1厅 | 68.15平米 | 南 北,https://ke-image.ljcdn.com/110000-inspection/65cc5688-1a6c-4b27-844c-8a5a002cea9d_1000.jpg!m_fill,w_280,h_210,f_jpg?from=ke.com
20231212,大兴,枣园,101121134360,首座御园二区二期 2室2厅 东南,368万,39141元/平,中楼层 (共14层) | 2015年 | 2室2厅 | 94.02平米 | 东南,https://ke-image.ljcdn.com/110000-inspection/pc1_mcxPH0BSn.jpg!m_fill,w_280,h_210,f_jpg?from=ke.com
20231212,大兴,枣园,101121133426,红木林南区 3室2厅 南 北,660万,63177元/平,中楼层 (共28层) 3室2厅 | 104.47平米 | 南 北,https://ke-image.ljcdn.com/110000-inspection/1e7f15bd-d6db-4ce4-ac22-c46b25032855_1000.jpg!m_fill,w_280,h_210,f_jpg?from=ke.com
20231212,大兴,枣园,101121131643,双河北里 满五年唯一 南北通透两居室 低楼层 诚心出售,259万,31613元/平,底层 (共6层) | 2000年 | 2室1厅 | 81.93平米 | 南 北,https://ke-image.ljcdn.com/110000-inspection/pc1_AGiMTiIS1_1.jpg!m_fill,w_280,h_210,f_jpg?from=ke.com
20231212,大兴,枣园,101121131345,马赛公馆 精装两居 高楼层好位置,425万,51101元/平,中楼层 (共17层) | 2012年 | 2室1厅 | 83.17平米 | 南,https://ke-image.ljcdn.com/110000-inspection/pc1_dsHMwltAp_2.jpg!m_fill,w_280,h_210,f_jpg?from=ke.com
20231212,大兴,枣园,101121127990,首开康乃馨城商品房南北通透两居室。,299万,34591元/平,低楼层 (共16层) | 2012年 | 2室1厅 | 86.44平米 | 南 北,https://ke-image.ljcdn.com/110000-inspection/pc1_9KJY86mlk_2.jpg!m_fill,w_280,h_210,f_jpg?from=ke.com
20231212,大兴,枣园,101121124122,首开康乃馨城  满五唯一正规三居室好位置高楼层,340万,38880元/平,中楼层 (共9层) 3室1厅 | 87.45平米 | 南 北,https://ke-image.ljcdn.com/110000-inspection/6c4bd9e0-f714-40bb-b536-f2e3501b418d_1000.jpg!m_fill,w_280,h_210,f_jpg?from=ke.com
20231212,大兴,枣园,101121119738,商品房了康乃馨城电梯房一居室满五唯一,258万,41109元/平,低楼层 (共16层) | 2012年 | 1室1厅 | 62.76平米 | 南,https://ke-image.ljcdn.com/110000-inspection/pc1_Mf9Eivw4x_2.jpg!m_fill,w_280,h_210,f_jpg?from=ke.com
20231212,大兴,枣园,101121118482,此房房本满五年家庭名下在京唯一房南北电梯三居室,650万,55461元/平,中楼层 (共14层) | 2008年 | 3室1厅 | 117.2平米 | 南 北,https://ke-image.ljcdn.com/110000-inspection/pc1_3iTATdtH3.jpg!m_fill,w_280,h_210,f_jpg?from=ke.com
20231212,大兴,枣园,101121116609,中建国际港  南向两居室  高楼层采光好  满五唯一,468万,52367元/平,高楼层 (共34层) | 2013年 | 2室1厅 | 89.37平米 | 南,https://ke-image.ljcdn.com/110000-inspection/pc1_iCYk3nhHC_2.jpg!m_fill,w_280,h_210,f_jpg?from=ke.com
20231212,大兴,枣园,101121114415,滨河西里北区 3室1厅 东 南 西,330万,36942元/平,低楼层 (共7层) | 1998年 | 3室1厅 | 89.33平米 | 东 南 西,https://ke-image.ljcdn.com/110000-inspection/81faa1cd-15dc-4b54-8582-c85f9dc5b3a8_1000.jpg!m_fill,w_280,h_210,f_jpg?from=ke.com
20231212,大兴,枣园,101121112415,满五唯一  南北通透  中间楼层,249万,31048元/平,中楼层 (共6层) | 2000年 | 2室2厅 | 80.2平米 | 南 北,https://ke-image.ljcdn.com/110000-inspection/d92d54bc-e6cf-4212-a91c-1e31cd68992f_1000.jpg!m_fill,w_280,h_210,f_jpg?from=ke.com
20231212,大兴,枣园,101121109811,中建国际港 房本满五年 南北通透 格局方正,980万,60931元/平,中楼层 (共29层) 4室2厅 | 160.84平米 | 南 西 北,https://ke-image.ljcdn.com/110000-inspection/c0913003-2227-44a2-8b4b-452b32b1cba3_1000.jpg!m_fill,w_280,h_210,f_jpg?from=ke.com
20231212,大兴,枣园,101121109103,丽园B区 建房到现在没出过本户型 满五年 双卫生间,470万,48161元/平,底层 (共7层) 2室2厅 | 97.59平米 | 南 北,https://ke-image.ljcdn.com/110000-inspection/pc1_rxyiuewxj_2.jpg!m_fill,w_280,h_210,f_jpg?from=ke.com
20231212,大兴,枣园,101121107357,康庄路50号院安静社区精装纯南一居,221万,39053元/平,低楼层 (共18层) | 2012年 | 1室1厅 | 56.59平米 | 南,https://ke-image.ljcdn.com/110000-inspection/bbaeda47-6451-498f-b167-d835a5d3f964_1000.jpg!m_fill,w_280,h_210,f_jpg?from=ke.com
20231212,大兴,枣园,101121106153,滨河西里北区 3室1厅 南 北,336万,37555元/平,顶层 (共6层) | 1995年 | 3室1厅 | 89.47平米 | 南 北,https://ke-image.ljcdn.com/110000-inspection/a50d1285-561c-4471-9b12-65ced89ed32e_1000.jpg!m_fill,w_280,h_210,f_jpg?from=ke.com
20231212,大兴,枣园,101121101761,康乃馨南北两居室楼层位置好满五年唯一诚心出售,309万,36044元/平,高楼层 (共16层) 2室1厅 | 85.73平米 | 南 北,https://ke-image.ljcdn.com/110000-inspection/0d114ed6-5068-4069-90b7-202896052163_1000.jpg!m_fill,w_280,h_210,f_jpg?from=ke.com
20231212,大兴,枣园,101121101361,首座御园二区二期 3室2厅 东南,429万,35090元/平,中楼层 (共14层) | 2015年 | 3室2厅 | 122.26平米 | 东南,https://ke-image.ljcdn.com/110000-inspection/04bf3b7a-b746-425f-81e7-63bfb585a915_1000.jpg!m_fill,w_280,h_210,f_jpg?from=ke.com
20231212,大兴,枣园,101121098319,房子是满五年唯一南北通透的二居室楼层好采光好房主自荐,262万,33838元/平,高楼层 (共15层) | 2012年 | 2室1厅 | 77.43平米 | 南 北,https://ke-image.ljcdn.com/110000-inspection/cfaacdab-890c-4d82-982a-b4d64872d407_1000.jpg!m_fill,w_280,h_210,f_jpg?from=ke.com
20231212,大兴,枣园,101121098088,彩虹新城 3室2厅 东南,516万,51709元/平,高楼层 (共18层) | 2008年 | 3室2厅 | 99.79平米 | 东南,https://ke-image.ljcdn.com/110000-inspection/b092fb96-07c9-4664-8c38-3d388a4c8b55_1000.jpg!m_fill,w_280,h_210,f_jpg?from=ke.com
20231212,大兴,枣园,101121096573,首座御园一期 2室1厅 南 北 西,349万,37832元/平,底层 (共8层) | 2013年 | 2室1厅 | 92.25平米 | 南 北 西,https://ke-image.ljcdn.com/110000-inspection/5d3d79fa-54c4-4172-9919-5ff28c6117b9_1000.jpg!m_fill,w_280,h_210,f_jpg?from=ke.com
20231212,大兴,枣园,101121096481,枣园小区南北通透三居采光好,319万,38467元/平,顶层 (共6层) 3室1厅 | 82.93平米 | 南 北,https://ke-image.ljcdn.com/110000-inspection/pc1_Y8wQLjO05_2.jpg!m_fill,w_280,h_210,f_jpg?from=ke.com
20231212,大兴,枣园,101121095603,康和名居  双卧朝南  中间楼层  满五唯一,425万,47609元/平,中楼层 (共18层) | 2012年 | 3室1厅 | 89.27平米 | 东 南 北,https://ke-image.ljcdn.com/110000-inspection/pc1_1nW5UB0Tn_2.jpg!m_fill,w_280,h_210,f_jpg?from=ke.com
20231212,大兴,枣园,101121095531,滨河西里南区中间楼层 南北通透 明厅两居,219万,36014元/平,中楼层 (共6层) | 1992年 | 2室1厅 | 60.81平米 | 南 北,https://ke-image.ljcdn.com/110000-inspection/3688946f-a06a-441f-9a3c-c877d74bc72c_1000.jpg!m_fill,w_280,h_210,f_jpg?from=ke.com
20231212,大兴,枣园,101121091598,枣园小区 两居 南北通透户型出售,238万,36001元/平,顶层 (共6层) 2室1厅 | 66.11平米 | 南 北,https://ke-image.ljcdn.com/110000-inspection/pc1_ueYi71HDx_2.jpg!m_fill,w_280,h_210,f_jpg?from=ke.com
20231212,大兴,枣园,101121090826,枣园东里 2室1厅 北 南,320万,35220元/平,顶层 (共6层) | 2001年 | 2室1厅 | 90.86平米 | 北 南,https://ke-image.ljcdn.com/110000-inspection/86566f78-f11e-4d8d-92df-7ed8d0a0d43e_1000.jpg!m_fill,w_280,h_210,f_jpg?from=ke.com
20231212,大兴,枣园,101121085337,新上 滨河西里北区南北双通透两居室   满五年 明厅,227万,30263元/平,顶层 (共6层) | 1994年 | 2室1厅 | 75.01平米 | 南 北,https://ke-image.ljcdn.com/110000-inspection/9041e99b-37f2-4245-a748-9c854242b3d7_1000.jpg!m_fill,w_280,h_210,f_jpg?from=ke.com
20231212,大兴,枣园,101121083037,枣园尚城南区 业主自住精装修满五唯一房主自荐,288万,47470元/平,低楼层 (共17层) 1室1厅 | 60.67平米 | 南,https://ke-image.ljcdn.com/110000-inspection/21738cf0-8855-4e65-9b6f-07890a3b7a3d_1000.jpg!m_fill,w_280,h_210,f_jpg?from=ke.com
20231212,大兴,枣园,101121082671,首开康乃馨城 南北向两居 业主诚心出售,305万,35379元/平,中楼层 (共16层) | 2012年 | 2室1厅 | 86.21平米 | 南 北,https://ke-image.ljcdn.com/110000-inspection/61636ded-1c5e-4d3a-8a3a-1bcd31a03fc4_1000.jpg!m_fill,w_280,h_210,f_jpg?from=ke.com
20231212,大兴,枣园,101121082418,大兴丽园B区正规南北通透两居室中间楼层,435万,49949元/平,中楼层 (共7层) 2室1厅 | 87.09平米 | 南 北,https://ke-image.ljcdn.com/110000-inspection/798a12bd-827a-4d88-a214-28e4f8404ae0_1000.jpg!m_fill,w_280,h_210,f_jpg?from=ke.com
20231212,大兴,枣园,101121080676,枣园小区 低楼层 南北通透 大两居,455万,43006元/平,中楼层 (共5层) 3室1厅 | 105.8平米 | 南 北,https://ke-image.ljcdn.com/110000-inspection/50396907-f44f-42ac-b540-a227730ffbea_1000.jpg!m_fill,w_280,h_210,f_jpg?from=ke.com
20231212,大兴,枣园,101121079806,滨河东里南区 2室1厅 南 北,225万,33186元/平,顶层 (共6层) | 1994年 | 2室1厅 | 67.8平米 | 南 北,https://ke-image.ljcdn.com/110000-inspection/e3580ab8-345e-4767-9387-52379bbc2d85_1000.jpg!m_fill,w_280,h_210,f_jpg?from=ke.com
20231212,大兴,枣园,101121073326,盛嘉华苑 3室2厅 南 北,303万,35225元/平,低楼层 (共17层) 3室2厅 | 86.02平米 | 南 北,https://ke-image.ljcdn.com/110000-inspection/5d7e29cb-0fae-49a6-b87c-94f40f2b2420_1000.jpg!m_fill,w_280,h_210,f_jpg?from=ke.com
20231212,大兴,枣园,101121072777,格局方正无浪费面积采光充足视野开阔。,380万,30948元/平,顶层 (共6层) | 1995年 | 3室1厅 | 122.79平米 | 东 西,https://ke-image.ljcdn.com/110000-inspection/pc1_ZgtwZ1nnh_3.jpg!m_fill,w_280,h_210,f_jpg?from=ke.com
20231212,大兴,枣园,101121070533,彩虹新城2居 双卧朝南 近地铁 小区中间位置,435万,52626元/平,低楼层 (共15层) | 2008年 | 2室1厅 | 82.66平米 | 东 南,https://ke-image.ljcdn.com/110000-inspection/7cb80008-069d-49e6-99cd-6f2e8f9235ee_1000.jpg!m_fill,w_280,h_210,f_jpg?from=ke.com
20231212,大兴,枣园,101121070196,清源西里 南北通透两居室 明厅户型,302万,41806元/平,高楼层 (共6层) | 1993年 | 2室1厅 | 72.24平米 | 南 北,https://ke-image.ljcdn.com/110000-inspection/99aa294c-7389-4ec3-b444-7b3345fc0072_1000.jpg!m_fill,w_280,h_210,f_jpg?from=ke.com
20231212,大兴,枣园,101121068936,彩虹新城 经典两居 近地铁 满五唯一 装修好房主自荐,445万,50130元/平,底层 (共14层) | 2008年 | 2室1厅 | 88.77平米 | 东南,https://ke-image.ljcdn.com/110000-inspection/pc1_MMdwJezBn.jpg!m_fill,w_280,h_210,f_jpg?from=ke.com
20231212,大兴,枣园,101121068620,双卧朝南正规三居  中间楼层  户型方正  12年电梯房,343万,39335元/平,中楼层 (共11层) 3室1厅 | 87.2平米 | 南 北,https://ke-image.ljcdn.com/110000-inspection/pc1_ShYqgGz4H_2.jpg!m_fill,w_280,h_210,f_jpg?from=ke.com
20231212,大兴,枣园,101121068338,枣园小区 2室1厅 南 北,450万,42493元/平,中楼层 (共6层) | 1999年 | 2室1厅 | 105.9平米 | 南 北,https://ke-image.ljcdn.com/110000-inspection/b257d75c-cdf9-472d-9d58-0d0e86a7329c_1000.jpg!m_fill,w_280,h_210,f_jpg?from=ke.com
20231212,大兴,枣园,101121063338,康庄路50号院 满五唯一 南北通透两居室 一梯两户,345万,38904元/平,中楼层 (共14层) | 2012年 | 2室1厅 | 88.68平米 | 南 北,https://ke-image.ljcdn.com/110000-inspection/pc1_mrw3JElgW_2.jpg!m_fill,w_280,h_210,f_jpg?from=ke.com
20231212,大兴,枣园,101121062316,枣园东里 2室1厅 南 北,299万,41425元/平,高楼层 (共6层) | 1996年 | 2室1厅 | 72.18平米 | 南 北,https://ke-image.ljcdn.com/110000-inspection/0e549585-9583-4caf-97da-9c3118a6d52e_1000.jpg!m_fill,w_280,h_210,f_jpg?from=ke.com
20231212,大兴,枣园,101121059885,大兴 枣园 滨河西里北区 中间楼层 满五唯一 南北通透,310万,42103元/平,中楼层 (共7层) | 1997年 | 2室1厅 | 73.63平米 | 北 南,https://ke-image.ljcdn.com/110000-inspection/ca29d1a6-e421-455d-91e6-b0483144f719_1000.jpg!m_fill,w_280,h_210,f_jpg?from=ke.com
20231212,大兴,枣园,101121055635,首开康乃馨城高楼层南北2居 采光通风好 满5年唯一,295万,34172元/平,高楼层 (共16层) 2室1厅 | 86.33平米 | 南 北,https://ke-image.ljcdn.com/110000-inspection/pc1_FaS5LeiEG_2.jpg!m_fill,w_280,h_210,f_jpg?from=ke.com
20231212,大兴,枣园,101121052496,彩虹新城  满五年唯一   配套齐全,396万,47522元/平,顶层 (共14层) | 2008年 | 2室1厅 | 83.33平米 | 南 北,https://ke-image.ljcdn.com/110000-inspection/31438e6f-b9a9-41a2-80b8-82e7d812c2c9_1000.jpg!m_fill,w_280,h_210,f_jpg?from=ke.com
20231212,大兴,枣园,101121051827,中建国际港 2室1厅 南,490万,56187元/平,中楼层 (共33层) | 2015年 | 2室1厅 | 87.21平米 | 南,https://ke-image.ljcdn.com/110000-inspection/pc1_2FrARZda8_2.jpg!m_fill,w_280,h_210,f_jpg?from=ke.com
20231212,大兴,枣园,101121049468,枣园东里近地铁采光充足南北通透二居室,330万,40323元/平,中楼层 (共6层) | 1999年 | 2室1厅 | 81.84平米 | 南 北,https://ke-image.ljcdn.com/110000-inspection/pc1_8yqQL9Jdp_2.jpg!m_fill,w_280,h_210,f_jpg?from=ke.com
20231212,大兴,枣园,101121049466,首开康乃馨满五唯一南北通透的两居室,298万,34761元/平,底层 (共16层) 2室1厅 | 85.73平米 | 南 北,https://ke-image.ljcdn.com/110000-inspection/pc1_RkMqDQQnD_2.jpg!m_fill,w_280,h_210,f_jpg?from=ke.com
20231212,大兴,枣园,101121047925,新安里 2室2厅 南 北,310万,32373元/平,底层 (共6层) | 2005年 | 2室2厅 | 95.76平米 | 南 北,https://ke-image.ljcdn.com/110000-inspection/a8c98b83-fab4-498e-a982-5dce3c1aefa3_1000.jpg!m_fill,w_280,h_210,f_jpg?from=ke.com
20231212,大兴,枣园,101121039966,滨河东里 2室1厅 南 北,203万,35164元/平,中楼层 (共6层) | 1989年 | 2室1厅 | 57.73平米 | 南 北,https://ke-image.ljcdn.com/110000-inspection/6903924d-2d80-45f1-b886-08fc1281bb2b_1000.jpg!m_fill,w_280,h_210,f_jpg?from=ke.com
20231212,大兴,枣园,101121038560,首座御园一区二期 东向正规一居室 中楼层,252万,31313元/平,中楼层 (共14层) 1室1厅 | 80.48平米 | 东,https://ke-image.ljcdn.com/110000-inspection/pc1_iUpoNSSKt.jpg!m_fill,w_280,h_210,f_jpg?from=ke.com
20231212,大兴,枣园,101121037060,盛嘉华苑 3室1厅 南 北,303万,35225元/平,中楼层 (共17层) | 2012年 | 3室1厅 | 86.02平米 | 南 北,https://ke-image.ljcdn.com/110000-inspection/cdea30ce-2e28-4590-8dfb-142c0762fe54_1000.jpg!m_fill,w_280,h_210,f_jpg?from=ke.com
20231212,大兴,枣园,101121034995,彩虹新城 满五唯一住房 中间位置房主自荐,440万,47069元/平,低楼层 (共17层) 2室1厅 | 93.48平米 | 西南,https://ke-image.ljcdn.com/110000-inspection/7fac084b-c532-4424-b225-bc5f60d5d4db_1000.jpg!m_fill,w_280,h_210,f_jpg?from=ke.com
20231212,大兴,枣园,101121030612,丽园B区 2室1厅 南 北,449万,48489元/平,底层 (共7层) | 2004年 | 2室1厅 | 92.6平米 | 南 北,https://ke-image.ljcdn.com/110000-inspection/75064ff5-b8b1-4790-961a-a3039e76ff3f_1000.jpg!m_fill,w_280,h_210,f_jpg?from=ke.com
20231212,大兴,枣园,101121026637,首开康乃馨城 1室1厅 南,219万,35374元/平,中楼层 (共16层) | 2012年 | 1室1厅 | 61.91平米 | 南,https://ke-image.ljcdn.com/110000-inspection/pc1_DDVrmOuMO_2.jpg!m_fill,w_280,h_210,f_jpg?from=ke.com
20231212,大兴,枣园,101121024841,首开康乃馨城 商品房南向一居主诚心出售。,218万,35066元/平,低楼层 (共16层) | 2012年 | 1室1厅 | 62.17平米 | 南,https://ke-image.ljcdn.com/110000-inspection/b0383b57-15d7-47d2-b780-9a2ac433b26a_1000.jpg!m_fill,w_280,h_210,f_jpg?from=ke.com
20231212,大兴,枣园,101121023799,首座御园一区二期 2室1厅 南,315万,34681元/平,高楼层 (共14层) | 2015年 | 2室1厅 | 90.83平米 | 南,https://ke-image.ljcdn.com/110000-inspection/pc1_TokhcAZbf_2.jpg!m_fill,w_280,h_210,f_jpg?from=ke.com
20231212,大兴,枣园,101121022651,红木林北区 4室2厅 南 北,835万,76761元/平,高楼层 (共21层) | 2013年 | 4室2厅 | 108.78平米 | 南 北,https://ke-image.ljcdn.com/110000-inspection/1febee36-c7c2-47fd-ab9d-835dfa487f39_1000.jpg!m_fill,w_280,h_210,f_jpg?from=ke.com
20231212,大兴,枣园,101121021770,枣园北里全明格局三居看房方便,368万,40754元/平,高楼层 (共6层) | 1998年 | 3室1厅 | 90.3平米 | 南 北 西,https://ke-image.ljcdn.com/110000-inspection/pc1_pk0YUhulx_2.jpg!m_fill,w_280,h_210,f_jpg?from=ke.com
20231212,大兴,枣园,101121021473,康宜家园南区南北通透一居室精装修,216万,40172元/平,低楼层 (共17层) 1室1厅 | 53.77平米 | 南 北,https://ke-image.ljcdn.com/110000-inspection/57e4ba3b-c80a-4ac2-8f9a-c5464be9cd88_1000.jpg!m_fill,w_280,h_210,f_jpg?from=ke.com
20231212,大兴,枣园,101121013604,新上  滨河西里北区  优质两居室 高楼层 采光好,209万,33275元/平,顶层 (共6层) | 1994年 | 2室1厅 | 62.81平米 | 南 北,https://ke-image.ljcdn.com/110000-inspection/6765003a-a684-41cd-949a-63d24cc98a07_1000.jpg!m_fill,w_280,h_210,f_jpg?from=ke.com
20231212,大兴,枣园,101121013612,滨河坊低楼层满五年家庭名下唯一住房,159万,37885元/平,底层 (共6层) | 2005年 | 1室1厅 | 41.97平米 | 东,https://ke-image.ljcdn.com/110000-inspection/pc1_DcIHAPine_2.jpg!m_fill,w_280,h_210,f_jpg?from=ke.com
20231212,大兴,枣园,101121012183,康泰园 2室1厅 南 北,355万,45660元/平,中楼层 (共18层) 2室1厅 | 77.75平米 | 南 北,https://ke-image.ljcdn.com/110000-inspection/faf18850-bce3-4830-b7d4-b998da8070d7_1000.jpg!m_fill,w_280,h_210,f_jpg?from=ke.com
20231212,大兴,枣园,101121010662,康和名居电梯刷卡入户 满五唯一 好位置 高楼层 采光好房主自荐,319万,42280元/平,中楼层 (共18层) 2室1厅 | 75.45平米 | 南,https://ke-image.ljcdn.com/110000-inspection/pc1_EyKiPoGZJ_2.jpg!m_fill,w_280,h_210,f_jpg?from=ke.com
20231212,大兴,枣园,101121007752,枣园北里 满五年 明厅 南北通透 精装修,280万,38755元/平,中楼层 (共6层) | 1998年 | 2室1厅 | 72.25平米 | 南 北,https://ke-image.ljcdn.com/110000-inspection/bde380eb-5979-4f52-b261-17609113d0c7_1000.jpg!m_fill,w_280,h_210,f_jpg?from=ke.com
20231212,大兴,枣园,101121005297,首开康乃馨城 3室1厅 满五唯一 双卧朝南   采光无遮挡房主自荐,333万,37496元/平,低楼层 (共9层) | 2012年 | 3室1厅 | 88.81平米 | 南 北,https://ke-image.ljcdn.com/110000-inspection/pc1_3zxVfswol.jpg!m_fill,w_280,h_210,f_jpg?from=ke.com
20231212,大兴,枣园,101121003412,满五唯一公园氧吧拓展面积南北通透低楼层户型方正房主自荐,219万,41181元/平,底层 (共6层) | 1988年 | 2室1厅 | 53.18平米 | 南 北,https://ke-image.ljcdn.com/110000-inspection/pc1_xq1erjwck_2.jpg!m_fill,w_280,h_210,f_jpg?from=ke.com
20231212,大兴,枣园,101121003244,中建国际港满五唯一业主接受换房诚心出售,745万,52692元/平,中楼层 (共29层) 3室2厅 | 141.39平米 | 南 北,https://ke-image.ljcdn.com/110000-inspection/68fbcc4b-06dc-4c11-a8c2-2a578631f86d_1000.jpg!m_fill,w_280,h_210,f_jpg?from=ke.com
20231212,大兴,枣园,101121002964,丽园C区满五年唯一自住装修实际使用面积大。,329万,44903元/平,顶层 (共6层) | 2008年 | 2室1厅 | 73.27平米 | 南 北,https://ke-image.ljcdn.com/110000-inspection/pc1_lX4QdYwGS_2.jpg!m_fill,w_280,h_210,f_jpg?from=ke.com
20231212,大兴,枣园,101121000846,康庄路50号院 1室1厅 南 北,269万,41862元/平,底层 (共15层) | 2012年 | 1室1厅 | 64.26平米 | 南 北,https://ke-image.ljcdn.com/110000-inspection/pc1_hvNQr37j0_2.jpg!m_fill,w_280,h_210,f_jpg?from=ke.com
20231212,大兴,枣园,101120999926,首开康乃馨城商品房南北两居室满五年唯一。,330万,37962元/平,中楼层 (共16层) | 2012年 | 2室1厅 | 86.93平米 | 南 北,https://ke-image.ljcdn.com/110000-inspection/4ba25adf-2675-4a23-aacd-c7e22dd6c0c4_1000.jpg!m_fill,w_280,h_210,f_jpg?from=ke.com
20231212,大兴,枣园,101120997463,满五唯一  非顶层两居  前后无遮挡采光好,257万,35616元/平,高楼层 (共6层) | 1990年 | 2室1厅 | 72.16平米 | 东 西,https://ke-image.ljcdn.com/110000-inspection/08b07d98-0f66-43c5-b6c5-0be36964c2a9_1000.jpg!m_fill,w_280,h_210,f_jpg?from=ke.com
20231212,大兴,枣园,101120996854,新居里 南北通透 精装修 满五年唯一房主自荐,280万,29571元/平,高楼层 (共6层) 2室1厅 | 94.69平米 | 南 北,https://ke-image.ljcdn.com/110000-inspection/82d53326-bc0b-4187-b064-754fbea45053_1000.jpg!m_fill,w_280,h_210,f_jpg?from=ke.com
20231212,大兴,枣园,101120996658,首开康乃馨城 商品房 南向两居 业主诚心出售房主自荐,218万,34830元/平,中楼层 (共16层) | 2012年 | 2室1厅 | 62.59平米 | 南,https://ke-image.ljcdn.com/110000-inspection/1d1b7bb0-c3aa-463a-8ce6-45414fe8167f_1000.jpg!m_fill,w_280,h_210,f_jpg?from=ke.com
20231212,大兴,枣园,101120995397,康庄路52号院 满五唯一 东北向 看房方便,259万,38960元/平,高楼层 (共21层) | 2010年 | 1室1厅 | 66.48平米 | 东北,https://ke-image.ljcdn.com/110000-inspection/pc1_naIYiF1BA.jpg!m_fill,w_280,h_210,f_jpg?from=ke.com
20231212,大兴,枣园,101120994845,热门房源 东亚康和名居 南向两居 满五唯一房主自荐,330万,43738元/平,高楼层 (共18层) | 2012年 | 2室1厅 | 75.45平米 | 南,https://ke-image.ljcdn.com/110000-inspection/43626113-a77e-4d30-bcb2-8a4fb0687281_1000.jpg!m_fill,w_280,h_210,f_jpg?from=ke.com
20231212,大兴,枣园,101120994533,康庄路52号院 东北向一居室 满五唯一 诚意出售房主自荐,235万,35515元/平,中楼层 (共22层) | 2010年 | 1室1厅 | 66.17平米 | 东 北,https://ke-image.ljcdn.com/110000-inspection/5a01a1ab-a09c-4a46-9dbc-2455c443a37f_1000.jpg!m_fill,w_280,h_210,f_jpg?from=ke.com
20231212,大兴,枣园,101120994431,首开康乃馨城 满五唯一 卖家急售 大客厅南向两居室房主自荐,292万,32184元/平,低楼层 (共9层) | 2012年 | 2室2厅 | 90.73平米 | 南,https://ke-image.ljcdn.com/110000-inspection/4b203796-0f29-4a0f-ab24-3d6d35a07100_1000.jpg!m_fill,w_280,h_210,f_jpg?from=ke.com
20231212,大兴,枣园,101120991570,丽园C区南北4居 是满5年唯一全明格局,696万,48956元/平,高楼层 (共10层) | 2008年 | 4室1厅 | 142.17平米 | 南 北,https://ke-image.ljcdn.com/110000-inspection/132d01ab-9983-443a-9a9d-8ba951ab4c50_1000.jpg!m_fill,w_280,h_210,f_jpg?from=ke.com
20231212,大兴,枣园,101120990235,滨河东里全明三居室 满五唯一 精装修,275万,35203元/平,中楼层 (共6层) | 1989年 | 3室1厅 | 78.12平米 | 南 北,https://ke-image.ljcdn.com/110000-inspection/pc1_HSBV7KqJ3_2.jpg!m_fill,w_280,h_210,f_jpg?from=ke.com
20231212,大兴,枣园,101120989619,首座御园二区二期 西南边户三居 位置好,445万,36398元/平,低楼层 (共14层) | 2015年 | 3室2厅 | 122.26平米 | 西南,https://ke-image.ljcdn.com/110000-inspection/1bc30c03-dfbf-40f7-98df-340d6eac87ae_1000.jpg!m_fill,w_280,h_210,f_jpg?from=ke.com
20231212,大兴,枣园,101120987458,黄村 枣园  那尔水晶城  朝南一居室 随时签约,330万,47668元/平,低楼层 (共13层) | 2006年 | 1室1厅 | 69.23平米 | 南,https://ke-image.ljcdn.com/110000-inspection/pc1_M77qMV3Nh.jpg!m_fill,w_280,h_210,f_jpg?from=ke.com
20231212,大兴,枣园,101120985024,团河苑东南北两居室边户精装修商品房。,240万,33150元/平,顶层 (共6层) | 1993年 | 2室1厅 | 72.4平米 | 南 北,https://ke-image.ljcdn.com/110000-inspection/pc1_6MhRIUIlj_2.jpg!m_fill,w_280,h_210,f_jpg?from=ke.com
20231212,大兴,枣园,101120984900,房子精装修前后无遮挡采光好户型好,205万,34594元/平,中楼层 (共5层) | 1993年 | 2室1厅 | 59.26平米 | 南 北,https://ke-image.ljcdn.com/110000-inspection/d0cac037-8e81-4bd5-ae65-7ebc141d49fb_1000.jpg!m_fill,w_280,h_210,f_jpg?from=ke.com
20231212,大兴,枣园,101120981201,彩虹新城高楼层采光好南北通透满五唯一,468万,52852元/平,高楼层 (共11层) | 2008年 | 2室1厅 | 88.55平米 | 南 北,https://ke-image.ljcdn.com/110000-inspection/pc1_KxAg0YlhL.jpg!m_fill,w_280,h_210,f_jpg?from=ke.com
20231212,大兴,枣园,101120980948,首座御园一区二期 2室1厅 西北,258万,28081元/平,底层 (共14层) 2室1厅 | 91.88平米 | 西北,https://ke-image.ljcdn.com/110000-inspection/pc1_rxaDe0a2l_2.jpg!m_fill,w_280,h_210,f_jpg?from=ke.com
20231212,大兴,枣园,101120976709,丽园B区 2室2厅 南 北,472万,47238元/平,中楼层 (共11层) | 2008年 | 2室2厅 | 99.92平米 | 南 北,https://ke-image.ljcdn.com/110000-inspection/pc1_QvVlIwV1d_2.jpg!m_fill,w_280,h_210,f_jpg?from=ke.com
20231212,大兴,枣园,101120976181,康庄路50号院中高楼层纯南采光好一居室房主自荐,215万,37993元/平,中楼层 (共18层) 1室1厅 | 56.59平米 | 南,https://ke-image.ljcdn.com/110000-inspection/4019bdde-7c21-4345-96d7-cafa5288b756_1000.jpg!m_fill,w_280,h_210,f_jpg?from=ke.com
20231212,大兴,枣园,101120974228,精装修婚房满五唯一户型方正地铁450米公园100米,270万,34182元/平,中楼层 (共6层) | 1994年 | 2室1厅 | 78.99平米 | 东 西,https://ke-image.ljcdn.com/110000-inspection/pc1_pTHYLnDI9_2.jpg!m_fill,w_280,h_210,f_jpg?from=ke.com
20231212,大兴,枣园,101120973180,滨河西里天然氧吧地铁550米公园50米物美500米,216万,34963元/平,高楼层 (共6层) 2室1厅 | 61.78平米 | 东 西,https://ke-image.ljcdn.com/110000-inspection/pc1_bOyiCmnb5_2.jpg!m_fill,w_280,h_210,f_jpg?from=ke.com
20231212,大兴,枣园,101120972218,枣园小区 南北东朝向 全明格局 标准3室1厅 满五唯一,310万,36047元/平,顶层 (共5层) 3室1厅 | 86平米 | 东 南 北,https://ke-image.ljcdn.com/110000-inspection/pc1_eiyIiGp5j_2.jpg!m_fill,w_280,h_210,f_jpg?from=ke.com
20231212,大兴,枣园,101120971260,丽园C区 南北双通透 采光视野好,418万,41784元/平,高楼层 (共6层) | 2008年 | 2室2厅 | 100.04平米 | 南 北,https://ke-image.ljcdn.com/110000-inspection/a69c9173-9e7f-4457-9441-a4c9444c96ad_1000.jpg!m_fill,w_280,h_210,f_jpg?from=ke.com
20231212,大兴,枣园,101120969267,双河北里社区 一层南向三居,192万,39304元/平,底层 (共5层) 3室1厅 | 48.85平米 | 南,https://ke-image.ljcdn.com/110000-inspection/a42656f1-82cb-4979-a8cc-357e7074b996_1000.jpg!m_fill,w_280,h_210,f_jpg?from=ke.com
20231212,大兴,枣园,101120969238,滨河西里北区  精装修三居室  诚心卖  满五唯一,315万,36599元/平,高楼层 (共6层) | 1994年 | 3室1厅 | 86.07平米 | 东 西,https://ke-image.ljcdn.com/110000-inspection/pc1_S0nke11iL_2.jpg!m_fill,w_280,h_210,f_jpg?from=ke.com
20231212,大兴,枣园,101120967193,新居里 2室1厅 南 北,269万,33571元/平,底层 (共6层) | 2000年 | 2室1厅 | 80.13平米 | 南 北,https://ke-image.ljcdn.com/110000-inspection/pc1_n4qoCCtQN.jpg!m_fill,w_280,h_210,f_jpg?from=ke.com
20231212,大兴,枣园,101120966594,中间楼层 大面积两居室 南北通透 满五年唯一,266万,31050元/平,中楼层 (共6层) | 1996年 | 2室1厅 | 85.67平米 | 南 北,https://ke-image.ljcdn.com/110000-inspection/pc1_UZ6BHyIZt_2.jpg!m_fill,w_280,h_210,f_jpg?from=ke.com
20231212,大兴,枣园,101120966361,彩虹新城南北通透高楼层精装修两居室房主自荐,465万,52883元/平,高楼层 (共16层) 2室1厅 | 87.93平米 | 南 北,https://ke-image.ljcdn.com/110000-inspection/b477fef7-89d8-44cc-9cc5-037f5145c8cc_1000.jpg!m_fill,w_280,h_210,f_jpg?from=ke.com
20231212,大兴,枣园,101120963015,枣园 滨河西里北区 低楼层 南北通透 满五唯一,348万,42716元/平,低楼层 (共6层) | 1995年 | 2室2厅 | 81.47平米 | 南 北,https://ke-image.ljcdn.com/110000-inspection/9f7eef23-aa1f-4fbf-949b-dd29297e84b3_1000.jpg!m_fill,w_280,h_210,f_jpg?from=ke.com
20231212,大兴,枣园,101120962705,滨河东里 2室1厅 南 北,225万,37500元/平,中楼层 (共6层) 2室1厅 | 60平米 | 南 北,https://ke-image.ljcdn.com/110000-inspection/a727534f-cca7-4c0f-871b-9bdea0717921_1000.jpg!m_fill,w_280,h_210,f_jpg?from=ke.com
20231212,大兴,枣园,101120962321,滨河西里南区 精装两居  满五唯一,260万,38958元/平,高楼层 (共6层) | 1992年 | 2室1厅 | 66.74平米 | 南,https://ke-image.ljcdn.com/110000-inspection/pc1_pfNZHMCgS.jpg!m_fill,w_280,h_210,f_jpg?from=ke.com
20231212,大兴,枣园,101120962222,滨河西里北区 低楼层 户型方正 南北通透三居,285万,35056元/平,底层 (共6层) | 1994年 | 3室1厅 | 81.3平米 | 南 北,https://ke-image.ljcdn.com/110000-inspection/pc1_gmKzvMHFn.jpg!m_fill,w_280,h_210,f_jpg?from=ke.com
20231212,大兴,枣园,101120961097,首座御园二期北区三期 2室1厅 南 北,370万,39320元/平,底层 (共12层) 2室1厅 | 94.1平米 | 南 北,https://ke-image.ljcdn.com/110000-inspection/89927bb3-c9ed-4d7c-88b6-f0290fc1af3e_1000.jpg!m_fill,w_280,h_210,f_jpg?from=ke.com
20231212,大兴,枣园,101120960155,团河苑  南向两居室  精装修  中间楼层,210万,37561元/平,中楼层 (共5层) 2室1厅 | 55.91平米 | 南,https://ke-image.ljcdn.com/110000-inspection/54e8462f-8d37-443c-abfa-3e978d8a1fff_1000.jpg!m_fill,w_280,h_210,f_jpg?from=ke.com
20231212,大兴,枣园,101120957668,满五唯一南北通透明厅中间楼层,248万,40783元/平,中楼层 (共6层) | 1991年 | 2室1厅 | 60.81平米 | 南 北,https://ke-image.ljcdn.com/110000-inspection/852664da-f784-4bed-84eb-bc36eaf8983c_1000.jpg!m_fill,w_280,h_210,f_jpg?from=ke.com
20231212,大兴,枣园,101120956521,枣园小区南北两居室 采光好 满五唯一 户型方正不临街,259万,36790元/平,中楼层 (共7层) | 1994年 | 2室1厅 | 70.4平米 | 南 北,https://ke-image.ljcdn.com/110000-inspection/pc1_2bov7pZi4_2.jpg!m_fill,w_280,h_210,f_jpg?from=ke.com
20231212,大兴,枣园,101120942127,首座御园一区二期 1室1厅 东,257万,31934元/平,高楼层 (共14层) 1室1厅 | 80.48平米 | 东,https://ke-image.ljcdn.com/110000-inspection/fdeb21ec-16e5-4438-b341-b5be2e89bd07_1000.jpg!m_fill,w_280,h_210,f_jpg?from=ke.com
20231212,大兴,枣园,101120941744,丽园C区 满五唯一 电梯两居 小区中间位置,452万,43491元/平,中楼层 (共10层) | 2008年 | 2室1厅 | 103.93平米 | 南 北,https://ke-image.ljcdn.com/110000-inspection/pc1_wHhXi9ubl_2.jpg!m_fill,w_280,h_210,f_jpg?from=ke.com
20231212,大兴,枣园,101120941180,清源西里满五年唯一采光好视野好面积大,309万,33789元/平,顶层 (共6层) 3室1厅 | 91.45平米 | 南 北,https://ke-image.ljcdn.com/110000-inspection/6320b3f7-ad3d-4a60-aa83-f45431141f9f_1000.jpg!m_fill,w_280,h_210,f_jpg?from=ke.com
20231212,大兴,枣园,101120937900,康庄路52号院满五唯一业主诚心出售,290万,33219元/平,高楼层 (共21层) | 2010年 | 2室1厅 | 87.3平米 | 南 北,https://ke-image.ljcdn.com/110000-inspection/652b3922-bd95-441e-a9e5-213bf91ea980_1000.jpg!m_fill,w_280,h_210,f_jpg?from=ke.com
20231212,大兴,枣园,101120936067,底楼层出行方便配套齐全生活便利,315万,38523元/平,低楼层 (共9层) | 2002年 | 2室2厅 | 81.77平米 | 东南 北,https://ke-image.ljcdn.com/110000-inspection/pc1_9nhz6rFdm_2.jpg!m_fill,w_280,h_210,f_jpg?from=ke.com
20231212,大兴,枣园,101120935366,首开康乃馨城。。。。。。。。。。。,289万,39277元/平,中楼层 (共9层) | 2012年 | 1室1厅 | 73.58平米 | 南,https://ke-image.ljcdn.com/110000-inspection/83416d78-0844-42f9-9546-09e42e8a3b42_1000.jpg!m_fill,w_280,h_210,f_jpg?from=ke.com
20231212,大兴,枣园,101120931911,滨河西里北区 4室1厅 西南,348万,33607元/平,中楼层 (共6层) | 1994年 | 4室1厅 | 103.55平米 | 西南,https://ke-image.ljcdn.com/110000-inspection/160487ae-fd53-4e31-bc12-a35b4fe071da_1000.jpg!m_fill,w_280,h_210,f_jpg?from=ke.com
20231212,大兴,枣园,101120928841,清源西里 纯南一居 业主急售只有契税,185万,46170元/平,中楼层 (共6层) 1室1厅 | 40.07平米 | 南,https://ke-image.ljcdn.com/110000-inspection/pc1_A47tAKXPM_2.jpg!m_fill,w_280,h_210,f_jpg?from=ke.com
20231212,大兴,枣园,101120923933,12年电梯房  中间楼层  全明三居  格局合理,348万,39568元/平,中楼层 (共11层) | 2012年 | 3室1厅 | 87.95平米 | 南 北,https://ke-image.ljcdn.com/110000-inspection/cace44f8-f955-4dc6-807b-79229acd708b_1000.jpg!m_fill,w_280,h_210,f_jpg?from=ke.com
20231212,大兴,枣园,101120923706,首邑上城 满五唯一 近地铁 精装 明卫户型房主自荐,320万,46526元/平,低楼层 (共15层) | 2007年 | 1室1厅 | 68.78平米 | 东 北,https://ke-image.ljcdn.com/110000-inspection/pc1_XqQQwx1gI.jpg!m_fill,w_280,h_210,f_jpg?from=ke.com
20231212,大兴,枣园,101120923118,此房满五年唯一全明格局双卧室朝南明厅,280万,39415元/平,顶层 (共6层) 2室1厅 | 71.04平米 | 南 北,https://ke-image.ljcdn.com/110000-inspection/pc1_c0y2tVI5u_2.jpg!m_fill,w_280,h_210,f_jpg?from=ke.com
20231212,大兴,枣园,101120922904,中建国际港 南北通透三居 精装修 直接拎包入住 近地铁房主自荐,699万,53671元/平,中楼层 (共33层) 3室1厅 | 130.24平米 | 南 北,https://ke-image.ljcdn.com/110000-inspection/8b3a8d6c-b8fa-4404-b1a1-416b63122a8a_1000.jpg!m_fill,w_280,h_210,f_jpg?from=ke.com
20231212,大兴,枣园,101120922753,商品房 房本满二年 不临街 电梯房,239万,30365元/平,中楼层 (共14层) | 2015年 | 1室1厅 | 78.71平米 | 东,https://ke-image.ljcdn.com/110000-inspection/18897dea-60de-4140-aee6-c2f1047499d2_1000.jpg!m_fill,w_280,h_210,f_jpg?from=ke.com
20231212,大兴,枣园,101120921804,首开康乃馨城 2室1厅 南,249万,40007元/平,顶层 (共16层) | 2012年 | 2室1厅 | 62.24平米 | 南,https://ke-image.ljcdn.com/110000-inspection/e6d9f9f3-d388-4be8-9926-5eaa3f6028ef_1000.jpg!m_fill,w_280,h_210,f_jpg?from=ke.com
20231212,大兴,枣园,101120920898,新安里 2室1厅 南 北,233万,33901元/平,低楼层 (共6层) | 1997年 | 2室1厅 | 68.73平米 | 南 北,https://ke-image.ljcdn.com/110000-inspection/e4fe0421-f847-4131-b9a6-019aa4e93d61_1000.jpg!m_fill,w_280,h_210,f_jpg?from=ke.com
20231212,大兴,枣园,101120920699,枣园小区精装修三居室新装修格局好视野开阔。,300万,37024元/平,顶层 (共6层) | 1994年 | 3室1厅 | 81.03平米 | 南 北,https://ke-image.ljcdn.com/110000-inspection/482745ac-a3b4-4aec-a6e4-bdd5a3f7b503_1000.jpg!m_fill,w_280,h_210,f_jpg?from=ke.com
20231212,大兴,枣园,101120918757,好位置好楼层   采光好视野佳   俯瞰前后花园,730万,52700元/平,高楼层 (共10层) | 2012年 | 3室2厅 | 138.52平米 | 南 北,https://ke-image.ljcdn.com/110000-inspection/pc1_kB1OAMNFL_2.jpg!m_fill,w_280,h_210,f_jpg?from=ke.com
20231212,大兴,枣园,101120918128,丽园A区 4室2厅 南 北,880万,58329元/平,中楼层 (共6层) 4室2厅 | 150.87平米 | 南 北,https://ke-image.ljcdn.com/110000-inspection/50b27dd2-ebc1-4fd2-b684-70d5868ad8b7_1000.jpg!m_fill,w_280,h_210,f_jpg?from=ke.com
20231212,大兴,枣园,101120917676,全明两居室配套齐全小区改造了房主自荐,236万,36443元/平,顶层 (共6层) | 1997年 | 2室1厅 | 64.76平米 | 东 南 北,https://ke-image.ljcdn.com/110000-inspection/cec9c79f-bc51-438c-8312-e887cbb1a8f5_1000.jpg!m_fill,w_280,h_210,f_jpg?from=ke.com
20231212,大兴,枣园,101120917014,滨河东里 2室1厅 南 北,215万,35834元/平,低楼层 (共6层) 2室1厅 | 60平米 | 南 北,https://ke-image.ljcdn.com/110000-inspection/6f945a54-9321-43f2-a6ff-abcc20e27290_1000.jpg!m_fill,w_280,h_210,f_jpg?from=ke.com
20231212,大兴,枣园,101120916044,康庄路52号院高楼层采光视野好。,330万,38297元/平,中楼层 (共21层) | 2010年 | 2室1厅 | 86.17平米 | 南 北,https://ke-image.ljcdn.com/110000-inspection/d77e7122-2ecc-401f-b373-83ebc3defeb0_1000.jpg!m_fill,w_280,h_210,f_jpg?from=ke.com
20231212,大兴,枣园,101120914369,盛嘉华苑 2室1厅 东南,290万,40006元/平,高楼层 (共17层) | 2012年 | 2室1厅 | 72.49平米 | 东南,https://ke-image.ljcdn.com/110000-inspection/1a5051a8-e7be-4e52-8787-6bb8bc083cf9_1000.jpg!m_fill,w_280,h_210,f_jpg?from=ke.com
20231212,大兴,枣园,101120913945,新安里 2室1厅 南 北,230万,36107元/平,顶层 (共6层) | 1995年 | 2室1厅 | 63.7平米 | 南 北,https://ke-image.ljcdn.com/110000-inspection/pc1_0XZsOBJb7_2.jpg!m_fill,w_280,h_210,f_jpg?from=ke.com
20231212,大兴,枣园,101120913738,中建港怡嘉园  诚心出售  看房方便,415万,48312元/平,中楼层 (共19层) | 2017年 | 2室1厅 | 85.9平米 | 东 西,https://ke-image.ljcdn.com/110000-inspection/2ad095b2-4c68-4413-8b08-0db363cf4e0a_1000.jpg!m_fill,w_280,h_210,f_jpg?from=ke.com
20231212,大兴,枣园,101120912659,红木林一居室  卧室不算房本面积 小区环境优美 近地铁,286万,64560元/平,低楼层 (共21层) | 2013年 | 1室1厅 | 44.3平米 | 西,https://ke-image.ljcdn.com/110000-inspection/pc1_gPWcAMzDm_2.jpg!m_fill,w_280,h_210,f_jpg?from=ke.com
20231212,大兴,枣园,101120911856,清源西里满五年家庭名下唯一商品房2层精装修,220万,38449元/平,低楼层 (共6层) 2室1厅 | 57.22平米 | 东 西南,https://ke-image.ljcdn.com/110000-inspection/6821a7bf-d8d8-4225-80a8-2f31d84e8c22_1000.jpg!m_fill,w_280,h_210,f_jpg?from=ke.com
20231212,大兴,枣园,101120911218,新安里 2室1厅 北 南,230万,33190元/平,顶层 (共6层) 2室1厅 | 69.3平米 | 北 南,https://ke-image.ljcdn.com/110000-inspection/6d89680f-3c90-486c-b4c8-c4028f572ace_1000.jpg!m_fill,w_280,h_210,f_jpg?from=ke.com
20231212,大兴,枣园,101120910993,丽园A区 4室2厅 南 北,815万,50596元/平,中楼层 (共10层) 4室2厅 | 161.08平米 | 南 北,https://ke-image.ljcdn.com/110000-inspection/c878ef08-f3c9-4459-9f93-2d8c3fed55af_1000.jpg!m_fill,w_280,h_210,f_jpg?from=ke.com
20231212,大兴,枣园,101120910842,黄村 枣园 那尔水晶城 一居室 业主诚心出售,300万,46905元/平,高楼层 (共16层) | 2005年 | 1室1厅 | 63.96平米 | 南,https://ke-image.ljcdn.com/110000-inspection/pc1_zuk3heW2u_2.jpg!m_fill,w_280,h_210,f_jpg?from=ke.com
20231212,大兴,枣园,101120910191,枣园东里 地铁300米 楼层低 诚心出售 看房随时,255万,34233元/平,低楼层 (共6层) | 1996年 | 2室1厅 | 74.49平米 | 南 北,https://ke-image.ljcdn.com/110000-inspection/25a8d571-bf84-45e3-b943-2c98bf21a3c2_1000.jpg!m_fill,w_280,h_210,f_jpg?from=ke.com
20231212,大兴,枣园,101120909102,康庄路50号院 南北朝向一居室 满五唯一,252万,38722元/平,底层 (共15层) 2室1厅 | 65.08平米 | 南 北,https://ke-image.ljcdn.com/110000-inspection/0d433c78-c7ce-4e8f-bb27-ddb2a09078d3_1000.jpg!m_fill,w_280,h_210,f_jpg?from=ke.com
20231212,大兴,枣园,101120906397,丽园B区 满五年 南北通透二居室 落地窗 采光好,480万,49485元/平,中楼层 (共7层) 2室1厅 | 97平米 | 南 北,https://ke-image.ljcdn.com/110000-inspection/c201db5d-bf18-47e6-982d-604bc2c9ab49_1000.jpg!m_fill,w_280,h_210,f_jpg?from=ke.com
20231212,大兴,枣园,101120906285,彩虹新城 中间位置 南北通透三居室房主自荐,610万,51832元/平,中楼层 (共14层) | 2008年 | 3室1厅 | 117.69平米 | 南 北,https://ke-image.ljcdn.com/110000-inspection/c93ba972-a6e9-46b0-b084-a2244d288258_1000.jpg!m_fill,w_280,h_210,f_jpg?from=ke.com
20231212,大兴,枣园,101120905347,满五年  南北通透  正规两居,218万,30905元/平,底层 (共6层) 2室1厅 | 70.54平米 | 南 北,https://ke-image.ljcdn.com/110000-inspection/0a89c93d-8030-44fa-8b63-933de3c4d46e_1000.jpg!m_fill,w_280,h_210,f_jpg?from=ke.com
20231212,大兴,枣园,101120902645,清源东里 3室1厅 南 北,309万,32225元/平,高楼层 (共6层) 3室1厅 | 95.89平米 | 南 北,https://ke-image.ljcdn.com/110000-inspection/7db1a9d1-631a-40e5-af2c-d685b0baf6c2_1000.jpg!m_fill,w_280,h_210,f_jpg?from=ke.com
20231212,大兴,枣园,101120900314,首座御园一期 南北通透两居 精装修 满五年唯一商品房,315万,41590元/平,底层 (共8层) | 2013年 | 2室1厅 | 75.74平米 | 南 北,https://ke-image.ljcdn.com/110000-inspection/e8361d9f-423f-44c0-add4-222e02ad860f_1000.jpg!m_fill,w_280,h_210,f_jpg?from=ke.com
20231212,大兴,枣园,101120899657,中建国际港  南北通透三居室 全明格局,689万,52903元/平,高楼层 (共33层) 3室2厅 | 130.24平米 | 南 北,https://ke-image.ljcdn.com/110000-inspection/2136803f-3be6-46b9-b8a7-b64dc1976796_1000.jpg!m_fill,w_280,h_210,f_jpg?from=ke.com
20231212,大兴,枣园,101120899619,明厨明卫南北通透高楼层视野无遮挡,245万,36710元/平,顶层 (共6层) | 1992年 | 2室1厅 | 66.74平米 | 南 北,https://ke-image.ljcdn.com/110000-inspection/pc1_FcIFO2yi9_2.jpg!m_fill,w_280,h_210,f_jpg?from=ke.com
20231212,大兴,枣园,101120899317,兴盛街189号院一梯二户南北双通透产权清晰,368万,43427元/平,高楼层 (共10层) | 2009年 | 2室2厅 | 84.74平米 | 南 北,https://ke-image.ljcdn.com/110000-inspection/7d1a5520-d87f-4c8c-b803-2b5a170fc0ef_1000.jpg!m_fill,w_280,h_210,f_jpg?from=ke.com
20231212,大兴,枣园,101120899090,格局方正无浪费面积采光充足视野开阔。,260万,43610元/平,高楼层 (共6层) | 1991年 | 2室1厅 | 59.62平米 | 南 北,https://ke-image.ljcdn.com/110000-inspection/2681ed74-242d-421b-a565-2371623a22e4_1000.jpg!m_fill,w_280,h_210,f_jpg?from=ke.com
20231212,大兴,枣园,101120898516,东亚马赛公馆好楼层好位置人车分流品质小区,455万,50416元/平,高楼层 (共17层) | 2012年 | 2室1厅 | 90.25平米 | 南 北,https://ke-image.ljcdn.com/110000-inspection/63c9c272-d463-40f4-910c-f934c261e3c9_1000.jpg!m_fill,w_280,h_210,f_jpg?from=ke.com
20231212,大兴,枣园,101120898361,丽园路30号院首开康乃馨城正规南北两居,305万,35577元/平,高楼层 (共16层) | 2012年 | 2室1厅 | 85.73平米 | 南 北,https://ke-image.ljcdn.com/110000-inspection/5227e6af-40db-4ec4-8454-ac58f06d347c_1000.jpg!m_fill,w_280,h_210,f_jpg?from=ke.com
20231212,大兴,枣园,101120895821,双河北里 1室0厅 北房主自荐,182万,35430元/平,高楼层 (共10层) | 2007年 | 1室0厅 | 51.37平米 | 北,https://ke-image.ljcdn.com/110000-inspection/ee9b2195-74bd-433d-8d15-1bb602bc6379_1000.jpg!m_fill,w_280,h_210,f_jpg?from=ke.com
20231212,大兴,枣园,101120895355,首邑上城 满五年  近地铁 精装修,339万,46579元/平,中楼层 (共15层) | 2007年 | 1室1厅 | 72.78平米 | 西北,https://ke-image.ljcdn.com/110000-inspection/pc1_dI2H0mFZ7.jpg!m_fill,w_280,h_210,f_jpg?from=ke.com
20231212,大兴,枣园,101120895184,本房满五唯一商品房二层进出方便自住装修,210万,35697元/平,低楼层 (共6层) | 1990年 | 2室1厅 | 58.83平米 | 南 北,https://ke-image.ljcdn.com/110000-inspection/pc1_spLnuIcG1.jpg!m_fill,w_280,h_210,f_jpg?from=ke.com
20231212,大兴,枣园,101120894059,团河苑 2室1厅 南 北,237万,36024元/平,中楼层 (共6层) | 1994年 | 2室1厅 | 65.79平米 | 南 北,https://ke-image.ljcdn.com/110000-inspection/7b355ac0-0b5a-4056-8910-3f46e9fcddae_1000.jpg!m_fill,w_280,h_210,f_jpg?from=ke.com
20231212,大兴,枣园,101120893486,大兴新机场站首座御园一区二期电梯房两居室诚售,305万,33886元/平,中楼层 (共14层) | 2015年 | 2室1厅 | 90.01平米 | 西南,https://ke-image.ljcdn.com/110000-inspection/pc1_KDckwBU61_3.jpg!m_fill,w_280,h_210,f_jpg?from=ke.com
20231212,大兴,枣园,101120893249,彩虹新城  地铁500m 南北通透一居室 视野棒,359万,51485元/平,高楼层 (共15层) | 2007年 | 1室1厅 | 69.73平米 | 南 北,https://ke-image.ljcdn.com/110000-inspection/cf07aebf-6dd2-48c5-ab27-5e0a558518e7_1000.jpg!m_fill,w_280,h_210,f_jpg?from=ke.com
20231212,大兴,枣园,101120892979,滨河西里南区 3室1厅 南 北,310万,37449元/平,顶层 (共6层) | 1995年 | 3室1厅 | 82.78平米 | 南 北,https://ke-image.ljcdn.com/110000-inspection/6ab8f350-4e5b-4f98-b793-846b7be85f15_1000.jpg!m_fill,w_280,h_210,f_jpg?from=ke.com
20231212,大兴,枣园,101120890773,双河北里 满五唯一 低楼层 两居室 诚心出售,268万,29419元/平,底层 (共10层) | 2007年 | 2室1厅 | 91.1平米 | 北,https://ke-image.ljcdn.com/110000-inspection/pc1_WIose6h3C.jpg!m_fill,w_280,h_210,f_jpg?from=ke.com
20231212,大兴,枣园,101120889590,滨河西里中区   精装两居  地铁沿线  配套齐全房主自荐,203万,37146元/平,顶层 (共6层) | 1990年 | 2室0厅 | 54.65平米 | 东 西,https://ke-image.ljcdn.com/110000-inspection/133c76a0-a97b-4910-8d48-a181f167edbd_1000.jpg!m_fill,w_280,h_210,f_jpg?from=ke.com
20231212,大兴,枣园,101120888254,此房南向一居  业主自住精装修 低楼层 满两年,234万,36643元/平,中楼层 (共5层) 1室1厅 | 63.86平米 | 南,https://ke-image.ljcdn.com/110000-inspection/43886df4-d412-485b-9b9b-8f32cd7c10fd_1000.jpg!m_fill,w_280,h_210,f_jpg?from=ke.com
20231212,大兴,枣园,101120887738,滨河坊 2室1厅 东 西,303万,35033元/平,中楼层 (共6层) | 2001年 | 2室1厅 | 86.49平米 | 东 西,https://ke-image.ljcdn.com/110000-inspection/pc1_7BHm84Msc_2.jpg!m_fill,w_280,h_210,f_jpg?from=ke.com
20231212,大兴,枣园,101120884797,滨河东里南区采光好南北通透两居室,160万,28664元/平,顶层 (共6层) | 1985年 | 2室1厅 | 55.82平米 | 南 北,https://ke-image.ljcdn.com/110000-inspection/4580e156-6e58-49fd-b321-62d745ca9882_1000.jpg!m_fill,w_280,h_210,f_jpg?from=ke.com
20231212,大兴,枣园,101120884696,滨河西里北区  低楼层三居室  满五年 诚心卖,325万,37156元/平,低楼层 (共7层) | 1997年 | 3室1厅 | 87.47平米 | 东北,https://ke-image.ljcdn.com/110000-inspection/pc1_tMtzkkliM.jpg!m_fill,w_280,h_210,f_jpg?from=ke.com
20231212,大兴,枣园,101120883794,清源东里 3室1厅 南 北,370万,30128元/平,低楼层 (共6层) | 1995年 | 3室1厅 | 122.81平米 | 南 北,https://ke-image.ljcdn.com/110000-inspection/pc1_k7jRD7wfI.jpg!m_fill,w_280,h_210,f_jpg?from=ke.com
20231212,大兴,枣园,101120878414,滨河西里南区 2室1厅 南 北房主自荐,248万,41327元/平,高楼层 (共6层) | 1996年 | 2室1厅 | 60.01平米 | 南 北,https://ke-image.ljcdn.com/110000-inspection/14d02449-14e2-4959-b299-953d50c12751_1000.jpg!m_fill,w_280,h_210,f_jpg?from=ke.com
20231212,大兴,枣园,101120876940,中建国际港 4号线枣园地铁 高楼层 视野开阔 满五诚售房主自荐,465万,51644元/平,高楼层 (共34层) 2室1厅 | 90.04平米 | 南,https://ke-image.ljcdn.com/110000-inspection/pc1_RToavUN8l_2.jpg!m_fill,w_280,h_210,f_jpg?from=ke.com
20231212,大兴,枣园,101120876505,清源东里 三居室 满五年唯一商品房房主自荐,255万,35202元/平,顶层 (共6层) 2室1厅 | 72.44平米 | 南 北,https://ke-image.ljcdn.com/110000-inspection/pc1_u2YXLG98R_2.jpg!m_fill,w_280,h_210,f_jpg?from=ke.com
20231212,大兴,枣园,101120876324,满五唯一  中间楼层  前后无遮挡  采光好,226万,42275元/平,中楼层 (共6层) | 1993年 | 2室1厅 | 53.46平米 | 东,https://ke-image.ljcdn.com/110000-inspection/6ea01063-55cf-4bc4-8bd8-b06f8aadcf57_1000.jpg!m_fill,w_280,h_210,f_jpg?from=ke.com
20231212,大兴,枣园,101120873372,康庄中巷4号院安静社区南北通透两居,325万,37625元/平,顶层 (共18层) 2室1厅 | 86.38平米 | 南 北,https://ke-image.ljcdn.com/110000-inspection/pc1_ovhZ0KIq2_2.jpg!m_fill,w_280,h_210,f_jpg?from=ke.com
20231212,大兴,枣园,101120873070,新安里小区 两居室 明厅 南北通透,205万,29827元/平,顶层 (共6层) | 1997年 | 2室1厅 | 68.73平米 | 南 北,https://ke-image.ljcdn.com/110000-inspection/64579ea7-4689-4a70-897b-1a166aee4599_1000.jpg!m_fill,w_280,h_210,f_jpg?from=ke.com
20231212,大兴,枣园,101120872962,团河苑 2室1厅 南 北,225万,34310元/平,中楼层 (共6层) | 1994年 | 2室1厅 | 65.58平米 | 南 北,https://ke-image.ljcdn.com/110000-inspection/5e112f26-9a38-4af0-b9ce-abefe28c0010_1000.jpg!m_fill,w_280,h_210,f_jpg?from=ke.com
20231212,大兴,枣园,101120871987,滨河西里北区 3室1厅 南 北,308万,35180元/平,高楼层 (共6层) | 1995年 | 3室1厅 | 87.55平米 | 南 北,https://ke-image.ljcdn.com/110000-inspection/55673801-f151-4767-ae2e-42dc5a502351_1000.jpg!m_fill,w_280,h_210,f_jpg?from=ke.com
20231212,大兴,枣园,101120868682,枣园小区 1室1厅 南房主自荐,208万,44597元/平,低楼层 (共6层) | 1994年 | 1室1厅 | 46.64平米 | 南,https://ke-image.ljcdn.com/110000-inspection/eca93037-d3e7-4893-9f27-70bffed9de34_1000.jpg!m_fill,w_280,h_210,f_jpg?from=ke.com
20231212,大兴,枣园,101120867680,清源西里 2室1厅 南 北,230万,40501元/平,顶层 (共6层) 2室1厅 | 56.79平米 | 南 北,https://ke-image.ljcdn.com/110000-inspection/01bd7f14-c4e2-40fb-9b72-a1fe5a04e91a_1000.jpg!m_fill,w_280,h_210,f_jpg?from=ke.com
20231212,大兴,枣园,101120866980,先锋公寓 70年大产权 商品房  有电梯 落地窗 大阳台,320万,28978元/平,高楼层 (共15层) 3室1厅 | 110.43平米 | 东南,https://ke-image.ljcdn.com/110000-inspection/0b712ff7-c4dc-4d59-b306-4c8e5509808c_1000.jpg!m_fill,w_280,h_210,f_jpg?from=ke.com
20231212,大兴,枣园,101120860993,枣园小区南北通透两居室低楼层近地铁配套齐全,270万,40842元/平,低楼层 (共6层) 2室1厅 | 66.11平米 | 南 北,https://ke-image.ljcdn.com/110000-inspection/23a99153-7353-45f7-af5b-ad7d1688f8d7_1000.jpg!m_fill,w_280,h_210,f_jpg?from=ke.com
20231212,大兴,枣园,101120855416,首开康乃馨城 1室1厅 南房主自荐,215万,33154元/平,底层 (共9层) 1室1厅 | 64.85平米 | 南,https://ke-image.ljcdn.com/110000-inspection/6bacd338-269a-40ab-849b-4e01030c0bed_1000.jpg!m_fill,w_280,h_210,f_jpg?from=ke.com
20231212,大兴,枣园,101120850018,首座御园一区二期 3室1厅 西南,429万,35903元/平,中楼层 (共10层) | 2015年 | 3室1厅 | 119.49平米 | 西南,https://ke-image.ljcdn.com/110000-inspection/c9171c2a-2cc0-4573-8db7-a290ff45a879_1000.jpg!m_fill,w_280,h_210,f_jpg?from=ke.com
20231212,大兴,枣园,101120848031,枣园北里两居室南北通透诚心出售,285万,39447元/平,低楼层 (共6层) | 1998年 | 2室1厅 | 72.25平米 | 南 北,https://ke-image.ljcdn.com/110000-inspection/d8d27fb1-811e-47b6-b090-9875459a3539_1000.jpg!m_fill,w_280,h_210,f_jpg?from=ke.com
20231212,大兴,枣园,101120841403,双河北里  南北通透正规一居室  楼龄新,228万,30012元/平,高楼层 (共6层) | 2004年 | 1室1厅 | 75.97平米 | 南 北,https://ke-image.ljcdn.com/110000-inspection/pc1_ZRiOl0xPZ.jpg!m_fill,w_280,h_210,f_jpg?from=ke.com
20231212,大兴,枣园,101120833655,滨河西里中区 3室1厅 东 南 北房主自荐,228万,30728元/平,顶层 (共6层) | 1990年 | 3室1厅 | 74.2平米 | 东 南 北,https://ke-image.ljcdn.com/110000-inspection/pc1_7PRJ1Q9FO_2.jpg!m_fill,w_280,h_210,f_jpg?from=ke.com
20231212,大兴,枣园,101120828731,新居里 2室1厅 南 北,289万,31998元/平,高楼层 (共6层) | 2001年 | 2室1厅 | 90.32平米 | 南 北,https://ke-image.ljcdn.com/110000-inspection/e051c67b-2329-470d-86e3-4183a28e62b3_1000.jpg!m_fill,w_280,h_210,f_jpg?from=ke.com
20231212,大兴,枣园,101120826152,丽园C区 满五唯一  业主急售,626万,51153元/平,底层 (共7层) | 2008年 | 2室2厅 | 122.38平米 | 南 北,https://ke-image.ljcdn.com/110000-inspection/8f582a6a-43c8-41e2-b364-99a5a74884e1_1000.jpg!m_fill,w_280,h_210,f_jpg?from=ke.com
20231212,大兴,枣园,101120822638,清源西里 南北两居 满五年唯一,247万,42259元/平,高楼层 (共6层) | 1992年 | 2室1厅 | 58.45平米 | 南 北,https://ke-image.ljcdn.com/110000-inspection/de505fb2-d664-45b4-a777-e739a677313d_1000.jpg!m_fill,w_280,h_210,f_jpg?from=ke.com
20231212,大兴,枣园,101120821512,此房满五年唯一远离高铁高楼层,300万,34365元/平,顶层 (共21层) | 2010年 | 2室1厅 | 87.3平米 | 南,https://ke-image.ljcdn.com/110000-inspection/432283ca-7608-44a3-9278-35cc24e69fb8_1000.jpg!m_fill,w_280,h_210,f_jpg?from=ke.com
20231212,大兴,枣园,101120814465,新安里小区  90平米 南北通透大两居室房主自荐,228万,25303元/平,顶层 (共6层) 2室1厅 | 90.11平米 | 南 北,https://ke-image.ljcdn.com/110000-inspection/9b4721c9-4f28-4512-8423-a5896da0b170_1000.jpg!m_fill,w_280,h_210,f_jpg?from=ke.com
20231212,大兴,枣园,101120812022,新安里 2室1厅 南 北,225万,32737元/平,低楼层 (共6层) | 1997年 | 2室1厅 | 68.73平米 | 南 北,https://ke-image.ljcdn.com/110000-inspection/3bfdcdec-8022-45b4-ac73-ad1398e356c1_1000.jpg!m_fill,w_280,h_210,f_jpg?from=ke.com
20231212,大兴,枣园,101120787248,首开康乃馨满五唯一楼层位置好2012年电梯房,225万,36151元/平,中楼层 (共16层) | 2012年 | 1室1厅 | 62.24平米 | 南,https://ke-image.ljcdn.com/110000-inspection/pc1_1i3zQUIbf_2.jpg!m_fill,w_280,h_210,f_jpg?from=ke.com
20231212,大兴,枣园,101120783626,清源西里 2室1厅 东 西,280万,35172元/平,顶层 (共6层) 2室1厅 | 79.61平米 | 东 西,https://ke-image.ljcdn.com/110000-inspection/30965b48-8bdc-44cb-950b-c213a7811520_1000.jpg!m_fill,w_280,h_210,f_jpg?from=ke.com
20231212,大兴,枣园,101120783227,首开康乃馨城 满五唯一 南向两居 看房方便,310万,35001元/平,中楼层 (共9层) 2室1厅 | 88.57平米 | 南,https://ke-image.ljcdn.com/110000-inspection/7b31d73f-08c5-4e2e-b550-0d590333fdef_1000.jpg!m_fill,w_280,h_210,f_jpg?from=ke.com
20231212,大兴,枣园,101120770332,滨河西里南区 精装修 户型好 满五唯一,205万,41735元/平,底层 (共6层) | 1994年 | 1室1厅 | 49.12平米 | 南 北,https://ke-image.ljcdn.com/110000-inspection/5fe37046-934c-4bae-b776-abe5605ab778_1000.jpg!m_fill,w_280,h_210,f_jpg?from=ke.com
20231212,大兴,枣园,101120765351,康宜家园南区 2室1厅 北 南,270万,38391元/平,中楼层 (共15层) 2室1厅 | 70.33平米 | 北 南,https://ke-image.ljcdn.com/110000-inspection/12140b6d-9f8a-4b8a-a102-34b5a5e9a87f_1000.jpg!m_fill,w_280,h_210,f_jpg?from=ke.com
20231212,大兴,枣园,101120765020,首座御园二区二期东南两居室视觉采光好诚心出售,330万,36893元/平,低楼层 (共14层) | 2015年 | 2室1厅 | 89.45平米 | 东南,https://ke-image.ljcdn.com/110000-inspection/b3a9f2e6-964b-4950-9ad9-c4b61dfcd87d_1000.jpg!m_fill,w_280,h_210,f_jpg?from=ke.com
20231212,大兴,枣园,101120763149,新居里 2室2厅 南 北,286万,35644元/平,低楼层 (共6层) 2室2厅 | 80.24平米 | 南 北,https://ke-image.ljcdn.com/110000-inspection/e1d70928-c424-42ff-b2da-2f4970511a0b_1000.jpg!m_fill,w_280,h_210,f_jpg?from=ke.com
20231212,大兴,枣园,101120762989,南北通透带电梯满五唯一有装修,300万,34994元/平,顶层 (共16层) 2室1厅 | 85.73平米 | 南 北,https://ke-image.ljcdn.com/110000-inspection/pc1_3yoqaOfVw_2.jpg!m_fill,w_280,h_210,f_jpg?from=ke.com
20231212,大兴,枣园,101120759842,电梯洋房 中间楼层 自住装修 经典南北大两居,385万,41835元/平,中楼层 (共8层) 2室1厅 | 92.03平米 | 南 北,https://ke-image.ljcdn.com/110000-inspection/f416f53c-4077-42ee-94bc-69115e6f905b_1000.jpg!m_fill,w_280,h_210,f_jpg?from=ke.com
20231212,大兴,枣园,101120758741,丽园C区电梯一居满五年唯一产权清晰,252万,40405元/平,低楼层 (共10层) 1室1厅 | 62.37平米 | 南,https://ke-image.ljcdn.com/110000-inspection/1d382b3f-2105-4ae1-b21c-31e1b5b6b078_1000.jpg!m_fill,w_280,h_210,f_jpg?from=ke.com
20231212,大兴,枣园,101120755077,清源西里 南向一居 诚意出售 价钱可议,175万,32571元/平,顶层 (共6层) | 1993年 | 1室1厅 | 53.73平米 | 南,https://ke-image.ljcdn.com/110000-inspection/de5c4dd3-1d58-4350-a479-d7011254ed66_1000.jpg!m_fill,w_280,h_210,f_jpg?from=ke.com
20231212,大兴,枣园,101120745485,满五年唯一 南北通透 看房方便 价格可谈,270万,32094元/平,高楼层 (共6层) | 1996年 | 2室1厅 | 84.13平米 | 北 南,https://ke-image.ljcdn.com/110000-inspection/62d4ee18-3b41-46ba-a8f3-83196b98f38d_1000.jpg!m_fill,w_280,h_210,f_jpg?from=ke.com
20231212,大兴,枣园,101120737920,首开康乃馨城南北3居  满5年唯一 楼层高采光好房主自荐,328万,36759元/平,顶层 (共9层) | 2012年 | 3室1厅 | 89.23平米 | 南 北,https://ke-image.ljcdn.com/110000-inspection/518b4a13-90ab-44f7-88d7-e4ecf0a977c8_1000.jpg!m_fill,w_280,h_210,f_jpg?from=ke.com
20231212,大兴,枣园,101120736561,红木林南区 满五年唯一 住房 中高楼层有钥匙随时陪看,471万,66059元/平,高楼层 (共28层) 2室1厅 | 71.3平米 | 东南,https://ke-image.ljcdn.com/110000-inspection/dd57cc9c-58f6-49d0-8f05-3b8b9dae9523_1000.jpg!m_fill,w_280,h_210,f_jpg?from=ke.com
20231212,大兴,枣园,101120717057,丽B区南北通透1居 全明格局 前边无遮挡,305万,47806元/平,底层 (共7层) | 2004年 | 1室1厅 | 63.8平米 | 南 北,https://ke-image.ljcdn.com/110000-inspection/e22c9fd5-558b-4af2-8b21-d5d060988351_1000.jpg!m_fill,w_280,h_210,f_jpg?from=ke.com
20231212,大兴,枣园,101120715330,首座御园二区二期 2室2厅 东南,305万,34098元/平,中楼层 (共14层) | 2015年 | 2室2厅 | 89.45平米 | 东南,https://ke-image.ljcdn.com/110000-inspection/361ddd6f-96ee-4da5-ba8d-a73e96d77ab7_1000.jpg!m_fill,w_280,h_210,f_jpg?from=ke.com
20231212,大兴,枣园,101120712677,首座御园二区二期 2室2厅 南 北房主自荐,358万,37872元/平,低楼层 (共14层) | 2015年 | 2室2厅 | 94.53平米 | 南 北,https://ke-image.ljcdn.com/110000-inspection/pc1_FjluXst2o.jpg!m_fill,w_280,h_210,f_jpg?from=ke.com
20231212,大兴,枣园,101120712274,团河苑 精装修 婚房 满五年唯一 诚心出售  中间位置,156万,41096元/平,中楼层 (共4层) 1室1厅 | 37.96平米 | 南,https://ke-image.ljcdn.com/110000-inspection/pc1_eagX7uutM.jpg!m_fill,w_280,h_210,f_jpg?from=ke.com
20231212,大兴,枣园,101120712148,新居里 2室1厅 南 北,270万,29766元/平,顶层 (共6层) | 2001年 | 2室1厅 | 90.71平米 | 南 北,https://ke-image.ljcdn.com/110000-inspection/22322427-a15b-4d34-9578-f424c44b3cae_1000.jpg!m_fill,w_280,h_210,f_jpg?from=ke.com
20231212,大兴,枣园,101120710432,滨河西里南区 2室1厅 南 北,212万,35842元/平,低楼层 (共6层) | 1991年 | 2室1厅 | 59.15平米 | 南 北,https://ke-image.ljcdn.com/110000-inspection/4e4f1edf-48d7-4106-8885-fb0b82cf429f_1000.jpg!m_fill,w_280,h_210,f_jpg?from=ke.com
20231212,大兴,枣园,101120700323,精装修好楼层好位置电梯房满五唯一,430万,51702元/平,中楼层 (共17层) | 2012年 | 2室1厅 | 83.17平米 | 南,https://ke-image.ljcdn.com/110000-inspection/pc1_lMk1yckEC_2.jpg!m_fill,w_280,h_210,f_jpg?from=ke.com
20231212,大兴,枣园,101120698853,满五唯一精装修南北通透好楼层无遮挡,189万,34277元/平,低楼层 (共6层) | 1985年 | 2室1厅 | 55.14平米 | 南 北,https://ke-image.ljcdn.com/110000-inspection/83eee835-8495-4178-a72a-37ef5ef687be_1000.jpg!m_fill,w_280,h_210,f_jpg?from=ke.com
20231212,大兴,枣园,101120696568,清源西里三居 满五年 诚心出售 看房随时,355万,48838元/平,底层 (共6层) | 1990年 | 3室1厅 | 72.69平米 | 西南 东北,https://ke-image.ljcdn.com/110000-inspection/b0897dda-2de5-4357-9250-88783bbebaf9_1000.jpg!m_fill,w_280,h_210,f_jpg?from=ke.com
20231212,大兴,枣园,101120676941,此房满五唯一南北双通透格局明厅位置好诚心卖,310万,35049元/平,顶层 (共6层) | 1994年 | 3室1厅 | 88.45平米 | 南 北,https://ke-image.ljcdn.com/110000-inspection/0e4beba6-c3f2-4305-bcda-9a7d7434ab17_1000.jpg!m_fill,w_280,h_210,f_jpg?from=ke.com
20231212,大兴,枣园,101120670871,滨河西里中区 中间楼层 经典两居 满五唯一,208万,35130元/平,中楼层 (共6层) | 1990年 | 2室1厅 | 59.21平米 | 东 西,https://ke-image.ljcdn.com/110000-inspection/6b695c49-5f03-4ffa-8b33-c0df51caebe3_1000.jpg!m_fill,w_280,h_210,f_jpg?from=ke.com
20231212,大兴,枣园,101120669090,滨河西里北区南北通透两居室 满五唯一 采光视野好,270万,33040元/平,高楼层 (共6层) 2室1厅 | 81.72平米 | 南 北,https://ke-image.ljcdn.com/110000-inspection/4817bffe-88c4-4ccf-bb19-366e84bf6344_1000.jpg!m_fill,w_280,h_210,f_jpg?from=ke.com
20231212,大兴,枣园,101120668353,团河苑 2室1厅 南 北,199万,32512元/平,底层 (共4层) | 1984年 | 2室1厅 | 61.21平米 | 南 北,https://ke-image.ljcdn.com/110000-inspection/0e1f54bf-4d17-4336-888c-35a26aa4d484_1000.jpg!m_fill,w_280,h_210,f_jpg?from=ke.com
20231212,大兴,枣园,101120666434,枣园尚城两居室  南北通透  采光不影响,370万,45383元/平,低楼层 (共12层) 2室1厅 | 81.53平米 | 南 北,https://ke-image.ljcdn.com/110000-inspection/pc1_wPBTdD7rk_2.jpg!m_fill,w_280,h_210,f_jpg?from=ke.com
20231212,大兴,枣园,101120658312,丽园B区南北通透户型 高楼层采光好 满5年唯一房主自荐,370万,45377元/平,高楼层 (共11层) | 2008年 | 2室1厅 | 81.54平米 | 南 北,https://ke-image.ljcdn.com/110000-inspection/pc1_zSFx9TEfG_2.jpg!m_fill,w_280,h_210,f_jpg?from=ke.com
20231212,大兴,枣园,101120658200,店长推荐 康泰园正规南北通透两居,314万,38886元/平,顶层 (共18层) | 2011年 | 2室1厅 | 80.75平米 | 南 北,https://ke-image.ljcdn.com/110000-inspection/pc1_2nUqhS5mY_1.jpg!m_fill,w_280,h_210,f_jpg?from=ke.com
20231212,大兴,枣园,101120654960,此房12月份满五年且唯一商品房,290万,32421元/平,顶层 (共14层) | 2015年 | 2室1厅 | 89.45平米 | 西南,https://ke-image.ljcdn.com/110000-inspection/9e8b82c5-a7d7-467f-9716-05d9d976bc45_1000.jpg!m_fill,w_280,h_210,f_jpg?from=ke.com
20231212,大兴,枣园,101120654619,康庄路50号院安静便利纯南一居,220万,38877元/平,低楼层 (共18层) 1室1厅 | 56.59平米 | 南,https://ke-image.ljcdn.com/110000-inspection/14e1e402-a577-4cb7-9c19-c9117a7ef3ac_1000.jpg!m_fill,w_280,h_210,f_jpg?from=ke.com
20231212,大兴,枣园,101120653043,双河北里 2室1厅 南 北,185万,33292元/平,中楼层 (共5层) 2室1厅 | 55.57平米 | 南 北,https://ke-image.ljcdn.com/110000-inspection/pc1_Y1YeUjohZ.jpg!m_fill,w_280,h_210,f_jpg?from=ke.com
20231212,大兴,枣园,101120652636,近地铁双卧朝南采光充足视野开阔,240万,39874元/平,顶层 (共6层) 2室1厅 | 60.19平米 | 南 北,https://ke-image.ljcdn.com/110000-inspection/a825879a-0d8c-4bbd-a124-ec9cb45eea23_1000.jpg!m_fill,w_280,h_210,f_jpg?from=ke.com
20231212,大兴,枣园,101120626155,彩虹新城 南北通透一居室 满五年,329万,47530元/平,顶层 (共11层) | 2008年 | 1室1厅 | 69.22平米 | 南 北,https://ke-image.ljcdn.com/110000-inspection/b56ce9c1-e965-49df-9377-97bf3f6d4a30_1000.jpg!m_fill,w_280,h_210,f_jpg?from=ke.com
20231212,大兴,枣园,101120625043,彩虹新城 南北一居 满五唯一 近地铁 视野很好,340万,48816元/平,顶层 (共18层) | 2009年 | 1室1厅 | 69.65平米 | 南 北,https://ke-image.ljcdn.com/110000-inspection/pc1_izqujN1pC.jpg!m_fill,w_280,h_210,f_jpg?from=ke.com
20231212,大兴,枣园,101120620511,首开康乃馨精装修满二相当于满五唯一随时签约,330万,37259元/平,低楼层 (共9层) | 2012年 | 2室1厅 | 88.57平米 | 南,https://ke-image.ljcdn.com/110000-inspection/23d46a00-4336-46e1-9b8b-335c5a6b42a1_1000.jpg!m_fill,w_280,h_210,f_jpg?from=ke.com
20231212,大兴,枣园,101120604499,电梯房中间层  南北小两居  通风效果好,282万,37406元/平,中楼层 (共9层) | 2012年 | 2室1厅 | 75.39平米 | 南 北,https://ke-image.ljcdn.com/110000-inspection/pc1_BRSRg2xvD_2.jpg!m_fill,w_280,h_210,f_jpg?from=ke.com
20231212,大兴,枣园,101120603562,商品房价格只有契税精装修采光好满五唯一,325万,43075元/平,低楼层 (共18层) | 2012年 | 2室1厅 | 75.45平米 | 南 北,https://ke-image.ljcdn.com/110000-inspection/33c1a15e-cf91-4e06-a854-8065369795ba_1000.jpg!m_fill,w_280,h_210,f_jpg?from=ke.com
20231212,大兴,枣园,101120599318,康庄路52号院南北通透明厨明卫两居室远眺中国尊房主自荐,265万,30858元/平,顶层 (共21层) | 2010年 | 2室1厅 | 85.88平米 | 南 北,https://ke-image.ljcdn.com/110000-inspection/51fb1d9a-240b-4df0-a321-4c19fe64ece8_1000.jpg!m_fill,w_280,h_210,f_jpg?from=ke.com
20231212,大兴,枣园,101120598367,中建港怡嘉园 1室1厅 东,260万,51639元/平,高楼层 (共19层) | 2017年 | 1室1厅 | 50.35平米 | 东,https://ke-image.ljcdn.com/110000-inspection/fd68a937-9344-4762-8ebe-c4273a97d1cb_1000.jpg!m_fill,w_280,h_210,f_jpg?from=ke.com
20231212,大兴,枣园,101120586743,新居里 2003年建成 南北通透 满两年 明厅户型,298万,31676元/平,中楼层 (共6层) 2室2厅 | 94.08平米 | 南 北,https://ke-image.ljcdn.com/110000-inspection/14776b09-a64e-4367-8030-dee1e959d0a7_1000.jpg!m_fill,w_280,h_210,f_jpg?from=ke.com
20231212,大兴,枣园,101120579343,滨河东里 满五唯一 楼层好 自住装修 看房方便,210万,35000元/平,高楼层 (共6层) 2室1厅 | 60平米 | 南 北,https://ke-image.ljcdn.com/110000-inspection/pc1_BcV6GZVeT.jpg!m_fill,w_280,h_210,f_jpg?from=ke.com
20231212,大兴,枣园,101120579107,马赛公馆好位置好楼层满五唯一全明南向两居室,410万,49339元/平,中楼层 (共17层) | 2012年 | 2室1厅 | 83.1平米 | 南,https://ke-image.ljcdn.com/110000-inspection/927efa95-6446-4fa1-8014-4d278f5db3af_1000.jpg!m_fill,w_280,h_210,f_jpg?from=ke.com
20231212,大兴,枣园,101120576059,双河北里 3室1厅 东 西,420万,35600元/平,中楼层 (共6层) | 2000年 | 3室1厅 | 117.98平米 | 东 西,https://ke-image.ljcdn.com/110000-inspection/7843d1e0-d63b-48bf-9ba4-216eb9752f71_1000.jpg!m_fill,w_280,h_210,f_jpg?from=ke.com
20231212,大兴,枣园,101120571249,东亚康和名居 3室1厅 南 北,420万,46678元/平,高楼层 (共18层) | 2012年 | 3室1厅 | 89.98平米 | 南 北,https://ke-image.ljcdn.com/110000-inspection/pc1_yIVhZzOq4_2.jpg!m_fill,w_280,h_210,f_jpg?from=ke.com
20231212,大兴,枣园,101120559436,枣园东里 2室1厅 南 北 东,400万,47237元/平,底层 (共6层) | 1999年 | 2室1厅 | 84.68平米 | 南 北 东,https://ke-image.ljcdn.com/110000-inspection/47494b6f-1f70-49f7-b54f-d233baca2b24_1000.jpg!m_fill,w_280,h_210,f_jpg?from=ke.com
20231212,大兴,枣园,101120557848,首座御园二区二期南向两居室精装修视觉采光好。,310万,34194元/平,中楼层 (共14层) 2室1厅 | 90.66平米 | 南,https://ke-image.ljcdn.com/110000-inspection/a6ffe9fc-9ab0-4c9c-863e-5906ae8cc959_1000.jpg!m_fill,w_280,h_210,f_jpg?from=ke.com
20231212,大兴,枣园,101120557829,滨河西里南北通透两居明厅户型高楼层采光视野好。,260万,37250元/平,顶层 (共6层) | 2001年 | 2室1厅 | 69.8平米 | 南 北,https://ke-image.ljcdn.com/110000-inspection/7a82c911-6304-4855-bca3-cedf2c5cbb8f_1000.jpg!m_fill,w_280,h_210,f_jpg?from=ke.com
20231212,大兴,枣园,101120556736,首开康乃馨城南北通透的2居 客厅带大阳台,308万,33244元/平,顶层 (共9层) | 2012年 | 2室1厅 | 92.65平米 | 南 北,https://ke-image.ljcdn.com/110000-inspection/94cd8437-7871-496b-81e5-d0593880809f_1000.jpg!m_fill,w_280,h_210,f_jpg?from=ke.com
20231212,大兴,枣园,101120550430,枣园 滨河西里北区 低楼层 小户型,238万,37246元/平,底层 (共6层) | 1995年 | 2室1厅 | 63.9平米 | 东 西,https://ke-image.ljcdn.com/110000-inspection/pc1_a4r512nZT_2.jpg!m_fill,w_280,h_210,f_jpg?from=ke.com
20231212,大兴,枣园,101120549393,中建国际港-精装二居格局好、配套齐全,449万,51848元/平,低楼层 (共33层) | 2015年 | 2室1厅 | 86.6平米 | 南,https://ke-image.ljcdn.com/110000-inspection/5b857312-e19a-4acd-bacd-381eaa43ba1f_1000.jpg!m_fill,w_280,h_210,f_jpg?from=ke.com
20231212,大兴,枣园,101120548292,双河北里 2室1厅 东 西,288万,27889元/平,中楼层 (共6层) | 2000年 | 2室1厅 | 103.27平米 | 东 西,https://ke-image.ljcdn.com/110000-inspection/6ed79b08-3f17-4781-826c-7a7db88f53e5_1000.jpg!m_fill,w_280,h_210,f_jpg?from=ke.com
20231212,大兴,枣园,101120547692,新居里 2室1厅 南 北,279万,31565元/平,中楼层 (共6层) | 2001年 | 2室1厅 | 88.39平米 | 南 北,https://ke-image.ljcdn.com/110000-inspection/98fc675e-663b-4451-9c8c-fc40be1cfa31_1000.jpg!m_fill,w_280,h_210,f_jpg?from=ke.com
20231212,大兴,枣园,101120543457,康庄路50号院满五唯一纯南一居室,230万,40644元/平,高楼层 (共18层) 1室1厅 | 56.59平米 | 南,https://ke-image.ljcdn.com/110000-inspection/pc1_y5Hp8kIFF_2.jpg!m_fill,w_280,h_210,f_jpg?from=ke.com
20231212,大兴,枣园,101120540856,格局方正无浪费面积采光充足视野开阔。,262万,37227元/平,顶层 (共6层) | 1992年 | 2室1厅 | 70.38平米 | 南 北,https://ke-image.ljcdn.com/110000-inspection/prod-7a335eee-96e3-464a-b2e3-fc2aa4180524.jpg!m_fill,w_280,h_210,f_jpg?from=ke.com
20231212,大兴,枣园,101120536445,枣园小区 枣园西里  枣园小区社区,328万,40852元/平,中楼层 (共5层) | 1995年 | 3室1厅 | 80.29平米 | 南 北,https://ke-image.ljcdn.com/110000-inspection/545bcc7e-57d9-4285-9177-b71f51664f36_1000.jpg!m_fill,w_280,h_210,f_jpg?from=ke.com
20231212,大兴,枣园,101120534451,滨河西里中区满五唯一 非顶层 明厅三居,289万,34942元/平,高楼层 (共6层) | 1994年 | 3室1厅 | 82.71平米 | 东 西 南,https://ke-image.ljcdn.com/110000-inspection/e16d63de-dd1e-4a71-a26d-27c4fc371c83_1000.jpg!m_fill,w_280,h_210,f_jpg?from=ke.com
20231212,大兴,枣园,101120524547,清源西里 1室1厅 南,215万,60479元/平,底层 (共6层) | 1989年 | 1室1厅 | 35.55平米 | 南,https://ke-image.ljcdn.com/110000-inspection/797355e3-d1ca-4f8d-927e-38177a099dfa_1000.jpg!m_fill,w_280,h_210,f_jpg?from=ke.com
20231212,大兴,枣园,101120523559,丽园C区三居室南北通透精装修正在安装电梯,660万,49936元/平,高楼层 (共6层) | 2007年 | 3室1厅 | 132.17平米 | 南 北,https://ke-image.ljcdn.com/110000-inspection/pc1_1vHnrxBEI_2.jpg!m_fill,w_280,h_210,f_jpg?from=ke.com
20231212,大兴,枣园,101120521723,康庄路50号院南北通透三居室 诚意出售,465万,40135元/平,顶层 (共15层) | 2012年 | 3室1厅 | 115.86平米 | 南 北,https://ke-image.ljcdn.com/110000-inspection/923a576a-7ffb-41d1-9855-6abd3bb3679e_1000.jpg!m_fill,w_280,h_210,f_jpg?from=ke.com
20231212,大兴,枣园,101120514306,中建小区中间位置南北两居室现状小三居精装方便看,519万,58197元/平,低楼层 (共33层) 2室2厅 | 89.18平米 | 南 北,https://ke-image.ljcdn.com/110000-inspection/pc1_PdDwsxiCp_2.jpg!m_fill,w_280,h_210,f_jpg?from=ke.com
20231212,大兴,枣园,101120507348,双河北里中间楼层东西通透三居室诚心出售停车免费,320万,27124元/平,中楼层 (共6层) 3室1厅 | 117.98平米 | 东 西,https://ke-image.ljcdn.com/110000-inspection/105e6628-f5a0-4865-8aaf-ff4f34df76a6_1000.jpg!m_fill,w_280,h_210,f_jpg?from=ke.com
20231212,大兴,枣园,101120494214,红木林南区两居室近地铁电梯房中间楼层采光好,458万,64236元/平,中楼层 (共28层) | 2013年 | 2室1厅 | 71.3平米 | 南,https://ke-image.ljcdn.com/110000-inspection/6592ef86-3218-4000-9e09-f2d67f13ccce_1000.jpg!m_fill,w_280,h_210,f_jpg?from=ke.com
20231212,大兴,枣园,101120488138,滨河西里中区 2室1厅 南 北,249万,34360元/平,顶层 (共6层) | 1990年 | 2室1厅 | 72.47平米 | 南 北,https://ke-image.ljcdn.com/110000-inspection/d1a801b5-2547-422f-a0f4-92db7b6128f9_1000.jpg!m_fill,w_280,h_210,f_jpg?from=ke.com
20231212,大兴,枣园,101120481611,马赛公馆  中高楼层  精装两居  前后视野佳,394万,47758元/平,高楼层 (共13层) | 2012年 | 2室2厅 | 82.5平米 | 南,https://ke-image.ljcdn.com/110000-inspection/d6a9a338-f5f7-4a69-91eb-e99bf3e23132_1000.jpg!m_fill,w_280,h_210,f_jpg?from=ke.com
20231212,大兴,枣园,101120480032,枣园小区三居南北通透大客厅出售,439万,37950元/平,中楼层 (共6层) | 1994年 | 3室1厅 | 115.68平米 | 南 北,https://ke-image.ljcdn.com/110000-inspection/pc1_gVZEmNTjh_2.jpg!m_fill,w_280,h_210,f_jpg?from=ke.com
20231212,大兴,枣园,101120477307,滨河西里北区满五唯一 低楼层 南北通透三居房主自荐,313万,35751元/平,底层 (共6层) | 1995年 | 3室1厅 | 87.55平米 | 南 北,https://ke-image.ljcdn.com/110000-inspection/pc1_wKbcvL338.jpg!m_fill,w_280,h_210,f_jpg?from=ke.com
20231212,大兴,枣园,101120470001,此房南北通透两居室名厅格局出行方便配套齐全,241万,39092元/平,中楼层 (共6层) | 1992年 | 2室1厅 | 61.65平米 | 南 北,https://ke-image.ljcdn.com/110000-inspection/88dfb6db-4163-41c2-be88-ab019c4ea271_1000.jpg!m_fill,w_280,h_210,f_jpg?from=ke.com
20231212,大兴,枣园,101120466512,枣园小区 南北通透2居边户型近地铁,268万,39769元/平,高楼层 (共6层) 2室1厅 | 67.39平米 | 南 北,https://ke-image.ljcdn.com/110000-inspection/65459a2d-95cc-4293-b5f1-ef22435cc0eb_1000.jpg!m_fill,w_280,h_210,f_jpg?from=ke.com
20231212,大兴,枣园,101120466190,首座御园一期 电梯房小区 环境好 居住舒适 出行方便,296万,38994元/平,底层 (共8层) | 2013年 | 2室1厅 | 75.91平米 | 南 北,https://ke-image.ljcdn.com/110000-inspection/8820503b-4301-4045-92ed-52917d7c51c9_1000.jpg!m_fill,w_280,h_210,f_jpg?from=ke.com
20231212,大兴,枣园,101120462439,康泰园正规一居室南北通透一居,245万,40590元/平,中楼层 (共18层) 1室1厅 | 60.36平米 | 南 北,https://ke-image.ljcdn.com/110000-inspection/f7b1df33-49a3-41c9-83cd-7eed5f2ddd4d_1000.jpg!m_fill,w_280,h_210,f_jpg?from=ke.com
20231212,大兴,枣园,101120459405,电梯房两梯四户 高层采光好 商品房房主自荐,352万,38220元/平,高楼层 (共14层) | 2015年 | 2室1厅 | 92.1平米 | 西南,https://ke-image.ljcdn.com/110000-inspection/b129c193-f965-49bb-a23e-329a6b0e7edc_1000.jpg!m_fill,w_280,h_210,f_jpg?from=ke.com
20231212,大兴,枣园,101120455355,滨河西里南北通透两居满五年家庭名下唯一住房。,195万,34922元/平,顶层 (共6层) | 1992年 | 2室1厅 | 55.84平米 | 南 北,https://ke-image.ljcdn.com/110000-inspection/eee7b51e-d354-4975-8853-ed4c04481a91_1000.jpg!m_fill,w_280,h_210,f_jpg?from=ke.com
20231212,大兴,枣园,101120451340,团河苑 2室1厅 南 北,230万,34960元/平,高楼层 (共6层) 2室1厅 | 65.79平米 | 南 北,https://ke-image.ljcdn.com/110000-inspection/467c3822-096a-443b-94dd-6b6f8a7da826_1000.jpg!m_fill,w_280,h_210,f_jpg?from=ke.com
20231212,大兴,枣园,101120451156,团河苑南北两居室视觉采光好业主诚心出售,158万,27046元/平,顶层 (共6层) 2室1厅 | 58.42平米 | 南 北,https://ke-image.ljcdn.com/110000-inspection/781ea530-21e4-48db-8c5c-2513f5eca09c_1000.jpg!m_fill,w_280,h_210,f_jpg?from=ke.com
20231212,大兴,枣园,101120449420,枣园滨河东里 公园旁边 南北通透 中间楼层,210万,36377元/平,中楼层 (共6层) 2室1厅 | 57.73平米 | 南 北,https://ke-image.ljcdn.com/110000-inspection/31cd7705-6854-4b69-84eb-88d4c9ffec56_1000.jpg!m_fill,w_280,h_210,f_jpg?from=ke.com
20231212,大兴,枣园,101120448234,首座御园一期 2室1厅 南 北,395万,42884元/平,高楼层 (共8层) 2室1厅 | 92.11平米 | 南 北,https://ke-image.ljcdn.com/110000-inspection/1ceaf6c0-6c0a-42ef-a112-a699adde9360_1000.jpg!m_fill,w_280,h_210,f_jpg?from=ke.com
20231212,大兴,枣园,101120446333,双河北里 2室1厅 南 北,230万,28015元/平,顶层 (共6层) | 2000年 | 2室1厅 | 82.1平米 | 南 北,https://ke-image.ljcdn.com/110000-inspection/384af5f2-a2b6-48c7-be94-d6055846d020_1000.jpg!m_fill,w_280,h_210,f_jpg?from=ke.com
20231212,大兴,枣园,101120445288,康宜家园南区  正规一居室 业主诚心出售 业主诚心出售,200万,35474元/平,高楼层 (共15层) | 2015年 | 1室1厅 | 56.38平米 | 南,https://ke-image.ljcdn.com/110000-inspection/pc1_iKq8IoGV0_2.jpg!m_fill,w_280,h_210,f_jpg?from=ke.com
20231212,大兴,枣园,101120427121,枣园尚城北区 满五唯一 高楼层自住装修房主自荐,398万,48805元/平,中楼层 (共16层) 2室1厅 | 81.55平米 | 南,https://ke-image.ljcdn.com/110000-inspection/2961aa8b-d280-47f8-885d-a7b8686cb4e6_1000.jpg!m_fill,w_280,h_210,f_jpg?from=ke.com
20231212,大兴,枣园,101120414094,康宜家园南区  满五唯一 可转商 高楼层房主自荐,249万,33419元/平,顶层 (共17层) 3室1厅 | 74.51平米 | 南 北,https://ke-image.ljcdn.com/110000-inspection/d9937337-1fd2-49b8-99e9-711ac6fcea93_1000.jpg!m_fill,w_280,h_210,f_jpg?from=ke.com
20231212,大兴,枣园,101120399402,首开康乃馨城满五年唯一着急卖价格能商量,275万,31723元/平,低楼层 (共16层) | 2012年 | 2室1厅 | 86.69平米 | 南 北,https://ke-image.ljcdn.com/110000-inspection/9b5b8c6c-9be0-4aad-ba75-12024d83feda_1000.jpg!m_fill,w_280,h_210,f_jpg?from=ke.com
20231212,大兴,枣园,101120397031,枣园小区 1室2厅 南 北,260万,41889元/平,底层 (共5层) 1室2厅 | 62.07平米 | 南 北,https://ke-image.ljcdn.com/110000-inspection/pc1_aarhfmVh4_2.jpg!m_fill,w_280,h_210,f_jpg?from=ke.com
20231212,大兴,枣园,101120396515,首座御园一期  南北通透两居 高楼层 采光视野好,420万,45490元/平,顶层 (共8层) | 2009年 | 2室1厅 | 92.33平米 | 南 北,https://ke-image.ljcdn.com/110000-inspection/f3cf0694-4438-4ccc-ac43-248f62d0ff6d_1000.jpg!m_fill,w_280,h_210,f_jpg?from=ke.com
20231212,大兴,枣园,101120395067,兴盛街187号院  纯南向一居室 落地窗 中间楼层,269万,49043元/平,中楼层 (共12层) 1室1厅 | 54.85平米 | 南,https://ke-image.ljcdn.com/110000-inspection/pc1_EE2nsXtWg_2.jpg!m_fill,w_280,h_210,f_jpg?from=ke.com
20231212,大兴,枣园,101120391026,那尔水晶城 满五唯一 双卫户型两居室,420万,42476元/平,低楼层 (共12层) 2室1厅 | 98.88平米 | 南 北,https://ke-image.ljcdn.com/110000-inspection/pc1_ESGp8sOvV.jpg!m_fill,w_280,h_210,f_jpg?from=ke.com
20231212,大兴,枣园,101120371734,滨河西里北区 精装修 两居 采光好房主自荐,215万,33647元/平,高楼层 (共6层) | 1995年 | 2室1厅 | 63.9平米 | 东 西,https://ke-image.ljcdn.com/110000-inspection/390321a7-3767-45cf-a7df-6fb1c64c4bd5_1000.jpg!m_fill,w_280,h_210,f_jpg?from=ke.com
20231212,大兴,枣园,101120370103,丽园C区南北通透2居 高楼层采光好 满5年唯一,320万,50355元/平,顶层 (共10层) | 2008年 | 2室1厅 | 63.55平米 | 南 北,https://ke-image.ljcdn.com/110000-inspection/pc1_uQiSCzCqc_2.jpg!m_fill,w_280,h_210,f_jpg?from=ke.com
20231212,大兴,枣园,101120366009,首开康乃馨城 南向两居 一层挑高3米 业主诚心出售,278万,37057元/平,底层 (共16层) | 2012年 | 2室1厅 | 75.02平米 | 西南,https://ke-image.ljcdn.com/110000-inspection/0eb1fc52-d7be-4e6e-ae56-6d76d125c68f_1000.jpg!m_fill,w_280,h_210,f_jpg?from=ke.com
20231212,大兴,枣园,101120357132,丽园C区 低楼层 满五唯一 不临街,458万,46254元/平,底层 (共6层) 2室2厅 | 99.02平米 | 南 北,https://ke-image.ljcdn.com/110000-inspection/cc057536-941f-42d1-9c54-76de31b81c10_1000.jpg!m_fill,w_280,h_210,f_jpg?from=ke.com
20231212,大兴,枣园,101120356378,清源西里小区地铁4号线很近精装修,235万,40261元/平,高楼层 (共6层) 2室1厅 | 58.37平米 | 东 南 西,https://ke-image.ljcdn.com/110000-inspection/f2c9a7d7-200c-48bd-b33c-b9cc7c4ef741_1000.jpg!m_fill,w_280,h_210,f_jpg?from=ke.com
20231212,大兴,枣园,101120354392,枣园小区 1室1厅 南 北,235万,41359元/平,中楼层 (共5层) | 1995年 | 1室1厅 | 56.82平米 | 南 北,https://ke-image.ljcdn.com/110000-inspection/eeb352cd-0f9c-40cf-a61b-02a1b6375b7a_1000.jpg!m_fill,w_280,h_210,f_jpg?from=ke.com
20231212,大兴,枣园,101120352265,枣园北里南北向两居室小区已经改造完成加装阳台了,280万,37696元/平,中楼层 (共6层) 2室1厅 | 74.28平米 | 南 北,https://ke-image.ljcdn.com/110000-inspection/c848a5eb-034a-4a2f-99e6-de42063045a6_1000.jpg!m_fill,w_280,h_210,f_jpg?from=ke.com
20231212,大兴,枣园,101120347052,清源西里 2室1厅 南 北,308万,50633元/平,底层 (共6层) | 1992年 | 2室1厅 | 60.83平米 | 南 北,https://ke-image.ljcdn.com/110000-inspection/cd45d313-74bf-4f6b-8c3c-81b9f8af4417_1000.jpg!m_fill,w_280,h_210,f_jpg?from=ke.com
20231212,大兴,枣园,101120346546,满五唯一楼层好视野宽阔采光好近地铁,289万,65296元/平,高楼层 (共21层) 1室1厅 | 44.26平米 | 西,https://ke-image.ljcdn.com/110000-inspection/ce4052ef-2a97-43a1-9cb1-da5a8bb082d1_1000.jpg!m_fill,w_280,h_210,f_jpg?from=ke.com
20231212,大兴,枣园,101120327377,中建港怡嘉园 满五唯一 正规一居房主自荐,269万,52891元/平,高楼层 (共19层) | 2017年 | 1室1厅 | 50.86平米 | 东,https://ke-image.ljcdn.com/110000-inspection/794ed17d-dbca-4955-89a5-54bc79ccc31a_1000.jpg!m_fill,w_280,h_210,f_jpg?from=ke.com
20231212,大兴,枣园,101120317113,滨河东里南区 次顶层 满五年唯一 周边配套设施齐全,175万,31521元/平,高楼层 (共6层) 2室1厅 | 55.52平米 | 南 北,https://ke-image.ljcdn.com/110000-inspection/f018f7da-9090-4ccf-b23d-884c4f21e7ad_1000.jpg!m_fill,w_280,h_210,f_jpg?from=ke.com
20231212,大兴,枣园,101120312433,首座御园一期 南北通透两居室 中高楼层房主自荐,379万,40965元/平,高楼层 (共8层) | 2013年 | 2室1厅 | 92.52平米 | 南 北,https://ke-image.ljcdn.com/110000-inspection/e8b95a79-29db-4de2-8b6d-1435c3f40761_1000.jpg!m_fill,w_280,h_210,f_jpg?from=ke.com
20231212,大兴,枣园,101120302156,康庄路52号院纯南向两居室 高楼层采光好,298万,34368元/平,高楼层 (共22层) 2室1厅 | 86.71平米 | 南,https://ke-image.ljcdn.com/110000-inspection/7c0828d2-86fa-487b-96ac-134e38a8b260_1000.jpg!m_fill,w_280,h_210,f_jpg?from=ke.com
20231212,大兴,枣园,101120285464,新安里 2室1厅 北 南,238万,33390元/平,顶层 (共6层) 2室1厅 | 71.28平米 | 北 南,https://ke-image.ljcdn.com/110000-inspection/8c54ab7b-3879-44b3-a099-d3519afbff81_1000.jpg!m_fill,w_280,h_210,f_jpg?from=ke.com
20231212,大兴,枣园,101120284874,盛嘉华苑三居室大两居新装修业主急卖,325万,36941元/平,低楼层 (共11层) | 2012年 | 3室1厅 | 87.98平米 | 南 北,https://ke-image.ljcdn.com/110000-inspection/a2af385b-3498-4948-9266-e301fd835c9b_1000.jpg!m_fill,w_280,h_210,f_jpg?from=ke.com
20231212,大兴,枣园,101120270373,中建港怡嘉园全南2居 视野好 精装 近地铁房主自荐,405万,47033元/平,高楼层 (共19层) | 2017年 | 2室1厅 | 86.11平米 | 南,https://ke-image.ljcdn.com/110000-inspection/bda780bc-6b78-4695-9c53-638eb3e7393b_1000.jpg!m_fill,w_280,h_210,f_jpg?from=ke.com
20231212,大兴,枣园,101120269280,小区户型多选成熟社区周边设施全齐,325万,40433元/平,高楼层 (共18层) | 2012年 | 2室1厅 | 80.38平米 | 南 北,https://ke-image.ljcdn.com/110000-inspection/b1bbb9fe-e434-49aa-91f9-9595658e1893_1000.jpg!m_fill,w_280,h_210,f_jpg?from=ke.com
20231212,大兴,枣园,101120254697,枣园尚城南区 南通通透1居室 近地铁350米（高德测距）,280万,42502元/平,低楼层 (共14层) 1室1厅 | 65.88平米 | 南 北,https://ke-image.ljcdn.com/110000-inspection/173bf1dc-9417-44af-a1da-a6a0885fbbfa_1000.jpg!m_fill,w_280,h_210,f_jpg?from=ke.com
20231212,大兴,枣园,101120241275,丽园B区满5年唯一 客厅朝南落地窗 一梯两户,675万,50714元/平,低楼层 (共11层) | 2006年 | 3室2厅 | 133.1平米 | 南 北,https://ke-image.ljcdn.com/110000-inspection/0519ae5a-ae1f-4784-bd52-fb81f95934ca_1000.jpg!m_fill,w_280,h_210,f_jpg?from=ke.com
20231212,大兴,枣园,101120237782,首座御园一期小区中间位置不临街不吵闹高层,390万,42249元/平,高楼层 (共7层) | 2009年 | 2室1厅 | 92.31平米 | 南 北,https://ke-image.ljcdn.com/110000-inspection/3db959fa-3afd-45c6-8c1c-92fa114073a3_1000.jpg!m_fill,w_280,h_210,f_jpg?from=ke.com
20231212,大兴,枣园,101120237169,清源西里 小三居 满五唯一 近地铁,275万,35032元/平,顶层 (共6层) 3室1厅 | 78.5平米 | 东南,https://ke-image.ljcdn.com/110000-inspection/pc1_LmHuo0ycE_2.jpg!m_fill,w_280,h_210,f_jpg?from=ke.com
20231212,大兴,枣园,101120220800,丽园B区 2室2厅 东 南 北,480万,47319元/平,中楼层 (共8层) | 2004年 | 2室2厅 | 101.44平米 | 东 南 北,https://ke-image.ljcdn.com/110000-inspection/pc1_5QATXjVn7_2.jpg!m_fill,w_280,h_210,f_jpg?from=ke.com
20231212,大兴,枣园,101120220163,滨河东里南区 2室1厅 南 北,188万,36562元/平,底层 (共6层) | 1990年 | 2室1厅 | 51.42平米 | 南 北,https://ke-image.ljcdn.com/110000-inspection/806c2eff-b067-47c1-875d-5f772230cba6_1000.jpg!m_fill,w_280,h_210,f_jpg?from=ke.com
20231212,大兴,枣园,101120217875,南北通透 满五年唯一 高楼层视野开阔 全明户型,525万,58857元/平,低楼层 (共33层) 2室2厅 | 89.2平米 | 南 北,https://ke-image.ljcdn.com/110000-inspection/8db10463-4160-4340-af0f-da01b125c222_1000.jpg!m_fill,w_280,h_210,f_jpg?from=ke.com
20231212,大兴,枣园,101120216347,彩虹新城  满五唯一住房 中间层,456万,52306元/平,中楼层 (共11层) | 2009年 | 2室1厅 | 87.18平米 | 南 北,https://ke-image.ljcdn.com/110000-inspection/eca191ee-d44d-40e6-a11c-2b80f3ac01cf_1000.jpg!m_fill,w_280,h_210,f_jpg?from=ke.com
20231212,大兴,枣园,101120208776,中建国际港 南北通透 2015年交房 电梯房 满五年唯一,529万,58817元/平,高楼层 (共33层) 2室2厅 | 89.94平米 | 南 北,https://ke-image.ljcdn.com/110000-inspection/pc1_UEOpdUpPE_2.jpg!m_fill,w_280,h_210,f_jpg?from=ke.com
20231212,大兴,枣园,101120205784,清泰路1号院   中间层 全明两居室,280万,30665元/平,中楼层 (共14层) | 2015年 | 2室1厅 | 91.31平米 | 东北,https://ke-image.ljcdn.com/110000-inspection/69961126-8159-4f4f-ab21-7f519ed12936_1000.jpg!m_fill,w_280,h_210,f_jpg?from=ke.com
20231212,大兴,枣园,101120201122,枣园东里 改造过 看房随时 诚心出售房主自荐,280万,36181元/平,高楼层 (共6层) | 1997年 | 2室1厅 | 77.39平米 | 南 北,https://ke-image.ljcdn.com/110000-inspection/172a58a6-4b7c-4c35-8fc1-8e3a07e12efa_1000.jpg!m_fill,w_280,h_210,f_jpg?from=ke.com
20231212,大兴,枣园,101120196567,枣园小区   2000年电梯房   满五唯一  三居两卫房主自荐,599万,43400元/平,中楼层 (共7层) | 2000年 | 3室1厅 | 138.02平米 | 南 北,https://ke-image.ljcdn.com/110000-inspection/1be543db-7cd2-4ce5-bf64-f4b2b24bd7cb_1000.jpg!m_fill,w_280,h_210,f_jpg?from=ke.com
20231212,大兴,枣园,101120193955,团河小区南北向两居室简单装修,185万,30942元/平,顶层 (共6层) | 1994年 | 2室1厅 | 59.79平米 | 南 北,https://ke-image.ljcdn.com/110000-inspection/10f7d726-53b6-43f3-b8f4-90295b179f51_1000.jpg!m_fill,w_280,h_210,f_jpg?from=ke.com
20231212,大兴,枣园,101120192560,枣园尚城南区 1室1厅 南,258万,42582元/平,底层 (共17层) 1室1厅 | 60.59平米 | 南,https://ke-image.ljcdn.com/110000-inspection/6caeb6bd-ac5a-4ee5-8a8d-5cfb36b41330_1000.jpg!m_fill,w_280,h_210,f_jpg?from=ke.com
20231212,大兴,枣园,101120185474,双河北里 2室1厅 南 北,190万,32231元/平,中楼层 (共5层) 2室1厅 | 58.95平米 | 南 北,https://ke-image.ljcdn.com/110000-inspection/pc1_U9hyBDjtO.jpg!m_fill,w_280,h_210,f_jpg?from=ke.com
20231212,大兴,枣园,101120183150,清源西里 精装修 中间层 南北三居 地铁200m,390万,48292元/平,中楼层 (共6层) | 1993年 | 3室1厅 | 80.76平米 | 南 北,https://ke-image.ljcdn.com/110000-inspection/c573de5d-5086-474b-97f6-64bbefd58af7_1000.jpg!m_fill,w_280,h_210,f_jpg?from=ke.com
20231212,大兴,枣园,101120177014,本房视野宽阔采光充足配套设施齐全交通便利,268万,48193元/平,中楼层 (共6层) | 2007年 | 1室1厅 | 55.61平米 | 西北,https://ke-image.ljcdn.com/110000-inspection/7daa2ab4-3e91-4e7f-af36-667bed96fe5f_1000.jpg!m_fill,w_280,h_210,f_jpg?from=ke.com
20231212,大兴,枣园,101120173443,枣园北里南北向两居室满五唯一小区改造完成干净,255万,34330元/平,高楼层 (共6层) | 1995年 | 2室1厅 | 74.28平米 | 南 北,https://ke-image.ljcdn.com/110000-inspection/pc1_Ahn3YS1NN_2.jpg!m_fill,w_280,h_210,f_jpg?from=ke.com
20231212,大兴,枣园,101120173043,丽园C区 3室2厅 南 北,680万,48084元/平,高楼层 (共10层) 3室2厅 | 141.42平米 | 南 北,https://ke-image.ljcdn.com/110000-inspection/pc1_l89govHaW_2.jpg!m_fill,w_280,h_210,f_jpg?from=ke.com
20231212,大兴,枣园,101120171062,兴华园 2室2厅 南 西,404万,43465元/平,中楼层 (共10层) 2室2厅 | 92.95平米 | 南 西,https://ke-image.ljcdn.com/110000-inspection/6e540615-0f39-4740-a274-6c6b3815d050_1000.jpg!m_fill,w_280,h_210,f_jpg?from=ke.com
20231212,大兴,枣园,101120170688,滨河西里中区房子满五年业主诚心出售随时签约,218万,36819元/平,中楼层 (共6层) | 1990年 | 2室1厅 | 59.21平米 | 东 西,https://ke-image.ljcdn.com/110000-inspection/870ded51-da6c-4db2-b4ef-812c9f7e5797_1000.jpg!m_fill,w_280,h_210,f_jpg?from=ke.com
20231212,大兴,枣园,101120168830,红木林南区 三居室 满五年唯一 全明格局 看房提前联系房主自荐,537万,65866元/平,低楼层 (共21层) | 2013年 | 3室1厅 | 81.53平米 | 南 东 北,https://ke-image.ljcdn.com/110000-inspection/pc1_HagofcVBe_2.jpg!m_fill,w_280,h_210,f_jpg?from=ke.com
20231212,大兴,枣园,101120167303,红木林南区近地铁电梯两居室南朝向,508万,71249元/平,高楼层 (共28层) | 2013年 | 2室1厅 | 71.3平米 | 南,https://ke-image.ljcdn.com/110000-inspection/d5c0f156-9420-486b-be12-bac074908ed0_1000.jpg!m_fill,w_280,h_210,f_jpg?from=ke.com
20231212,大兴,枣园,101120161726,枣园东里 近地铁 明厅格局 诚心出售房主自荐,305万,37268元/平,顶层 (共6层) | 1999年 | 2室1厅 | 81.84平米 | 南 北,https://ke-image.ljcdn.com/110000-inspection/pc1_6RZ70nevg.jpg!m_fill,w_280,h_210,f_jpg?from=ke.com
20231212,大兴,枣园,101120157358,枣园小区一居室诚心出售近地铁采光好,210万,40323元/平,高楼层 (共6层) | 1994年 | 1室1厅 | 52.08平米 | 东 西,https://ke-image.ljcdn.com/110000-inspection/1e17752e-38ed-4c8c-a533-a9c6ce010cdc_1000.jpg!m_fill,w_280,h_210,f_jpg?from=ke.com
20231212,大兴,枣园,101120127420,中建国际港   南北通透三居   精装修  直接拎包入住,726万,53125元/平,中楼层 (共29层) 3室2厅 | 136.66平米 | 南 北,https://ke-image.ljcdn.com/110000-inspection/pc1_vC5yXV65o_2.jpg!m_fill,w_280,h_210,f_jpg?from=ke.com
20231212,大兴,枣园,101120127209,近地铁 近公园 1996楼龄新  楼层好 滨河西里中区,273万,37413元/平,中楼层 (共6层) | 1996年 | 2室1厅 | 72.97平米 | 南 北,https://ke-image.ljcdn.com/110000-inspection/1f1bd4a5-d2a1-49ef-b487-6492d0c01e78_1000.jpg!m_fill,w_280,h_210,f_jpg?from=ke.com
20231212,大兴,枣园,101120122778,枣园东里 地铁100m 次顶层 生活便利,310万,37390元/平,高楼层 (共6层) 2室1厅 | 82.91平米 | 南 北,https://ke-image.ljcdn.com/110000-inspection/56fe2745-a698-45f2-8c7b-dc02e873cbc9_1000.jpg!m_fill,w_280,h_210,f_jpg?from=ke.com
20231212,大兴,枣园,101120117570,滨河东里 满五年唯一 低楼层 出行方便 近地铁 临公园,228万,41387元/平,底层 (共6层) 2室1厅 | 55.09平米 | 南 北,https://ke-image.ljcdn.com/110000-inspection/65f52a48-83f2-402b-9375-dfb544b288d0_1000.jpg!m_fill,w_280,h_210,f_jpg?from=ke.com
20231212,大兴,枣园,101120111424,团河苑 小区中间位置  双卧朝南  满五年唯一 自住装修房主自荐,195万,33379元/平,高楼层 (共6层) | 1988年 | 2室1厅 | 58.42平米 | 南,https://ke-image.ljcdn.com/110000-inspection/681af965-dd79-45ba-97ec-71b20108001e_1000.jpg!m_fill,w_280,h_210,f_jpg?from=ke.com
20231212,大兴,枣园,101120107374,枣园东里南北向自住婚房装修95.87㎡两居室,355万,37030元/平,高楼层 (共6层) | 1999年 | 2室2厅 | 95.87平米 | 南 北,https://ke-image.ljcdn.com/110000-inspection/0556d074-0581-4c10-87fc-19d6288a8e99_1000.jpg!m_fill,w_280,h_210,f_jpg?from=ke.com
20231212,大兴,枣园,101120105366,此房满五年唯一远离高铁商品房仅有契税,312万,35199元/平,顶层 (共21层) | 2010年 | 2室1厅 | 88.64平米 | 南,https://ke-image.ljcdn.com/110000-inspection/pc1_Zjlq1Gcll_2.jpg!m_fill,w_280,h_210,f_jpg?from=ke.com
20231212,大兴,枣园,101120100457,首座御园二区二期精装修2居室高楼层视觉好,305万,34098元/平,中楼层 (共14层) 2室1厅 | 89.45平米 | 东南,https://ke-image.ljcdn.com/110000-inspection/pc1_qKsnPd2g1.jpg!m_fill,w_280,h_210,f_jpg?from=ke.com
20231212,大兴,枣园,101120092407,首邑上城 南北两居室 满五唯一 诚心出售,500万,51146元/平,中楼层 (共15层) | 2007年 | 2室1厅 | 97.76平米 | 南 北,https://ke-image.ljcdn.com/110000-inspection/pc1_yYuvvGjrV.jpg!m_fill,w_280,h_210,f_jpg?from=ke.com
20231212,大兴,枣园,101120088803,马赛公馆  商品房小区  双南户型 电梯刷卡入户,423万,50860元/平,中楼层 (共17层) | 2012年 | 2室1厅 | 83.17平米 | 南,https://ke-image.ljcdn.com/110000-inspection/pc1_5Ldopk3VJ_2.jpg!m_fill,w_280,h_210,f_jpg?from=ke.com
20231212,大兴,枣园,101120080923,首座御园一期 2室1厅 南 北,390万,41931元/平,底层 (共8层) | 2013年 | 2室1厅 | 93.01平米 | 南 北,https://ke-image.ljcdn.com/110000-inspection/5956f115-8ae2-43da-8865-a42ae9deeb11_1000.jpg!m_fill,w_280,h_210,f_jpg?from=ke.com
20231212,大兴,枣园,101120072324,枣园东里  经典两居 南北通透 低楼层  近地铁房主自荐,285万,40006元/平,低楼层 (共6层) | 1999年 | 2室1厅 | 71.24平米 | 南 北,https://ke-image.ljcdn.com/110000-inspection/066233c2-be02-4b02-a361-e40a8dc757a1_1000.jpg!m_fill,w_280,h_210,f_jpg?from=ke.com
20231212,大兴,枣园,101120072031,此房东南朝向 近地铁 配套齐全 视野宽阔 采光好,448万,50129元/平,高楼层 (共34层) 2室1厅 | 89.37平米 | 南,https://ke-image.ljcdn.com/110000-inspection/6632d54a-2157-4901-90d6-637e57e1f4ac_1000.jpg!m_fill,w_280,h_210,f_jpg?from=ke.com
20231212,大兴,枣园,101120068319,滨河西里中区看房方便有钥匙业主随时签约,205万,35321元/平,高楼层 (共6层) | 1994年 | 2室1厅 | 58.04平米 | 南 北,https://ke-image.ljcdn.com/110000-inspection/abd4ee42-8501-472f-8e32-7ed0fab5b6a0_1000.jpg!m_fill,w_280,h_210,f_jpg?from=ke.com
20231212,大兴,枣园,101120032857,首开康乃馨城南向客厅带阳台两居室户型方正。,315万,35509元/平,底层 (共9层) | 2012年 | 2室1厅 | 88.71平米 | 东南,https://ke-image.ljcdn.com/110000-inspection/3b35c98b-b3a3-4e9d-bd62-ed610024fc4b_1000.jpg!m_fill,w_280,h_210,f_jpg?from=ke.com
20231212,大兴,枣园,101120029031,首座御园二区二期两室一厅一厨一卫,350万,38003元/平,顶层 (共14层) | 2015年 | 2室1厅 | 92.1平米 | 西南,https://ke-image.ljcdn.com/110000-inspection/pc1_uPi7qF6gA_2.jpg!m_fill,w_280,h_210,f_jpg?from=ke.com
20231212,大兴,枣园,101120020579,红米林北区南北两居室中高楼层一梯两户房主自荐,489万,63714元/平,高楼层 (共21层) | 2013年 | 2室1厅 | 76.75平米 | 南 北,https://ke-image.ljcdn.com/110000-inspection/b77885a3-4c47-443c-b376-c8425a8a868b_1000.jpg!m_fill,w_280,h_210,f_jpg?from=ke.com
20231212,大兴,枣园,101120016492,滨河西里中区 满五年唯一 低楼层 带8.4平米阳台空间房主自荐,213万,39270元/平,底层 (共6层) | 1994年 | 2室1厅 | 54.24平米 | 南 北,https://ke-image.ljcdn.com/110000-inspection/pc1_tFlAXH3YY_2.jpg!m_fill,w_280,h_210,f_jpg?from=ke.com
20231212,大兴,枣园,101120012973,康庄路50号院 满五唯一 南北双通透 看房方便,480万,43046元/平,低楼层 (共18层) | 2012年 | 3室1厅 | 111.51平米 | 南 北,https://ke-image.ljcdn.com/110000-inspection/pc1_O4fWdbUZK_2.jpg!m_fill,w_280,h_210,f_jpg?from=ke.com
20231212,大兴,枣园,101120009356,那尔水晶城 2室1厅 南 北,480万,44594元/平,中楼层 (共16层) 2室1厅 | 107.64平米 | 南 北,https://ke-image.ljcdn.com/110000-inspection/pc1_apKhdsjeG_2.jpg!m_fill,w_280,h_210,f_jpg?from=ke.com
20231212,大兴,枣园,101120001984,枣园东里  经典三居 南北通透 近地铁 一梯两户房主自荐,315万,39214元/平,顶层 (共6层) | 1999年 | 3室1厅 | 80.33平米 | 南 北,https://ke-image.ljcdn.com/110000-inspection/pc1_1o3rqsT51_2.jpg!m_fill,w_280,h_210,f_jpg?from=ke.com
20231212,大兴,枣园,101119999739,兴华园 大三居 精装修 诚心卖,508万,43286元/平,低楼层 (共10层) 3室2厅 | 117.36平米 | 南 北,https://ke-image.ljcdn.com/110000-inspection/6130ea74-9378-4294-802a-b689ace91912_1000.jpg!m_fill,w_280,h_210,f_jpg?from=ke.com
20231212,大兴,枣园,101119998104,团河苑此房是商品房南北通透两居室采光没有遮挡房主自荐,209万,34145元/平,中楼层 (共4层) | 1984年 | 2室1厅 | 61.21平米 | 南 北,https://ke-image.ljcdn.com/110000-inspection/0adbfe68-1053-4f01-90dd-0a75c6b079a1_1000.jpg!m_fill,w_280,h_210,f_jpg?from=ke.com
20231212,大兴,枣园,101119997939,满五唯一商品房高楼层 视野和采光号 产权清晰房主自荐,478万,54368元/平,高楼层 (共33层) | 2015年 | 2室1厅 | 87.92平米 | 南 西,https://ke-image.ljcdn.com/110000-inspection/4702ffff-a392-439c-b7f1-a3d8fa2b8097_1000.jpg!m_fill,w_280,h_210,f_jpg?from=ke.com
20231212,大兴,枣园,101119996401,清源西里  南向一居室 房本满五年,205万,38154元/平,顶层 (共6层) | 1992年 | 1室1厅 | 53.73平米 | 南,https://ke-image.ljcdn.com/110000-inspection/pc1_dpLa0Fe2M.jpg!m_fill,w_280,h_210,f_jpg?from=ke.com
20231212,大兴,枣园,101119996043,枣园东里 2室1厅 南 北房主自荐,295万,38262元/平,顶层 (共6层) 2室1厅 | 77.1平米 | 南 北,https://ke-image.ljcdn.com/110000-inspection/04445782-2fc0-4394-9359-535f9ad6c9ea_1000.jpg!m_fill,w_280,h_210,f_jpg?from=ke.com
20231212,大兴,枣园,101119995552,滨河西里南区 2室1厅 南 北,232万,38424元/平,中楼层 (共6层) | 1991年 | 2室1厅 | 60.38平米 | 南 北,https://ke-image.ljcdn.com/110000-inspection/bbbb800a-358d-4b6a-98bf-1974431bed34_1000.jpg!m_fill,w_280,h_210,f_jpg?from=ke.com
20231212,大兴,枣园,101119993947,彩虹新城满五年唯一的大一居中间楼层采光视野好。,319万,47920元/平,低楼层 (共17层) | 2008年 | 1室1厅 | 66.57平米 | 东北,https://ke-image.ljcdn.com/110000-inspection/4fde27fc-bc86-4b06-b493-cf9fcf09164b_1000.jpg!m_fill,w_280,h_210,f_jpg?from=ke.com
20231212,大兴,枣园,101119992966,首座御园一区二期 全南向两居室 高楼层,280万,30827元/平,顶层 (共14层) | 2015年 | 2室2厅 | 90.83平米 | 南,https://ke-image.ljcdn.com/110000-inspection/pc1_DuPnFT9uO.jpg!m_fill,w_280,h_210,f_jpg?from=ke.com
20231212,大兴,枣园,101119981431,此房满五唯一楼层好南北通透不临街不把边业主急售。,320万,34079元/平,低楼层 (共6层) | 1994年 | 3室1厅 | 93.9平米 | 南 北,https://ke-image.ljcdn.com/110000-inspection/pc1_UtAlPSGev.jpg!m_fill,w_280,h_210,f_jpg?from=ke.com
20231212,大兴,枣园,101119979881,枣园小区 2室1厅 南 北,280万,37610元/平,底层 (共5层) | 1994年 | 2室1厅 | 74.45平米 | 南 北,https://ke-image.ljcdn.com/110000-inspection/75394301-979c-43a0-8e25-cb3b20a4db22_1000.jpg!m_fill,w_280,h_210,f_jpg?from=ke.com
20231212,大兴,枣园,101119972967,大兴丽园B区中间位置南北通透大两居带电梯,550万,47382元/平,高楼层 (共11层) | 2005年 | 2室1厅 | 116.08平米 | 南 北,https://ke-image.ljcdn.com/110000-inspection/d9832a22-be67-4a1d-a1a5-58a2c993ba4e_1000.jpg!m_fill,w_280,h_210,f_jpg?from=ke.com
20231212,大兴,枣园,101119967266,滨河西里 全明格局的三居室 南北通透户型,295万,36547元/平,高楼层 (共6层) | 1995年 | 3室1厅 | 80.72平米 | 南 北,https://ke-image.ljcdn.com/110000-inspection/9ceda831-b5a2-41e5-ad5c-49e31e43d20e_1000.jpg!m_fill,w_280,h_210,f_jpg?from=ke.com
20231212,大兴,枣园,101119957435,近地铁  精装修 中间楼层  南北通透 全明格局房主自荐,278万,42737元/平,中楼层 (共6层) | 1994年 | 2室1厅 | 65.05平米 | 南 北,https://ke-image.ljcdn.com/110000-inspection/3e472a35-867b-435d-a7ef-0be5824f10e3_1000.jpg!m_fill,w_280,h_210,f_jpg?from=ke.com
20231212,大兴,枣园,101119942486,首座御园一期南北通透两居室满五唯一边户,330万,42941元/平,中楼层 (共8层) | 2009年 | 2室2厅 | 76.85平米 | 南 北,https://ke-image.ljcdn.com/110000-inspection/pc1_CVveE57VR.jpg!m_fill,w_280,h_210,f_jpg?from=ke.com
20231212,大兴,枣园,101119935319,枣园小区 南北通透 边户型明厅格局 近地铁枣园站,272万,40363元/平,低楼层 (共6层) | 1994年 | 2室1厅 | 67.39平米 | 南 北,https://ke-image.ljcdn.com/110000-inspection/pc1_mmqcCQeOk_2.jpg!m_fill,w_280,h_210,f_jpg?from=ke.com
20231212,大兴,枣园,101119931946,新安里南北通透两居室满五年唯一,235万,35049元/平,高楼层 (共6层) 2室1厅 | 67.05平米 | 南 北,https://ke-image.ljcdn.com/110000-inspection/0431f764-26a1-41f9-aab9-a71dcba87108_1000.jpg!m_fill,w_280,h_210,f_jpg?from=ke.com
20231212,大兴,枣园,101119920414,枣园北里中间楼层南北通透三居室,418万,37422元/平,中楼层 (共6层) | 2000年 | 3室1厅 | 111.7平米 | 南 北,https://ke-image.ljcdn.com/110000-inspection/373a5713-ff15-467f-a18c-ddc9b2487d86_1000.jpg!m_fill,w_280,h_210,f_jpg?from=ke.com
20231212,大兴,枣园,101119907155,马赛公馆全明纯南两居室满五年精装房主自荐,425万,50308元/平,低楼层 (共17层) | 2012年 | 2室2厅 | 84.48平米 | 南,https://ke-image.ljcdn.com/110000-inspection/f2b74836-cb90-465d-aced-8fc75c67bd2d_1000.jpg!m_fill,w_280,h_210,f_jpg?from=ke.com
20231212,大兴,枣园,101119904378,红木林南区 3室1厅 南 北房主自荐,698万,66814元/平,高楼层 (共28层) | 2013年 | 3室1厅 | 104.47平米 | 南 北,https://ke-image.ljcdn.com/110000-inspection/6099140f-b93d-4f89-937e-908658a8f1ca_1000.jpg!m_fill,w_280,h_210,f_jpg?from=ke.com
20231212,大兴,枣园,101119901382,红木林南区 中间楼层 不临街 明厨明卫,700万,63510元/平,中楼层 (共28层) | 2013年 | 4室2厅 | 110.22平米 | 南 北,https://ke-image.ljcdn.com/110000-inspection/ecc9a09e-0eb6-4903-a7ad-716e1fec4c19_1000.jpg!m_fill,w_280,h_210,f_jpg?from=ke.com
20231212,大兴,枣园,101119890025,满五年唯一 商品房 近地铁 近公园,212万,29818元/平,顶层 (共6层) | 1985年 | 2室1厅 | 71.1平米 | 南 北,https://ke-image.ljcdn.com/110000-inspection/041daa98-74e9-408d-aaf6-010939a51b23_1000.jpg!m_fill,w_280,h_210,f_jpg?from=ke.com
20231212,大兴,枣园,101119881633,丽园B区南北通透1居 满5年唯一 诚心出售房主自荐,282万,46374元/平,中楼层 (共7层) | 2004年 | 1室1厅 | 60.81平米 | 南 北,https://ke-image.ljcdn.com/110000-inspection/pc1_QRYttUcZq_2.jpg!m_fill,w_280,h_210,f_jpg?from=ke.com
20231212,大兴,枣园,101119876326,中建国际港 南向两居 中间楼层 不临街,458万,52681元/平,低楼层 (共33层) 2室1厅 | 86.94平米 | 南,https://ke-image.ljcdn.com/110000-inspection/94b232e8-0297-4bcb-b458-9831b348d634_1000.jpg!m_fill,w_280,h_210,f_jpg?from=ke.com
20231212,大兴,枣园,101119873499,首开康乃馨城 商品房 高楼层 诚心急售,225万,34696元/平,顶层 (共9层) | 2012年 | 1室1厅 | 64.85平米 | 南,https://ke-image.ljcdn.com/110000-inspection/pc1_WnjeqkLiI_2.jpg!m_fill,w_280,h_210,f_jpg?from=ke.com
20231212,大兴,枣园,101119873452,首开康乃馨城 南北通透 正规两居 高楼层,275万,34414元/平,顶层 (共9层) | 2012年 | 2室1厅 | 79.91平米 | 南 北,https://ke-image.ljcdn.com/110000-inspection/be35fc1d-d7da-48e0-ad99-c438c6ca21f0_1000.jpg!m_fill,w_280,h_210,f_jpg?from=ke.com
20231212,大兴,枣园,101119870123,清源西里社区一层南北三居满五唯一,350万,49000元/平,底层 (共6层) 3室1厅 | 71.43平米 | 南 北,https://ke-image.ljcdn.com/110000-inspection/pc1_kNYwKwLyk.jpg!m_fill,w_280,h_210,f_jpg?from=ke.com
20231212,大兴,枣园,101119870062,枣园小区 2室2厅 南 北,330万,46545元/平,底层 (共5层) | 1996年 | 2室2厅 | 70.9平米 | 南 北,https://ke-image.ljcdn.com/110000-inspection/6e2615e2-236d-4559-aacd-0a2eaaa56c2f_1000.jpg!m_fill,w_280,h_210,f_jpg?from=ke.com
20231212,大兴,枣园,101119865691,新上房源 2001年建成 精装修 采光好 户型方正,276万,32826元/平,高楼层 (共6层) | 2001年 | 2室1厅 | 84.08平米 | 东 西,https://ke-image.ljcdn.com/110000-inspection/ff0fc529-8549-44d1-8dbe-49249093f6c6_1000.jpg!m_fill,w_280,h_210,f_jpg?from=ke.com
20231212,大兴,枣园,101119864686,中建国际港 南北户型  视野开阔 采光充足,509万,56594元/平,中楼层 (共33层) | 2015年 | 2室1厅 | 89.94平米 | 南 北,https://ke-image.ljcdn.com/110000-inspection/pc1_6QkcJ1N1i_2.jpg!m_fill,w_280,h_210,f_jpg?from=ke.com
20231212,大兴,枣园,101119856306,新安里 2室1厅 南 北,215万,33752元/平,中楼层 (共6层) | 1995年 | 2室1厅 | 63.7平米 | 南 北,https://ke-image.ljcdn.com/110000-inspection/d6fe9594-50c5-4ff5-b9b4-ccecb18e352d_1000.jpg!m_fill,w_280,h_210,f_jpg?from=ke.com
20231212,大兴,枣园,101119853135,团河苑南北向一层两居室没有遮挡采光好,165万,29962元/平,底层 (共3层) | 1983年 | 2室1厅 | 55.07平米 | 南 北,https://ke-image.ljcdn.com/110000-inspection/012f6aa9-f4aa-40b8-a3ed-f22a2cc4b2af_1000.jpg!m_fill,w_280,h_210,f_jpg?from=ke.com
20231212,大兴,枣园,101119851569,新居里 3室2厅 南 北,388万,32162元/平,底层 (共6层) 3室2厅 | 120.64平米 | 南 北,https://ke-image.ljcdn.com/110000-inspection/5cbd7337-8fab-4a1c-b9a2-2fe196708b6e_1000.jpg!m_fill,w_280,h_210,f_jpg?from=ke.com
20231212,大兴,枣园,101119846587,中建港怡嘉园全南2居 视野好 精装 近地铁房主自荐,423万,49613元/平,高楼层 (共19层) | 2017年 | 2室1厅 | 85.26平米 | 南 北,https://ke-image.ljcdn.com/110000-inspection/5767cf04-3a25-4a21-96ef-10888020c76d_1000.jpg!m_fill,w_280,h_210,f_jpg?from=ke.com
20231212,大兴,枣园,101119846589,红木林南向2居 满五唯一 精装修 近地铁房主自荐,460万,66871元/平,低楼层 (共23层) | 2013年 | 2室1厅 | 68.79平米 | 南,https://ke-image.ljcdn.com/110000-inspection/pc1_S3vElLAks.jpg!m_fill,w_280,h_210,f_jpg?from=ke.com
20231212,大兴,枣园,101119818492,双河南里尚城北区  电梯房 交通便利  配套齐全,285万,38092元/平,低楼层 (共18层) 2室1厅 | 74.82平米 | 南 北,https://ke-image.ljcdn.com/110000-inspection/pc1_Zym1nyIAD.jpg!m_fill,w_280,h_210,f_jpg?from=ke.com
20231212,大兴,枣园,101119818465,双河南里尚城北区  电梯房 交通便利 配套齐全,285万,37694元/平,低楼层 (共18层) 2室1厅 | 75.61平米 | 南 北,https://ke-image.ljcdn.com/110000-inspection/pc1_TOtBpw79z.jpg!m_fill,w_280,h_210,f_jpg?from=ke.com
20231212,大兴,枣园,101119818357,双河南里尚城北区  交通便利  配套齐全,185万,37473元/平,低楼层 (共18层) 1室1厅 | 49.37平米 | 南,https://ke-image.ljcdn.com/110000-inspection/pc1_gG9Xddpgs.jpg!m_fill,w_280,h_210,f_jpg?from=ke.com
20231212,大兴,枣园,101119817437,小区直厅户型 精装修 品牌家具家电 可以直接入住,365万,40998元/平,顶层 (共15层) 2室2厅 | 89.03平米 | 南 北,https://ke-image.ljcdn.com/110000-inspection/209bbd13-088b-4373-a818-c07fe32f5bb3_1000.jpg!m_fill,w_280,h_210,f_jpg?from=ke.com
20231212,大兴,枣园,101119811188,明厨明卫 中间楼层 满五年唯一 诚心出售,189万,31611元/平,中楼层 (共6层) 2室1厅 | 59.79平米 | 南 北,https://ke-image.ljcdn.com/110000-inspection/00a421d4-d67a-44ec-a986-d6ed65e1a8a8_1000.jpg!m_fill,w_280,h_210,f_jpg?from=ke.com
20231212,大兴,枣园,101119810843,新安里 2室1厅 南,186万,36774元/平,中楼层 (共6层) 2室1厅 | 50.58平米 | 南,https://ke-image.ljcdn.com/110000-inspection/e7a640ac-7d09-495e-8c89-d63cf7017632_1000.jpg!m_fill,w_280,h_210,f_jpg?from=ke.com
20231212,大兴,枣园,101119805468,枣园小区 1室1厅 南,208万,45277元/平,高楼层 (共6层) 1室1厅 | 45.94平米 | 南,https://ke-image.ljcdn.com/110000-inspection/c2da0cc6-0e2b-475e-a89e-bffed66bd33c_1000.jpg!m_fill,w_280,h_210,f_jpg?from=ke.com
20231212,大兴,枣园,101119804808,滨河西里北区 3室1厅 东 西,280万,32532元/平,中楼层 (共6层) | 1996年 | 3室1厅 | 86.07平米 | 东 西,https://ke-image.ljcdn.com/110000-inspection/3d3cbfd1-d614-4f56-8cda-1fb2b726b6d3_1000.jpg!m_fill,w_280,h_210,f_jpg?from=ke.com
20231212,大兴,枣园,101119800885,新安里南向一居中楼层精装修,190万,35829元/平,中楼层 (共6层) | 1996年 | 1室1厅 | 53.03平米 | 南,https://ke-image.ljcdn.com/110000-inspection/19d8936b-b8b3-4dd6-aead-562f7eb2cb0b_1000.jpg!m_fill,w_280,h_210,f_jpg?from=ke.com
20231212,大兴,枣园,101119799631,丽园A区错层大三居南北通透精装修中间楼层价格可谈,650万,46871元/平,中楼层 (共7层) | 2003年 | 3室2厅 | 138.68平米 | 南 北,https://ke-image.ljcdn.com/110000-inspection/f4311a13-b28f-490d-93dc-7596eb293cef_1000.jpg!m_fill,w_280,h_210,f_jpg?from=ke.com
20231212,大兴,枣园,101119797733,兴盛街187号院满五年唯一南北朝向中间楼层无抵押,370万,43387元/平,中楼层 (共11层) | 2009年 | 2室1厅 | 85.28平米 | 南 北,https://ke-image.ljcdn.com/110000-inspection/71a20437-f7a9-4ed0-9962-3300421c984f_1000.jpg!m_fill,w_280,h_210,f_jpg?from=ke.com
20231212,大兴,枣园,101119793471,康泰园 南北向两居 一梯两户 诚心出售房主自荐,332万,41444元/平,低楼层 (共18层) | 2011年 | 2室1厅 | 80.11平米 | 南 北,https://ke-image.ljcdn.com/110000-inspection/9a29382f-55fb-48bf-99ef-19507061995a_1000.jpg!m_fill,w_280,h_210,f_jpg?from=ke.com
20231212,大兴,枣园,101119786805,此房满五唯一户型方正中间楼层采光没问题房主自荐,230万,41925元/平,中楼层 (共9层) 1室1厅 | 54.86平米 | 南,https://ke-image.ljcdn.com/110000-inspection/33fd95e9-bc01-4961-a86b-5b78bc19fec7_1000.jpg!m_fill,w_280,h_210,f_jpg?from=ke.com
20231212,大兴,枣园,101119786195,首开康乃馨  双卧朝南  南北通透超大客厅户型,295万,32782元/平,顶层 (共9层) | 2012年 | 2室1厅 | 89.99平米 | 北 南,https://ke-image.ljcdn.com/110000-inspection/pc1_c39PttXUn_2.jpg!m_fill,w_280,h_210,f_jpg?from=ke.com
20231212,大兴,枣园,101119786037,首开康乃馨满五唯一采光好南向大一居,215万,34500元/平,低楼层 (共16层) 1室1厅 | 62.32平米 | 南,https://ke-image.ljcdn.com/110000-inspection/pc1_w80zd1DMM.jpg!m_fill,w_280,h_210,f_jpg?from=ke.com
20231212,大兴,枣园,101119783373,首座御园二区二期西南两居室高楼层视觉好精装修,338万,36692元/平,高楼层 (共13层) | 2015年 | 2室1厅 | 92.12平米 | 西南,https://ke-image.ljcdn.com/110000-inspection/pc1_VsVWa58QC.jpg!m_fill,w_280,h_210,f_jpg?from=ke.com
20231212,大兴,枣园,101119775152,彩虹新城 2室1厅 南 北,459万,50978元/平,低楼层 (共17层) | 2008年 | 2室1厅 | 90.04平米 | 南 北,https://ke-image.ljcdn.com/110000-inspection/pc1_aPhCs86mA.jpg!m_fill,w_280,h_210,f_jpg?from=ke.com
20231212,大兴,枣园,101119774242,兴盛街187号院 纯南户型采光好无遮挡,327万,38676元/平,底层 (共12层) | 2009年 | 2室1厅 | 84.55平米 | 南,https://ke-image.ljcdn.com/110000-inspection/f60b8c94-9d20-44f5-9c46-8d47c76158b8_1000.jpg!m_fill,w_280,h_210,f_jpg?from=ke.com
20231212,大兴,枣园,101119766929,康庄路52号院 南向两居室 满五唯一,283万,32273元/平,低楼层 (共22层) | 2010年 | 2室2厅 | 87.69平米 | 南,https://ke-image.ljcdn.com/110000-inspection/pc1_uO6Lqi9R7_3.jpg!m_fill,w_280,h_210,f_jpg?from=ke.com
20231212,大兴,枣园,101119763883,满五唯一 明厅 采光好 户型好 诚心出售 价格能聊,235万,38538元/平,中楼层 (共6层) | 1991年 | 2室1厅 | 60.98平米 | 南 北,https://ke-image.ljcdn.com/110000-inspection/pc1_QU1qDbjus.jpg!m_fill,w_280,h_210,f_jpg?from=ke.com
20231212,大兴,枣园,101119754666,格局方正无浪费面积采光充足视野开阔。,350万,39593元/平,中楼层 (共6层) | 1993年 | 3室1厅 | 88.4平米 | 南 北,https://ke-image.ljcdn.com/110000-inspection/4cac2f98-4df3-48e9-a33e-88d02c03a642_1000.jpg!m_fill,w_280,h_210,f_jpg?from=ke.com
20231212,大兴,枣园,101119742452,团河苑精装南北通透两居拎包入住,197万,32977元/平,高楼层 (共6层) | 1993年 | 2室1厅 | 59.74平米 | 南 北,https://ke-image.ljcdn.com/110000-inspection/1392107b-4fa6-402e-90c9-4011d16ac2a0_1000.jpg!m_fill,w_280,h_210,f_jpg?from=ke.com
20231212,大兴,枣园,101119736921,那尔水晶城 1室1厅 南,305万,47025元/平,中楼层 (共16层) 1室1厅 | 64.86平米 | 南,https://ke-image.ljcdn.com/110000-inspection/pc1_ugZ7chMmH.jpg!m_fill,w_280,h_210,f_jpg?from=ke.com
20231212,大兴,枣园,101119726802,房子满五唯一南向精装修 户型方正房主自荐,435万,51243元/平,低楼层 (共17层) | 2012年 | 2室1厅 | 84.89平米 | 南,https://ke-image.ljcdn.com/110000-inspection/pc1_xcjT10brD_2.jpg!m_fill,w_280,h_210,f_jpg?from=ke.com
20231212,大兴,枣园,101119726496,首座御园一区二期东向两居室户型方正没有过道,282万,31147元/平,中楼层 (共14层) | 2015年 | 2室1厅 | 90.54平米 | 东,https://ke-image.ljcdn.com/110000-inspection/7f8b1b98-e989-4e60-9c31-3a70912a1ede_1000.jpg!m_fill,w_280,h_210,f_jpg?from=ke.com
20231212,大兴,枣园,101119726380,首座御园一区二期 房子是高楼层两居室 采光比较好房主自荐,286万,31261元/平,顶层 (共14层) | 2015年 | 2室1厅 | 91.49平米 | 西北,https://ke-image.ljcdn.com/110000-inspection/94b5b868-3361-4250-b7ee-f885860642a7_1000.jpg!m_fill,w_280,h_210,f_jpg?from=ke.com
20231212,大兴,枣园,101119723006,枣园尚城北区 南向一居室 满五年唯一 看房提前联系,285万,46124元/平,中楼层 (共16层) | 2009年 | 1室1厅 | 61.79平米 | 南,https://ke-image.ljcdn.com/110000-inspection/894a1550-4003-4afb-bafa-2ca2b6d3838e_1000.jpg!m_fill,w_280,h_210,f_jpg?from=ke.com
20231212,大兴,枣园,101119715604,满五唯一中间楼层南北通透不临街不把边装修还不错,227万,37226元/平,中楼层 (共6层) | 1991年 | 2室1厅 | 60.98平米 | 南 北,https://ke-image.ljcdn.com/110000-inspection/pc1_SWwYnCD7f.jpg!m_fill,w_280,h_210,f_jpg?from=ke.com
20231212,大兴,枣园,101119708997,首座御园一期 南北通透两居室 业主诚心出售,338万,44195元/平,顶层 (共8层) | 2013年 | 2室1厅 | 76.48平米 | 南 北,https://ke-image.ljcdn.com/110000-inspection/ea947e99-64b6-48c4-8136-6a044d2e5bef_1000.jpg!m_fill,w_280,h_210,f_jpg?from=ke.com
20231212,大兴,枣园,101119708611,此房满五唯一高楼层视线好全天采光,610万,49465元/平,高楼层 (共16层) 3室2厅 | 123.32平米 | 南 北,https://ke-image.ljcdn.com/110000-inspection/pc1_3jzsq79ID.jpg!m_fill,w_280,h_210,f_jpg?from=ke.com
20231212,大兴,枣园,101119705698,大兴黄村 枣园北里  纯南两居室  诚心出售,268万,35065元/平,顶层 (共6层) | 1995年 | 2室1厅 | 76.43平米 | 南 北,https://ke-image.ljcdn.com/110000-inspection/pc1_PGr2xP6sX_2.jpg!m_fill,w_280,h_210,f_jpg?from=ke.com
20231212,大兴,枣园,101119703670,滨河西里 精装修两居室 南北通透户型 近地铁,208万,35435元/平,顶层 (共6层) | 1992年 | 2室1厅 | 58.7平米 | 南 北,https://ke-image.ljcdn.com/110000-inspection/pc1_BsNw48evM_2.jpg!m_fill,w_280,h_210,f_jpg?from=ke.com
20231212,大兴,枣园,101119700824,格局方正无浪费面积采光充足视野开阔。,258万,39840元/平,顶层 (共6层) 2室1厅 | 64.76平米 | 东北,https://ke-image.ljcdn.com/110000-inspection/c4c0396f-5054-4986-a272-d7020bbd8a73_1000.jpg!m_fill,w_280,h_210,f_jpg?from=ke.com
20231212,大兴,枣园,101119697997,此房满五唯一朝向室朝东的卧室和客厅朝东格局方正,267万,43785元/平,顶层 (共16层) | 2007年 | 1室1厅 | 60.98平米 | 东北,https://ke-image.ljcdn.com/110000-inspection/pc1_Rb9gzXgE1_2.jpg!m_fill,w_280,h_210,f_jpg?from=ke.com
20231212,大兴,枣园,101119692117,首座御园二区二期两居东南边户中楼层,385万,41794元/平,中楼层 (共13层) | 2015年 | 2室1厅 | 92.12平米 | 东南,https://ke-image.ljcdn.com/110000-inspection/0ae1eb41-cde3-40c0-860b-f1495949f58a_1000.jpg!m_fill,w_280,h_210,f_jpg?from=ke.com
20231212,大兴,枣园,101119685341,枣园东里 2室1厅 南 北,255万,35447元/平,高楼层 (共6层) | 1999年 | 2室1厅 | 71.94平米 | 南 北,https://ke-image.ljcdn.com/110000-inspection/pc1_wKc3eWgDb.jpg!m_fill,w_280,h_210,f_jpg?from=ke.com
20231212,大兴,枣园,101119684793,滨河坊  满五年唯一 低楼层的两居室 明厅户型,270万,30879元/平,低楼层 (共6层) | 2001年 | 2室1厅 | 87.44平米 | 东 西,https://ke-image.ljcdn.com/110000-inspection/8aef25f1-f800-4387-a169-757556104fdd_1000.jpg!m_fill,w_280,h_210,f_jpg?from=ke.com
20231212,大兴,枣园,101119670550,滨河西里 新上两居室 低楼层 客厅带大阳台  南北通透,278万,39227元/平,低楼层 (共6层) | 1994年 | 2室1厅 | 70.87平米 | 南 北,https://ke-image.ljcdn.com/110000-inspection/pc1_OhNPFUxgc.jpg!m_fill,w_280,h_210,f_jpg?from=ke.com
20231212,大兴,枣园,101119655834,新安里 2室1厅 南 北,200万,29100元/平,顶层 (共6层) | 1997年 | 2室1厅 | 68.73平米 | 南 北,https://ke-image.ljcdn.com/110000-inspection/b2b12178-466d-420e-ac2c-90944936e5fa_1000.jpg!m_fill,w_280,h_210,f_jpg?from=ke.com
20231212,大兴,枣园,101119643855,双河北里尚城南北两居室格局方正无浪费面积。房主自荐,310万,36055元/平,顶层 (共18层) 2室2厅 | 85.98平米 | 南 北,https://ke-image.ljcdn.com/110000-inspection/2c171b32-3f62-4451-b756-352ef75fd530_1000.jpg!m_fill,w_280,h_210,f_jpg?from=ke.com
20231212,大兴,枣园,101119640829,首座御园二期北区三期 东南向两居室,355万,37981元/平,低楼层 (共12层) | 2015年 | 2室1厅 | 93.47平米 | 东南,https://ke-image.ljcdn.com/110000-inspection/2ba7b5f9-99db-4c13-9671-77f57b66473f_1000.jpg!m_fill,w_280,h_210,f_jpg?from=ke.com
20231212,大兴,枣园,101119632446,房子南北通透格局楼层好视野开阔采光充足,443万,37984元/平,中楼层 (共12层) 3室2厅 | 116.63平米 | 南 北,https://ke-image.ljcdn.com/110000-inspection/pc1_8uhGoDjJ9.jpg!m_fill,w_280,h_210,f_jpg?from=ke.com
20231212,大兴,枣园,101119628504,滨河西里北区南北双通透两居室   满五唯一 明厅,228万,30360元/平,顶层 (共6层) | 1994年 | 2室1厅 | 75.1平米 | 南 北,https://ke-image.ljcdn.com/110000-inspection/02be20da-4097-4acc-a5a3-6001be1fbb82_1000.jpg!m_fill,w_280,h_210,f_jpg?from=ke.com
20231212,大兴,枣园,101119627705,盛嘉华苑 1室1厅 东南 东,210万,35253元/平,中楼层 (共11层) 1室1厅 | 59.57平米 | 东南 东,https://ke-image.ljcdn.com/110000-inspection/dcf3d87a-030f-463b-9806-5ee5f8d3d1a2_1000.jpg!m_fill,w_280,h_210,f_jpg?from=ke.com
20231212,大兴,枣园,101119625194,兴盛街189号院 2室1厅 南 北,375万,44092元/平,高楼层 (共9层) | 2009年 | 2室1厅 | 85.05平米 | 南 北,https://ke-image.ljcdn.com/110000-inspection/pc1_owE4r2q9o_2.jpg!m_fill,w_280,h_210,f_jpg?from=ke.com
20231212,大兴,枣园,101119625128,首座御园二期北区三期南北通透两居高层视野开阔采光好,340万,35625元/平,顶层 (共12层) | 2015年 | 2室1厅 | 95.44平米 | 南 北,https://ke-image.ljcdn.com/110000-inspection/pc1_Fz4oC43kh_2.jpg!m_fill,w_280,h_210,f_jpg?from=ke.com
20231212,大兴,枣园,101119619178,中高楼层  采光好视野佳  少有双卫户型  全明格局,518万,48133元/平,中楼层 (共16层) | 2012年 | 2室2厅 | 107.62平米 | 南 北,https://ke-image.ljcdn.com/110000-inspection/pc1_LOinmqLhS_2.jpg!m_fill,w_280,h_210,f_jpg?from=ke.com
20231212,大兴,枣园,101119614673,红木林南区 满五唯一 看提前联系 近地铁 诚心出售,700万,67295元/平,低楼层 (共28层) 3室2厅 | 104.02平米 | 南 北,https://ke-image.ljcdn.com/110000-inspection/8c3869f0-addf-40d9-b9a6-514c33f04cdb_1000.jpg!m_fill,w_280,h_210,f_jpg?from=ke.com
20231212,大兴,枣园,101119600366,团河苑 2室1厅 南 北,183万,30608元/平,高楼层 (共6层) | 1994年 | 2室1厅 | 59.79平米 | 南 北,https://ke-image.ljcdn.com/110000-inspection/pc1_NPPUXq7Lm.jpg!m_fill,w_280,h_210,f_jpg?from=ke.com
20231212,大兴,枣园,101119595418,滨河东里 南北通透两居室 全明格局 1997年建成,225万,33177元/平,高楼层 (共6层) 2室1厅 | 67.82平米 | 南 北,https://ke-image.ljcdn.com/110000-inspection/9206b71d-f0c4-4e4f-be4b-57b994d0b962_1000.jpg!m_fill,w_280,h_210,f_jpg?from=ke.com
20231212,大兴,枣园,101119587780,满五唯一  纯南两居   前后无遮挡,243万,32118元/平,底层 (共11层) | 2012年 | 2室1厅 | 75.66平米 | 南,https://ke-image.ljcdn.com/110000-inspection/pc1_yl9eJd7vN_2.jpg!m_fill,w_280,h_210,f_jpg?from=ke.com
20231212,大兴,枣园,101119586860,首座御园一期 高楼层 满五年 不临街 视野好采光好,400万,43178元/平,中楼层 (共8层) | 2009年 | 2室2厅 | 92.64平米 | 南 西 北,https://ke-image.ljcdn.com/110000-inspection/893d453b-1a11-4a94-8943-d30893db6a1c_1000.jpg!m_fill,w_280,h_210,f_jpg?from=ke.com
20231212,大兴,枣园,101119579626,清源西里 3室1厅 南 北,390万,31659元/平,顶层 (共6层) 3室1厅 | 123.19平米 | 南 北,https://ke-image.ljcdn.com/110000-inspection/c9a1dc0c-26db-4b7e-ab0e-b349c789bdb7_1000.jpg!m_fill,w_280,h_210,f_jpg?from=ke.com
20231212,大兴,枣园,101119579329,滨河西里南区 2室1厅 南 北,243万,39245元/平,高楼层 (共6层) | 1994年 | 2室1厅 | 61.92平米 | 南 北,https://ke-image.ljcdn.com/110000-inspection/1e55ed54-d77d-4e79-9836-3caf0cf293ef_1000.jpg!m_fill,w_280,h_210,f_jpg?from=ke.com
20231212,大兴,枣园,101119577491,满五唯一 采光充足格局好楼层好视野宽阔配套齐全,695万,63610元/平,中楼层 (共21层) | 2013年 | 4室1厅 | 109.26平米 | 南 北,https://ke-image.ljcdn.com/110000-inspection/cb353124-088e-4b1c-91ae-7cdf2cd4c81b_1000.jpg!m_fill,w_280,h_210,f_jpg?from=ke.com
20231212,大兴,枣园,101119574308,滨河西里北区南向两居室高楼层采光好,240万,37707元/平,顶层 (共6层) | 1995年 | 2室1厅 | 63.65平米 | 南,https://ke-image.ljcdn.com/110000-inspection/1ed0d9af-4d3b-48f6-a1d3-64be24e4f810_1000.jpg!m_fill,w_280,h_210,f_jpg?from=ke.com
20231212,大兴,枣园,101119571545,中建国际港 4室2厅 南 北,760万,53036元/平,中楼层 (共34层) | 2013年 | 4室2厅 | 143.3平米 | 南 北,https://ke-image.ljcdn.com/110000-inspection/e20c97ab-bfb7-4f2f-a036-c12e92f4a054_1000.jpg!m_fill,w_280,h_210,f_jpg?from=ke.com
20231212,大兴,枣园,101119567935,枣园小区南向一居满五年唯一近地铁,193万,41178元/平,高楼层 (共6层) | 1994年 | 1室1厅 | 46.87平米 | 南,https://ke-image.ljcdn.com/110000-inspection/f6995047-6c03-4904-818b-0ac8ec59ba64_1000.jpg!m_fill,w_280,h_210,f_jpg?from=ke.com
20231212,大兴,枣园,101119560125,双河北里尚城南北通透的两居室格局方正视野好。,335万,38644元/平,中楼层 (共12层) 2室1厅 | 86.69平米 | 南 北,https://ke-image.ljcdn.com/110000-inspection/pc1_WRj1bQUaq.jpg!m_fill,w_280,h_210,f_jpg?from=ke.com
20231212,大兴,枣园,101119554336,彩虹新城 2室1厅 南 北,450万,51178元/平,底层 (共15层) 2室1厅 | 87.93平米 | 南 北,https://ke-image.ljcdn.com/110000-inspection/b22661aa-a364-41ca-938b-ea7ced05f742_1000.jpg!m_fill,w_280,h_210,f_jpg?from=ke.com
20231212,大兴,枣园,101119538044,清源西里社区4层南北向两居室,245万,41094元/平,中楼层 (共6层) | 1991年 | 2室1厅 | 59.62平米 | 南 北,https://ke-image.ljcdn.com/110000-inspection/88cb5150-f2e6-4d94-abe5-fb5f12fc8c30_1000.jpg!m_fill,w_280,h_210,f_jpg?from=ke.com
20231212,大兴,枣园,101119538016,康庄路50号院 南北向一居室 诚意出售,255万,39683元/平,低楼层 (共15层) 2室1厅 | 64.26平米 | 南 北,https://ke-image.ljcdn.com/110000-inspection/936a55c8-3df3-4752-aba8-63f150e21f2f_1000.jpg!m_fill,w_280,h_210,f_jpg?from=ke.com
20231212,大兴,枣园,101119537779,丽园B区 1室1厅 南 北,300万,52421元/平,中楼层 (共7层) 1室1厅 | 57.23平米 | 南 北,https://ke-image.ljcdn.com/110000-inspection/63327844-d7bf-4148-904f-9d36aaee4abb_1000.jpg!m_fill,w_280,h_210,f_jpg?from=ke.com
20231212,大兴,枣园,101119517774,店长推荐 康泰园南北通透的两居,335万,43010元/平,高楼层 (共18层) | 2009年 | 2室1厅 | 77.89平米 | 南 北,https://ke-image.ljcdn.com/110000-inspection/pc1_2S7sceOwd_2.jpg!m_fill,w_280,h_210,f_jpg?from=ke.com
20231212,大兴,枣园,101119512331,枣园尚城  正规南北通透一室一厅 满五年唯一 近地铁,285万,43413元/平,高楼层 (共15层) | 2009年 | 1室1厅 | 65.65平米 | 南 北,https://ke-image.ljcdn.com/110000-inspection/pc1_3VE2BZd2J_2.jpg!m_fill,w_280,h_210,f_jpg?from=ke.com
20231212,大兴,枣园,101119510776,枣园丽园A区南北通透精装修错层三居,650万,46871元/平,底层 (共7层) | 2003年 | 3室2厅 | 138.68平米 | 南 北,https://ke-image.ljcdn.com/110000-inspection/pc1_rUNbAlo6L_2.jpg!m_fill,w_280,h_210,f_jpg?from=ke.com
20231212,大兴,枣园,101119507587,枣园北里 满五年家庭唯一 南北通透两居 交通便利房主自荐,251万,31541元/平,高楼层 (共6层) | 1995年 | 2室2厅 | 79.58平米 | 南 北,https://ke-image.ljcdn.com/110000-inspection/bfb4effc-0f2a-41e2-a964-926478956439_1000.jpg!m_fill,w_280,h_210,f_jpg?from=ke.com
20231212,大兴,枣园,101119507176,彩虹新城 2室1厅 南 北,400万,43465元/平,低楼层 (共18层) | 2008年 | 2室1厅 | 92.03平米 | 南 北,https://ke-image.ljcdn.com/110000-inspection/34dab730-6b19-4026-90b1-633590e2de87_1000.jpg!m_fill,w_280,h_210,f_jpg?from=ke.com
20231212,大兴,枣园,101119495973,滨河坊 明厅两居室 房龄新 满五年唯一 近地铁房主自荐,266万,33791元/平,顶层 (共6层) | 2005年 | 2室1厅 | 78.72平米 | 东 西,https://ke-image.ljcdn.com/110000-inspection/pc1_HClm0AuIq.jpg!m_fill,w_280,h_210,f_jpg?from=ke.com
20231212,大兴,枣园,101119491262,那尔水晶城 南北通透H户型2居室简单装修直达地下车库,560万,48641元/平,低楼层 (共12层) 2室2厅 | 115.13平米 | 南 北,https://ke-image.ljcdn.com/110000-inspection/pc1_p9VOCeOJm.jpg!m_fill,w_280,h_210,f_jpg?from=ke.com
20231212,大兴,枣园,101119482406,康庄路52号院 南向两居室 精装修 满五唯一房主自荐,319万,36366元/平,高楼层 (共18层) | 2010年 | 2室1厅 | 87.72平米 | 南,https://ke-image.ljcdn.com/110000-inspection/dde0a841-1d34-4704-9eb2-747e04498c76_1000.jpg!m_fill,w_280,h_210,f_jpg?from=ke.com
20231212,大兴,枣园,101119472632,首座御园一区二期精装大两居电梯房小高层,358万,38118元/平,高楼层 (共15层) | 2015年 | 2室2厅 | 93.92平米 | 西南,https://ke-image.ljcdn.com/110000-inspection/b9e1aec1-fa83-499d-a070-4cd61c7fb43a_1000.jpg!m_fill,w_280,h_210,f_jpg?from=ke.com
20231212,大兴,枣园,101119470659,兴盛街187号院纯南户型离小区近,318万,36067元/平,顶层 (共12层) 2室1厅 | 88.17平米 | 南,https://ke-image.ljcdn.com/110000-inspection/pc1_2ltfkMFud_2.jpg!m_fill,w_280,h_210,f_jpg?from=ke.com
20231212,大兴,枣园,101119468388,此房满五年唯一住房一梯两户电梯房采光好,315万,39321元/平,低楼层 (共18层) 2室1厅 | 80.11平米 | 南 北,https://ke-image.ljcdn.com/110000-inspection/402598d4-aedc-4862-9640-c45f94ce6ab4_1000.jpg!m_fill,w_280,h_210,f_jpg?from=ke.com
20231212,大兴,枣园,101119464790,盛嘉华苑 3室1厅 南 北,310万,35425元/平,高楼层 (共17层) 3室1厅 | 87.51平米 | 南 北,https://ke-image.ljcdn.com/110000-inspection/e6d4deaa-548a-4f33-ae84-861a1b9a2fd9_1000.jpg!m_fill,w_280,h_210,f_jpg?from=ke.com
20231212,大兴,枣园,101119464215,兴华园 2室2厅 南 北,310万,40376元/平,高楼层 (共6层) | 1996年 | 2室2厅 | 76.78平米 | 南 北,https://ke-image.ljcdn.com/110000-inspection/e7ecb20e-02ec-4d79-8a8f-929407fc7772_1000.jpg!m_fill,w_280,h_210,f_jpg?from=ke.com
20231212,大兴,枣园,101119456790,新居里 2室2厅 北 南,300万,31848元/平,底层 (共6层) | 2002年 | 2室2厅 | 94.2平米 | 北 南,https://ke-image.ljcdn.com/110000-inspection/ec145efc-4c9d-4327-bf73-fc1dcb24997f_1000.jpg!m_fill,w_280,h_210,f_jpg?from=ke.com
20231212,大兴,枣园,101119454042,双河北里尚城双通透的两居采光好户型方正。房主自荐,360万,40414元/平,中楼层 (共12层) 2室1厅 | 89.08平米 | 南 北,https://ke-image.ljcdn.com/110000-inspection/pc1_yQ8XtBVwL.jpg!m_fill,w_280,h_210,f_jpg?from=ke.com
20231212,大兴,枣园,101119449407,双河南里尚城北区 2室1厅 南 北,329万,40683元/平,中楼层 (共18层) | 2019年 | 2室1厅 | 80.87平米 | 南 北,https://ke-image.ljcdn.com/110000-inspection/b3a00064-5f51-48be-a498-f506b655127c_1000.jpg!m_fill,w_280,h_210,f_jpg?from=ke.com
20231212,大兴,枣园,101119448562,首开康乃馨城 2室1厅 南 北,315万,36539元/平,中楼层 (共16层) 2室1厅 | 86.21平米 | 南 北,https://ke-image.ljcdn.com/110000-inspection/pc1_jqERzW3WK_2.jpg!m_fill,w_280,h_210,f_jpg?from=ke.com
20231212,大兴,枣园,101119448028,枣园小区 全南向一居室 中间楼层 满五年 购房成本低,195万,42447元/平,中楼层 (共6层) | 1994年 | 1室1厅 | 45.94平米 | 南,https://ke-image.ljcdn.com/110000-inspection/d7493f04-0c2c-452f-80e4-d2ac52dac055_1000.jpg!m_fill,w_280,h_210,f_jpg?from=ke.com
20231212,大兴,枣园,101119443412,满五唯一中间楼层精装修H户型南北通透不临街不把边房主自荐,385万,42373元/平,中楼层 (共6层) 2室2厅 | 90.86平米 | 南 北,https://ke-image.ljcdn.com/110000-inspection/09620d47-1482-4d80-8014-b5637859ae36_1000.jpg!m_fill,w_280,h_210,f_jpg?from=ke.com
20231212,大兴,枣园,101119435859,首开康乃馨城 1室1厅 南,249万,33841元/平,高楼层 (共9层) | 2012年 | 1室1厅 | 73.58平米 | 南,https://ke-image.ljcdn.com/110000-inspection/b7e203bf-4af6-43dc-8264-e74b9e1936c7_1000.jpg!m_fill,w_280,h_210,f_jpg?from=ke.com
20231212,大兴,枣园,101119428105,房子满五唯一电梯房正规两居室采光充足。,251万,34693元/平,低楼层 (共17层) 2室1厅 | 72.35平米 | 南,https://ke-image.ljcdn.com/110000-inspection/pc1_qhxuwLxKI_2.jpg!m_fill,w_280,h_210,f_jpg?from=ke.com
20231212,大兴,枣园,101119424768,先锋公寓 电梯房 看房有钥匙 满五年 诚意出售,320万,23766元/平,中楼层 (共15层) 3室1厅 | 134.65平米 | 东 西北,https://ke-image.ljcdn.com/110000-inspection/pc1_5KbjyNZXu.jpg!m_fill,w_280,h_210,f_jpg?from=ke.com
20231212,大兴,枣园,101119383049,中建国际港南北三居室中间楼层诚心出售,685万,55773元/平,中楼层 (共34层) | 2013年 | 3室2厅 | 122.82平米 | 南 北,https://ke-image.ljcdn.com/110000-inspection/pc1_IPrqtdc80_2.jpg!m_fill,w_280,h_210,f_jpg?from=ke.com
20231212,大兴,枣园,101119382818,康宜家园南区正规三居室南北通透带电梯。房主自荐,249万,33223元/平,低楼层 (共17层) 3室1厅 | 74.95平米 | 南 北,https://ke-image.ljcdn.com/110000-inspection/f16b6be7-074e-430b-9431-eaf3edda0494_1000.jpg!m_fill,w_280,h_210,f_jpg?from=ke.com
20231212,大兴,枣园,101119381517,清源西里 正规两居室 满五年唯一 看房方便,260万,44743元/平,高楼层 (共6层) | 1990年 | 2室1厅 | 58.11平米 | 西南 南,https://ke-image.ljcdn.com/110000-inspection/pc1_i1sBUsgfe.jpg!m_fill,w_280,h_210,f_jpg?from=ke.com
20231212,大兴,枣园,101119380777,枣园小区 2室2厅 南 北,445万,42021元/平,中楼层 (共6层) | 1999年 | 2室2厅 | 105.9平米 | 南 北,https://ke-image.ljcdn.com/110000-inspection/a56ad3c5-1eeb-4321-b9b1-01ee39660e45_1000.jpg!m_fill,w_280,h_210,f_jpg?from=ke.com
20231212,大兴,枣园,101119372877,丽园C区 低楼层 满五唯一 有钥匙不临街,460万,46283元/平,低楼层 (共6层) | 2008年 | 2室1厅 | 99.39平米 | 南 北,https://ke-image.ljcdn.com/110000-inspection/704e13af-4254-4439-bc62-89991942f25c_1000.jpg!m_fill,w_280,h_210,f_jpg?from=ke.com
20231212,大兴,枣园,101119370965,先锋公寓电梯房 不吵 安静 双卫,450万,26890元/平,低楼层 (共15层) | 2003年 | 3室2厅 | 167.35平米 | 南 北,https://ke-image.ljcdn.com/110000-inspection/pc1_Fq4c0KsAO.jpg!m_fill,w_280,h_210,f_jpg?from=ke.com
20231212,大兴,枣园,101119370310,盛嘉华苑社区 干净一居 近公园 宜居 有电梯,205万,35622元/平,中楼层 (共11层) 1室1厅 | 57.55平米 | 东,https://ke-image.ljcdn.com/110000-inspection/pc1_i4jUYY6Wz.jpg!m_fill,w_280,h_210,f_jpg?from=ke.com
20231212,大兴,枣园,101119350069,那尔水晶城 满五唯一 户型房子 无浪费,710万,46813元/平,高楼层 (共11层) | 2003年 | 3室2厅 | 151.67平米 | 南 北,https://ke-image.ljcdn.com/110000-inspection/pc1_UCKCxbDHG.jpg!m_fill,w_280,h_210,f_jpg?from=ke.com
20231212,大兴,枣园,101119347633,康乃馨城商品房满二年精装两居室房主自荐,277万,36290元/平,底层 (共9层) | 2012年 | 2室1厅 | 76.33平米 | 南,https://ke-image.ljcdn.com/110000-inspection/e001d530-05b2-439f-afeb-868d3eac9a99_1000.jpg!m_fill,w_280,h_210,f_jpg?from=ke.com
20231212,大兴,枣园,101119340447,房子满二年电梯房正规两居室采光充足。,258万,37075元/平,高楼层 (共15层) | 2012年 | 2室2厅 | 69.59平米 | 南,https://ke-image.ljcdn.com/110000-inspection/pc1_mKEnzAtE3_2.jpg!m_fill,w_280,h_210,f_jpg?from=ke.com
20231212,大兴,枣园,101119339870,枣园小区精装两居 中楼层 双卧朝南 近地铁  满五唯一,290万,40920元/平,中楼层 (共6层) | 1996年 | 2室1厅 | 70.87平米 | 南 北,https://ke-image.ljcdn.com/110000-inspection/1a068371-2ac5-49d9-96a2-4a1ac42d2780_1000.jpg!m_fill,w_280,h_210,f_jpg?from=ke.com
20231212,大兴,枣园,101119335096,丽园C区枣园商圈满五年唯一产权清晰,455万,43784元/平,高楼层 (共10层) | 2008年 | 2室1厅 | 103.92平米 | 南 北,https://ke-image.ljcdn.com/110000-inspection/ce867dbf-d990-447f-93fa-386ae3304f70_1000.jpg!m_fill,w_280,h_210,f_jpg?from=ke.com
20231212,大兴,枣园,101119332751,丽园C区满五年唯一南北通透二居业主诚心出售,445万,44950元/平,高楼层 (共6层) | 2008年 | 2室2厅 | 99平米 | 南 北,https://ke-image.ljcdn.com/110000-inspection/pc1_FmNLID2EB_2.jpg!m_fill,w_280,h_210,f_jpg?from=ke.com
20231212,大兴,枣园,101119306491,盛嘉华苑南北向两居室高楼层视野好电梯房,262万,33794元/平,高楼层 (共15层) | 2012年 | 2室1厅 | 77.53平米 | 南 北,https://ke-image.ljcdn.com/110000-inspection/pc1_Ga8BJOTvr.jpg!m_fill,w_280,h_210,f_jpg?from=ke.com
20231212,大兴,枣园,101119300580,新居里 2室1厅 南 北,288万,34960元/平,中楼层 (共6层) | 2003年 | 2室1厅 | 82.38平米 | 南 北,https://ke-image.ljcdn.com/110000-inspection/70807956-76b7-4bf7-bb42-43714645b2a9_1000.jpg!m_fill,w_280,h_210,f_jpg?from=ke.com
20231212,大兴,枣园,101119289200,首座三期2015年电梯两居室中间楼层业主诚心出售；房主自荐,339万,35961元/平,中楼层 (共12层) | 2015年 | 2室2厅 | 94.27平米 | 西南,https://ke-image.ljcdn.com/110000-inspection/f96dd889-0ccd-4f1a-bf34-ccbd026bf699_1000.jpg!m_fill,w_280,h_210,f_jpg?from=ke.com
20231212,大兴,枣园,101119281548,康宜家园南区正规纯南朝向两居室满五年唯一,235万,32946元/平,中楼层 (共15层) 2室1厅 | 71.33平米 | 南,https://ke-image.ljcdn.com/110000-inspection/e97f4ec0-88d3-45c9-b32b-90b599d68b09_1000.jpg!m_fill,w_280,h_210,f_jpg?from=ke.com
20231212,大兴,枣园,101119280841,首座御园二区二期 电梯房 看房方便有钥匙,445万,36398元/平,高楼层 (共14层) | 2015年 | 3室1厅 | 122.26平米 | 西南,https://ke-image.ljcdn.com/110000-inspection/ec2a6ea0-fbe0-4ee0-81fa-916eaaac4563_1000.jpg!m_fill,w_280,h_210,f_jpg?from=ke.com
20231212,大兴,枣园,101119275960,枣园东里 南北通透三居 精装修 采光好,308万,35160元/平,顶层 (共6层) | 1996年 | 3室1厅 | 87.6平米 | 南 北,https://ke-image.ljcdn.com/110000-inspection/574df113-98cf-47ae-9eea-e741b169a133_1000.jpg!m_fill,w_280,h_210,f_jpg?from=ke.com
20231212,大兴,枣园,101119274829,枣园东里 近地铁 中间楼层 满五唯一商品房 看房方便房主自荐,310万,40208元/平,中楼层 (共6层) | 1997年 | 2室1厅 | 77.1平米 | 南 北,https://ke-image.ljcdn.com/110000-inspection/pc1_LWJhGHrEV_2.jpg!m_fill,w_280,h_210,f_jpg?from=ke.com
20231212,大兴,枣园,101119257282,枣园小区2居 中楼层 看房方便,286万,38416元/平,中楼层 (共5层) 2室2厅 | 74.45平米 | 南 北,https://ke-image.ljcdn.com/110000-inspection/7cb0754e-a842-40a9-80a7-409ce01927bd_1000.jpg!m_fill,w_280,h_210,f_jpg?from=ke.com
20231212,大兴,枣园,101119242634,滨河西里南区 2居室 全明户型 满五年唯一 近地铁,218万,34903元/平,顶层 (共6层) | 1995年 | 2室1厅 | 62.46平米 | 南 北,https://ke-image.ljcdn.com/110000-inspection/0371d707-dd79-4dda-bc80-5ab47f0e967b_1000.jpg!m_fill,w_280,h_210,f_jpg?from=ke.com
20231212,大兴,枣园,101119234800,满五唯一南北通透高楼层全明格局远离高铁,293万,34118元/平,顶层 (共21层) | 2010年 | 2室1厅 | 85.88平米 | 南 北,https://ke-image.ljcdn.com/110000-inspection/0137275b-3b00-4184-beaf-6295b457b3b0_1000.jpg!m_fill,w_280,h_210,f_jpg?from=ke.com
20231212,大兴,枣园,101119234180,团河苑小区南向一居室满五唯一产权清晰业主急售,145万,38199元/平,中楼层 (共4层) 1室1厅 | 37.96平米 | 南,https://ke-image.ljcdn.com/110000-inspection/5f5778f3-35d3-46df-87ba-a03cae7db2ae_1000.jpg!m_fill,w_280,h_210,f_jpg?from=ke.com
20231212,大兴,枣园,101119225431,满五唯一  南北通透  采光充足,234万,26408元/平,顶层 (共6层) 2室1厅 | 88.61平米 | 南 北,https://ke-image.ljcdn.com/110000-inspection/0c9d297f-429b-4885-ba83-0c075155216c_1000.jpg!m_fill,w_280,h_210,f_jpg?from=ke.com
20231212,大兴,枣园,101119224998,枣园东里 近地铁 满五年 精装修两居,285万,36965元/平,高楼层 (共6层) 2室1厅 | 77.1平米 | 南 北,https://ke-image.ljcdn.com/110000-inspection/65c2a089-9490-46d8-af91-ce44b657a3e0_1000.jpg!m_fill,w_280,h_210,f_jpg?from=ke.com
20231212,大兴,枣园,101119222947,团河苑 南北通透户型 看房方便,190万,29513元/平,顶层 (共6层) | 1996年 | 2室1厅 | 64.38平米 | 南 北,https://ke-image.ljcdn.com/110000-inspection/c1257539-1fc3-4158-a601-de134b6c22ad_1000.jpg!m_fill,w_280,h_210,f_jpg?from=ke.com
20231212,大兴,枣园,101119218923,兴华园小区满五年唯一看房方便随时签约,375万,43686元/平,底层 (共6层) | 2000年 | 3室1厅 | 85.84平米 | 东南 北,https://ke-image.ljcdn.com/110000-inspection/pc1_yZWwrzi2q.jpg!m_fill,w_280,h_210,f_jpg?from=ke.com
20231212,大兴,枣园,101119212506,清源西里 正规两居室 中间楼层 满五年唯一,350万,43350元/平,中楼层 (共6层) 2室1厅 | 80.74平米 | 南 北,https://ke-image.ljcdn.com/110000-inspection/55a042ab-ccd6-4f42-82ca-623dc4cd2335_1000.jpg!m_fill,w_280,h_210,f_jpg?from=ke.com
20231212,大兴,枣园,101119208820,满五唯一 纯南向 近地铁 格局方正,210万,49905元/平,底层 (共6层) | 1992年 | 1室1厅 | 42.08平米 | 南,https://ke-image.ljcdn.com/110000-inspection/3d78c527-4712-4fad-91a5-17b65564d261_1000.jpg!m_fill,w_280,h_210,f_jpg?from=ke.com
20231212,大兴,枣园,101119207978,康庄路50号院 南北通透两居室客厅带窗户,375万,41881元/平,高楼层 (共15层) | 2012年 | 2室1厅 | 89.54平米 | 南 北,https://ke-image.ljcdn.com/110000-inspection/pc1_Y9bdagS15_2.jpg!m_fill,w_280,h_210,f_jpg?from=ke.com
20231212,大兴,枣园,101119203499,红木林南区4居室全明格局南北通透,719万,65531元/平,低楼层 (共28层) 4室2厅 | 109.72平米 | 南 北,https://ke-image.ljcdn.com/110000-inspection/e0f0e247-a567-4ccc-b3e9-dfcc4fbf4abd_1000.jpg!m_fill,w_280,h_210,f_jpg?from=ke.com
20231212,大兴,枣园,101119200399,首座御园一区二期 纯毛坯房 东南三居室,405万,34536元/平,低楼层 (共15层) | 2015年 | 3室1厅 | 117.27平米 | 东南,https://ke-image.ljcdn.com/110000-inspection/pc1_2aZu1pPXQ.jpg!m_fill,w_280,h_210,f_jpg?from=ke.com
20231212,大兴,枣园,101119189764,滨河东里南区 南北通透两居室  中间楼层 诚心出售,209万,36629元/平,中楼层 (共6层) | 1990年 | 2室1厅 | 57.06平米 | 南 北,https://ke-image.ljcdn.com/110000-inspection/da8b206c-7950-41d1-a022-558c3de42c4f_1000.jpg!m_fill,w_280,h_210,f_jpg?from=ke.com
20231212,大兴,枣园,101119186329,首座御园一区二期两居室全明格局精装修诚心卖,289万,31527元/平,低楼层 (共12层) | 2015年 | 2室1厅 | 91.67平米 | 东北,https://ke-image.ljcdn.com/110000-inspection/pc1_TsqZQf58S.jpg!m_fill,w_280,h_210,f_jpg?from=ke.com
20231212,大兴,枣园,101119183367,康庄路52号院 南向两居室 精装修 满五唯一房主自荐,284万,32521元/平,高楼层 (共21层) | 2010年 | 2室2厅 | 87.33平米 | 南,https://ke-image.ljcdn.com/110000-inspection/pc1_lKXEnGKih_2.jpg!m_fill,w_280,h_210,f_jpg?from=ke.com
20231212,大兴,枣园,101119176038,双河北里 2室2厅 南 北,370万,38047元/平,底层 (共6层) | 2002年 | 2室2厅 | 97.25平米 | 南 北,https://ke-image.ljcdn.com/110000-inspection/pc1_XlNau4iNA.jpg!m_fill,w_280,h_210,f_jpg?from=ke.com
20231212,大兴,枣园,101119172458,红木林南区  精装修三居室 满五年唯一  高楼层采光好,732万,66413元/平,高楼层 (共28层) | 2013年 | 3室2厅 | 110.22平米 | 东南 北,https://ke-image.ljcdn.com/110000-inspection/911efc77-f6ff-4cf5-b7c0-42699e6b4c85_1000.jpg!m_fill,w_280,h_210,f_jpg?from=ke.com
20231212,大兴,枣园,101119169771,滨河西里中区 南北通透 两居室 中间楼层,265万,38630元/平,中楼层 (共6层) 2室1厅 | 68.6平米 | 南 北,https://ke-image.ljcdn.com/110000-inspection/0eeff850-081c-43a2-ba31-e1d02af23672_1000.jpg!m_fill,w_280,h_210,f_jpg?from=ke.com
20231212,大兴,枣园,101119168996,滨河西里南区 精装修 满五年唯一 业主诚心卖,235万,31680元/平,顶层 (共6层) | 1995年 | 2室1厅 | 74.18平米 | 东 西,https://ke-image.ljcdn.com/110000-inspection/pc1_zO0nqmTAX_1.jpg!m_fill,w_280,h_210,f_jpg?from=ke.com
20231212,大兴,枣园,101119166772,红木林北区  精装修  南北通透  采光好满五唯一 诚售房主自荐,486万,62995元/平,高楼层 (共21层) | 2013年 | 2室1厅 | 77.15平米 | 南 北,https://ke-image.ljcdn.com/110000-inspection/d751f1a4-1a6f-4253-8a9e-5f3fe7a44cc5_1000.jpg!m_fill,w_280,h_210,f_jpg?from=ke.com
20231212,大兴,枣园,101119163366,滨河西里低楼层南北通透不临街不把边满五唯一,320万,43645元/平,低楼层 (共7层) | 1998年 | 2室1厅 | 73.32平米 | 南 北,https://ke-image.ljcdn.com/110000-inspection/b54725b8-9b88-4284-a9c0-eb2990462061_1000.jpg!m_fill,w_280,h_210,f_jpg?from=ke.com
20231212,大兴,枣园,101119148378,那尔水晶城社区 南北通透 三居室 精装修 有电梯,660万,43790元/平,低楼层 (共15层) | 2005年 | 3室2厅 | 150.72平米 | 南 北,https://ke-image.ljcdn.com/110000-inspection/pc1_8EfPyK0Vh.jpg!m_fill,w_280,h_210,f_jpg?from=ke.com
20231212,大兴,枣园,101119140492,格局方正满五唯一采光充足视野开阔。,255万,44903元/平,高楼层 (共6层) 2室1厅 | 56.79平米 | 南 北 东,https://ke-image.ljcdn.com/110000-inspection/pc1_jvoIoIk54_2.jpg!m_fill,w_280,h_210,f_jpg?from=ke.com
20231212,大兴,枣园,101119139785,康泰园 满五年唯一 精装修 南北朝向,329万,40804元/平,顶层 (共18层) 2室1厅 | 80.63平米 | 南 北,https://ke-image.ljcdn.com/110000-inspection/863e5739-80c1-496b-9e29-5faf58614a18_1000.jpg!m_fill,w_280,h_210,f_jpg?from=ke.com
20231212,大兴,枣园,101119139634,兴盛街187号院 南北两居室 落地窗 满五年唯一,340万,40328元/平,高楼层 (共12层) | 2009年 | 2室1厅 | 84.31平米 | 南 北,https://ke-image.ljcdn.com/110000-inspection/ddd3d474-1028-45ce-bcdf-d4f968db6a52_1000.jpg!m_fill,w_280,h_210,f_jpg?from=ke.com
20231212,大兴,枣园,101119135951,中建国际港南北三居中高楼层采光好房主自荐,728万,53271元/平,中楼层 (共29层) 3室2厅 | 136.66平米 | 南 北,https://ke-image.ljcdn.com/110000-inspection/pc1_kMwdpKCu6.jpg!m_fill,w_280,h_210,f_jpg?from=ke.com
20231212,大兴,枣园,101119131200,双河北里 3室1厅 南 北房主自荐,359万,34123元/平,中楼层 (共6层) 3室1厅 | 105.21平米 | 南 北,https://ke-image.ljcdn.com/110000-inspection/pc1_J4txJwaY9.jpg!m_fill,w_280,h_210,f_jpg?from=ke.com
20231212,大兴,枣园,101119130603,枣园北里 东西通透 自住装修 业主诚意出售,266万,27580元/平,顶层 (共6层) | 2000年 | 2室1厅 | 96.45平米 | 东 西,https://ke-image.ljcdn.com/110000-inspection/pc1_XjkXVigHk_2.jpg!m_fill,w_280,h_210,f_jpg?from=ke.com
20231212,大兴,枣园,101119116036,满五年中间层采光好小区正在改造,329万,40167元/平,中楼层 (共6层) 3室1厅 | 81.91平米 | 南 北,https://ke-image.ljcdn.com/110000-inspection/e3227c18-9316-4e05-bf32-6799ef570050_1000.jpg!m_fill,w_280,h_210,f_jpg?from=ke.com
20231212,大兴,枣园,101119115458,康庄路52号院 东北向 诚心出售 看房方便,238万,35726元/平,低楼层 (共21层) 1室1厅 | 66.62平米 | 东北,https://ke-image.ljcdn.com/110000-inspection/983a9ff2-e8cf-4285-a1d3-99029bf40021_1000.jpg!m_fill,w_280,h_210,f_jpg?from=ke.com
20231212,大兴,枣园,101119114294,中间国际港高层南向两居室 近地铁 无遮挡 采光好,459万,51498元/平,中楼层 (共34层) 2室1厅 | 89.13平米 | 南,https://ke-image.ljcdn.com/110000-inspection/a03fb2d2-7b25-4763-97aa-e994de04a28e_1000.jpg!m_fill,w_280,h_210,f_jpg?from=ke.com
20231212,大兴,枣园,101119110190,清源西里 三居室 南北通透 看房方便,328万,39748元/平,顶层 (共6层) 3室2厅 | 82.52平米 | 南 北,https://ke-image.ljcdn.com/110000-inspection/00245029-9618-47a3-9eee-dd64603839ed_1000.jpg!m_fill,w_280,h_210,f_jpg?from=ke.com
20231212,大兴,枣园,101119107228,次顶层采光视野好精装修拎包入住看房方便诚心出售,465万,53332元/平,高楼层 (共33层) 2室1厅 | 87.19平米 | 南,https://ke-image.ljcdn.com/110000-inspection/51091790-ee75-4532-9855-c9a7cddbacf8_1000.jpg!m_fill,w_280,h_210,f_jpg?from=ke.com
20231212,大兴,枣园,101119105982,中建国际港3居室全明格局人车分流2015年房房主自荐,747万,54630元/平,中楼层 (共33层) 3室2厅 | 136.74平米 | 南 北,https://ke-image.ljcdn.com/110000-inspection/pc1_MIws0i4OX_2.jpg!m_fill,w_280,h_210,f_jpg?from=ke.com
20231212,大兴,枣园,101119078167,首座御园一区二期 2室1厅 东南,315万,33422元/平,底层 (共12层) 2室1厅 | 94.25平米 | 东南,https://ke-image.ljcdn.com/110000-inspection/pc1_pLnQTM3Yo.jpg!m_fill,w_280,h_210,f_jpg?from=ke.com
20231212,大兴,枣园,101119069177,新安里三居室 精装修三层价格可谈,350万,34917元/平,中楼层 (共6层) | 1996年 | 3室2厅 | 100.24平米 | 南 北,https://ke-image.ljcdn.com/110000-inspection/f752f7a3-8b1a-42aa-870f-8d540ea086cb_1000.jpg!m_fill,w_280,h_210,f_jpg?from=ke.com
20231212,大兴,枣园,101119057074,首开康乃馨城 3室1厅 南 北,399万,44636元/平,顶层 (共9层) | 2012年 | 3室1厅 | 89.39平米 | 南 北,https://ke-image.ljcdn.com/110000-inspection/pc1_kRZgTRPpD_1.jpg!m_fill,w_280,h_210,f_jpg?from=ke.com
20231212,大兴,枣园,101119054120,清源佳园两居室南北双通透,320万,40451元/平,底层 (共18层) | 2016年 | 2室1厅 | 79.11平米 | 南 北,https://ke-image.ljcdn.com/110000-inspection/pc1_grOzNg0iR.jpg!m_fill,w_280,h_210,f_jpg?from=ke.com
20231212,大兴,枣园,101119046256,那尔水晶城南北双通透大两居楼层好 诚心出售,520万,44536元/平,中楼层 (共15层) 2室2厅 | 116.76平米 | 南 北,https://ke-image.ljcdn.com/110000-inspection/8cca3619-73bf-4289-bfb2-899868d171a1_1000.jpg!m_fill,w_280,h_210,f_jpg?from=ke.com
20231212,大兴,枣园,101119034100,盛嘉华苑 3室1厅 南 北,340万,38844元/平,低楼层 (共11层) | 2012年 | 3室1厅 | 87.53平米 | 南 北,https://ke-image.ljcdn.com/110000-inspection/4e7bd011-5df5-4b9d-b410-19e427157aaa_1000.jpg!m_fill,w_280,h_210,f_jpg?from=ke.com
20231212,大兴,枣园,101119031622,滨河西里南区 中间楼层的两居室 全明户型,215万,37457元/平,中楼层 (共6层) | 1993年 | 2室1厅 | 57.4平米 | 南 北,https://ke-image.ljcdn.com/110000-inspection/pc1_Ae0EcVsOC_2.jpg!m_fill,w_280,h_210,f_jpg?from=ke.com
20231212,大兴,枣园,101119024472,双河北里 2室1厅 南 北,288万,35080元/平,中楼层 (共6层) | 2000年 | 2室1厅 | 82.1平米 | 南 北,https://ke-image.ljcdn.com/110000-inspection/pc1_DV0TkmBic.jpg!m_fill,w_280,h_210,f_jpg?from=ke.com
20231212,大兴,枣园,101119001775,枣园小区 2室2厅 南 北,276万,37072元/平,底层 (共5层) 2室2厅 | 74.45平米 | 南 北,https://ke-image.ljcdn.com/110000-inspection/2fe29224-6a18-475d-a178-fdb713291791_1000.jpg!m_fill,w_280,h_210,f_jpg?from=ke.com
20231212,大兴,枣园,101119001535,枣园小区两居室近地铁中间层南北通透随时可看,255万,38456元/平,中楼层 (共5层) | 1995年 | 2室1厅 | 66.31平米 | 南 北,https://ke-image.ljcdn.com/110000-inspection/pc1_pVb7jnO9K_2.jpg!m_fill,w_280,h_210,f_jpg?from=ke.com
20231212,大兴,枣园,101118996693,中建国际港精装修两居室业主自住位置好视野好。,485万,54489元/平,低楼层 (共34层) 2室1厅 | 89.01平米 | 南,https://ke-image.ljcdn.com/110000-inspection/edddd411-3c00-4fe0-bf68-90fcb2f9d5b6_1000.jpg!m_fill,w_280,h_210,f_jpg?from=ke.com
20231212,大兴,枣园,101118989026,兴盛街187号院满五年唯一中间楼层无抵押交通便利,370万,41965元/平,低楼层 (共12层) | 2009年 | 2室1厅 | 88.17平米 | 南,https://ke-image.ljcdn.com/110000-inspection/8a699241-846e-4071-9c99-d73fac6da2d8_1000.jpg!m_fill,w_280,h_210,f_jpg?from=ke.com
20231212,大兴,枣园,101118986272,枣园东里满五年商品房户型方正楼层好,275万,38602元/平,顶层 (共6层) | 1996年 | 2室1厅 | 71.24平米 | 南 北,https://ke-image.ljcdn.com/110000-inspection/474eb3f0-3ea2-4e74-82ba-052aed13c785_1000.jpg!m_fill,w_280,h_210,f_jpg?from=ke.com
20231212,大兴,枣园,101118985429,房子前后无遮挡采光充足户型好,250万,32321元/平,中楼层 (共6层) 2室1厅 | 77.35平米 | 南 北,https://ke-image.ljcdn.com/110000-inspection/4ed702ea-93fa-4b0e-b35c-422f751db6cd_1000.jpg!m_fill,w_280,h_210,f_jpg?from=ke.com
20231212,大兴,枣园,101118981992,兴华园2002年商品房社区满五年唯一看房方便房主自荐,428万,43589元/平,低楼层 (共10层) | 2002年 | 2室2厅 | 98.19平米 | 南,https://ke-image.ljcdn.com/110000-inspection/c486eae0-7b0c-48ca-8f5c-b99799a271e3_1000.jpg!m_fill,w_280,h_210,f_jpg?from=ke.com
20231212,大兴,枣园,101118968447,丽园B区 2室1厅 南 北,588万,50655元/平,中楼层 (共11层) | 2005年 | 2室1厅 | 116.08平米 | 南 北,https://ke-image.ljcdn.com/110000-inspection/a053c382-3b8b-4649-83d2-f4adcab7051d_1000.jpg!m_fill,w_280,h_210,f_jpg?from=ke.com
20231212,大兴,枣园,101118960027,首邑溪谷 平层三居 远离高铁 满五唯一 诚心出售,405万,45071元/平,低楼层 (共27层) | 2012年 | 3室2厅 | 89.86平米 | 东 南,https://ke-image.ljcdn.com/110000-inspection/pc1_d2MvmhJWR.jpg!m_fill,w_280,h_210,f_jpg?from=ke.com
20231212,大兴,枣园,101118953177,枣园北里 2室1厅 北 南,360万,47866元/平,中楼层 (共6层) | 1997年 | 2室1厅 | 75.21平米 | 北 南,https://ke-image.ljcdn.com/110000-inspection/b1a66b1f-3327-4239-b2ad-254e1d60ab55_1000.jpg!m_fill,w_280,h_210,f_jpg?from=ke.com
20231212,大兴,枣园,101118945398,滨河东里南区 楼层好 临地铁  临公园  居住舒适,275万,53753元/平,底层 (共6层) | 1985年 | 2室1厅 | 51.16平米 | 南 北,https://ke-image.ljcdn.com/110000-inspection/pc1_rVKmE4T5r.jpg!m_fill,w_280,h_210,f_jpg?from=ke.com
20231212,大兴,枣园,101118936004,丽园C区 2室1厅 南 北,259万,49808元/平,顶层 (共10层) | 2008年 | 2室1厅 | 52平米 | 南 北,https://ke-image.ljcdn.com/110000-inspection/39f7cde0-3f26-403d-8c1c-59329cbb388e_1000.jpg!m_fill,w_280,h_210,f_jpg?from=ke.com
20231212,大兴,枣园,101118931927,中建国际港四居室  满五唯一  中间楼层,781万,53967元/平,高楼层 (共33层) | 2015年 | 4室1厅 | 144.72平米 | 南 北,https://ke-image.ljcdn.com/110000-inspection/6b50f46f-1b5f-4108-ab84-cd41d41f0223_1000.jpg!m_fill,w_280,h_210,f_jpg?from=ke.com
20231212,大兴,枣园,101118929912,丽园C区 1室1厅 南,300万,47756元/平,低楼层 (共10层) | 2008年 | 1室1厅 | 62.82平米 | 南,https://ke-image.ljcdn.com/110000-inspection/33ef86d5-8bb6-48cf-ab1f-ac8b8352574a_1000.jpg!m_fill,w_280,h_210,f_jpg?from=ke.com
20231212,大兴,枣园,101118929171,滨河西里北区满五年中楼层诚心出售。,296万,35522元/平,中楼层 (共6层) | 1994年 | 3室1厅 | 83.33平米 | 南,https://ke-image.ljcdn.com/110000-inspection/pc1_xv8CWMei3.jpg!m_fill,w_280,h_210,f_jpg?from=ke.com
20231212,大兴,枣园,101118926611,满五唯一 南北通透 中间楼层 诚心出售 价格可议,523万,58150元/平,低楼层 (共33层) 2室2厅 | 89.94平米 | 南 北,https://ke-image.ljcdn.com/110000-inspection/ff97531a-5478-4cf0-a4d4-005a9527251d_1000.jpg!m_fill,w_280,h_210,f_jpg?from=ke.com
20231212,大兴,枣园,101118926483,首座御园一区二期2居室视觉采光好诚心出售,282万,31212元/平,低楼层 (共12层) | 2015年 | 2室1厅 | 90.35平米 | 东,https://ke-image.ljcdn.com/110000-inspection/pc1_q9gRRZSBy.jpg!m_fill,w_280,h_210,f_jpg?from=ke.com
20231212,大兴,枣园,101118910597,一层阳台9.9平米   南北通透  户型方正,210万,37287元/平,底层 (共6层) 2室1厅 | 56.32平米 | 南 北,https://ke-image.ljcdn.com/110000-inspection/cbcedfbe-9887-468b-80b4-57b8c59519a4_1000.jpg!m_fill,w_280,h_210,f_jpg?from=ke.com
20231212,大兴,枣园,101118907650,楼层好 位置好 正规3居 临地铁 临公园 诚意出售,279万,36528元/平,底层 (共6层) | 1991年 | 3室1厅 | 76.38平米 | 东 南 北,https://ke-image.ljcdn.com/110000-inspection/pc1_nrt9ja1Ln.jpg!m_fill,w_280,h_210,f_jpg?from=ke.com
20231212,大兴,枣园,101118906068,房子满五唯一商品房前后无遮挡采光充足户型好,290万,34195元/平,中楼层 (共6层) 2室1厅 | 84.81平米 | 南 北,https://ke-image.ljcdn.com/110000-inspection/9e88a220-c4b3-4403-826d-433cee95430f_1000.jpg!m_fill,w_280,h_210,f_jpg?from=ke.com
20231212,大兴,枣园,101118903632,首邑上城社区 两居室 业主换房诚心出售,470万,50198元/平,低楼层 (共13层) | 2007年 | 2室2厅 | 93.63平米 | 南 北,https://ke-image.ljcdn.com/110000-inspection/pc1_NZXnAl4Ig.jpg!m_fill,w_280,h_210,f_jpg?from=ke.com
20231212,大兴,枣园,101118899567,丽园B区精装修社区中间位置采光好平层大四居,710万,49920元/平,底层 (共7层) 4室1厅 | 142.23平米 | 南 北,https://ke-image.ljcdn.com/110000-inspection/567414e9-9783-45a2-a3b3-b6ce526cda98_1000.jpg!m_fill,w_280,h_210,f_jpg?from=ke.com
20231212,大兴,枣园,101118899412,满五唯一 可当3居 精装修 单独下水地暖 临地铁临公园,300万,43732元/平,底层 (共6层) | 1994年 | 2室1厅 | 68.6平米 | 南 北,https://ke-image.ljcdn.com/110000-inspection/6eec8930-7c02-431b-a0fc-24be4969a4c4_1000.jpg!m_fill,w_280,h_210,f_jpg?from=ke.com
20231212,大兴,枣园,101118896788,首开康乃馨城满五年唯一南向一居产权清晰,220万,35291元/平,低楼层 (共16层) | 2012年 | 1室1厅 | 62.34平米 | 南,https://ke-image.ljcdn.com/110000-inspection/29b1ecf3-082d-470e-8f3f-b95cf892e9d5_1000.jpg!m_fill,w_280,h_210,f_jpg?from=ke.com
20231212,大兴,枣园,101118887862,兴盛街187号院南北通透带落地窗,335万,39777元/平,高楼层 (共12层) 2室1厅 | 84.22平米 | 南 北,https://ke-image.ljcdn.com/110000-inspection/89824bcd-4a1d-4aef-849a-9dbc53f8e199_1000.jpg!m_fill,w_280,h_210,f_jpg?from=ke.com
20231212,大兴,枣园,101118885916,首开康乃馨城 1室1厅 南,276万,37003元/平,顶层 (共9层) 1室1厅 | 74.59平米 | 南,https://ke-image.ljcdn.com/110000-inspection/8c61b18c-47fb-4fd3-bf2c-a2ca62afb8ce_1000.jpg!m_fill,w_280,h_210,f_jpg?from=ke.com
20231212,大兴,枣园,101118883458,枣园北里 3居室 户型方正 南北通透 独立小区 交通便利,430万,38064元/平,中楼层 (共6层) | 2000年 | 3室1厅 | 112.97平米 | 南 北,https://ke-image.ljcdn.com/110000-inspection/6c9057d7-5ec4-4e14-9920-76d969a7729e_1000.jpg!m_fill,w_280,h_210,f_jpg?from=ke.com
20231212,大兴,枣园,101118880354,中建国际港 2室1厅 南,475万,54479元/平,低楼层 (共33层) 2室1厅 | 87.19平米 | 南,https://ke-image.ljcdn.com/110000-inspection/8a8d3d76-18c2-44e2-b7ea-5957ba514006_1000.jpg!m_fill,w_280,h_210,f_jpg?from=ke.com
20231212,大兴,枣园,101118879173,首座御园二区二期南北通透两居急售,325万,35086元/平,底层 (共14层) 2室1厅 | 92.63平米 | 南 北,https://ke-image.ljcdn.com/110000-inspection/pc1_HWCFGErYF.jpg!m_fill,w_280,h_210,f_jpg?from=ke.com
20231212,大兴,枣园,101118873695,首座御园一区二期  南北朝向三居室,400万,34297元/平,顶层 (共12层) | 2015年 | 3室1厅 | 116.63平米 | 南 北,https://ke-image.ljcdn.com/110000-inspection/6d0e9e36-fdbf-4f61-b3b4-272be4d5edc5_1000.jpg!m_fill,w_280,h_210,f_jpg?from=ke.com
20231212,大兴,枣园,101118863579,丽园B区 南北向电梯一居 业主诚心出售,315万,46806元/平,中楼层 (共8层) | 2005年 | 1室1厅 | 67.3平米 | 南 北,https://ke-image.ljcdn.com/110000-inspection/1176e390-86ed-4f5c-a098-18e7db318932_1000.jpg!m_fill,w_280,h_210,f_jpg?from=ke.com
20231212,大兴,枣园,101118854618,滨河西里 南北通透三居室 中间楼层 明厅户型 采光好,388万,38623元/平,中楼层 (共6层) | 1994年 | 3室1厅 | 100.46平米 | 南 北,https://ke-image.ljcdn.com/110000-inspection/pc1_EAy5bpnkS_3.jpg!m_fill,w_280,h_210,f_jpg?from=ke.com
20231212,大兴,枣园,101118853290,兴盛街189号院 满五年唯一 业主诚心出售,395万,46498元/平,中楼层 (共9层) | 2009年 | 2室1厅 | 84.95平米 | 南 北,https://ke-image.ljcdn.com/110000-inspection/f390bb72-32ce-48a0-ad18-3012272c750d_1000.jpg!m_fill,w_280,h_210,f_jpg?from=ke.com
20231212,大兴,枣园,101118844231,中建国际港南北双通透位置好一手房业主,525万,57980元/平,低楼层 (共29层) 2室2厅 | 90.55平米 | 南 北,https://ke-image.ljcdn.com/110000-inspection/0ae0b76f-7063-48b5-9408-885d9208ec00_1000.jpg!m_fill,w_280,h_210,f_jpg?from=ke.com
20231212,大兴,枣园,101118835440,大兴枣园商圈    兴盛街187号院,370万,44259元/平,中楼层 (共16层) 2室1厅 | 83.6平米 | 南 北,https://ke-image.ljcdn.com/110000-inspection/pc1_lBUH3Y8LO_2.jpg!m_fill,w_280,h_210,f_jpg?from=ke.com
20231212,大兴,枣园,101118829677,满五唯一  纯南两居室  前后无遮挡房主自荐,239万,34280元/平,中楼层 (共15层) | 2012年 | 2室2厅 | 69.72平米 | 南,https://ke-image.ljcdn.com/110000-inspection/pc1_cKhrazTf1.jpg!m_fill,w_280,h_210,f_jpg?from=ke.com
20231212,大兴,枣园,101118824825,新居里 2室2厅 南 北,269万,30434元/平,中楼层 (共6层) | 2001年 | 2室2厅 | 88.39平米 | 南 北,https://ke-image.ljcdn.com/110000-inspection/pc1_SNOTjtS4e.jpg!m_fill,w_280,h_210,f_jpg?from=ke.com
20231212,大兴,枣园,101118819768,满五唯一低楼层不临街不把边三卧朝南无遮挡,299万,36500元/平,低楼层 (共6层) | 1994年 | 3室1厅 | 81.92平米 | 东南,https://ke-image.ljcdn.com/110000-inspection/pc1_3oP4UeA1u.jpg!m_fill,w_280,h_210,f_jpg?from=ke.com
20231212,大兴,枣园,101118817016,满五唯一精装修明厅不临街不把边地铁500M康庄公园,297万,40508元/平,中楼层 (共7层) | 1998年 | 2室1厅 | 73.32平米 | 南 北,https://ke-image.ljcdn.com/110000-inspection/pc1_qibhOs5u3.jpg!m_fill,w_280,h_210,f_jpg?from=ke.com
20231212,大兴,枣园,101118809165,地铁200m 满五年  次顶层 南向 大一居室,203万,37775元/平,高楼层 (共6层) 1室1厅 | 53.74平米 | 南,https://ke-image.ljcdn.com/110000-inspection/c2a553c6-642b-405a-bbc5-cdcc29208bd4_1000.jpg!m_fill,w_280,h_210,f_jpg?from=ke.com
20231212,大兴,枣园,101118788808,滨河东里 一层三居室 满五年唯一 全明格局,270万,36765元/平,底层 (共6层) | 1988年 | 3室1厅 | 73.44平米 | 南 北,https://ke-image.ljcdn.com/110000-inspection/f788319b-952d-4f61-a59e-9014fb033a10_1000.jpg!m_fill,w_280,h_210,f_jpg?from=ke.com
20231212,大兴,枣园,101118777779,首座御园一期 高楼层三居室 满五年,568万,47263元/平,高楼层 (共8层) | 2009年 | 3室2厅 | 120.18平米 | 南 北,https://ke-image.ljcdn.com/110000-inspection/1c0de777-e956-42fa-9bab-2b1b4383760f_1000.jpg!m_fill,w_280,h_210,f_jpg?from=ke.com
20231212,大兴,枣园,101118777423,中间位置  俯瞰小区美景  前后绿植环绕  空气清新,499万,51694元/平,低楼层 (共17层) | 2012年 | 3室1厅 | 96.53平米 | 南 北,https://ke-image.ljcdn.com/110000-inspection/014b8f07-5afc-471b-bf63-24dbbab564c7_1000.jpg!m_fill,w_280,h_210,f_jpg?from=ke.com
20231212,大兴,枣园,101118771020,首座御园一区二期 东南向正规两居室 诚心出售,298万,33112元/平,中楼层 (共14层) | 2015年 | 2室1厅 | 90平米 | 东南,https://ke-image.ljcdn.com/110000-inspection/fc61cfe3-7364-4d8e-b70d-70f5ab93a654_1000.jpg!m_fill,w_280,h_210,f_jpg?from=ke.com
20231212,大兴,枣园,101118769420,彩虹新城 高楼层一居室 地铁600m 纯商品房,298万,49453元/平,中楼层 (共17层) | 2007年 | 1室1厅 | 60.26平米 | 西北,https://ke-image.ljcdn.com/110000-inspection/pc1_a4PxlIYIs.jpg!m_fill,w_280,h_210,f_jpg?from=ke.com
20231212,大兴,枣园,101118766380,房源兴盛街187号院南北通透两居采光好,359万,40690元/平,高楼层 (共12层) 2室1厅 | 88.23平米 | 北 南,https://ke-image.ljcdn.com/110000-inspection/pc1_YO7Lslw9x.jpg!m_fill,w_280,h_210,f_jpg?from=ke.com
20231212,大兴,枣园,101118765691,国际港 精装修 视野开阔 急售,478万,54368元/平,高楼层 (共33层) | 2015年 | 2室2厅 | 87.92平米 | 南,https://ke-image.ljcdn.com/110000-inspection/pc1_qQhwHmK0z_2.jpg!m_fill,w_280,h_210,f_jpg?from=ke.com
20231212,大兴,枣园,101118760765,马赛公馆 2室1厅 南 北,570万,53034元/平,低楼层 (共17层) | 2012年 | 2室1厅 | 107.48平米 | 南 北,https://ke-image.ljcdn.com/110000-inspection/91187852-7b88-462d-938f-62228f00077c_1000.jpg!m_fill,w_280,h_210,f_jpg?from=ke.com
20231212,大兴,枣园,101118748102,满五年  01年房龄新 免费停车  近公园  配套齐,300万,35546元/平,中楼层 (共6层) | 2001年 | 2室1厅 | 84.4平米 | 东 西,https://ke-image.ljcdn.com/110000-inspection/5377dca0-abb3-4516-befa-ffd737cee39b_1000.jpg!m_fill,w_280,h_210,f_jpg?from=ke.com
20231212,大兴,枣园,101118747800,那尔水晶城南北通透一居室满五年家庭一套房诚心出售,355万,44565元/平,中楼层 (共16层) | 2005年 | 1室1厅 | 79.66平米 | 南 北,https://ke-image.ljcdn.com/110000-inspection/pc1_UDgvklVfN.jpg!m_fill,w_280,h_210,f_jpg?from=ke.com
20231212,大兴,枣园,101118729388,新居里 2室1厅 南 北,225万,27277元/平,顶层 (共6层) 2室1厅 | 82.49平米 | 南 北,https://ke-image.ljcdn.com/110000-inspection/7bb4f3f9-e9fb-497d-975b-f2008ec0ed0e_1000.jpg!m_fill,w_280,h_210,f_jpg?from=ke.com
20231212,大兴,枣园,101118725922,滨河西里北区 满五唯一 带平台 南北向,289万,32819元/平,顶层 (共7层) | 1997年 | 2室1厅 | 88.06平米 | 南 北,https://ke-image.ljcdn.com/110000-inspection/18d8fa07-2026-4f71-ac8d-4fb25ce9cadf_1000.jpg!m_fill,w_280,h_210,f_jpg?from=ke.com
20231212,大兴,枣园,101118723547,枣园小区 2室1厅 南 北,268万,38150元/平,底层 (共5层) | 1996年 | 2室1厅 | 70.25平米 | 南 北,https://ke-image.ljcdn.com/110000-inspection/576d08d7-5223-4da9-bab3-5d352d3ae377_1000.jpg!m_fill,w_280,h_210,f_jpg?from=ke.com
20231212,大兴,枣园,101118718876,首开康乃馨城高楼层正规一居室商品房。房主自荐,224万,35692元/平,高楼层 (共16层) | 2012年 | 1室1厅 | 62.76平米 | 东南,https://ke-image.ljcdn.com/110000-inspection/19533618-0fdc-4f9b-b743-609e73cad359_1000.jpg!m_fill,w_280,h_210,f_jpg?from=ke.com
20231212,大兴,枣园,101118717359,滨河西里北区 满五唯一 诚心出售 装修好,299万,36701元/平,高楼层 (共6层) | 1995年 | 2室2厅 | 81.47平米 | 南 北,https://ke-image.ljcdn.com/110000-inspection/bc2c8241-150d-4390-930b-ea56ae79ef7b_1000.jpg!m_fill,w_280,h_210,f_jpg?from=ke.com
20231212,大兴,枣园,101118707643,马赛公馆南向满五唯一好位置。房主自荐,415万,49125元/平,底层 (共17层) | 2012年 | 2室1厅 | 84.48平米 | 南,https://ke-image.ljcdn.com/110000-inspection/d31c9064-5251-456d-a285-d5c28f4c4798_1000.jpg!m_fill,w_280,h_210,f_jpg?from=ke.com
20231212,大兴,枣园,101118705458,新安里 3室1厅 南 北 东,266万,29510元/平,顶层 (共6层) | 1998年 | 3室1厅 | 90.14平米 | 南 北 东,https://ke-image.ljcdn.com/110000-inspection/86652a2a-f676-4b5a-b807-28f75febee56_1000.jpg!m_fill,w_280,h_210,f_jpg?from=ke.com
20231212,大兴,枣园,101118704406,滨河西里北区 满五唯一 3室2厅 精装中楼层 南北房主自荐,316万,34806元/平,中楼层 (共6层) | 1994年 | 3室2厅 | 90.79平米 | 南 北,https://ke-image.ljcdn.com/110000-inspection/53ed1e18-8b75-441c-9798-5f6e581e6e04_1000.jpg!m_fill,w_280,h_210,f_jpg?from=ke.com
20231212,大兴,枣园,101118691507,此房是满5年唯一纯南向业主诚心出售,214万,30620元/平,底层 (共17层) 2室1厅 | 69.89平米 | 南,https://ke-image.ljcdn.com/110000-inspection/pc1_00akfhUqy_2.jpg!m_fill,w_280,h_210,f_jpg?from=ke.com
20231212,大兴,枣园,101118689301,丽园B区 4室2厅 南 北,740万,46524元/平,底层 (共11层) | 2005年 | 4室2厅 | 159.06平米 | 南 北,https://ke-image.ljcdn.com/110000-inspection/9f629ab1-6321-478e-b83f-a00e56762d01_1000.jpg!m_fill,w_280,h_210,f_jpg?from=ke.com
20231212,大兴,枣园,101118689200,新居里 2室1厅 南 北,229万,27761元/平,顶层 (共6层) | 2003年 | 2室1厅 | 82.49平米 | 南 北,https://ke-image.ljcdn.com/110000-inspection/pc1_jQla70ogP.jpg!m_fill,w_280,h_210,f_jpg?from=ke.com
20231212,大兴,枣园,101118681967,1997年房  明厨明卫  临地铁 临公园  业主诚售,215万,31702元/平,顶层 (共6层) 2室1厅 | 67.82平米 | 南 北,https://ke-image.ljcdn.com/110000-inspection/pc1_8achAeZJn_2.jpg!m_fill,w_280,h_210,f_jpg?from=ke.com
20231212,大兴,枣园,101118679514,中间楼层满五唯一随时可看不临街不把边价格可谈,206万,34140元/平,中楼层 (共6层) | 1991年 | 2室1厅 | 60.34平米 | 南 北,https://ke-image.ljcdn.com/110000-inspection/pc1_82q9JQAiM.jpg!m_fill,w_280,h_210,f_jpg?from=ke.com
20231212,大兴,枣园,101118674224,首座御园二期北区三期精装修两居南北通透户型,388万,40916元/平,低楼层 (共12层) | 2015年 | 2室1厅 | 94.83平米 | 南 北,https://ke-image.ljcdn.com/110000-inspection/b21b8255-a0cf-4b3c-8e8c-58308f1e9b22_1000.jpg!m_fill,w_280,h_210,f_jpg?from=ke.com
20231212,大兴,枣园,101118673815,滨河东里改造院 低楼层 适合老人孩子居住,215万,38865元/平,底层 (共6层) | 1988年 | 2室1厅 | 55.32平米 | 南 北,https://ke-image.ljcdn.com/110000-inspection/9baf5782-caf9-4861-a64d-d35a47adb813_1000.jpg!m_fill,w_280,h_210,f_jpg?from=ke.com
20231212,大兴,枣园,101118669171,首开康乃馨城满五唯一中间位置正规两居室精装修,310万,35661元/平,低楼层 (共16层) | 2012年 | 2室1厅 | 86.93平米 | 南 北,https://ke-image.ljcdn.com/110000-inspection/pc1_GpELG1Sji_2.jpg!m_fill,w_280,h_210,f_jpg?from=ke.com
20231212,大兴,枣园,101118662690,清源西里 低楼层 满五唯一 近地铁,198万,34604元/平,低楼层 (共6层) | 1990年 | 2室1厅 | 57.22平米 | 东 西,https://ke-image.ljcdn.com/110000-inspection/ab318c28-b591-4406-b1a4-d5339328c5c6_1000.jpg!m_fill,w_280,h_210,f_jpg?from=ke.com
20231212,大兴,枣园,101118651618,丽园C区满5年唯一两居 采光通风好,432万,40175元/平,低楼层 (共10层) | 2008年 | 2室2厅 | 107.53平米 | 南 北,https://ke-image.ljcdn.com/110000-inspection/pc1_huWhkHTI3_2.jpg!m_fill,w_280,h_210,f_jpg?from=ke.com
20231212,大兴,枣园,101118646205,枣园小区南北通透三居双卧朝南客厅朝南户型,459万,41516元/平,中楼层 (共6层) | 1994年 | 3室1厅 | 110.56平米 | 南 北,https://ke-image.ljcdn.com/110000-inspection/6b367ad9-3781-48f5-b314-1a94daee7ebe_1000.jpg!m_fill,w_280,h_210,f_jpg?from=ke.com
20231212,大兴,枣园,101118633451,楼层适中格局方正近地铁交通便利,198万,35175元/平,中楼层 (共4层) 2室1厅 | 56.29平米 | 南,https://ke-image.ljcdn.com/110000-inspection/eeb5e82c-cbab-49ab-bfee-c880bfdd0026_1000.jpg!m_fill,w_280,h_210,f_jpg?from=ke.com
20231212,大兴,枣园,101118629155,枣园东里南北通透一居室满五唯一近地铁低楼层房主自荐,275万,44305元/平,底层 (共6层) | 1999年 | 1室1厅 | 62.07平米 | 南 北,https://ke-image.ljcdn.com/110000-inspection/8983a142-5e01-4002-98e3-310dfa5f14a6_1000.jpg!m_fill,w_280,h_210,f_jpg?from=ke.com
20231212,大兴,枣园,101118628864,枣园小区 2室1厅 北 南,410万,46213元/平,中楼层 (共5层) | 1999年 | 2室1厅 | 88.72平米 | 北 南,https://ke-image.ljcdn.com/110000-inspection/15142e06-72b4-4722-839e-f08c379eabd4_1000.jpg!m_fill,w_280,h_210,f_jpg?from=ke.com
20231212,大兴,枣园,101118620844,彩虹新城 2室1厅 南 北,465万,52513元/平,中楼层 (共11层) | 2009年 | 2室1厅 | 88.55平米 | 南 北,https://ke-image.ljcdn.com/110000-inspection/659d5139-3324-4c4b-b55c-8973d84716a9_1000.jpg!m_fill,w_280,h_210,f_jpg?from=ke.com
20231212,大兴,枣园,101118619748,房本满五年家庭名下唯一住宅 2015年电梯房 诚意出售,272万,29734元/平,底层 (共14层) | 2015年 | 2室1厅 | 91.48平米 | 东北,https://ke-image.ljcdn.com/110000-inspection/pc1_GvLbnGM4S_2.jpg!m_fill,w_280,h_210,f_jpg?from=ke.com
20231212,大兴,枣园,101118618049,清源西里 近地铁 诚心卖 看房方便 价钱可谈,270万,36497元/平,顶层 (共6层) | 1990年 | 2室1厅 | 73.98平米 | 东 西,https://ke-image.ljcdn.com/110000-inspection/pc1_mynRYRFmf_1.jpg!m_fill,w_280,h_210,f_jpg?from=ke.com
20231212,大兴,枣园,101118618894,兴盛街187号院 店长推荐 低楼层 两居室,319万,36156元/平,低楼层 (共12层) 2室1厅 | 88.23平米 | 南 北,https://ke-image.ljcdn.com/110000-inspection/73aad4c9-f42a-473f-8157-d05d92681e10_1000.jpg!m_fill,w_280,h_210,f_jpg?from=ke.com
20231212,大兴,枣园,101118610897,东亚康和名居南北通透户型 楼层好视野佳,320万,40126元/平,高楼层 (共21层) | 2012年 | 2室2厅 | 79.75平米 | 南 北,https://ke-image.ljcdn.com/110000-inspection/3ce7b335-dd26-440f-9276-91f6a3980b29_1000.jpg!m_fill,w_280,h_210,f_jpg?from=ke.com
20231212,大兴,枣园,101118604982,枣园小区 2003年精装修自住 看房方便,528万,41132元/平,中楼层 (共6层) 3室2厅 | 128.37平米 | 南 北,https://ke-image.ljcdn.com/110000-inspection/pc1_vedHpcFBj_2.jpg!m_fill,w_280,h_210,f_jpg?from=ke.com
20231212,大兴,枣园,101118598879,满五唯一 明厅 采光好 户型好 诚心出售 价格能聊,260万,38911元/平,低楼层 (共6层) | 1992年 | 2室1厅 | 66.82平米 | 南 北,https://ke-image.ljcdn.com/110000-inspection/901ebf79-3727-4333-81f0-7c24b9225701_1000.jpg!m_fill,w_280,h_210,f_jpg?from=ke.com
20231212,大兴,枣园,101118597208,清源西里 2室1厅 东 北,285万,49992元/平,底层 (共6层) | 1992年 | 2室1厅 | 57.01平米 | 东 北,https://ke-image.ljcdn.com/110000-inspection/pc1_24JY36VKO.jpg!m_fill,w_280,h_210,f_jpg?from=ke.com
20231212,大兴,枣园,101118588514,兴华园 3室2厅 南 北,560万,40829元/平,中楼层 (共10层) | 2002年 | 3室2厅 | 137.16平米 | 南 北,https://ke-image.ljcdn.com/110000-inspection/50440b25-6530-4180-aca4-d82212532030_1000.jpg!m_fill,w_280,h_210,f_jpg?from=ke.com
20231212,大兴,枣园,101118579690,中建国际港  精装修两居室  高楼层采光好 近地铁房主自荐,469万,52620元/平,中楼层 (共34层) 2室1厅 | 89.13平米 | 南,https://ke-image.ljcdn.com/110000-inspection/47513edc-f37c-4cc3-bcef-5115e71a066f_1000.jpg!m_fill,w_280,h_210,f_jpg?from=ke.com
20231212,大兴,枣园,101118576157,房本满五年南北通透明厅户型采光充足配套齐全,290万,38523元/平,低楼层 (共6层) | 1994年 | 2室1厅 | 75.28平米 | 南 北,https://ke-image.ljcdn.com/110000-inspection/27af9a01-f31a-4709-8f9b-5a9555760de6_1000.jpg!m_fill,w_280,h_210,f_jpg?from=ke.com
20231212,大兴,枣园,101118575449,红木林北区 4室1厅 南 北,720万,65898元/平,中楼层 (共21层) 4室1厅 | 109.26平米 | 南 北,https://ke-image.ljcdn.com/110000-inspection/pc1_fBxYIwI05_2.jpg!m_fill,w_280,h_210,f_jpg?from=ke.com
20231212,大兴,枣园,101118573289,中建国际港 11月满二年 南北通透三居室 全明格局,700万,56036元/平,低楼层 (共33层) 3室2厅 | 124.92平米 | 南 北,https://ke-image.ljcdn.com/110000-inspection/7dd01934-5a4d-47d4-950b-782d5dc5546a_1000.jpg!m_fill,w_280,h_210,f_jpg?from=ke.com
20231212,大兴,枣园,101118553272,丽园C区 3室1厅 南 北,695万,49110元/平,高楼层 (共10层) 3室1厅 | 141.52平米 | 南 北,https://ke-image.ljcdn.com/110000-inspection/41dc3f24-f24f-4ad5-b742-6015e96b9861_1000.jpg!m_fill,w_280,h_210,f_jpg?from=ke.com
20231212,大兴,枣园,101118548954,盛嘉华苑 2室1厅 南 东南,262万,37579元/平,中楼层 (共15层) | 2012年 | 2室1厅 | 69.72平米 | 南 东南,https://ke-image.ljcdn.com/110000-inspection/pc1_nWfOid2i2_2.jpg!m_fill,w_280,h_210,f_jpg?from=ke.com
20231212,大兴,枣园,101118546620,满五唯一精装修配套全不临街不把边房主自荐,239万,32219元/平,高楼层 (共6层) | 1995年 | 2室1厅 | 74.18平米 | 东 西,https://ke-image.ljcdn.com/110000-inspection/4aedd747-4010-4b41-b06b-f7e7b230f340_1000.jpg!m_fill,w_280,h_210,f_jpg?from=ke.com
20231212,大兴,枣园,101118544175,新居里 3室1厅 南 北,365万,30256元/平,中楼层 (共6层) 3室1厅 | 120.64平米 | 南 北,https://ke-image.ljcdn.com/110000-inspection/pc1_VSYLpyl5s_2.jpg!m_fill,w_280,h_210,f_jpg?from=ke.com
20231212,大兴,枣园,101118543687,南北通透 正对公园 高楼层 采光和视野比较好,325万,36649元/平,高楼层 (共15层) 3室1厅 | 88.68平米 | 南 北,https://ke-image.ljcdn.com/110000-inspection/pc1_cO43QhCOB_2.jpg!m_fill,w_280,h_210,f_jpg?from=ke.com
20231212,大兴,枣园,101118525097,康庄路52号院 满五唯一 南向 诚心出售,330万,37827元/平,底层 (共21层) | 2010年 | 2室1厅 | 87.24平米 | 南,https://ke-image.ljcdn.com/110000-inspection/d61f1b40-d33b-445b-9545-d935ff495822_1000.jpg!m_fill,w_280,h_210,f_jpg?from=ke.com
20231212,大兴,枣园,101118515912,首座御园一区二期 2室2厅 南,278万,30607元/平,顶层 (共14层) | 2015年 | 2室2厅 | 90.83平米 | 南,https://ke-image.ljcdn.com/110000-inspection/pc1_E0j9Ud1VQ_1.jpg!m_fill,w_280,h_210,f_jpg?from=ke.com
20231212,大兴,枣园,101118515610,首开康乃馨城  纯南向  采光好  楼层好,267万,36288元/平,高楼层 (共9层) | 2012年 | 1室1厅 | 73.58平米 | 南,https://ke-image.ljcdn.com/110000-inspection/866b7b90-7385-49ce-95ad-45c029499e3d_1000.jpg!m_fill,w_280,h_210,f_jpg?from=ke.com
20231212,大兴,枣园,101118513033,兴华园 3室2厅 南 北,512万,43787元/平,中楼层 (共10层) | 2003年 | 3室2厅 | 116.93平米 | 南 北,https://ke-image.ljcdn.com/110000-inspection/0f71e1df-a06f-4eea-bc73-95c2c02c9d67_1000.jpg!m_fill,w_280,h_210,f_jpg?from=ke.com
20231212,大兴,枣园,101118501612,房本满两年 房龄新 带电梯 精装修 诚心出售。,200万,40692元/平,底层 (共18层) 1室1厅 | 49.15平米 | 南,https://ke-image.ljcdn.com/110000-inspection/pc1_Dn5NY4HBx.jpg!m_fill,w_280,h_210,f_jpg?from=ke.com
20231212,大兴,枣园,101118484254,黄村 枣园附近 首邑上城社区  一居室 看房随时,318万,43688元/平,中楼层 (共15层) | 2007年 | 2室2厅 | 72.79平米 | 西北,https://ke-image.ljcdn.com/110000-inspection/pc1_mMfvbso9i_1.jpg!m_fill,w_280,h_210,f_jpg?from=ke.com
20231212,大兴,枣园,101118484222,兴华园 1室1厅 南 北,235万,41366元/平,顶层 (共6层) 1室1厅 | 56.81平米 | 南 北,https://ke-image.ljcdn.com/110000-inspection/pc1_3tbSg0KGN_2.jpg!m_fill,w_280,h_210,f_jpg?from=ke.com
20231212,大兴,枣园,101118482990,滨河西里北区 1室1厅 东,198万,40724元/平,低楼层 (共6层) | 1995年 | 1室1厅 | 48.62平米 | 东,https://ke-image.ljcdn.com/110000-inspection/pc1_hILg0pl5j_2.jpg!m_fill,w_280,h_210,f_jpg?from=ke.com
20231212,大兴,枣园,101118479709,中建国际港满五年唯一住房业主自住保持干净房主自荐,456万,52450元/平,低楼层 (共33层) | 2015年 | 2室1厅 | 86.94平米 | 南,https://ke-image.ljcdn.com/110000-inspection/pc1_s3BQgSNuh_2.jpg!m_fill,w_280,h_210,f_jpg?from=ke.com
20231212,大兴,枣园,101118479465,滨河西里南区 南向 精装修两居 装修好,235万,35212元/平,高楼层 (共6层) | 1992年 | 2室1厅 | 66.74平米 | 南,https://ke-image.ljcdn.com/110000-inspection/f84a8c12-ee91-46ad-b93f-e8c8c8686f3b_1000.jpg!m_fill,w_280,h_210,f_jpg?from=ke.com
20231212,大兴,枣园,101118478802,大兴黄村  枣园小区 南北一居 诚心出售,229万,39966元/平,顶层 (共6层) | 1994年 | 1室1厅 | 57.3平米 | 南 北,https://ke-image.ljcdn.com/110000-inspection/4638b5ce-b206-4ae9-a73c-f7cc4eef7bf0_1000.jpg!m_fill,w_280,h_210,f_jpg?from=ke.com
20231212,大兴,枣园,101118477386,低楼层精装三居楼龄新户型方正,340万,35002元/平,底层 (共6层) | 2002年 | 3室2厅 | 97.14平米 | 南 北,https://ke-image.ljcdn.com/110000-inspection/62284ecf-4787-403a-8732-a141030173b3_1000.jpg!m_fill,w_280,h_210,f_jpg?from=ke.com
20231212,大兴,枣园,101118463331,门店热推房源  康乃馨 全阳大一居 户型方正 位置好房主自荐,229万,36990元/平,低楼层 (共16层) | 2012年 | 1室1厅 | 61.91平米 | 南,https://ke-image.ljcdn.com/110000-inspection/pc1_JFOjCchNS_2.jpg!m_fill,w_280,h_210,f_jpg?from=ke.com
20231212,大兴,枣园,101118460435,满五唯一 全明格局好位置精装修南北通透诚心出售,335万,38090元/平,底层 (共11层) | 2012年 | 3室1厅 | 87.95平米 | 南 北,https://ke-image.ljcdn.com/110000-inspection/pc1_RTV7zPr1A_2.jpg!m_fill,w_280,h_210,f_jpg?from=ke.com
20231212,大兴,枣园,101118460041,双河南里尚城北区 一梯两户 南北通透 电梯房 中间层,295万,36483元/平,中楼层 (共18层) 2室1厅 | 80.86平米 | 南 北,https://ke-image.ljcdn.com/110000-inspection/pc1_g8nstq0dS.jpg!m_fill,w_280,h_210,f_jpg?from=ke.com
20231212,大兴,枣园,101118447941,丽园B区 2室1厅 南 北,550万,47414元/平,中楼层 (共11层) | 2005年 | 2室1厅 | 116平米 | 南 北,https://ke-image.ljcdn.com/110000-inspection/pc1_KtHyoxzJF_2.jpg!m_fill,w_280,h_210,f_jpg?from=ke.com
20231212,大兴,枣园,101118436495,此房满五年南北通透正规三居电梯房明厅格局,585万,43563元/平,中楼层 (共10层) 3室2厅 | 134.29平米 | 南 北,https://ke-image.ljcdn.com/110000-inspection/d2366f05-bf3d-4158-bd57-dfa914f1611d_1000.jpg!m_fill,w_280,h_210,f_jpg?from=ke.com
20231212,大兴,枣园,101118427844,枣园东里 经典两居  南北通透  近地铁,265万,38223元/平,顶层 (共6层) | 1999年 | 2室1厅 | 69.33平米 | 南 北,https://ke-image.ljcdn.com/110000-inspection/pc1_1Xd0ZiIvE_2.jpg!m_fill,w_280,h_210,f_jpg?from=ke.com
20231212,大兴,枣园,101118426573,滨河西里北区 不临街 明厅 中间楼层 装修好 格局好,335万,35439元/平,中楼层 (共6层) | 1995年 | 3室1厅 | 94.53平米 | 东 西 北,https://ke-image.ljcdn.com/110000-inspection/247b1552-5859-42a7-b4f7-1a92596fd305_1000.jpg!m_fill,w_280,h_210,f_jpg?from=ke.com
20231212,大兴,枣园,101118426095,南北通透2居室户型好配套齐全业主诚心卖,285万,37884元/平,高楼层 (共6层) | 1992年 | 3室1厅 | 75.23平米 | 南 北,https://ke-image.ljcdn.com/110000-inspection/14187102-8047-4824-9840-983a0b03176f_1000.jpg!m_fill,w_280,h_210,f_jpg?from=ke.com
20231212,大兴,枣园,101118423497,滨河东里 低楼层的两居室 满五年唯一,208万,34667元/平,低楼层 (共6层) | 1988年 | 2室1厅 | 60平米 | 南 北,https://ke-image.ljcdn.com/110000-inspection/5c22bad7-d525-4244-ba7f-0ec4d1eb0348_1000.jpg!m_fill,w_280,h_210,f_jpg?from=ke.com
20231212,大兴,枣园,101118422037,新安里 2室1厅 南 北,246万,32670元/平,低楼层 (共6层) 2室1厅 | 75.3平米 | 南 北,https://ke-image.ljcdn.com/110000-inspection/94c679bf-0aed-4eee-87c9-a109043e1c0d_1000.jpg!m_fill,w_280,h_210,f_jpg?from=ke.com
20231212,大兴,枣园,101118417256,兴华园带电梯三居室高楼层视野好近地铁配套齐全,495万,35594元/平,中楼层 (共18层) | 2001年 | 3室2厅 | 139.07平米 | 东 西,https://ke-image.ljcdn.com/110000-inspection/71da99ef-c0f5-4994-88e1-91236e04df35_1000.jpg!m_fill,w_280,h_210,f_jpg?from=ke.com
20231212,大兴,枣园,101118417025,满五年唯一 南向两居室 业主诚心出售看房方便。,430万,47821元/平,低楼层 (共34层) 2室2厅 | 89.92平米 | 南,https://ke-image.ljcdn.com/110000-inspection/290bff00-f65d-4ac3-b0fe-da0a79212fa1_1000.jpg!m_fill,w_280,h_210,f_jpg?from=ke.com
20231212,大兴,枣园,101118414905,那尔水晶城 2室1厅 南 北,518万,47519元/平,中楼层 (共16层) | 2005年 | 2室1厅 | 109.01平米 | 南 北,https://ke-image.ljcdn.com/110000-inspection/pc1_9Tmqcgpf4.jpg!m_fill,w_280,h_210,f_jpg?from=ke.com
20231212,大兴,枣园,101118399994,此房南北通透2居室精装修自住业主随时签约房主自荐,220万,40954元/平,底层 (共6层) | 1992年 | 2室1厅 | 53.72平米 | 南 北,https://ke-image.ljcdn.com/110000-inspection/pc1_Age3R2IK1_1.jpg!m_fill,w_280,h_210,f_jpg?from=ke.com
20231212,大兴,枣园,101118395062,枣园小区 3室2厅 南 北,595万,43042元/平,中楼层 (共7层) | 2000年 | 3室2厅 | 138.24平米 | 南 北,https://ke-image.ljcdn.com/110000-inspection/fa4d04f6-b183-4c95-90c1-cdb275b21874_1000.jpg!m_fill,w_280,h_210,f_jpg?from=ke.com
20231212,大兴,枣园,101118392345,枣园北里南北明厅两居满五唯一采光好房主自荐,266万,36817元/平,高楼层 (共6层) 2室1厅 | 72.25平米 | 南 北,https://ke-image.ljcdn.com/110000-inspection/100d5ce5-7bf4-4335-a700-02783b92972f_1000.jpg!m_fill,w_280,h_210,f_jpg?from=ke.com
20231212,大兴,枣园,101118384938,三卧朝南满五唯一净高2.6米不临街不把边配套全,300万,30016元/平,顶层 (共6层) 3室2厅 | 99.95平米 | 南 北,https://ke-image.ljcdn.com/110000-inspection/1037fdab-db36-4b28-aed8-b4b30e381dbd_1000.jpg!m_fill,w_280,h_210,f_jpg?from=ke.com
20231212,大兴,枣园,101118384777,枣园东里  满五唯一住房 南北通透两居室,295万,35932元/平,高楼层 (共6层) 2室1厅 | 82.1平米 | 南 北,https://ke-image.ljcdn.com/110000-inspection/a558febd-deb6-499f-b208-133f6eb13004_1000.jpg!m_fill,w_280,h_210,f_jpg?from=ke.com
20231212,大兴,枣园,101118380295,清源西里社区 近地铁 诚心出售,190万,28863元/平,顶层 (共6层) 2室1厅 | 65.83平米 | 东南 南,https://ke-image.ljcdn.com/110000-inspection/4815aafe-daed-4a29-b862-881cfa86d58b_1000.jpg!m_fill,w_280,h_210,f_jpg?from=ke.com
20231212,大兴,枣园,101118378661,那儿水晶城 南北通透两居室 中间楼层视野好,525万,48161元/平,中楼层 (共16层) | 2005年 | 2室2厅 | 109.01平米 | 南 北,https://ke-image.ljcdn.com/110000-inspection/pc1_6crJzTirr.jpg!m_fill,w_280,h_210,f_jpg?from=ke.com
20231212,大兴,枣园,101118371458,兴盛街187号院 两居室 南北通透,340万,38536元/平,顶层 (共12层) 2室1厅 | 88.23平米 | 南 北,https://ke-image.ljcdn.com/110000-inspection/pc1_eCeE2scWn_2.jpg!m_fill,w_280,h_210,f_jpg?from=ke.com
20231212,大兴,枣园,101118369827,康庄路50号院 南北朝向一居室 高楼层视野好,239万,37193元/平,顶层 (共15层) 1室1厅 | 64.26平米 | 南 北,https://ke-image.ljcdn.com/110000-inspection/3219ee74-221e-4b34-8912-a1c55b4d56e8_1000.jpg!m_fill,w_280,h_210,f_jpg?from=ke.com
20231212,大兴,枣园,101118367755,明厅三居室 满五唯一 近地铁 近公园滨河西里中区,299万,39004元/平,中楼层 (共6层) | 1990年 | 3室1厅 | 76.66平米 | 南 北,https://ke-image.ljcdn.com/110000-inspection/pc1_azIzKjefF_2.jpg!m_fill,w_280,h_210,f_jpg?from=ke.com
20231212,大兴,枣园,101118364719,满五唯一商品房配套齐全小区正在改造房主自荐,245万,45523元/平,底层 (共6层) | 1989年 | 2室1厅 | 53.82平米 | 南 西,https://ke-image.ljcdn.com/110000-inspection/1c476ab8-9392-4090-b48e-1c90684a9a46_1000.jpg!m_fill,w_280,h_210,f_jpg?from=ke.com
20231212,大兴,枣园,101118354095,地铁550米净高2.7养花宠物大平台满五唯一公园配套全房主自荐,280万,31942元/平,顶层 (共7层) | 1998年 | 2室1厅 | 87.66平米 | 南 北,https://ke-image.ljcdn.com/110000-inspection/39ea4491-5d24-45d0-a429-ed4a56dbaa03_1000.jpg!m_fill,w_280,h_210,f_jpg?from=ke.com
20231212,大兴,枣园,101118353683,康宜家园 南向双阳台两居 急售,249万,35547元/平,高楼层 (共17层) 2室1厅 | 70.05平米 | 南,https://ke-image.ljcdn.com/110000-inspection/6483d2ae-ee1b-4824-aef0-fab927950c26_1000.jpg!m_fill,w_280,h_210,f_jpg?from=ke.com
20231212,大兴,枣园,101118349336,新居里 2室1厅 南 北,244万,34222元/平,中楼层 (共6层) | 2000年 | 2室1厅 | 71.3平米 | 南 北,https://ke-image.ljcdn.com/110000-inspection/49d17eca-1fed-45c5-bc8f-db583b8e9242_1000.jpg!m_fill,w_280,h_210,f_jpg?from=ke.com
20231212,大兴,枣园,101118344331,首开康乃馨城满五唯一无遮挡电梯房,319万,35924元/平,低楼层 (共16层) 2室2厅 | 88.8平米 | 东南,https://ke-image.ljcdn.com/110000-inspection/pc1_1y3qyLV5v_2.jpg!m_fill,w_280,h_210,f_jpg?from=ke.com
20231212,大兴,枣园,101118341189,此房南北通透两居室 户型好 近地铁 诚心出售。,305万,39560元/平,中楼层 (共6层) | 1995年 | 2室1厅 | 77.1平米 | 南 北,https://ke-image.ljcdn.com/110000-inspection/6fd13d18-f1c6-4d8b-9f8a-7a8bfd049b2d_1000.jpg!m_fill,w_280,h_210,f_jpg?from=ke.com
20231212,大兴,枣园,101118335922,此房满五年南北通透明厅户型采光充足配套齐全,277万,37780元/平,中楼层 (共7层) | 1997年 | 2室1厅 | 73.32平米 | 南 北,https://ke-image.ljcdn.com/110000-inspection/pc1_DBUKGdqr1_2.jpg!m_fill,w_280,h_210,f_jpg?from=ke.com
20231212,大兴,枣园,101118333982,首开康乃馨   商品房   随时可看,229万,36794元/平,中楼层 (共16层) | 2012年 | 1室1厅 | 62.24平米 | 南,https://ke-image.ljcdn.com/110000-inspection/69e9ea80-cd02-4529-bb65-86d75f1ab61a_1000.jpg!m_fill,w_280,h_210,f_jpg?from=ke.com
20231212,大兴,枣园,101118321256,双河北里尚城 电梯房 南北通透 中间楼层一梯两户,335万,38895元/平,中楼层 (共11层) | 2017年 | 2室2厅 | 86.13平米 | 南 北,https://ke-image.ljcdn.com/110000-inspection/pc1_dfwqMqkNv.jpg!m_fill,w_280,h_210,f_jpg?from=ke.com
20231212,大兴,枣园,101118320037,康和名居南向一居室好楼层采光好房主自荐,262万,42909元/平,中楼层 (共18层) | 2012年 | 1室1厅 | 61.06平米 | 南,https://ke-image.ljcdn.com/110000-inspection/pc1_rbPc6WLPk_2.jpg!m_fill,w_280,h_210,f_jpg?from=ke.com
20231212,大兴,枣园,101118319030,此房南北通透楼层好视野宽阔配套设施齐全房主自荐,285万,40334元/平,高楼层 (共6层) 2室1厅 | 70.66平米 | 南 北,https://ke-image.ljcdn.com/110000-inspection/84c84448-71ec-4479-82fc-31d30c1c4144_1000.jpg!m_fill,w_280,h_210,f_jpg?from=ke.com
20231212,大兴,枣园,101118317500,首座御园一期 南北通透两居 商品房 客厅南向带阳台,355万,38487元/平,底层 (共8层) | 2013年 | 2室1厅 | 92.24平米 | 南 北,https://ke-image.ljcdn.com/110000-inspection/7fa452e5-168b-4cc5-9e77-42511ad55445_1000.jpg!m_fill,w_280,h_210,f_jpg?from=ke.com
20231212,大兴,枣园,101118317085,三居室带电梯小区配套成熟生活便利,390万,41747元/平,低楼层 (共9层) | 2003年 | 3室1厅 | 93.42平米 | 南 北,https://ke-image.ljcdn.com/110000-inspection/9b88db66-ccb3-4f29-b701-42bdd8e4ddf5_1000.jpg!m_fill,w_280,h_210,f_jpg?from=ke.com
20231212,大兴,枣园,101118312944,此房楼层好配套齐全交通便利,290万,43967元/平,低楼层 (共6层) | 2000年 | 1室1厅 | 65.96平米 | 南 北,https://ke-image.ljcdn.com/110000-inspection/pc1_z0UtHBSZu_2.jpg!m_fill,w_280,h_210,f_jpg?from=ke.com
20231212,大兴,枣园,101118303405,03年建成房龄新楼层好南北双通透,450万,46159元/平,中楼层 (共6层) 2室1厅 | 97.49平米 | 南 北,https://ke-image.ljcdn.com/110000-inspection/4054e1b0-0ed1-4bc7-b92f-18805c631c0f_1000.jpg!m_fill,w_280,h_210,f_jpg?from=ke.com
20231212,大兴,枣园,101118296779,房龄新 带电梯 精装修 诚心出售。,199万,39089元/平,低楼层 (共18层) 1室1厅 | 50.91平米 | 南,https://ke-image.ljcdn.com/110000-inspection/pc1_xDMHH34aN.jpg!m_fill,w_280,h_210,f_jpg?from=ke.com
20231212,大兴,枣园,101118293886,新安里小区大两居满五唯一商品房房主自荐,228万,27983元/平,中楼层 (共6层) | 1998年 | 2室1厅 | 81.48平米 | 南 东,https://ke-image.ljcdn.com/110000-inspection/702421d7-ebda-412c-96ad-1341ecb0139f_1000.jpg!m_fill,w_280,h_210,f_jpg?from=ke.com
20231212,大兴,枣园,101118293531,枣园小区   南北通透   满五唯一   明厨明卫,225万,38948元/平,中楼层 (共5层) | 1995年 | 1室1厅 | 57.77平米 | 南 北,https://ke-image.ljcdn.com/110000-inspection/pc1_RANeqLamK_2.jpg!m_fill,w_280,h_210,f_jpg?from=ke.com
20231212,大兴,枣园,101118286625,满五唯一 近地铁 近公园 环境整洁 户型格局方正房主自荐,218万,34310元/平,顶层 (共6层) 2室1厅 | 63.54平米 | 南 北,https://ke-image.ljcdn.com/110000-inspection/a466be64-dcd0-4f54-a37e-af2c5ffee640_1000.jpg!m_fill,w_280,h_210,f_jpg?from=ke.com
20231212,大兴,枣园,101118285384,东亚康和名居 2室1厅 南 北,318万,39563元/平,中楼层 (共18层) 2室1厅 | 80.38平米 | 南 北,https://ke-image.ljcdn.com/110000-inspection/pc1_HQKQOMijV_2.jpg!m_fill,w_280,h_210,f_jpg?from=ke.com
20231212,大兴,枣园,101118279488,低楼层  出行方便  纯南两居室  明厨明卫,379万,45466元/平,底层 (共13层) | 2012年 | 2室2厅 | 83.36平米 | 南,https://ke-image.ljcdn.com/110000-inspection/ad4aa1b7-8d0b-4389-9d72-e4c5fec5323e_1000.jpg!m_fill,w_280,h_210,f_jpg?from=ke.com
20231212,大兴,枣园,101118278223,新居里 2室1厅 南 北,259万,32210元/平,中楼层 (共6层) 2室1厅 | 80.41平米 | 南 北,https://ke-image.ljcdn.com/110000-inspection/f64193c5-6157-4c7e-a2ea-aa7c2f92be2e_1000.jpg!m_fill,w_280,h_210,f_jpg?from=ke.com
20231212,大兴,枣园,101118277274,枣园尚城南区 南北通透2居室 满五年唯一 采光好,362万,44897元/平,低楼层 (共17层) | 2012年 | 2室1厅 | 80.63平米 | 南 北,https://ke-image.ljcdn.com/110000-inspection/pc1_0fxB1IUyW_2.jpg!m_fill,w_280,h_210,f_jpg?from=ke.com
20231212,大兴,枣园,101118272588,东亚康和名居 满五唯一 好位置 无遮挡,309万,40922元/平,低楼层 (共12层) | 2012年 | 2室1厅 | 75.51平米 | 南,https://ke-image.ljcdn.com/110000-inspection/a4b60db5-0b80-43c7-804d-958f3ec48dfd_1000.jpg!m_fill,w_280,h_210,f_jpg?from=ke.com
20231212,大兴,枣园,101118271933,枣园小区 1室1厅 南 北,230万,40479元/平,顶层 (共5层) | 1995年 | 1室1厅 | 56.82平米 | 南 北,https://ke-image.ljcdn.com/110000-inspection/pc1_LMp3bwlAr_2.jpg!m_fill,w_280,h_210,f_jpg?from=ke.com
20231212,大兴,枣园,101118264237,新安里 2室1厅 南 北,209万,27021元/平,顶层 (共6层) 2室1厅 | 77.35平米 | 南 北,https://ke-image.ljcdn.com/110000-inspection/7556c099-f7ab-45f2-80ac-8df916834431_1000.jpg!m_fill,w_280,h_210,f_jpg?from=ke.com
20231212,大兴,枣园,101118262159,马赛公馆 2室1厅 南 北,548万,49959元/平,低楼层 (共16层) 2室1厅 | 109.69平米 | 南 北,https://ke-image.ljcdn.com/110000-inspection/3ee33a18-0e1e-4ea1-8d7a-ff4fc7d5e851_1000.jpg!m_fill,w_280,h_210,f_jpg?from=ke.com
20231212,大兴,枣园,101118261492,康庄路50号院 南北通透两居室  好楼层好位置,336万,37741元/平,中楼层 (共15层) 2室1厅 | 89.03平米 | 南 北,https://ke-image.ljcdn.com/110000-inspection/6da4bc5e-8cf7-442a-928e-da684a1447f0_1000.jpg!m_fill,w_280,h_210,f_jpg?from=ke.com
20231212,大兴,枣园,101118261232,清源西里社区步行至清源路地铁站420米一层两居室,319万,47023元/平,底层 (共6层) | 1993年 | 2室1厅 | 67.84平米 | 南 北,https://ke-image.ljcdn.com/110000-inspection/b8bab142-000b-4d84-9445-0e5bd3c83015_1000.jpg!m_fill,w_280,h_210,f_jpg?from=ke.com
20231212,大兴,枣园,101118259510,首座御园1号院 南向两居室 2015年小区,265万,29160元/平,底层 (共14层) 2室1厅 | 90.88平米 | 南,https://ke-image.ljcdn.com/110000-inspection/pc1_R3paKUdUb_2.jpg!m_fill,w_280,h_210,f_jpg?from=ke.com
20231212,大兴,枣园,101118249661,首套首付100万枣园小区明厅南北通透两居室,239万,36400元/平,顶层 (共6层) | 1995年 | 2室1厅 | 65.66平米 | 南 北,https://ke-image.ljcdn.com/110000-inspection/b85baee8-1fac-4620-97e0-23bccfc3f7d8_1000.jpg!m_fill,w_280,h_210,f_jpg?from=ke.com
20231212,大兴,枣园,101118245502,高楼层南北通透采光好一梯两户,308万,38091元/平,高楼层 (共18层) 2室1厅 | 80.86平米 | 南 北,https://ke-image.ljcdn.com/110000-inspection/pc1_CkBWZzDqB.jpg!m_fill,w_280,h_210,f_jpg?from=ke.com
20231212,大兴,枣园,101118241452,中建国际港纯南两居室近地铁楼层好采光好。,490万,54829元/平,高楼层 (共34层) 2室1厅 | 89.37平米 | 南,https://ke-image.ljcdn.com/110000-inspection/4688754b-d97c-47a1-8143-c73cf41d431d_1000.jpg!m_fill,w_280,h_210,f_jpg?from=ke.com
20231212,大兴,枣园,101118240161,首开康乃馨 三个大阳台 南北通透两居 客厅方正房主自荐,305万,33517元/平,中楼层 (共9层) | 2012年 | 2室2厅 | 91平米 | 南 北,https://ke-image.ljcdn.com/110000-inspection/pc1_3sXGw1zZV_2.jpg!m_fill,w_280,h_210,f_jpg?from=ke.com
20231212,大兴,枣园,101118238661,朝南向满五年唯一精装两居拎包入住,473万,53799元/平,中楼层 (共33层) | 2015年 | 2室1厅 | 87.92平米 | 南 西,https://ke-image.ljcdn.com/110000-inspection/6acea4e2-619a-42d4-b04d-2c01a6d2ce69_1000.jpg!m_fill,w_280,h_210,f_jpg?from=ke.com
20231212,大兴,枣园,101118237189,枣园北里 南北通透2居 满五年唯一  诚心出售,328万,36801元/平,中楼层 (共6层) 2室1厅 | 89.13平米 | 南 北,https://ke-image.ljcdn.com/110000-inspection/aff343f0-839c-4bcd-8b4f-f4fdfa0ebd04_1000.jpg!m_fill,w_280,h_210,f_jpg?from=ke.com
20231212,大兴,枣园,101118225133,精装修两居  南北通透  看房随时 只有一个契税,219万,36014元/平,顶层 (共6层) | 1992年 | 2室1厅 | 60.81平米 | 南 北,https://ke-image.ljcdn.com/110000-inspection/pc1_Mcn69ZK55_2.jpg!m_fill,w_280,h_210,f_jpg?from=ke.com
20231212,大兴,枣园,101118220482,南北通透业主自住看房方便价格可商量。,280万,31063元/平,中楼层 (共6层) 3室2厅 | 90.14平米 | 南 北,https://ke-image.ljcdn.com/110000-inspection/pc1_18vlRujOc_2.jpg!m_fill,w_280,h_210,f_jpg?from=ke.com
20231212,大兴,枣园,101118211902,双河北里社区02年建成商品房舒适三居房主自荐,275万,24149元/平,顶层 (共6层) | 2002年 | 3室1厅 | 113.88平米 | 西南,https://ke-image.ljcdn.com/110000-inspection/428edad3-6053-48c2-9e26-812edd518901_1000.jpg!m_fill,w_280,h_210,f_jpg?from=ke.com
20231212,大兴,枣园,101118211435,双河北里 2室1厅 南 北,249万,30329元/平,高楼层 (共6层) | 1999年 | 2室1厅 | 82.1平米 | 南 北,https://ke-image.ljcdn.com/110000-inspection/1c2cb70a-48ef-46b4-8257-5dd978f8682d_1000.jpg!m_fill,w_280,h_210,f_jpg?from=ke.com
20231212,大兴,枣园,101118203965,滨河东里 南北通透 临公园 靠近地铁 看房方便,208万,34667元/平,中楼层 (共6层) | 1988年 | 2室1厅 | 60平米 | 南 北,https://ke-image.ljcdn.com/110000-inspection/pc1_o0GIfTFJ2_2.jpg!m_fill,w_280,h_210,f_jpg?from=ke.com
20231212,大兴,枣园,101118190924,南北通透一居室采光充足不临街不把边。,165万,31062元/平,顶层 (共6层) | 2009年 | 1室1厅 | 53.12平米 | 南 北,https://ke-image.ljcdn.com/110000-inspection/dd920690-72d8-44aa-83ef-970eb0732167_1000.jpg!m_fill,w_280,h_210,f_jpg?from=ke.com
20231212,大兴,枣园,101118182511,首座御园二区二期 2015年电梯房,278万,30446元/平,中楼层 (共14层) | 2015年 | 2室1厅 | 91.31平米 | 西北,https://ke-image.ljcdn.com/110000-inspection/pc1_4vjoD3UCS_1.jpg!m_fill,w_280,h_210,f_jpg?from=ke.com
20231212,大兴,枣园,101118175400,满五唯一次顶层精装修离地铁医院近,395万,34790元/平,高楼层 (共18层) 2室2厅 | 113.54平米 | 东 西,https://ke-image.ljcdn.com/110000-inspection/9a1ba748-ceb5-4900-81e6-b21fdc12c4de_1000.jpg!m_fill,w_280,h_210,f_jpg?from=ke.com
20231212,大兴,枣园,101118175342,清源西里 中间层 地铁200m 大面宽1居室,229万,42621元/平,中楼层 (共6层) 1室1厅 | 53.73平米 | 南,https://ke-image.ljcdn.com/110000-inspection/pc1_sLqB5qFdb_2.jpg!m_fill,w_280,h_210,f_jpg?from=ke.com
20231212,大兴,枣园,101118169367,首座御园一区二期 3室1厅 南 北,420万,36242元/平,顶层 (共15层) | 2015年 | 3室1厅 | 115.89平米 | 南 北,https://ke-image.ljcdn.com/110000-inspection/0b251085-29fa-4a6f-babf-f1a1afaea346_1000.jpg!m_fill,w_280,h_210,f_jpg?from=ke.com
20231212,大兴,枣园,101118167723,清源东里中间层满五唯一商品房首付83万起,225万,38246元/平,中楼层 (共6层) | 1990年 | 2室1厅 | 58.83平米 | 南 北,https://ke-image.ljcdn.com/110000-inspection/fcf1f4e6-82fa-490e-9a87-87d3675a42c1_1000.jpg!m_fill,w_280,h_210,f_jpg?from=ke.com
20231212,大兴,枣园,101118165268,红木林北区   满五唯一   自住精装修  2013年电梯房房主自荐,556万,68812元/平,高楼层 (共21层) | 2013年 | 2室1厅 | 80.8平米 | 南 北,https://ke-image.ljcdn.com/110000-inspection/5052ad62-c09e-4450-8900-19bbba5ddfb5_1000.jpg!m_fill,w_280,h_210,f_jpg?from=ke.com
20231212,大兴,枣园,101118163884,那尔水晶城 满五唯一 小户型 南北通透,350万,44683元/平,中楼层 (共16层) | 2005年 | 2室1厅 | 78.33平米 | 南 北,https://ke-image.ljcdn.com/110000-inspection/pc1_KTqhTp8Ui.jpg!m_fill,w_280,h_210,f_jpg?from=ke.com
20231212,大兴,枣园,101118156679,枣园东里精装修婚房诚心出售价格可谈。,269万,34760元/平,顶层 (共6层) | 1997年 | 2室1厅 | 77.39平米 | 南 北,https://ke-image.ljcdn.com/110000-inspection/pc1_QhWUwDBfJ_2.jpg!m_fill,w_280,h_210,f_jpg?from=ke.com
20231212,大兴,枣园,101118154237,南北通透 满五唯一 户型方正 采光适中 诚心出售房主自荐,358万,44500元/平,低楼层 (共18层) | 2009年 | 2室1厅 | 80.45平米 | 南 北,https://ke-image.ljcdn.com/110000-inspection/ec726bd3-72d9-411f-90e4-bd50274c1c25_1000.jpg!m_fill,w_280,h_210,f_jpg?from=ke.com
20231212,大兴,枣园,101118153894,滨河西里 南北通透两居室 客厅带阳台 非顶层,295万,35368元/平,高楼层 (共6层) | 1994年 | 2室1厅 | 83.41平米 | 南 北,https://ke-image.ljcdn.com/110000-inspection/pc1_xJ9Gy4HBW.jpg!m_fill,w_280,h_210,f_jpg?from=ke.com
20231212,大兴,枣园,101118147597,滨河东里 南北通透两居室  户型无浪费 采光好 无遮挡,235万,33053元/平,高楼层 (共6层) | 1985年 | 2室1厅 | 71.1平米 | 南 北,https://ke-image.ljcdn.com/110000-inspection/8f64dc13-3152-4f4c-96a8-a94e4286b2d8_1000.jpg!m_fill,w_280,h_210,f_jpg?from=ke.com
20231212,大兴,枣园,101118139605,此房三居室 户型好 电梯房 近地铁   诚心出售。,470万,37202元/平,高楼层 (共17层) | 2004年 | 3室2厅 | 126.34平米 | 西北,https://ke-image.ljcdn.com/110000-inspection/18eb6553-719b-4c3e-aacb-e6c8c5925213_1000.jpg!m_fill,w_280,h_210,f_jpg?from=ke.com
20231212,大兴,枣园,101118130167,清源西里 板楼双朝南正规两居 中间层 满五唯一,239万,38003元/平,中楼层 (共6层) | 1992年 | 2室1厅 | 62.89平米 | 南 北,https://ke-image.ljcdn.com/110000-inspection/35ae147c-30c5-419a-b9a0-4c5a98af17f1_1000.jpg!m_fill,w_280,h_210,f_jpg?from=ke.com
20231212,大兴,枣园,101118126040,此房朝向为东南向采光充足交通生活便利,313万,47845元/平,顶层 (共17层) | 2007年 | 1室1厅 | 65.42平米 | 东南,https://ke-image.ljcdn.com/110000-inspection/pc1_SEv7N3Ydf_2.jpg!m_fill,w_280,h_210,f_jpg?from=ke.com
20231212,大兴,枣园,101118123983,彩虹新城近地铁三居室有电梯高楼层采光视野好,516万,43051元/平,高楼层 (共16层) | 2008年 | 3室2厅 | 119.86平米 | 南 北,https://ke-image.ljcdn.com/110000-inspection/pc1_uEmRln6so.jpg!m_fill,w_280,h_210,f_jpg?from=ke.com
20231212,大兴,枣园,101118122097,首座御园二区二期 中高楼层采光视野,305万,34098元/平,中楼层 (共14层) | 2015年 | 2室1厅 | 89.45平米 | 东南,https://ke-image.ljcdn.com/110000-inspection/079ca176-a900-4f9f-8d2c-0a779db34871_1000.jpg!m_fill,w_280,h_210,f_jpg?from=ke.com
20231212,大兴,枣园,101118115995,枣园北里 新增大两居  满五年唯一住房  急售,295万,38362元/平,中楼层 (共6层) | 2000年 | 2室1厅 | 76.9平米 | 东 西,https://ke-image.ljcdn.com/110000-inspection/ff0c6cbe-15d5-4aa2-8b12-3ea17275a2a0_1000.jpg!m_fill,w_280,h_210,f_jpg?from=ke.com
20231212,大兴,枣园,101118115709,新安里 中间楼层一居室 业主诚心出售 看房方便,165万,31115元/平,中楼层 (共6层) 1室1厅 | 53.03平米 | 南,https://ke-image.ljcdn.com/110000-inspection/b1e8f87b-4fdf-44ab-8dc3-fa88e0c0207a_1000.jpg!m_fill,w_280,h_210,f_jpg?from=ke.com
20231212,大兴,枣园,101118111961,三层 近公园 南北通透 采光好 配套成熟 滨河东里南区,224万,36060元/平,中楼层 (共6层) | 1984年 | 2室1厅 | 62.12平米 | 南 北,https://ke-image.ljcdn.com/110000-inspection/f4f551b6-19a7-46ab-87bd-0cd9ebaf9beb_1000.jpg!m_fill,w_280,h_210,f_jpg?from=ke.com
20231212,大兴,枣园,101118111715,团河苑 2室1厅 南 北,238万,32855元/平,低楼层 (共6层) | 1988年 | 2室1厅 | 72.44平米 | 南 北,https://ke-image.ljcdn.com/110000-inspection/e24dcdd7-c4ee-4b42-bc8b-0965f353fd3d_1000.jpg!m_fill,w_280,h_210,f_jpg?from=ke.com
20231212,大兴,枣园,101118109404,首邑上城 满五唯一主卧客厅朝南南北通透格局,485万,49739元/平,高楼层 (共15层) 2室1厅 | 97.51平米 | 南 北,https://ke-image.ljcdn.com/110000-inspection/pc1_oVT5C98x6.jpg!m_fill,w_280,h_210,f_jpg?from=ke.com
20231212,大兴,枣园,101118097370,此房满五唯一格局好采光好远离高铁安静适宜,425万,47561元/平,低楼层 (共28层) | 2012年 | 3室2厅 | 89.36平米 | 东南,https://ke-image.ljcdn.com/110000-inspection/a0acb919-a001-42ee-83c6-7b162816f5ca_1000.jpg!m_fill,w_280,h_210,f_jpg?from=ke.com
20231212,大兴,枣园,101118078964,南北通透格局好采光好户型好房主自荐,290万,30291元/平,高楼层 (共6层) 3室1厅 | 95.74平米 | 南 北,https://ke-image.ljcdn.com/110000-inspection/66a2396e-a22b-401e-a5fd-5015dbc5c9c1_1000.jpg!m_fill,w_280,h_210,f_jpg?from=ke.com
20231212,大兴,枣园,101118065120,首邑溪谷远离高铁高楼层满五唯一精装修,448万,49751元/平,中楼层 (共27层) 2室2厅 | 90.05平米 | 东南,https://ke-image.ljcdn.com/110000-inspection/44135f14-d2e5-49ee-a06f-0ee4662d7865_1000.jpg!m_fill,w_280,h_210,f_jpg?from=ke.com
20231212,大兴,枣园,101118059976,康庄路52号院 满五唯一 南向两居室,280万,31585元/平,低楼层 (共21层) | 2010年 | 2室1厅 | 88.65平米 | 南,https://ke-image.ljcdn.com/110000-inspection/a3003c5e-cfe6-4b9a-bb0c-3ba55e5a5088_1000.jpg!m_fill,w_280,h_210,f_jpg?from=ke.com
20231212,大兴,枣园,101118059902,枣园小区 满五唯一 南北通透 采光无忧 业主诚售,252万,37573元/平,顶层 (共6层) 2室1厅 | 67.07平米 | 南 北,https://ke-image.ljcdn.com/110000-inspection/pc1_61NpEakE9_2.jpg!m_fill,w_280,h_210,f_jpg?from=ke.com
20231212,大兴,枣园,101118059093,中间楼层地铁500米不临街不把边南北通透公园配套全,347万,34718元/平,中楼层 (共6层) | 1994年 | 3室1厅 | 99.95平米 | 南 北,https://ke-image.ljcdn.com/110000-inspection/8089c819-764b-478e-a1e0-cc55d0633bfa_1000.jpg!m_fill,w_280,h_210,f_jpg?from=ke.com
20231212,大兴,枣园,101118049560,枣园东里 小楼号院 满五年住房,320万,38597元/平,顶层 (共6层) 2室1厅 | 82.91平米 | 南 北,https://ke-image.ljcdn.com/110000-inspection/ff9456a4-9a82-470f-bd1f-31c486433eb1_1000.jpg!m_fill,w_280,h_210,f_jpg?from=ke.com
20231212,大兴,枣园,101118044603,清园东里小区清源路地铁站南北两居商品房,218万,37316元/平,高楼层 (共6层) | 1987年 | 2室1厅 | 58.42平米 | 南 北,https://ke-image.ljcdn.com/110000-inspection/afe9d8f7-bc3e-40a1-be92-013dfb43fdd6_1000.jpg!m_fill,w_280,h_210,f_jpg?from=ke.com
20231212,大兴,枣园,101118042524,枣园小区  精装修两居室 南北通透H户型  地铁口房主自荐,385万,42960元/平,中楼层 (共6层) | 1999年 | 2室2厅 | 89.62平米 | 南 北,https://ke-image.ljcdn.com/110000-inspection/0333914f-0146-4256-834d-d0c39d942283_1000.jpg!m_fill,w_280,h_210,f_jpg?from=ke.com
20231212,大兴,枣园,101118035675,满五年唯一南向中间层采光充足房主自荐,232万,33196元/平,中楼层 (共17层) 2室1厅 | 69.89平米 | 南,https://ke-image.ljcdn.com/110000-inspection/752dd590-71b7-4bb0-8cd2-8a2cbc288931_1000.jpg!m_fill,w_280,h_210,f_jpg?from=ke.com
20231212,大兴,枣园,101118035061,首座御园二区二期 正规一居室 满两年 可贷款 高楼层,225万,28766元/平,中楼层 (共14层) 1室1厅 | 78.22平米 | 西,https://ke-image.ljcdn.com/110000-inspection/pc1_m3ry5Y3ro.jpg!m_fill,w_280,h_210,f_jpg?from=ke.com
20231212,大兴,枣园,101118034333,满五唯一  南北通透  采光充足  明厅,245万,27126元/平,顶层 (共6层) | 2001年 | 2室1厅 | 90.32平米 | 南 北,https://ke-image.ljcdn.com/110000-inspection/713437a6-94a2-45a2-aeac-c746606278b6_1000.jpg!m_fill,w_280,h_210,f_jpg?from=ke.com
20231212,大兴,枣园,101118031464,新居里  客厅朝南 明厅户型两居室 诚心出售房主自荐,210万,29347元/平,顶层 (共6层) 2室1厅 | 71.56平米 | 南 北,https://ke-image.ljcdn.com/110000-inspection/pc1_zVn49mH51_2.jpg!m_fill,w_280,h_210,f_jpg?from=ke.com
20231212,大兴,枣园,101118030335,丽园C区电梯房满五年唯一产权清晰,269万,43130元/平,低楼层 (共10层) 2室1厅 | 62.37平米 | 南,https://ke-image.ljcdn.com/110000-inspection/9f4bea3a-c2d0-42bf-9307-7429acc54715_1000.jpg!m_fill,w_280,h_210,f_jpg?from=ke.com
20231212,大兴,枣园,101118030053,彩虹新城 南北通透两居室 满五年唯一住房,409万,46904元/平,底层 (共11层) | 2008年 | 2室1厅 | 87.2平米 | 南 北,https://ke-image.ljcdn.com/110000-inspection/88976c95-6e55-4911-a5c3-42821cf734ae_1000.jpg!m_fill,w_280,h_210,f_jpg?from=ke.com
20231212,大兴,枣园,101118023915,满五唯一  南北通透  采光充足  明厅,282万,29610元/平,高楼层 (共6层) | 2004年 | 2室1厅 | 95.24平米 | 南 北,https://ke-image.ljcdn.com/110000-inspection/c95e1d11-432e-4d93-a7a0-4f4d6ab1e164_1000.jpg!m_fill,w_280,h_210,f_jpg?from=ke.com
20231212,大兴,枣园,101118005309,满五唯一精装修高楼层采光无遮挡看房方便,390万,43919元/平,中楼层 (共16层) 2室1厅 | 88.8平米 | 西南,https://ke-image.ljcdn.com/110000-inspection/pc1_cGMz8Dedv_2.jpg!m_fill,w_280,h_210,f_jpg?from=ke.com
20231212,大兴,枣园,101118005181,滨河西里南区  高楼层  两居室  采光视野好,226万,37455元/平,高楼层 (共6层) | 1991年 | 2室1厅 | 60.34平米 | 南 北,https://ke-image.ljcdn.com/110000-inspection/a86aea71-edb2-455e-8acc-3f44ccda6025_1000.jpg!m_fill,w_280,h_210,f_jpg?from=ke.com
20231212,大兴,枣园,101118004687,滨河西里南区满五唯一南北通透三居,278万,36350元/平,顶层 (共6层) | 1994年 | 3室1厅 | 76.48平米 | 南 北,https://ke-image.ljcdn.com/110000-inspection/f5f50721-a908-491b-8f1e-2c4a8d74cb3b_1000.jpg!m_fill,w_280,h_210,f_jpg?from=ke.com
20231212,大兴,枣园,101117991002,枣园小区首套首付95万满五唯一两居室看房预约。,239万,35635元/平,顶层 (共6层) | 1994年 | 2室1厅 | 67.07平米 | 南 北,https://ke-image.ljcdn.com/110000-inspection/pc1_ZfwZl9uWB_2.jpg!m_fill,w_280,h_210,f_jpg?from=ke.com
20231212,大兴,枣园,101117988665,那尔水晶城 南北通透H户型2居室精装修中高楼层,539万,49871元/平,高楼层 (共16层) 2室2厅 | 108.08平米 | 南 北,https://ke-image.ljcdn.com/110000-inspection/pc1_BZnyGe4Qi.jpg!m_fill,w_280,h_210,f_jpg?from=ke.com
20231212,大兴,枣园,101117976548,中建国际港  精装修三居室  满五年唯一  配套齐全,735万,51984元/平,中楼层 (共29层) 3室2厅 | 141.39平米 | 南 北,https://ke-image.ljcdn.com/110000-inspection/pc1_SWDtowcIQ_2.jpg!m_fill,w_280,h_210,f_jpg?from=ke.com
20231212,大兴,枣园,101117970959,那尔水晶城 南北通透三居客厅双卧朝南 格局方正..,690万,45790元/平,低楼层 (共11层) | 2003年 | 3室2厅 | 150.69平米 | 南 北,https://ke-image.ljcdn.com/110000-inspection/pc1_710CmEpVd.jpg!m_fill,w_280,h_210,f_jpg?from=ke.com
20231212,大兴,枣园,101117970158,此房朝向为东南向采光充足交通生活便利,318万,48609元/平,低楼层 (共17层) 1室1厅 | 65.42平米 | 东南,https://ke-image.ljcdn.com/110000-inspection/pc1_6yTYhSqTO.jpg!m_fill,w_280,h_210,f_jpg?from=ke.com
20231212,大兴,枣园,101117961445,清源西里 南北两居室 中间楼层 诚心出售,285万,39622元/平,中楼层 (共6层) | 1993年 | 2室1厅 | 71.93平米 | 南 北,https://ke-image.ljcdn.com/110000-inspection/4ab2ddb4-898e-4175-8bb4-1a171f18d231_1000.jpg!m_fill,w_280,h_210,f_jpg?from=ke.com
20231212,大兴,枣园,101117954803,枣园北里 满五年唯一 南北通透二居室低楼层,285万,39447元/平,高楼层 (共6层) | 1998年 | 2室1厅 | 72.25平米 | 南 北,https://ke-image.ljcdn.com/110000-inspection/c0b7ac3e-d188-448e-95c8-052bd1d8d2ed_1000.jpg!m_fill,w_280,h_210,f_jpg?from=ke.com
20231212,大兴,枣园,101117942881,那尔水晶城 精装两居室两个卫生间电梯直接进地下车库,428万,42899元/平,低楼层 (共12层) | 2005年 | 2室2厅 | 99.77平米 | 南 北,https://ke-image.ljcdn.com/110000-inspection/a84a658c-d7e2-4b20-b3d6-5d85de9ddf26_1000.jpg!m_fill,w_280,h_210,f_jpg?from=ke.com
20231212,大兴,枣园,101117940664,此房满五年唯一装修好商品房仅有契税,328万,37320元/平,低楼层 (共21层) | 2010年 | 2室1厅 | 87.89平米 | 南,https://ke-image.ljcdn.com/110000-inspection/8bd2dcc7-e8b1-42fb-a04b-74262b61dd72_1000.jpg!m_fill,w_280,h_210,f_jpg?from=ke.com
20231212,大兴,枣园,101117937624,团河小区南向两居室满五年唯一看房方便,149万,32231元/平,中楼层 (共6层) | 1988年 | 1室1厅 | 46.23平米 | 南 北,https://ke-image.ljcdn.com/110000-inspection/0e930b74-e5b5-4ed5-834f-126b2b7a6895_1000.jpg!m_fill,w_280,h_210,f_jpg?from=ke.com
20231212,大兴,枣园,101117933901,满五唯一东边位置南北通透格局 采光通风好 看房方便,385万,35928元/平,底层 (共22层) | 2010年 | 3室2厅 | 107.16平米 | 南 北,https://ke-image.ljcdn.com/110000-inspection/9063e7ec-3834-4137-914c-1e1e216ca60f_1000.jpg!m_fill,w_280,h_210,f_jpg?from=ke.com
20231212,大兴,枣园,101117928443,红木林南区 南北通透3居室 户型可优化空间 中高楼层,695万,66527元/平,中楼层 (共28层) 3室2厅 | 104.47平米 | 南 北,https://ke-image.ljcdn.com/110000-inspection/4d54fac4-0150-4b25-bff4-9388176cf39b_1000.jpg!m_fill,w_280,h_210,f_jpg?from=ke.com
20231212,大兴,枣园,101117917297,团河苑 2室1厅 南 北,225万,31624元/平,中楼层 (共5层) | 1986年 | 2室1厅 | 71.15平米 | 南 北,https://ke-image.ljcdn.com/110000-inspection/8dab81be-1a59-47a6-9b6d-52fa68a6a885_1000.jpg!m_fill,w_280,h_210,f_jpg?from=ke.com
20231212,大兴,枣园,101117916564,枣园北里满五唯一低层步梯两居室,260万,32672元/平,底层 (共6层) | 1995年 | 2室1厅 | 79.58平米 | 南 北,https://ke-image.ljcdn.com/110000-inspection/pc1_BRGWJ6doB_2.jpg!m_fill,w_280,h_210,f_jpg?from=ke.com
20231212,大兴,枣园,101117912038,正规小两居 低楼层 装修不错 没有遮挡 诚心出售,228万,38935元/平,低楼层 (共6层) | 1994年 | 2室1厅 | 58.56平米 | 东 南 西 北,https://ke-image.ljcdn.com/110000-inspection/pc1_dUxcdGtxS_2.jpg!m_fill,w_280,h_210,f_jpg?from=ke.com
20231212,大兴,枣园,101117897585,红木林北区 两居室 看房有钥匙  小区环境优美,442万,57291元/平,低楼层 (共21层) | 2013年 | 2室1厅 | 77.15平米 | 南 北,https://ke-image.ljcdn.com/110000-inspection/0abacb01-2d65-4950-8e32-1ff57780bc01_1000.jpg!m_fill,w_280,h_210,f_jpg?from=ke.com
20231212,大兴,枣园,101117890346,首邑溪谷 4室2厅 西南 北,599万,48668元/平,高楼层 (共28层) | 2012年 | 4室2厅 | 123.08平米 | 西南 北,https://ke-image.ljcdn.com/110000-inspection/ee4440ea-f48f-46d7-8105-714543836cb8_1000.jpg!m_fill,w_280,h_210,f_jpg?from=ke.com
20231212,大兴,枣园,101117874144,首座御园二区二期 电梯房两居室  满2年,390万,42346元/平,中楼层 (共14层) | 2015年 | 2室1厅 | 92.1平米 | 东南,https://ke-image.ljcdn.com/110000-inspection/018759b6-b8e5-444c-b7fe-b23b6f4cdd1c_1000.jpg!m_fill,w_280,h_210,f_jpg?from=ke.com
20231212,大兴,枣园,101117865224,圣和巷小区两居室南边通透户型好,252万,35533元/平,顶层 (共6层) 2室1厅 | 70.92平米 | 南 北,https://ke-image.ljcdn.com/110000-inspection/pc1_ua13gM57U_2.jpg!m_fill,w_280,h_210,f_jpg?from=ke.com
20231212,大兴,枣园,101117853936,2000年商品房满五年唯一精装两居诚意出售1100米进地铁,273万,35501元/平,中楼层 (共6层) | 2000年 | 2室1厅 | 76.9平米 | 东 西,https://ke-image.ljcdn.com/110000-inspection/pc1_3EwODs1U4_2.jpg!m_fill,w_280,h_210,f_jpg?from=ke.com
20231212,大兴,枣园,101117853766,正规一居室 自如出租 看房需要提前约,189万,46922元/平,中楼层 (共6层) | 1992年 | 1室1厅 | 40.28平米 | 南,https://ke-image.ljcdn.com/110000-inspection/pc1_FrbsLpXUQ_2.jpg!m_fill,w_280,h_210,f_jpg?from=ke.com
20231212,大兴,枣园,101117850830,丽园东里  满五年唯一成本价   南北通透  明厅四居,645万,37078元/平,顶层 (共6层) | 2004年 | 4室2厅 | 173.96平米 | 南 北,https://ke-image.ljcdn.com/110000-inspection/8c81d64d-806b-42d7-9ace-5623c1ad434e_1000.jpg!m_fill,w_280,h_210,f_jpg?from=ke.com
20231212,大兴,枣园,101117850214,彩虹新城  满五年唯一  地铁500米 配套齐全,459万,52006元/平,高楼层 (共18层) | 2008年 | 2室1厅 | 88.26平米 | 南 北,https://ke-image.ljcdn.com/110000-inspection/b732027a-c182-4b5f-97b0-30df9db38a06_1000.jpg!m_fill,w_280,h_210,f_jpg?from=ke.com
20231212,大兴,枣园,101117833197,那尔水晶城 户型方正大三居 满五唯一,718万,47648元/平,低楼层 (共11层) | 2003年 | 3室1厅 | 150.69平米 | 南 北,https://ke-image.ljcdn.com/110000-inspection/pc1_mVpZkACmT.jpg!m_fill,w_280,h_210,f_jpg?from=ke.com
20231212,大兴,枣园,101117826024,车位充足好停车全明格局南北通透  满五唯一,355万,38798元/平,顶层 (共6层) | 2007年 | 2室1厅 | 91.5平米 | 南 北,https://ke-image.ljcdn.com/110000-inspection/47edba15-a29e-4cf9-a56e-d3b06044f43d_1000.jpg!m_fill,w_280,h_210,f_jpg?from=ke.com
20231212,大兴,枣园,101117809060,中建国际港 4室1厅 南 北,900万,58824元/平,中楼层 (共33层) 4室1厅 | 153平米 | 南 北,https://ke-image.ljcdn.com/110000-inspection/7c33a905-6e4a-40c5-ad51-f935da03c2de_1000.jpg!m_fill,w_280,h_210,f_jpg?from=ke.com
20231212,大兴,枣园,101117809021,首邑溪谷  满五唯一  远离高铁  采光好,436万,48418元/平,中楼层 (共27层) | 2012年 | 3室1厅 | 90.05平米 | 东南,https://ke-image.ljcdn.com/110000-inspection/d1fab698-f95a-4f45-ad0b-cf13d223110a_1000.jpg!m_fill,w_280,h_210,f_jpg?from=ke.com
20231212,大兴,枣园,101117798349,那尔水晶城 带电梯洋房 双卧客厅,688万,42947元/平,低楼层 (共6层) | 2004年 | 3室2厅 | 160.2平米 | 南 北,https://ke-image.ljcdn.com/110000-inspection/pc1_ZA5JdYdPc.jpg!m_fill,w_280,h_210,f_jpg?from=ke.com
20231212,大兴,枣园,101117786465,彩虹新城  经典两居  全明格局 近地铁 商品房,379万,42767元/平,底层 (共16层) | 2009年 | 2室1厅 | 88.62平米 | 西南,https://ke-image.ljcdn.com/110000-inspection/70bff15a-4ae7-4811-8877-c9c42ca8d6d8_1000.jpg!m_fill,w_280,h_210,f_jpg?from=ke.com
20231212,大兴,枣园,101117783614,清源西里 低楼层 地铁300m  南北向,210万,52422元/平,底层 (共6层) 1室1厅 | 40.06平米 | 南 北,https://ke-image.ljcdn.com/110000-inspection/pc1_hSOyL9hBa.jpg!m_fill,w_280,h_210,f_jpg?from=ke.com
20231212,大兴,枣园,101117772223,满五唯一南北通透格局楼层好视野宽阔采光充足,618万,51028元/平,高楼层 (共27层) | 2012年 | 4室2厅 | 121.11平米 | 南 北,https://ke-image.ljcdn.com/110000-inspection/98359790-c05c-4d27-a3f0-c2bf8f3ebff2_1000.jpg!m_fill,w_280,h_210,f_jpg?from=ke.com
20231212,大兴,枣园,101117752144,康和名居满五唯一东边楼高楼层,418万,46455元/平,高楼层 (共18层) 3室1厅 | 89.98平米 | 西南,https://ke-image.ljcdn.com/110000-inspection/pc1_vx7Lhg0Ym_2.jpg!m_fill,w_280,h_210,f_jpg?from=ke.com
20231212,大兴,枣园,101117750858,新安里 满五年唯一商品房 明厅户型三居室房主自荐,219万,29452元/平,顶层 (共6层) | 1997年 | 3室1厅 | 74.36平米 | 南 北,https://ke-image.ljcdn.com/110000-inspection/b4b4ee1a-7029-43fb-81fe-8f236d4c053b_1000.jpg!m_fill,w_280,h_210,f_jpg?from=ke.com
20231212,大兴,枣园,101117726237,丽园C区南北通透两居室精装修,512万,47020元/平,中楼层 (共6层) | 2008年 | 2室2厅 | 108.89平米 | 南 北,https://ke-image.ljcdn.com/110000-inspection/441fc4dd-79ec-4d01-96d1-d2c3674c8ae5_1000.jpg!m_fill,w_280,h_210,f_jpg?from=ke.com
20231212,大兴,枣园,101117723502,此房是南北三居室中间楼层位置好,285万,41287元/平,中楼层 (共6层) | 1992年 | 3室1厅 | 69.03平米 | 南 北,https://ke-image.ljcdn.com/110000-inspection/56f43e70-b0fc-4ad2-a102-35f23b7daf70_1000.jpg!m_fill,w_280,h_210,f_jpg?from=ke.com
20231212,大兴,枣园,101117701540,新安里满五年唯一南北通透商品房,190万,36851元/平,顶层 (共6层) | 1997年 | 1室1厅 | 51.56平米 | 南 北,https://ke-image.ljcdn.com/110000-inspection/pc1_wCIXIEbhR_2.jpg!m_fill,w_280,h_210,f_jpg?from=ke.com
20231212,大兴,枣园,101117699018,首开康乃馨城 2室1厅 南 北,310万,36161元/平,中楼层 (共16层) 2室1厅 | 85.73平米 | 南 北,https://ke-image.ljcdn.com/110000-inspection/pc1_dFcukAnT2_2.jpg!m_fill,w_280,h_210,f_jpg?from=ke.com
20231212,大兴,枣园,101117689906,首座御园一期 南北通透 两居室,340万,37232元/平,底层 (共8层) 2室1厅 | 91.32平米 | 南 北,https://ke-image.ljcdn.com/110000-inspection/ddc71241-6daa-4bf0-bd48-3ff30b5097d0_1000.jpg!m_fill,w_280,h_210,f_jpg?from=ke.com
20231212,大兴,枣园,101117688629,滨河西里 明厅 正规三居室 近地铁 近公园 配套齐全,288万,38227元/平,中楼层 (共6层) | 1993年 | 3室1厅 | 75.34平米 | 东 南 西,https://ke-image.ljcdn.com/110000-inspection/ad91be67-ef8a-44e0-827f-3314519fe758_1000.jpg!m_fill,w_280,h_210,f_jpg?from=ke.com
20231212,大兴,枣园,101117685150,马赛公馆精装两居满五唯一位置好房主自荐,409万,48369元/平,底层 (共17层) | 2012年 | 2室1厅 | 84.56平米 | 南,https://ke-image.ljcdn.com/110000-inspection/pc1_rccoxvbI4_2.jpg!m_fill,w_280,h_210,f_jpg?from=ke.com
20231212,大兴,枣园,101117664152,大兴黄村  枣园小区 诚心出售,249万,34555元/平,顶层 (共6层) | 1995年 | 2室1厅 | 72.06平米 | 南 北,https://ke-image.ljcdn.com/110000-inspection/pc1_9FIyD5zev_2.jpg!m_fill,w_280,h_210,f_jpg?from=ke.com
20231212,大兴,枣园,101117663033,2007年电梯房首付70+地铁1.4公里（来源百度）,183万,35206元/平,高楼层 (共10层) 1室0厅 | 51.98平米 | 东,https://ke-image.ljcdn.com/110000-inspection/698373fd-9f13-41c6-9e89-0da55d730ad3_1000.jpg!m_fill,w_280,h_210,f_jpg?from=ke.com
20231212,大兴,枣园,101117650708,大兴枣园商圈  枣园北里  满五年唯一3居室,390万,47666元/平,顶层 (共6层) | 1995年 | 3室1厅 | 81.82平米 | 南 北,https://ke-image.ljcdn.com/110000-inspection/pc1_GzMi8zJ2p_2.jpg!m_fill,w_280,h_210,f_jpg?from=ke.com
20231212,大兴,枣园,101117649882,满五唯一  南北通透  三居室  明厅房主自荐,242万,28841元/平,顶层 (共6层) 3室1厅 | 83.91平米 | 南 北,https://ke-image.ljcdn.com/110000-inspection/a5696611-691f-4878-b21f-413825919d3b_1000.jpg!m_fill,w_280,h_210,f_jpg?from=ke.com
20231212,大兴,枣园,101117633485,枣园小区03年电梯房精装出售。,588万,43786元/平,高楼层 (共10层) 3室2厅 | 134.29平米 | 南 北,https://ke-image.ljcdn.com/110000-inspection/pc1_56grCpusM_2.jpg!m_fill,w_280,h_210,f_jpg?from=ke.com
20231212,大兴,枣园,101117624824,盛嘉华苑  满五年两居室 电梯房,245万,31777元/平,高楼层 (共18层) 2室1厅 | 77.1平米 | 南 北,https://ke-image.ljcdn.com/110000-inspection/pc1_EKWUPzFwh.jpg!m_fill,w_280,h_210,f_jpg?from=ke.com
20231212,大兴,枣园,101117622477,精装修诚心出售落地窗南北通透。,379万,44563元/平,低楼层 (共9层) 2室1厅 | 85.05平米 | 南 北,https://ke-image.ljcdn.com/110000-inspection/c750e490-e130-4894-8532-3f942e1ef7f7_1000.jpg!m_fill,w_280,h_210,f_jpg?from=ke.com
20231212,大兴,枣园,101117618688,团河小区南北向两居室满五年唯一看房方便房主自荐,210万,35129元/平,中楼层 (共6层) | 1996年 | 2室1厅 | 59.78平米 | 南 北,https://ke-image.ljcdn.com/110000-inspection/7b173033-b76d-459f-a6f5-e8e0fb71844a_1000.jpg!m_fill,w_280,h_210,f_jpg?from=ke.com
20231212,大兴,枣园,101117615134,新安里 2室1厅 南 北,238万,34344元/平,高楼层 (共6层) 2室1厅 | 69.3平米 | 南 北,https://ke-image.ljcdn.com/110000-inspection/82e1aa1b-2cdf-495e-b9c8-578ada1cd5e1_1000.jpg!m_fill,w_280,h_210,f_jpg?from=ke.com
20231212,大兴,枣园,101117612436,兴华园 3室2厅 东 西房主自荐,389万,42073元/平,中楼层 (共9层) 3室2厅 | 92.46平米 | 东 西,https://ke-image.ljcdn.com/110000-inspection/pc1_7GqCcu63F_1.jpg!m_fill,w_280,h_210,f_jpg?from=ke.com
20231212,大兴,枣园,101117579896,盛嘉华苑 低价 两居室 业主诚心出售,223万,28322元/平,底层 (共17层) 2室1厅 | 78.74平米 | 东 西,https://ke-image.ljcdn.com/110000-inspection/pc1_UAPzNaBSI_2.jpg!m_fill,w_280,h_210,f_jpg?from=ke.com
20231212,大兴,枣园,101117569694,中建国际港中建国际港社区枣园巷3号院,490万,54487元/平,低楼层 (共29层) | 2015年 | 2室1厅 | 89.93平米 | 南 北,https://ke-image.ljcdn.com/110000-inspection/292a9ef7-4eab-4469-be85-649f061691e5_1000.jpg!m_fill,w_280,h_210,f_jpg?from=ke.com
20231212,大兴,枣园,101117540133,枣园尚城北区    南北通透   2011年电梯房,328万,40715元/平,底层 (共17层) 2室1厅 | 80.56平米 | 南 北,https://ke-image.ljcdn.com/110000-inspection/pc1_cKa9HqO2p_2.jpg!m_fill,w_280,h_210,f_jpg?from=ke.com
20231212,大兴,枣园,101117527602,东亚马赛公馆南北通透精装修采光好户型方正,530万,50062元/平,中楼层 (共13层) | 2012年 | 3室1厅 | 105.87平米 | 南 北,https://ke-image.ljcdn.com/110000-inspection/pc1_gqddIxDVu_2.jpg!m_fill,w_280,h_210,f_jpg?from=ke.com
20231212,大兴,枣园,101117518700,团河苑 2室1厅 南 北,248万,37322元/平,高楼层 (共6层) 2室1厅 | 66.45平米 | 南 北,https://ke-image.ljcdn.com/110000-inspection/pc1_FTBFdbYuP_1.jpg!m_fill,w_280,h_210,f_jpg?from=ke.com
20231212,大兴,枣园,101117509391,房子是南北通透的三居室 正对花园 无遮挡 采光好,320万,36224元/平,低楼层 (共15层) | 2012年 | 3室1厅 | 88.34平米 | 南 北,https://ke-image.ljcdn.com/110000-inspection/02139fd9-d74d-4e36-a7f6-d41eb2a1a089_1000.jpg!m_fill,w_280,h_210,f_jpg?from=ke.com
20231212,大兴,枣园,101117439163,首邑溪谷 西南朝向 满五年唯一 诚心出售,390万,43644元/平,低楼层 (共28层) | 2012年 | 3室1厅 | 89.36平米 | 西南,https://ke-image.ljcdn.com/110000-inspection/041f916e-e39e-4f04-b268-0c8f10469239_1000.jpg!m_fill,w_280,h_210,f_jpg?from=ke.com
20231212,大兴,枣园,101117429888,首开康乃馨城南向1居 精装修 满5年唯一房主自荐,230万,37032元/平,底层 (共16层) | 2012年 | 1室1厅 | 62.11平米 | 南,https://ke-image.ljcdn.com/110000-inspection/pc1_s9cpw0Ts0_2.jpg!m_fill,w_280,h_210,f_jpg?from=ke.com
20231212,大兴,枣园,101117422042,滨河西里北区 3室1厅 东 南 北,445万,48270元/平,低楼层 (共6层) 3室1厅 | 92.19平米 | 东 南 北,https://ke-image.ljcdn.com/110000-inspection/pc1_8mRx0DtVl.jpg!m_fill,w_280,h_210,f_jpg?from=ke.com
20231212,大兴,枣园,101117405296,康宜家园北区满五年唯一好楼层客厅朝南正规两,296万,42238元/平,高楼层 (共21层) | 2015年 | 2室1厅 | 70.08平米 | 南,https://ke-image.ljcdn.com/110000-inspection/pc1_UuxHKk7AG_2.jpg!m_fill,w_280,h_210,f_jpg?from=ke.com
20231212,大兴,枣园,101117276034,团河苑小区南北两居室低楼层诚心出售。,193万,31629元/平,中楼层 (共4层) | 1987年 | 2室1厅 | 61.02平米 | 南 北,https://ke-image.ljcdn.com/110000-inspection/62ce95fe-c698-4f8b-8459-afefcdc108b7_1000.jpg!m_fill,w_280,h_210,f_jpg?from=ke.com
20231212,大兴,枣园,101117263762,首邑上城精装三居室 业主诚心出售,635万,51447元/平,中楼层 (共16层) | 2007年 | 3室2厅 | 123.43平米 | 南 北,https://ke-image.ljcdn.com/110000-inspection/pc1_Ikdf1wu5C.jpg!m_fill,w_280,h_210,f_jpg?from=ke.com
20231212,大兴,枣园,101117229321,此房精装修格局好居住舒适出行交通方便,493万,50925元/平,中楼层 (共10层) | 2002年 | 2室1厅 | 96.81平米 | 东 南,https://ke-image.ljcdn.com/110000-inspection/pc1_laVMEK9Vh_1.jpg!m_fill,w_280,h_210,f_jpg?from=ke.com
20231212,大兴,枣园,101117224875,康庄中巷4号院 满五年 高楼层 南北通透,310万,34719元/平,顶层 (共12层) | 2012年 | 2室1厅 | 89.29平米 | 南 北,https://ke-image.ljcdn.com/110000-inspection/pc1_KO03YY0o0_2.jpg!m_fill,w_280,h_210,f_jpg?from=ke.com
20231212,大兴,枣园,101117223307,小区中间位置不临街不把边满五唯一业主诚售,582万,50290元/平,底层 (共14层) | 2008年 | 3室2厅 | 115.73平米 | 南 北,https://ke-image.ljcdn.com/110000-inspection/781306fd-30f3-4edb-8188-d3a7ca11b6bb_1000.jpg!m_fill,w_280,h_210,f_jpg?from=ke.com
20231212,大兴,枣园,101117220308,兴华园 2室1厅 东 西,385万,38628元/平,中楼层 (共10层) | 2002年 | 2室1厅 | 99.67平米 | 东 西,https://ke-image.ljcdn.com/110000-inspection/pc1_hLPFZfbgF_2.jpg!m_fill,w_280,h_210,f_jpg?from=ke.com
20231212,大兴,枣园,101117201249,低楼层两居室  满五唯一  东西通透,248万,34222元/平,低楼层 (共6层) | 1990年 | 2室1厅 | 72.47平米 | 东 西,https://ke-image.ljcdn.com/110000-inspection/7e60f16a-43b7-4cba-9eab-92f34d6372a2_1000.jpg!m_fill,w_280,h_210,f_jpg?from=ke.com
20231212,大兴,枣园,101117199307,彩虹新城南北通透高楼层精装修两居室,410万,45021元/平,中楼层 (共18层) 2室1厅 | 91.07平米 | 南 北,https://ke-image.ljcdn.com/110000-inspection/a6a85a78-ac4a-40f6-87e1-4fc92c20a55a_1000.jpg!m_fill,w_280,h_210,f_jpg?from=ke.com
20231212,大兴,枣园,101117191321,枣园小区 南北通透 中间楼层 不临街,279万,37551元/平,中楼层 (共7层) 2室1厅 | 74.3平米 | 南 北,https://ke-image.ljcdn.com/110000-inspection/pc1_S4WoBqAPp_2.jpg!m_fill,w_280,h_210,f_jpg?from=ke.com
20231212,大兴,枣园,101117167550,精装二居室 视野宽阔采光充足配套设施齐全。,290万,40357元/平,底层 (共5层) | 1994年 | 2室1厅 | 71.86平米 | 西 北,https://ke-image.ljcdn.com/110000-inspection/eb71c1fc-f2b9-42dd-b357-07f65b355c6b_1000.jpg!m_fill,w_280,h_210,f_jpg?from=ke.com
20231212,大兴,枣园,101117143160,满五唯一南北通透二居交通便利,320万,35839元/平,底层 (共12层) | 2012年 | 2室2厅 | 89.29平米 | 北 南,https://ke-image.ljcdn.com/110000-inspection/pc1_l3RCh94fw_2.jpg!m_fill,w_280,h_210,f_jpg?from=ke.com
20231212,大兴,枣园,101117141392,中建国际港 4室2厅 东 南 北,910万,59214元/平,高楼层 (共33层) | 2015年 | 4室2厅 | 153.68平米 | 东 南 北,https://ke-image.ljcdn.com/110000-inspection/pc1_m0Spiutcw_2.jpg!m_fill,w_280,h_210,f_jpg?from=ke.com
20231212,大兴,枣园,101117126409,满五年唯一成本价   近公园近地铁  明厅 93年房主自荐,198万,33300元/平,顶层 (共6层) | 1993年 | 2室1厅 | 59.46平米 | 南 北,https://ke-image.ljcdn.com/110000-inspection/pc1_6f5NqGynx.jpg!m_fill,w_280,h_210,f_jpg?from=ke.com
20231212,大兴,枣园,101117112588,此房满五年唯一南北通透中高楼层前后花园,730万,66232元/平,高楼层 (共28层) 4室2厅 | 110.22平米 | 南 北,https://ke-image.ljcdn.com/110000-inspection/45a05087-18c9-48bb-b4c4-424e74ae9234_1000.jpg!m_fill,w_280,h_210,f_jpg?from=ke.com
20231212,大兴,枣园,101117109587,枣园东里 南北通透两居室 诚心出售,265万,38885元/平,底层 (共6层) | 1999年 | 2室1厅 | 68.15平米 | 南 北,https://ke-image.ljcdn.com/110000-inspection/17e9cf65-0ebe-4b0f-80b4-2e020145cc76_1000.jpg!m_fill,w_280,h_210,f_jpg?from=ke.com
20231212,大兴,枣园,101117082444,新安里南北通透两居室满五年唯一,310万,32550元/平,中楼层 (共6层) 2室1厅 | 95.24平米 | 南 北,https://ke-image.ljcdn.com/110000-inspection/pc1_SbpojvIdI.jpg!m_fill,w_280,h_210,f_jpg?from=ke.com
20231212,大兴,枣园,101117079410,丽园东里  南北通透两居室  高楼层采光好  H户型,429万,40192元/平,高楼层 (共6层) | 2002年 | 2室1厅 | 106.74平米 | 南 北,https://ke-image.ljcdn.com/110000-inspection/63a0e469-3214-46bf-815e-09facd54bf1a_1000.jpg!m_fill,w_280,h_210,f_jpg?from=ke.com
20231212,大兴,枣园,101117065978,中建国际港 4室2厅 南 北 东,910万,59361元/平,低楼层 (共33层) | 2015年 | 4室2厅 | 153.3平米 | 南 北 东,https://ke-image.ljcdn.com/110000-inspection/pc1_MKwEMAYEZ_2.jpg!m_fill,w_280,h_210,f_jpg?from=ke.com
20231212,大兴,枣园,101117040858,此房南北通透两居室 户型好 近地铁 诚心出售。房主自荐,286万,37095元/平,高楼层 (共6层) | 1997年 | 2室1厅 | 77.1平米 | 南 北,https://ke-image.ljcdn.com/110000-inspection/da0baaa3-d691-4afd-bf99-3a8708f8eab4_1000.jpg!m_fill,w_280,h_210,f_jpg?from=ke.com
20231212,大兴,枣园,101117035995,滨河西里南区 满五年 楼层好 诚心出售,199万,35928元/平,高楼层 (共6层) | 1993年 | 2室1厅 | 55.39平米 | 东 西,https://ke-image.ljcdn.com/110000-inspection/pc1_erf4MNgLt_1.jpg!m_fill,w_280,h_210,f_jpg?from=ke.com
20231212,大兴,枣园,101117028969,盛嘉华苑 南北通透两居室 中间楼层 诚心出售,249万,32159元/平,中楼层 (共15层) | 2012年 | 2室1厅 | 77.43平米 | 南 北,https://ke-image.ljcdn.com/110000-inspection/0e7286b3-6a9b-420f-99b9-35436eb11a7d_1000.jpg!m_fill,w_280,h_210,f_jpg?from=ke.com
20231212,大兴,枣园,101117024141,枣园东里  南北通透 三居室  近地铁,350万,42098元/平,低楼层 (共6层) | 1999年 | 3室1厅 | 83.14平米 | 南 北,https://ke-image.ljcdn.com/110000-inspection/96802ed8-7edb-4300-8746-9165c541a40e_1000.jpg!m_fill,w_280,h_210,f_jpg?from=ke.com
20231212,大兴,枣园,101117009966,近地铁 满五唯一 正规一居 布局合理浪费面积小 配套齐房主自荐,185万,39047元/平,高楼层 (共6层) | 1993年 | 1室1厅 | 47.38平米 | 东 西,https://ke-image.ljcdn.com/110000-inspection/pc1_3IKmVVvbv_2.jpg!m_fill,w_280,h_210,f_jpg?from=ke.com
20231212,大兴,枣园,101117001740,首座御园一期南北通透两居明厨明卫户型,336万,43620元/平,中楼层 (共8层) | 2009年 | 2室2厅 | 77.03平米 | 南 北,https://ke-image.ljcdn.com/110000-inspection/7be54920-19b0-4401-a984-3cd60b2e04a3_1000.jpg!m_fill,w_280,h_210,f_jpg?from=ke.com
20231212,大兴,枣园,101116998268,滨河西里南区 2室1厅 南 北,229万,38716元/平,高楼层 (共6层) | 1991年 | 2室1厅 | 59.15平米 | 南 北,https://ke-image.ljcdn.com/110000-inspection/6c9708bf-c943-4feb-9dfb-7e215a39ef32_1000.jpg!m_fill,w_280,h_210,f_jpg?from=ke.com
20231212,大兴,枣园,101116996205,首座御园一期小区中间位置南北通透三居,568万,47576元/平,顶层 (共8层) | 2009年 | 3室1厅 | 119.39平米 | 南 北,https://ke-image.ljcdn.com/110000-inspection/5c093556-34b4-4660-9cf5-78bf5370689b_1000.jpg!m_fill,w_280,h_210,f_jpg?from=ke.com
20231212,大兴,枣园,101116990770,丽园B区南北通透格局业主随时签约。,269万,42497元/平,中楼层 (共7层) | 2004年 | 1室1厅 | 63.3平米 | 南 北,https://ke-image.ljcdn.com/110000-inspection/9033255d-b622-4e6b-a9c5-5e062cc06444_1000.jpg!m_fill,w_280,h_210,f_jpg?from=ke.com
20231212,大兴,枣园,101116966506,清源西里 经典一居 纯南朝向 近地铁,208万,38713元/平,顶层 (共6层) 1室1厅 | 53.73平米 | 南,https://ke-image.ljcdn.com/110000-inspection/bb9e6140-4b71-4d6d-a220-28b9c8539b4a_1000.jpg!m_fill,w_280,h_210,f_jpg?from=ke.com
20231212,大兴,枣园,101116965749,新安里 1室1厅 南 北,175万,33942元/平,高楼层 (共6层) 1室1厅 | 51.56平米 | 南 北,https://ke-image.ljcdn.com/110000-inspection/d672b72a-6555-4647-8265-0a2e9f5f9fab_1000.jpg!m_fill,w_280,h_210,f_jpg?from=ke.com
20231212,大兴,枣园,101116942875,此房满五唯一  中间楼层  精装修  临公园 诚意出售,249万,35022元/平,中楼层 (共6层) | 1985年 | 2室1厅 | 71.1平米 | 南 北,https://ke-image.ljcdn.com/110000-inspection/pc1_UpGS1YIW7.jpg!m_fill,w_280,h_210,f_jpg?from=ke.com
20231212,大兴,枣园,101116938397,彩虹新城  满五唯一 南北通透一居室,263万,44690元/平,中楼层 (共18层) | 2008年 | 1室1厅 | 58.85平米 | 南 北,https://ke-image.ljcdn.com/110000-inspection/pc1_MTa68GrGw.jpg!m_fill,w_280,h_210,f_jpg?from=ke.com
20231212,大兴,枣园,101116930264,南北通透/一梯两户/交通便利/配套成熟,350万,40309元/平,低楼层 (共18层) | 2012年 | 2室1厅 | 86.83平米 | 南 北,https://ke-image.ljcdn.com/110000-inspection/1273d10f-45b2-4d76-9f30-ef4b5a440956_1000.jpg!m_fill,w_280,h_210,f_jpg?from=ke.com
20231212,大兴,枣园,101116923774,改造完小区  南北通透  采光充足,265万,32957元/平,低楼层 (共6层) | 2000年 | 2室1厅 | 80.41平米 | 南 北,https://ke-image.ljcdn.com/110000-inspection/pc1_IPwex3iCL_1.jpg!m_fill,w_280,h_210,f_jpg?from=ke.com
20231212,大兴,枣园,101116916248,刚需一居室 中间楼层 采光好 纯南阳面房房主自荐,236万,42310元/平,中楼层 (共15层) 1室1厅 | 55.78平米 | 南,https://ke-image.ljcdn.com/110000-inspection/cddded4a-b2e2-46de-b6f7-f4f1370004f4_1000.jpg!m_fill,w_280,h_210,f_jpg?from=ke.com
20231212,大兴,枣园,101116912177,康泰园 1室1厅 南 北,208万,39305元/平,低楼层 (共18层) | 2011年 | 1室1厅 | 52.92平米 | 南 北,https://ke-image.ljcdn.com/110000-inspection/9aa875cf-7691-48e4-8984-56b0a904eb70_1000.jpg!m_fill,w_280,h_210,f_jpg?from=ke.com
20231212,大兴,枣园,101116906868,新居里南北通透两居室满五年唯一,210万,29771元/平,高楼层 (共6层) 2室1厅 | 70.54平米 | 南 北,https://ke-image.ljcdn.com/110000-inspection/74eb26fe-0066-46ec-a885-5b7a8ce9902c_1000.jpg!m_fill,w_280,h_210,f_jpg?from=ke.com
20231212,大兴,枣园,101116902127,丽园B区正规南北通透电梯四居室满五年唯一。,720万,45266元/平,高楼层 (共11层) | 2005年 | 4室1厅 | 159.06平米 | 南 北,https://ke-image.ljcdn.com/110000-inspection/8d23c230-3b83-4a4b-a7ed-0a2ffebeb8c2_1000.jpg!m_fill,w_280,h_210,f_jpg?from=ke.com
20231212,大兴,枣园,101116844929,康庄路50号院 南北朝向一居室 满五年精装修,265万,41239元/平,高楼层 (共15层) | 2012年 | 1室1厅 | 64.26平米 | 南 北,https://ke-image.ljcdn.com/110000-inspection/pc1_j8dNqfjY9_2.jpg!m_fill,w_280,h_210,f_jpg?from=ke.com
20231212,大兴,枣园,101116843080,枣园 盛芳名苑 南北通透 全明格局 满五唯一,650万,50051元/平,顶层 (共9层) | 2007年 | 3室2厅 | 129.87平米 | 南 北 东,https://ke-image.ljcdn.com/110000-inspection/pc1_sz9pjqTjP_2.jpg!m_fill,w_280,h_210,f_jpg?from=ke.com
20231212,大兴,枣园,101116834605,满五唯一  中间楼层  南北通透,403万,31171元/平,中楼层 (共6层) 3室2厅 | 129.29平米 | 南 北,https://ke-image.ljcdn.com/110000-inspection/62d3ddbb-39d0-42f1-8797-c80d1c9976e0_1000.jpg!m_fill,w_280,h_210,f_jpg?from=ke.com
20231212,大兴,枣园,101116826481,枣园小区 满五年三居室 业主诚心出售,315万,38861元/平,中楼层 (共7层) | 1994年 | 3室1厅 | 81.06平米 | 南 北,https://ke-image.ljcdn.com/110000-inspection/pc1_Gcz1pNKuZ_1.jpg!m_fill,w_280,h_210,f_jpg?from=ke.com
20231212,大兴,枣园,101116820995,康泰园 满五唯一 南北双通透两居 远离高铁 安静适宜,335万,38299元/平,底层 (共18层) | 2011年 | 2室1厅 | 87.47平米 | 南 北,https://ke-image.ljcdn.com/110000-inspection/ee5c1dfd-f45c-4c7d-b00d-8533854f369f_1000.jpg!m_fill,w_280,h_210,f_jpg?from=ke.com
20231212,大兴,枣园,101116809826,首开康乃馨城 商品房 精装修 好位置好楼层,308万,35881元/平,高楼层 (共16层) | 2012年 | 2室1厅 | 85.84平米 | 南 北,https://ke-image.ljcdn.com/110000-inspection/cd399c2d-f3bf-45af-91ae-27f5fd7f6e4e_1000.jpg!m_fill,w_280,h_210,f_jpg?from=ke.com
20231212,大兴,枣园,101116797302,枣园小区 正规一居  全明户型  落地窗  采光好房主自荐,245万,37139元/平,底层 (共5层) | 1995年 | 1室1厅 | 65.97平米 | 西南,https://ke-image.ljcdn.com/110000-inspection/3bee7bb3-46cc-4fd8-a50d-beccaa2e1c71_1000.jpg!m_fill,w_280,h_210,f_jpg?from=ke.com
20231212,大兴,枣园,101116779918,高楼层采光充足南北向户型好房主自荐,208万,29757元/平,高楼层 (共6层) | 1996年 | 1室1厅 | 69.9平米 | 南 北,https://ke-image.ljcdn.com/110000-inspection/b63e703a-b7b4-4639-8b47-325b43f83ef6_1000.jpg!m_fill,w_280,h_210,f_jpg?from=ke.com
20231212,大兴,枣园,101116765568,新安里 2室1厅 南 北,205万,32183元/平,高楼层 (共6层) | 1995年 | 2室1厅 | 63.7平米 | 南 北,https://ke-image.ljcdn.com/110000-inspection/86007b61-816a-4157-b52a-c4d36778c318_1000.jpg!m_fill,w_280,h_210,f_jpg?from=ke.com
20231212,大兴,枣园,101116765350,清源西里 满五唯一 采光充足 看房方便,210万,36114元/平,顶层 (共6层) | 1989年 | 2室1厅 | 58.15平米 | 西南,https://ke-image.ljcdn.com/110000-inspection/cc631800-9fab-43d2-a94d-fec45772f9e0_1000.jpg!m_fill,w_280,h_210,f_jpg?from=ke.com
20231212,大兴,枣园,101116758575,枣园东里 3室1厅 南 北,318万,36302元/平,顶层 (共6层) 3室1厅 | 87.6平米 | 南 北,https://ke-image.ljcdn.com/110000-inspection/e4e637c9-65b8-4c1a-bb23-597864f02362_1000.jpg!m_fill,w_280,h_210,f_jpg?from=ke.com
20231212,大兴,枣园,101116748763,好楼层好位置精装修看房方便,315万,36744元/平,高楼层 (共16层) | 2012年 | 2室1厅 | 85.73平米 | 南 北,https://ke-image.ljcdn.com/110000-inspection/pc1_MFfPJP9mB_2.jpg!m_fill,w_280,h_210,f_jpg?from=ke.com
20231212,大兴,枣园,101116726079,枣园东里满五年唯一南北通透三居室,280万,34243元/平,顶层 (共6层) 3室1厅 | 81.77平米 | 南 北,https://ke-image.ljcdn.com/110000-inspection/1b4b1554-b0b2-48ff-824b-8b74e63c9d4f_1000.jpg!m_fill,w_280,h_210,f_jpg?from=ke.com
20231212,大兴,枣园,101116715828,滨河东里  低楼层  满五年且业主在京只有这一套房子,184万,35791元/平,底层 (共6层) | 1990年 | 2室1厅 | 51.41平米 | 南 北,https://ke-image.ljcdn.com/110000-inspection/pc1_VDVNdFcbh_1.jpg!m_fill,w_280,h_210,f_jpg?from=ke.com
20231212,大兴,枣园,101116703732,滨河西里南区 满五唯一 看房随时 诚心出售,224万,30197元/平,高楼层 (共6层) | 1995年 | 2室1厅 | 74.18平米 | 东 西,https://ke-image.ljcdn.com/110000-inspection/d8c8daee-2045-407b-87d4-102e67902437_1000.jpg!m_fill,w_280,h_210,f_jpg?from=ke.com
20231212,大兴,枣园,101116698691,此房格局好交通便利采光好居住舒适。,420万,42805元/平,顶层 (共10层) | 2003年 | 2室2厅 | 98.12平米 | 南,https://ke-image.ljcdn.com/110000-inspection/pc1_y6ItHaY0l.jpg!m_fill,w_280,h_210,f_jpg?from=ke.com
20231212,大兴,枣园,101116691615,新安里 三居室  双卫生间 看房方便,328万,23970元/平,顶层 (共6层) | 2001年 | 3室2厅 | 136.84平米 | 东 西,https://ke-image.ljcdn.com/110000-inspection/8280f767-93e5-4a45-96cb-5f158b9cad9a_1000.jpg!m_fill,w_280,h_210,f_jpg?from=ke.com
20231212,大兴,枣园,101116678472,首座御园二期北区三期东南向两居室,337万,36055元/平,底层 (共12层) | 2015年 | 2室1厅 | 93.47平米 | 东南,https://ke-image.ljcdn.com/110000-inspection/pc1_Hxx8ofKBI_2.jpg!m_fill,w_280,h_210,f_jpg?from=ke.com
20231212,大兴,枣园,101116667614,滨河东里南区 高速院满五唯一精装修交通便利房主自荐,159万,31430元/平,高楼层 (共6层) | 1985年 | 2室1厅 | 50.59平米 | 东北,https://ke-image.ljcdn.com/110000-inspection/110be4d0-b9bc-4f7f-88e8-086b9ecfdd5b_1000.jpg!m_fill,w_280,h_210,f_jpg?from=ke.com
20231212,大兴,枣园,101116660495,东亚康和名居 满五唯一 南向两居,330万,43416元/平,低楼层 (共18层) 2室1厅 | 76.01平米 | 南,https://ke-image.ljcdn.com/110000-inspection/408ac7f8-87a4-40e4-b7a5-be7dfc8a767d_1000.jpg!m_fill,w_280,h_210,f_jpg?from=ke.com
20231212,大兴,枣园,101116653535,【店长推荐】首邑溪谷满五年唯一 精装三居 诚意出售,408万,56502元/平,低楼层 (共14层) | 2013年 | 3室1厅 | 72.21平米 | 西南,https://ke-image.ljcdn.com/110000-inspection/pc1_jg7XXAZR6_2.jpg!m_fill,w_280,h_210,f_jpg?from=ke.com
20231212,大兴,枣园,101116646120,滨河西里南区满五年唯一住宅诚心出售,240万,34768元/平,顶层 (共6层) | 1992年 | 3室1厅 | 69.03平米 | 南 北,https://ke-image.ljcdn.com/110000-inspection/b92a47d7-736c-463b-9525-9ba038e0431c_1000.jpg!m_fill,w_280,h_210,f_jpg?from=ke.com
20231212,大兴,枣园,101116624206,丽园C区 满五唯一 有电梯 2居室,445万,40283元/平,中楼层 (共10层) | 2008年 | 2室1厅 | 110.47平米 | 南 北,https://ke-image.ljcdn.com/110000-inspection/14c54bd1-406e-4223-8510-5e7875377b31_1000.jpg!m_fill,w_280,h_210,f_jpg?from=ke.com
20231212,大兴,枣园,101116616742,大兴黄村  中建国际港 看房方便 诚心出售,472万,54504元/平,高楼层 (共33层) 2室2厅 | 86.6平米 | 南,https://ke-image.ljcdn.com/110000-inspection/9e114ceb-a0b3-4d0a-b638-db85ea0aca1a_1000.jpg!m_fill,w_280,h_210,f_jpg?from=ke.com
20231212,大兴,枣园,101116616197,双河南里尚城北区低楼层两居室全明格局,265万,33879元/平,底层 (共18层) | 2019年 | 2室1厅 | 78.22平米 | 南 北,https://ke-image.ljcdn.com/110000-inspection/bfec8d9c-e806-405e-9a81-8cd675cac7f1_1000.jpg!m_fill,w_280,h_210,f_jpg?from=ke.com
20231212,大兴,枣园,101116602632,此房满五唯一 远离高铁采光充足视野开阔,305万,71096元/平,中楼层 (共14层) 2室1厅 | 42.9平米 | 东 西,https://ke-image.ljcdn.com/110000-inspection/pc1_UGrETixi7_2.jpg!m_fill,w_280,h_210,f_jpg?from=ke.com
20231212,大兴,枣园,101116591007,康庄路52号院 南北通透两居室 满五年诚意出售,299万,34579元/平,中楼层 (共21层) | 2010年 | 2室1厅 | 86.47平米 | 南 北,https://ke-image.ljcdn.com/110000-inspection/952bdd81-64a0-4363-b9da-4d9d7e7d586f_1000.jpg!m_fill,w_280,h_210,f_jpg?from=ke.com
20231212,大兴,枣园,101116587852,枣园小区  南北通透   中间楼层房主自荐,246万,36679元/平,高楼层 (共6层) 2室1厅 | 67.07平米 | 南 北,https://ke-image.ljcdn.com/110000-inspection/00985f3e-f3f1-43a3-bfc5-9c9878dfbd67_1000.jpg!m_fill,w_280,h_210,f_jpg?from=ke.com
20231212,大兴,枣园,101116560347,满五年唯一 精装自住南向二居室  诚心出售,435万,49618元/平,底层 (共29层) 2室1厅 | 87.67平米 | 西南,https://ke-image.ljcdn.com/110000-inspection/e78f43dc-d17a-436a-8217-ed82459a3d8d_1000.jpg!m_fill,w_280,h_210,f_jpg?from=ke.com
20231212,大兴,枣园,101116553889,新安里 自住 两居室 业主诚心出售,235万,34945元/平,中楼层 (共6层) | 1998年 | 2室1厅 | 67.25平米 | 东南,https://ke-image.ljcdn.com/110000-inspection/5c3d1c3b-128c-4f9f-b265-bab6c31fd27e_1000.jpg!m_fill,w_280,h_210,f_jpg?from=ke.com
20231212,大兴,枣园,101116463929,彩虹新城 经典两居 南北通透 中间楼层 近地铁,480万,52736元/平,中楼层 (共17层) | 2009年 | 2室2厅 | 91.02平米 | 南 北,https://ke-image.ljcdn.com/110000-inspection/83e5a14a-b4cc-4151-a8e6-5ca505d5fbc1_1000.jpg!m_fill,w_280,h_210,f_jpg?from=ke.com
20231212,大兴,枣园,101116443288,新居里 2室1厅 南 北,220万,27360元/平,顶层 (共6层) | 2000年 | 2室1厅 | 80.41平米 | 南 北,https://ke-image.ljcdn.com/110000-inspection/25ddf1ff-65ea-467e-a407-a77d02b4c18a_1000.jpg!m_fill,w_280,h_210,f_jpg?from=ke.com
20231212,大兴,枣园,101116439419,中建港怡嘉园   南北通透   距离地铁四号线D口60米,490万,48981元/平,低楼层 (共19层) | 2017年 | 3室1厅 | 100.04平米 | 南 北,https://ke-image.ljcdn.com/110000-inspection/f6cdb4b2-fd4c-47ae-9a1f-ebbfa2096976_1000.jpg!m_fill,w_280,h_210,f_jpg?from=ke.com
20231212,大兴,枣园,101116417866,枣园小区高楼层一居室视野好不临街不把边。,230万,44163元/平,顶层 (共6层) | 1994年 | 1室1厅 | 52.08平米 | 西,https://ke-image.ljcdn.com/110000-inspection/c8cbc471-b098-4102-8815-285439c9a6d5_1000.jpg!m_fill,w_280,h_210,f_jpg?from=ke.com
20231212,大兴,枣园,101116412415,滨河西里北区 3室1厅 南 北,339万,34023元/平,顶层 (共6层) | 1995年 | 3室1厅 | 99.64平米 | 南 北,https://ke-image.ljcdn.com/110000-inspection/c2c78632-89cb-4d38-93fb-7002554f5076_1000.jpg!m_fill,w_280,h_210,f_jpg?from=ke.com
20231212,大兴,枣园,101116410703,团河苑中间楼层南北通透两居室采光充足房主自荐,200万,32675元/平,中楼层 (共4层) | 1987年 | 2室1厅 | 61.21平米 | 南 北,https://ke-image.ljcdn.com/110000-inspection/a2d247cb-3f8c-496b-8245-4deb4bb76051_1000.jpg!m_fill,w_280,h_210,f_jpg?from=ke.com
20231212,大兴,枣园,101116398400,此房满五年采光没有遮挡 诚心出售 看房方便,152万,34242元/平,顶层 (共6层) | 1992年 | 1室1厅 | 44.39平米 | 南 北,https://ke-image.ljcdn.com/110000-inspection/938490bb-9606-4bd3-aabe-e710165ddaf7_1000.jpg!m_fill,w_280,h_210,f_jpg?from=ke.com
20231212,大兴,枣园,101116385298,红木林北区 南北通透四居室 自住精装修,720万,66220元/平,中楼层 (共21层) 4室2厅 | 108.73平米 | 南 西 北,https://ke-image.ljcdn.com/110000-inspection/pc1_RwVkanZDQ.jpg!m_fill,w_280,h_210,f_jpg?from=ke.com
20231212,大兴,枣园,101116383504,枣园尚城北区  南北通透两居室 全明格局 近地铁,320万,39424元/平,底层 (共17层) | 2012年 | 2室1厅 | 81.17平米 | 南 北,https://ke-image.ljcdn.com/110000-inspection/pc1_O6SgxsuRY.jpg!m_fill,w_280,h_210,f_jpg?from=ke.com
20231212,大兴,枣园,101116382877,丽园东里  丽园东里社区 三居室,428万,41194元/平,高楼层 (共6层) | 2001年 | 3室1厅 | 103.9平米 | 南 北,https://ke-image.ljcdn.com/110000-inspection/e133efc8-0355-48b6-8b41-e4a5f5ebc9a9_1000.jpg!m_fill,w_280,h_210,f_jpg?from=ke.com
20231212,大兴,枣园,101116378519,枣园东里 近地铁 南北通透两居 中楼层 房本满五年房主自荐,282万,39585元/平,中楼层 (共6层) | 1996年 | 2室1厅 | 71.24平米 | 南 北,https://ke-image.ljcdn.com/110000-inspection/dab4e41f-28a7-49e9-8ff4-832c3bff3a24_1000.jpg!m_fill,w_280,h_210,f_jpg?from=ke.com
20231212,大兴,枣园,101116355824,滨河西里北区 满五唯一  精装修三居室 低楼层,360万,34803元/平,低楼层 (共6层) 3室1厅 | 103.44平米 | 南 北,https://ke-image.ljcdn.com/110000-inspection/pc1_ovveQHRTm.jpg!m_fill,w_280,h_210,f_jpg?from=ke.com
20231212,大兴,枣园,101116318593,枣园地铁、客厅朝、满五年唯一、户型好,228万,39277元/平,高楼层 (共6层) | 1999年 | 1室1厅 | 58.05平米 | 南 北,https://ke-image.ljcdn.com/110000-inspection/9caeb989-772c-4419-a1bb-b145c09a8a85_1000.jpg!m_fill,w_280,h_210,f_jpg?from=ke.com
20231212,大兴,枣园,101116284206,兴华园小区东向两居室采光好无遮挡,383万,38427元/平,低楼层 (共10层) 2室1厅 | 99.67平米 | 东,https://ke-image.ljcdn.com/110000-inspection/pc1_PiwqRq451.jpg!m_fill,w_280,h_210,f_jpg?from=ke.com
20231212,大兴,枣园,101116274260,此房满五年唯一南北通透 看房方便无抵押,238万,29702元/平,高楼层 (共6层) | 2000年 | 2室2厅 | 80.13平米 | 南 北,https://ke-image.ljcdn.com/110000-inspection/pc1_r5ZlOuqhB_2.jpg!m_fill,w_280,h_210,f_jpg?from=ke.com
20231212,大兴,枣园,101116273565,此房南北通透两居室 户型好 近地铁  诚心出售。,300万,38911元/平,高楼层 (共6层) | 1995年 | 2室1厅 | 77.1平米 | 南 北,https://ke-image.ljcdn.com/110000-inspection/9ce44e49-8d12-4a6d-b299-4bb6bc1c3ecd_1000.jpg!m_fill,w_280,h_210,f_jpg?from=ke.com
20231212,大兴,枣园,101116269834,大兴黄村  枣园小区 南北通透,222万,39071元/平,中楼层 (共6层) | 1995年 | 1室1厅 | 56.82平米 | 南 北,https://ke-image.ljcdn.com/110000-inspection/872b2c29-dc3c-41c3-9a31-613f333434cf_1000.jpg!m_fill,w_280,h_210,f_jpg?from=ke.com
20231212,大兴,枣园,101116261673,此房满五商品房南北通透前后无遮挡采光充足。房主自荐,180万,28531元/平,顶层 (共6层) | 1996年 | 2室1厅 | 63.09平米 | 南 北,https://ke-image.ljcdn.com/110000-inspection/c6cc954c-96c6-4526-a7bc-13084265a68e_1000.jpg!m_fill,w_280,h_210,f_jpg?from=ke.com
20231212,大兴,枣园,101116236019,枣园北里 南北通透两居室 明厅户型 采光好,279万,38616元/平,顶层 (共6层) | 1999年 | 2室1厅 | 72.25平米 | 南 北,https://ke-image.ljcdn.com/110000-inspection/b34031a9-520d-42f9-8fb2-2426f05bba91_1000.jpg!m_fill,w_280,h_210,f_jpg?from=ke.com
20231212,大兴,枣园,101116230940,团河苑 两居室 业主诚心出售 满五年,190万,34850元/平,顶层 (共6层) | 1997年 | 2室1厅 | 54.52平米 | 南 北,https://ke-image.ljcdn.com/110000-inspection/pc1_bfposBzVj_1.jpg!m_fill,w_280,h_210,f_jpg?from=ke.com
20231212,大兴,枣园,101116218404,清源西里 南北两居 中间楼层 看房方便,249万,43846元/平,中楼层 (共6层) | 1990年 | 2室1厅 | 56.79平米 | 南 北,https://ke-image.ljcdn.com/110000-inspection/4cc07bf3-9817-4b08-ac72-d55764751c57_1000.jpg!m_fill,w_280,h_210,f_jpg?from=ke.com
20231212,大兴,枣园,101116211712,新安里 2室1厅 南 北,245万,35647元/平,底层 (共6层) | 1997年 | 2室1厅 | 68.73平米 | 南 北,https://ke-image.ljcdn.com/110000-inspection/088f2bf0-e0dc-4bf9-8b93-73f818907422_1000.jpg!m_fill,w_280,h_210,f_jpg?from=ke.com
20231212,大兴,枣园,101116198656,房子装修好 南北通透  满五唯一  采光没有遮挡,202万,32953元/平,顶层 (共6层) | 1994年 | 2室1厅 | 61.3平米 | 南 北,https://ke-image.ljcdn.com/110000-inspection/pc1_8MBK72CK8.jpg!m_fill,w_280,h_210,f_jpg?from=ke.com
20231212,大兴,枣园,101116193701,此房南北通透两居室 户型好 近地铁  诚心出售。,225万,31584元/平,顶层 (共6层) | 1996年 | 2室1厅 | 71.24平米 | 南 北,https://ke-image.ljcdn.com/110000-inspection/6be9c305-a8a7-431f-83a7-af33e5c17fd8_1000.jpg!m_fill,w_280,h_210,f_jpg?from=ke.com
20231212,大兴,枣园,101116187284,圣和巷小区 满五唯一 好楼层好位置,258万,36380元/平,中楼层 (共6层) | 1995年 | 2室1厅 | 70.92平米 | 南 北,https://ke-image.ljcdn.com/110000-inspection/4fc4924c-36c7-4266-925b-01a9b8c89c39_1000.jpg!m_fill,w_280,h_210,f_jpg?from=ke.com
20231212,大兴,枣园,101116180294,康庄路52号院 满五唯一 纯南两居室,325万,37216元/平,低楼层 (共21层) | 2010年 | 2室1厅 | 87.33平米 | 南,https://ke-image.ljcdn.com/110000-inspection/pc1_1rhXq9Lk2_1.jpg!m_fill,w_280,h_210,f_jpg?from=ke.com
20231212,大兴,枣园,101116152820,彩虹新城 2室1厅 南 北房主自荐,385万,42650元/平,底层 (共18层) | 2008年 | 2室1厅 | 90.27平米 | 南 北,https://ke-image.ljcdn.com/110000-inspection/4d4019c3-ca46-4d6e-8680-b7b7d3a1f7fa_1000.jpg!m_fill,w_280,h_210,f_jpg?from=ke.com
20231212,大兴,枣园,101116148095,南北通透卫生间干湿分离卧室大居住舒适。,269万,31203元/平,顶层 (共16层) | 2012年 | 2室1厅 | 86.21平米 | 南 北,https://ke-image.ljcdn.com/110000-inspection/36cfa15e-1bd4-4095-8ebf-74549aff6f50_1000.jpg!m_fill,w_280,h_210,f_jpg?from=ke.com
20231212,大兴,枣园,101116129835,清源西里小区 满五唯一 近地铁,315万,38173元/平,顶层 (共6层) 3室1厅 | 82.52平米 | 南 北,https://ke-image.ljcdn.com/110000-inspection/6acf7a89-c9fb-4e33-981d-6f353d8ddeec_1000.jpg!m_fill,w_280,h_210,f_jpg?from=ke.com
20231212,大兴,枣园,101116129648,彩虹新城满五年唯一业主诚心出售,405万,44826元/平,底层 (共11层) | 2008年 | 2室1厅 | 90.35平米 | 南 北,https://ke-image.ljcdn.com/110000-inspection/pc1_bBmkuAUvF_2.jpg!m_fill,w_280,h_210,f_jpg?from=ke.com
20231212,大兴,枣园,101116111731,枣园小区满五年唯一南北通透三居室,475万,41873元/平,中楼层 (共6层) 3室2厅 | 113.44平米 | 南 北,https://ke-image.ljcdn.com/110000-inspection/d30beff6-49c3-4536-a416-17d6e533bb7e_1000.jpg!m_fill,w_280,h_210,f_jpg?from=ke.com
20231212,大兴,枣园,101116081182,丽园东里南北通透两居室采光好装修好近地铁,490万,47449元/平,中楼层 (共5层) | 2002年 | 2室1厅 | 103.27平米 | 南 北,https://ke-image.ljcdn.com/110000-inspection/0868b09a-8d07-4481-b1d9-f69346975d30_1000.jpg!m_fill,w_280,h_210,f_jpg?from=ke.com
20231212,大兴,枣园,101116056665,枣园小区 2室1厅 南 北,220万,37550元/平,底层 (共6层) | 1994年 | 2室1厅 | 58.59平米 | 南 北,https://ke-image.ljcdn.com/110000-inspection/pc1_hCRnSaqKh_2.jpg!m_fill,w_280,h_210,f_jpg?from=ke.com
20231212,大兴,枣园,101116035873,彩虹新城 南北通透  近地铁 中间楼层,415万,42369元/平,中楼层 (共17层) | 2008年 | 2室1厅 | 97.95平米 | 南 北,https://ke-image.ljcdn.com/110000-inspection/cc084232-499f-455c-bba5-96d1c6a2c6cd_1000.jpg!m_fill,w_280,h_210,f_jpg?from=ke.com
20231212,大兴,枣园,101116031031,枣园小区 满两年唯一 看房提前联系 复式户型,420万,33622元/平,顶层 (共6层) | 1998年 | 4室2厅 | 124.92平米 | 南 北,https://ke-image.ljcdn.com/110000-inspection/637e9262-a47b-4322-8a77-ee08c8d2097c_1000.jpg!m_fill,w_280,h_210,f_jpg?from=ke.com
20231212,大兴,枣园,101116012260,精装两居  中高楼层  采光好视野佳  电梯刷卡进入,324万,42626元/平,高楼层 (共18层) | 2012年 | 2室1厅 | 76.01平米 | 南,https://ke-image.ljcdn.com/110000-inspection/8b9f8867-078d-4023-8069-e6b869fe26aa_1000.jpg!m_fill,w_280,h_210,f_jpg?from=ke.com
20231212,大兴,枣园,101115997655,团河小区南北向两居室业主自住看房方便,215万,29795元/平,顶层 (共6层) | 1998年 | 2室1厅 | 72.16平米 | 南 北,https://ke-image.ljcdn.com/110000-inspection/pc1_cWAZm9gUU_1.jpg!m_fill,w_280,h_210,f_jpg?from=ke.com
20231212,大兴,枣园,101115990342,枣园北里 3室2厅 南 北,370万,31894元/平,顶层 (共6层) | 2000年 | 3室2厅 | 116.01平米 | 南 北,https://ke-image.ljcdn.com/110000-inspection/72f1ce31-f5dd-4cd1-a454-59670f6fe74c_1000.jpg!m_fill,w_280,h_210,f_jpg?from=ke.com
20231212,大兴,枣园,101115989897,红木林南区两居室  诚心出售  价格可以谈,443万,65972元/平,中楼层 (共21层) | 2013年 | 2室1厅 | 67.15平米 | 西 南,https://ke-image.ljcdn.com/110000-inspection/pc1_Ar3AgYPmT_2.jpg!m_fill,w_280,h_210,f_jpg?from=ke.com
20231212,大兴,枣园,101115976958,新居里 3室2厅 南 北,315万,31583元/平,低楼层 (共6层) | 2000年 | 3室2厅 | 99.74平米 | 南 北,https://ke-image.ljcdn.com/110000-inspection/2b7e39cd-9450-432c-95ee-e8814a8fdcc4_1000.jpg!m_fill,w_280,h_210,f_jpg?from=ke.com
20231212,大兴,枣园,101115933908,满五唯一低楼层南北通透三室两厅小区中间位置房主自荐,334万,35559元/平,低楼层 (共6层) | 1994年 | 3室2厅 | 93.93平米 | 南 北,https://ke-image.ljcdn.com/110000-inspection/cc688575-ee10-4268-a4e1-76a05013d548_1000.jpg!m_fill,w_280,h_210,f_jpg?from=ke.com
20231212,大兴,枣园,101115919405,红木林南区 满五唯一 南北通透 明厨明卫,726万,66169元/平,中楼层 (共28层) 4室2厅 | 109.72平米 | 东 南 北,https://ke-image.ljcdn.com/110000-inspection/904b9cbd-f8e1-4caa-aa30-0e7238335b91_1000.jpg!m_fill,w_280,h_210,f_jpg?from=ke.com
20231212,大兴,枣园,101115896766,滨河东里  非顶层  前后无遮挡  采光好,167万,33011元/平,高楼层 (共6层) | 1985年 | 2室1厅 | 50.59平米 | 东北,https://ke-image.ljcdn.com/110000-inspection/e320877a-0692-4090-807f-fe16e072ab4c_1000.jpg!m_fill,w_280,h_210,f_jpg?from=ke.com
20231212,大兴,枣园,101115896700,滨河东里南区一层交通便利临近公园,185万,35853元/平,底层 (共6层) | 1985年 | 2室1厅 | 51.6平米 | 南 北,https://ke-image.ljcdn.com/110000-inspection/f2260bfa-1dc1-4970-9405-5e656f027375_1000.jpg!m_fill,w_280,h_210,f_jpg?from=ke.com
20231212,大兴,枣园,101115864613,新上房 滨河西里 满五年 全明格局 非顶层 近地铁,225万,37001元/平,高楼层 (共6层) | 1991年 | 2室1厅 | 60.81平米 | 南 北,https://ke-image.ljcdn.com/110000-inspection/0e36c703-a11c-46bc-bfad-d3a2507b2b72_1000.jpg!m_fill,w_280,h_210,f_jpg?from=ke.com
20231212,大兴,枣园,101115863851,枣园北里正规二居室 南北通透 通风好,249万,38202元/平,顶层 (共6层) | 2000年 | 2室1厅 | 65.18平米 | 南 北,https://ke-image.ljcdn.com/110000-inspection/pc1_5GZGLUZfB_2.jpg!m_fill,w_280,h_210,f_jpg?from=ke.com
20231212,大兴,枣园,101115837629,枣园首座御园一期南北通透两居商品房房主自荐,318万,41997元/平,底层 (共8层) | 2011年 | 2室1厅 | 75.72平米 | 南 北,https://ke-image.ljcdn.com/110000-inspection/pc1_fV7SKZBQ7_2.jpg!m_fill,w_280,h_210,f_jpg?from=ke.com
20231212,大兴,枣园,101115819116,彩虹新城东南向两居高楼层采光视野好满五年唯一住房,460万,55650元/平,中楼层 (共15层) 2室1厅 | 82.66平米 | 东南,https://ke-image.ljcdn.com/110000-inspection/45350221-11a3-430e-90e2-64cd668bf4f2_1000.jpg!m_fill,w_280,h_210,f_jpg?from=ke.com
20231212,大兴,枣园,101115815731,那尔水晶城  南北通透 4居室 业主诚心出售,740万,45753元/平,中楼层 (共6层) | 2003年 | 4室2厅 | 161.74平米 | 南 北,https://ke-image.ljcdn.com/110000-inspection/pc1_wXElSssx7_3.jpg!m_fill,w_280,h_210,f_jpg?from=ke.com
20231212,大兴,枣园,101115812248,兴盛街187号院 南北通透两居室 落地窗,320万,38214元/平,顶层 (共12层) | 2009年 | 2室1厅 | 83.74平米 | 南 北,https://ke-image.ljcdn.com/110000-inspection/11fca7b3-b87d-47ec-ad94-c03f63727ccf_1000.jpg!m_fill,w_280,h_210,f_jpg?from=ke.com
20231212,大兴,枣园,101115776198,兴华园南北通透采光好视野好,268万,41810元/平,顶层 (共10层) | 2003年 | 1室1厅 | 64.1平米 | 南 北,https://ke-image.ljcdn.com/110000-inspection/pc1_Wnydye8EU_2.jpg!m_fill,w_280,h_210,f_jpg?from=ke.com
20231212,大兴,枣园,101115760412,团河苑明厅南北两居采光好楼龄新 位置安静,230万,33631元/平,顶层 (共6层) | 1996年 | 2室1厅 | 68.39平米 | 南 北,https://ke-image.ljcdn.com/110000-inspection/pc1_GnysUiDhy_2.jpg!m_fill,w_280,h_210,f_jpg?from=ke.com
20231212,大兴,枣园,101115708581,明厨明卫两居室满五年唯一枣园地铁200米,385万,45971元/平,高楼层 (共18层) | 2009年 | 2室1厅 | 83.75平米 | 南 北,https://ke-image.ljcdn.com/110000-inspection/184adc2f-fca7-41f0-82b6-23fdbb5e0fa4_1000.jpg!m_fill,w_280,h_210,f_jpg?from=ke.com
20231212,大兴,枣园,101115706850,满五唯一 南北通透 大两居 近地铁,420万,55475元/平,底层 (共6层) | 1992年 | 2室2厅 | 75.71平米 | 南 北,https://ke-image.ljcdn.com/110000-inspection/f82b4c25-b483-436d-a8ff-6de51a91ffde_1000.jpg!m_fill,w_280,h_210,f_jpg?from=ke.com
20231212,大兴,枣园,101115698928,首邑溪谷 满五唯一 中楼层 采光充足 视野开阔的三居室房主自荐,463万,63097元/平,中楼层 (共14层) | 2013年 | 4室1厅 | 73.38平米 | 西南,https://ke-image.ljcdn.com/110000-inspection/d9c0449a-96ee-469d-bab1-87c1ad62dbb4_1000.jpg!m_fill,w_280,h_210,f_jpg?from=ke.com
20231212,大兴,枣园,101115698651,丽园C区 满五年唯一 自住装修 采光好视野好房主自荐,465万,44549元/平,中楼层 (共10层) | 2008年 | 2室2厅 | 104.38平米 | 南 北,https://ke-image.ljcdn.com/110000-inspection/pc1_5SbZMkSPq_3.jpg!m_fill,w_280,h_210,f_jpg?from=ke.com
20231212,大兴,枣园,101115680407,彩虹新城南北通透大三居格局方正采光好,670万,57894元/平,低楼层 (共14层) | 2009年 | 3室1厅 | 115.73平米 | 南 北,https://ke-image.ljcdn.com/110000-inspection/0e761dec-d64b-4277-9669-69aefedca2af_1000.jpg!m_fill,w_280,h_210,f_jpg?from=ke.com
20231212,大兴,枣园,101115673317,首开康乃馨城  满五唯一 位置采光好房主自荐,233万,37636元/平,中楼层 (共16层) | 2012年 | 1室1厅 | 61.91平米 | 南,https://ke-image.ljcdn.com/110000-inspection/pc1_3QurWUraR_2.jpg!m_fill,w_280,h_210,f_jpg?from=ke.com
20231212,大兴,枣园,101115657422,1998年房南北通透三室两厅明厅户型方正高楼层房主自荐,396万,34450元/平,顶层 (共6层) | 1998年 | 3室2厅 | 114.95平米 | 南 北,https://ke-image.ljcdn.com/110000-inspection/b1ce8f76-d491-4609-a197-b69e3dc4506d_1000.jpg!m_fill,w_280,h_210,f_jpg?from=ke.com
20231212,大兴,枣园,101115646813,彩虹新城  自住两居室 东南朝向,413万,45849元/平,底层 (共18层) | 2008年 | 2室1厅 | 90.08平米 | 南 东,https://ke-image.ljcdn.com/110000-inspection/pc1_FYMmbQYz1_2.jpg!m_fill,w_280,h_210,f_jpg?from=ke.com
20231212,大兴,枣园,101115639914,首邑溪谷 三层 精装修 领包入住房,378万,79462元/平,底层 (共11层) | 2013年 | 2室2厅 | 47.57平米 | 东 西,https://ke-image.ljcdn.com/110000-inspection/8eca9ac3-2f8f-4529-a302-e5015e86d395_1000.jpg!m_fill,w_280,h_210,f_jpg?from=ke.com
20231212,大兴,枣园,101115616452,康宜家园北区 精装两居室业主诚心卖,300万,42206元/平,中楼层 (共21层) | 2015年 | 2室1厅 | 71.08平米 | 南 北,https://ke-image.ljcdn.com/110000-inspection/pc1_ZBwhS559I_2.jpg!m_fill,w_280,h_210,f_jpg?from=ke.com
20231212,大兴,枣园,101115613973,此房满五年高楼层采光充足明厅南北两居,235万,31515元/平,顶层 (共6层) 2室1厅 | 74.57平米 | 南 北,https://ke-image.ljcdn.com/110000-inspection/2cd7f425-c5d2-4c7a-9ca2-b6be99fbad5d_1000.jpg!m_fill,w_280,h_210,f_jpg?from=ke.com
20231212,大兴,枣园,101115439929,丽园东里 小区位置好 停车很方便 安静不吵 户型佳,335万,43964元/平,底层 (共6层) | 2001年 | 2室1厅 | 76.2平米 | 南 北,https://ke-image.ljcdn.com/110000-inspection/pc1_9q3u0aDpU_2.jpg!m_fill,w_280,h_210,f_jpg?from=ke.com
20231212,大兴,枣园,101115427569,中间楼层满五唯一自如装修随时签约配套全近医院公园,244万,40411元/平,中楼层 (共6层) | 1991年 | 2室1厅 | 60.38平米 | 南 北,https://ke-image.ljcdn.com/110000-inspection/16f982f2-0646-4706-9c9d-b4a57dad196a_1000.jpg!m_fill,w_280,h_210,f_jpg?from=ke.com
20231212,大兴,枣园,101115400804,首邑溪谷 不临高铁不临街 三居室 精装修,470万,52304元/平,低楼层 (共27层) | 2013年 | 3室1厅 | 89.86平米 | 东南,https://ke-image.ljcdn.com/110000-inspection/aa66dcb3-ef4b-4caa-bc9a-37c02dfa2310_1000.jpg!m_fill,w_280,h_210,f_jpg?from=ke.com
20231212,大兴,枣园,101115363145,此房满五年高楼层采光充足明厅三居室,329万,31059元/平,顶层 (共6层) | 1996年 | 3室1厅 | 105.93平米 | 南 北,https://ke-image.ljcdn.com/110000-inspection/pc1_XEd0YZz6N_3.jpg!m_fill,w_280,h_210,f_jpg?from=ke.com
20231212,大兴,枣园,101115362077,新安里小区精装修南北通透两居室房主自荐,208万,28408元/平,顶层 (共6层) | 1999年 | 2室1厅 | 73.22平米 | 北 南,https://ke-image.ljcdn.com/110000-inspection/pc1_9KU2ojN62_2.jpg!m_fill,w_280,h_210,f_jpg?from=ke.com
20231212,大兴,枣园,101115351038,新安里 3室2厅 南 北,316万,34442元/平,低楼层 (共6层) | 1999年 | 3室2厅 | 91.75平米 | 南 北,https://ke-image.ljcdn.com/110000-inspection/d4af31cf-d210-4540-9d18-be67bb60e842_1000.jpg!m_fill,w_280,h_210,f_jpg?from=ke.com
20231212,大兴,枣园,101115334553,滨河西里中区低楼层 交通便利临近公园房主自荐,215万,38816元/平,低楼层 (共6层) | 1994年 | 2室1厅 | 55.39平米 | 东 西,https://ke-image.ljcdn.com/110000-inspection/b2fa5357-7e62-4a6a-89ce-7f1693009585_1000.jpg!m_fill,w_280,h_210,f_jpg?from=ke.com
20231212,大兴,枣园,101115324842,团河苑南区  满五商品房  南北通透房主自荐,348万,36617元/平,中楼层 (共6层) | 2005年 | 2室1厅 | 95.04平米 | 南 北,https://ke-image.ljcdn.com/110000-inspection/4f2982f1-ef29-45dd-a717-5c63def6407e_1000.jpg!m_fill,w_280,h_210,f_jpg?from=ke.com
20231212,大兴,枣园,101115278801,满五年唯一 全明格局一居室 有电梯 诚意出售,283万,45950元/平,低楼层 (共17层) 1室1厅 | 61.59平米 | 南,https://ke-image.ljcdn.com/110000-inspection/1073c1ef-6ff2-4e27-95fe-47134e4772ca_1000.jpg!m_fill,w_280,h_210,f_jpg?from=ke.com
20231212,大兴,枣园,101115232344,首邑溪谷精装修两居室业主诚心出售 集中供暖,460万,51363元/平,中楼层 (共28层) | 2012年 | 3室1厅 | 89.56平米 | 东南,https://ke-image.ljcdn.com/110000-inspection/c2fe3462-9f5e-42de-9732-fa40c8cb1b49_1000.jpg!m_fill,w_280,h_210,f_jpg?from=ke.com
20231212,大兴,枣园,101115222710,满五年唯一  商品房  纯南向 采光好 无遮挡房主自荐,158万,33812元/平,高楼层 (共6层) 1室1厅 | 46.73平米 | 南,https://ke-image.ljcdn.com/110000-inspection/pc1_kjspu21Ua.jpg!m_fill,w_280,h_210,f_jpg?from=ke.com
20231212,大兴,枣园,101115196842,新安里 满五年的商品房 明厅户型房主自荐,220万,32915元/平,中楼层 (共6层) 2室1厅 | 66.84平米 | 南 北,https://ke-image.ljcdn.com/110000-inspection/pc1_4KllWjLgg_1.jpg!m_fill,w_280,h_210,f_jpg?from=ke.com
20231212,大兴,枣园,101115146617,房子满2年无增值税业主诚心出售随时签约房主自荐,205万,35291元/平,低楼层 (共6层) 2室1厅 | 58.09平米 | 南 北,https://ke-image.ljcdn.com/110000-inspection/pc1_K2M1GojPY.jpg!m_fill,w_280,h_210,f_jpg?from=ke.com
20231212,大兴,枣园,101115130311,首座御园一区二期 2室2厅 西南,308万,34295元/平,低楼层 (共12层) | 2015年 | 2室2厅 | 89.81平米 | 西南,https://ke-image.ljcdn.com/110000-inspection/fd616954-b731-4748-a3be-c2bdea84f505_1000.jpg!m_fill,w_280,h_210,f_jpg?from=ke.com
20231212,大兴,枣园,101115126137,首邑溪谷 满二唯一采光好无遮挡 无噪音,485万,75358元/平,低楼层 (共14层) | 2013年 | 3室1厅 | 64.36平米 | 东南,https://ke-image.ljcdn.com/110000-inspection/7390bde3-9460-43c5-a17d-587709c71277_1000.jpg!m_fill,w_280,h_210,f_jpg?from=ke.com
20231212,大兴,枣园,101115103495,红木林  满五唯一   双卧朝南   居住舒适,450万,67085元/平,中楼层 (共21层) | 2013年 | 2室1厅 | 67.08平米 | 西 南,https://ke-image.ljcdn.com/110000-inspection/ea0e8312-017a-4c1c-b838-44ebdab4b287_1000.jpg!m_fill,w_280,h_210,f_jpg?from=ke.com
20231212,大兴,枣园,101115045494,枣园小区 满五唯一三居采光好看房提前联系精装修入住,310万,34522元/平,高楼层 (共6层) 3室2厅 | 89.8平米 | 西北,https://ke-image.ljcdn.com/110000-inspection/pc1_zmQIcXlGL_2.jpg!m_fill,w_280,h_210,f_jpg?from=ke.com
20231212,大兴,枣园,101115037728,兴华园大四居中高楼层采光视野好。,560万,33803元/平,中楼层 (共18层) | 2001年 | 4室2厅 | 165.67平米 | 东 西,https://ke-image.ljcdn.com/110000-inspection/7a6a79dd-a8a3-4ac2-b4ec-1ae8eafce8d4_1000.jpg!m_fill,w_280,h_210,f_jpg?from=ke.com
20231212,大兴,枣园,101115004553,南北通透  满五唯一  电梯房,289万,33338元/平,低楼层 (共16层) | 2012年 | 2室1厅 | 86.69平米 | 南 北,https://ke-image.ljcdn.com/110000-inspection/2d4863ed-e19a-4274-95b9-3e88076ea55f_1000.jpg!m_fill,w_280,h_210,f_jpg?from=ke.com
20231212,大兴,枣园,101114964868,首邑溪谷 2室1厅 东北,337万,71293元/平,低楼层 (共16层) | 2013年 | 2室1厅 | 47.27平米 | 东北,https://ke-image.ljcdn.com/110000-inspection/pc1_2x2TmBHZz_2.jpg!m_fill,w_280,h_210,f_jpg?from=ke.com
20231212,大兴,枣园,101114920758,大兴枣园小区  诚心出售 拎包入住房主自荐,425万,43595元/平,中楼层 (共6层) | 2003年 | 2室1厅 | 97.49平米 | 南 北,https://ke-image.ljcdn.com/110000-inspection/pc1_mIaCAo9jq_2.jpg!m_fill,w_280,h_210,f_jpg?from=ke.com
20231212,大兴,枣园,101114913450,首邑溪谷 此房满五唯一 楼层好 视野宽阔 采光充足,280万,69119元/平,中楼层 (共14层) | 2013年 | 2室1厅 | 40.51平米 | 东,https://ke-image.ljcdn.com/110000-inspection/431ba621-0724-4802-87e5-296bb3545eb7_1000.jpg!m_fill,w_280,h_210,f_jpg?from=ke.com
20231212,大兴,枣园,101114902837,首邑溪谷  满五唯一 明厨明卫 高楼层大客厅三居,430万,47752元/平,高楼层 (共27层) | 2013年 | 3室1厅 | 90.05平米 | 东 南,https://ke-image.ljcdn.com/110000-inspection/e5d1f6a3-97bd-4527-a8aa-b4672b22bc08_1000.jpg!m_fill,w_280,h_210,f_jpg?from=ke.com
20231212,大兴,枣园,101114889153,南北通透两居两卫中间楼层采光好户型好房主自荐,340万,30879元/平,中楼层 (共6层) | 2005年 | 2室1厅 | 110.11平米 | 南 北,https://ke-image.ljcdn.com/110000-inspection/5a2b84fd-dddc-4917-9e8f-7a23a50c50c2_1000.jpg!m_fill,w_280,h_210,f_jpg?from=ke.com
20231212,大兴,枣园,101114886595,康宜家园南区  精致一居 南北,185万,34515元/平,低楼层 (共15层) 1室1厅 | 53.6平米 | 南 北,https://ke-image.ljcdn.com/110000-inspection/ee5f5e25-a819-4667-8efc-965714dbcf33_1000.jpg!m_fill,w_280,h_210,f_jpg?from=ke.com
20231212,大兴,枣园,101114859050,滨河坊精装修两居  2005年小区  前后无遮挡采光好,265万,33664元/平,高楼层 (共6层) | 2005年 | 2室1厅 | 78.72平米 | 东 西,https://ke-image.ljcdn.com/110000-inspection/pc1_kJFdI1ORS_2.jpg!m_fill,w_280,h_210,f_jpg?from=ke.com
20231212,大兴,枣园,101114853052,团河小区南向一居室中等装修满五年,150万,32100元/平,高楼层 (共6层) | 1998年 | 1室1厅 | 46.73平米 | 南,https://ke-image.ljcdn.com/110000-inspection/66a85247-f2e3-41a5-942c-0190fa4bbcec_1000.jpg!m_fill,w_280,h_210,f_jpg?from=ke.com
20231212,大兴,枣园,101114836061,新居里 3室2厅 南 北,386万,30814元/平,顶层 (共6层) | 2003年 | 3室2厅 | 125.27平米 | 南 北,https://ke-image.ljcdn.com/110000-inspection/8ca2b667-81ec-4007-9b6f-92358edbceeb_1000.jpg!m_fill,w_280,h_210,f_jpg?from=ke.com
20231212,大兴,枣园,101114819177,红木林南区电梯大平层四居室三代同堂满五年,1180万,74864元/平,中楼层 (共14层) | 2013年 | 4室2厅 | 157.62平米 | 南 北,https://ke-image.ljcdn.com/110000-inspection/a8ec2257-0877-4b43-b181-7ae23905ad07_1000.jpg!m_fill,w_280,h_210,f_jpg?from=ke.com
20231212,大兴,枣园,101114816661,首开康乃馨 南北通透 正规三居 满五唯一,346万,38991元/平,中楼层 (共9层) | 2012年 | 3室1厅 | 88.74平米 | 南 北,https://ke-image.ljcdn.com/110000-inspection/pc1_aKJprMvxs_2.jpg!m_fill,w_280,h_210,f_jpg?from=ke.com
20231212,大兴,枣园,101114751403,彩虹新城 满两年 南北通透一居室,290万,49278元/平,底层 (共18层) | 2008年 | 1室1厅 | 58.85平米 | 南 北,https://ke-image.ljcdn.com/110000-inspection/prod-9f70245a-9e39-48ab-8c3e-78afd7f868f5.jpg!m_fill,w_280,h_210,f_jpg?from=ke.com
20231212,大兴,枣园,101114714249,满五唯一中间楼层南北通透近公园近地铁13年改造完成,325万,43328元/平,中楼层 (共6层) | 1994年 | 2室1厅 | 75.01平米 | 南 北,https://ke-image.ljcdn.com/110000-inspection/b585d613-2d7e-496c-b377-a57f8c58922e_1000.jpg!m_fill,w_280,h_210,f_jpg?from=ke.com
20231212,大兴,枣园,101114711842,马赛公馆  南北通透  看房方便,506万,52835元/平,顶层 (共13层) | 2012年 | 2室2厅 | 95.77平米 | 南 北,https://ke-image.ljcdn.com/110000-inspection/pc1_meC65V80e.jpg!m_fill,w_280,h_210,f_jpg?from=ke.com
20231212,大兴,枣园,101114705248,新安里 纯南向一居室 楼层低 简单收拾可以拎包入住,185万,36576元/平,低楼层 (共6层) 1室1厅 | 50.58平米 | 南,https://ke-image.ljcdn.com/110000-inspection/a4af69eb-2a3e-452d-84e5-453546060616_1000.jpg!m_fill,w_280,h_210,f_jpg?from=ke.com
20231212,大兴,枣园,101114679454,枣园尚城 位置好 标准1室1厅 大窗户 卖房变现 诚心售房主自荐,248万,40313元/平,底层 (共18层) 1室1厅 | 61.52平米 | 南,https://ke-image.ljcdn.com/110000-inspection/59d64388-340e-4b96-9a88-5f361e120c56_1000.jpg!m_fill,w_280,h_210,f_jpg?from=ke.com
20231212,大兴,枣园,101114642927,南北全明次卧厨房不算房本面积满五唯一精装修房主自荐,260万,45767元/平,顶层 (共6层) | 1996年 | 2室2厅 | 56.81平米 | 南 北,https://ke-image.ljcdn.com/110000-inspection/505c4f31-80fd-42af-a3ad-5baba3cba491_1000.jpg!m_fill,w_280,h_210,f_jpg?from=ke.com
20231212,大兴,枣园,101114642738,首邑溪谷南北通透满五唯一正看花园。,305万,66204元/平,中楼层 (共16层) | 2013年 | 2室1厅 | 46.07平米 | 南 北,https://ke-image.ljcdn.com/110000-inspection/794ac73d-55a4-4719-b295-4fbbdfa0f88d_1000.jpg!m_fill,w_280,h_210,f_jpg?from=ke.com
20231212,大兴,枣园,101114641980,彩虹新城全明格局两居室出行便利,423万,47765元/平,低楼层 (共16层) | 2008年 | 2室2厅 | 88.56平米 | 西南,https://ke-image.ljcdn.com/110000-inspection/pc1_8VVeCjt0Z.jpg!m_fill,w_280,h_210,f_jpg?from=ke.com
20231212,大兴,枣园,101114641421,南北通透两居室高楼层采光好,299万,34591元/平,高楼层 (共16层) | 2012年 | 2室1厅 | 86.44平米 | 南 北,https://ke-image.ljcdn.com/110000-inspection/pc1_0SfBYS0jc_2.jpg!m_fill,w_280,h_210,f_jpg?from=ke.com
20231212,大兴,枣园,101114601325,此房满五年唯一楼层好采光充足带电梯一梯两户,880万,46180元/平,中楼层 (共11层) | 2005年 | 3室2厅 | 190.56平米 | 南 北,https://ke-image.ljcdn.com/110000-inspection/72e46193-cf49-4dfe-9757-01a5d9a6eb3c_1000.jpg!m_fill,w_280,h_210,f_jpg?from=ke.com
20231212,大兴,枣园,101114570495,满五唯一双卧、客厅朝南南北通透三居室。房主自荐,645万,46510元/平,中楼层 (共7层) | 2003年 | 3室2厅 | 138.68平米 | 南 北,https://ke-image.ljcdn.com/110000-inspection/pc1_Z1e6uIjsM_1.jpg!m_fill,w_280,h_210,f_jpg?from=ke.com
20231212,大兴,枣园,101114566815,首开康乃馨城南向一居室带电梯.,208万,33366元/平,低楼层 (共16层) | 2012年 | 1室1厅 | 62.34平米 | 南,https://ke-image.ljcdn.com/110000-inspection/5c7188bd-a3d4-4398-9aca-3a2a2b1e4892_1000.jpg!m_fill,w_280,h_210,f_jpg?from=ke.com
20231212,大兴,枣园,101114549182,滨河西里北区近地铁公园满五唯一正规2居明厅房主自荐,305万,43559元/平,底层 (共7层) | 1999年 | 2室1厅 | 70.02平米 | 南 北,https://ke-image.ljcdn.com/110000-inspection/eb19f9a3-593b-488c-b9d8-a5c6fcec672c_1000.jpg!m_fill,w_280,h_210,f_jpg?from=ke.com
20231212,大兴,枣园,101114508471,次顶层2居95年面积大东西通透近公园配套全免费停车房主自荐,229万,30871元/平,高楼层 (共6层) 2室1厅 | 74.18平米 | 东 西,https://ke-image.ljcdn.com/110000-inspection/pc1_2WBPwsb5x_3.jpg!m_fill,w_280,h_210,f_jpg?from=ke.com
20231212,大兴,枣园,101114457188,新安里 3室1厅 南 北,330万,29541元/平,高楼层 (共6层) | 2003年 | 3室1厅 | 111.71平米 | 南 北,https://ke-image.ljcdn.com/110000-inspection/291016b5-2f74-4e5a-8992-85fd2080a052_1000.jpg!m_fill,w_280,h_210,f_jpg?from=ke.com
20231212,大兴,枣园,101114449643,红木林北区 2室2厅 南 北,498万,64550元/平,低楼层 (共21层) | 2013年 | 2室2厅 | 77.15平米 | 南 北,https://ke-image.ljcdn.com/110000-inspection/pc1_W5AXrTRnl_2.jpg!m_fill,w_280,h_210,f_jpg?from=ke.com
20231212,大兴,枣园,101114415655,滨河西里北区 精装修 明厅户型 诚心出售,286万,36908元/平,中楼层 (共7层) | 1997年 | 2室1厅 | 77.49平米 | 南 北,https://ke-image.ljcdn.com/110000-inspection/093c15d3-6a96-465b-b82e-df737f90b680_1000.jpg!m_fill,w_280,h_210,f_jpg?from=ke.com
20231212,大兴,枣园,101114405801,盛嘉华苑 纯南向的两居室 精装修 满五年唯一,265万,36084元/平,底层 (共15层) | 2012年 | 2室1厅 | 73.44平米 | 南,https://ke-image.ljcdn.com/110000-inspection/270477fe-c0cb-4316-a620-7450a1d6de79_1000.jpg!m_fill,w_280,h_210,f_jpg?from=ke.com
20231212,大兴,枣园,101114365590,丽园C区 高挑空 商品房 南北通透两居室,329万,44756元/平,顶层 (共6层) | 2008年 | 2室1厅 | 73.51平米 | 南 北,https://ke-image.ljcdn.com/110000-inspection/pc1_y6Bp8VxL8_2.jpg!m_fill,w_280,h_210,f_jpg?from=ke.com
20231212,大兴,枣园,101114354040,东亚康和名居 带电梯 南北2居 满五唯一,319万,40000元/平,顶层 (共18层) | 2012年 | 2室1厅 | 79.75平米 | 南 北,https://ke-image.ljcdn.com/110000-inspection/pc1_kEpnTZMVj_2.jpg!m_fill,w_280,h_210,f_jpg?from=ke.com
20231212,大兴,枣园,101114332853,中建国际港南向两居室满五年不唯一中高楼层,489万,56085元/平,高楼层 (共33层) | 2015年 | 2室1厅 | 87.19平米 | 南,https://ke-image.ljcdn.com/110000-inspection/16665cc1-4611-4758-9749-9e4a9630ef52_1000.jpg!m_fill,w_280,h_210,f_jpg?from=ke.com
20231212,大兴,枣园,101114241713,团河苑满五年商品房 南北朝向 看房方便,203万,33482元/平,顶层 (共6层) | 1994年 | 2室1厅 | 60.63平米 | 南 北,https://ke-image.ljcdn.com/110000-inspection/68c13ed8-50a4-4b98-9276-dfe69d87863d_1000.jpg!m_fill,w_280,h_210,f_jpg?from=ke.com
20231212,大兴,枣园,101114149118,丽园东里社区 丽园东里 格局方正,690万,38915元/平,中楼层 (共4层) | 2002年 | 4室1厅 | 177.31平米 | 南 北,https://ke-image.ljcdn.com/110000-inspection/fd945aac-7cc4-4515-aa84-51c7a22eb7d3_1000.jpg!m_fill,w_280,h_210,f_jpg?from=ke.com
20231212,大兴,枣园,101114127990,首开康乃馨城   商品房  采光好 业主诚意出售房主自荐,261万,35578元/平,低楼层 (共11层) | 2012年 | 2室1厅 | 73.36平米 | 南,https://ke-image.ljcdn.com/110000-inspection/196c9f7d-fa3b-4a9c-b1e4-dfae2ce44c1d_1000.jpg!m_fill,w_280,h_210,f_jpg?from=ke.com
20231212,大兴,枣园,101114124257,首开康乃馨城 纯南向2居 满五唯一,280万,37334元/平,底层 (共16层) | 2012年 | 2室1厅 | 75平米 | 西南,https://ke-image.ljcdn.com/110000-inspection/9e63c035-55c2-405f-a2e4-e829249f01bf_1000.jpg!m_fill,w_280,h_210,f_jpg?from=ke.com
20231212,大兴,枣园,101114047927,首座御园一区二期 1室1厅 东,229万,29098元/平,顶层 (共14层) | 2015年 | 1室1厅 | 78.7平米 | 东,https://ke-image.ljcdn.com/110000-inspection/cce8250c-7706-4c75-9571-2d4c76e67b39_1000.jpg!m_fill,w_280,h_210,f_jpg?from=ke.com
20231212,大兴,枣园,101114038032,双河南里尚城  2016年 南北电梯全明格局房主自荐,280万,35935元/平,低楼层 (共18层) | 2016年 | 2室1厅 | 77.92平米 | 南 北,https://ke-image.ljcdn.com/110000-inspection/pc1_M81EkT6QV.jpg!m_fill,w_280,h_210,f_jpg?from=ke.com
20231212,大兴,枣园,101114022320,满五唯一居然之家全品牌精装修双卧朝南四居室,890万,82294元/平,低楼层 (共21层) | 2013年 | 4室2厅 | 108.15平米 | 南 北,https://ke-image.ljcdn.com/110000-inspection/pc1_jHVRxQS5G_2.jpg!m_fill,w_280,h_210,f_jpg?from=ke.com
20231212,大兴,枣园,101114018015,滨河西里北区 高楼层一居室 精装修,225万,40072元/平,顶层 (共7层) | 1997年 | 1室1厅 | 56.15平米 | 东,https://ke-image.ljcdn.com/110000-inspection/d679c13a-7b64-462f-82a8-84b912fc4fa5_1000.jpg!m_fill,w_280,h_210,f_jpg?from=ke.com
20231212,大兴,枣园,101113960579,滨河坊满五唯一精装修一居室五层,198万,47177元/平,高楼层 (共6层) | 2005年 | 1室1厅 | 41.97平米 | 东 西,https://ke-image.ljcdn.com/110000-inspection/pc1_6PQaSfyPZ.jpg!m_fill,w_280,h_210,f_jpg?from=ke.com
20231212,大兴,枣园,101113947938,滨河西里南区 诚心出售 中间楼层 价格可谈,229万,30871元/平,中楼层 (共6层) | 1995年 | 2室1厅 | 74.18平米 | 东 西 北,https://ke-image.ljcdn.com/110000-inspection/0a3d0198-820e-43b2-ba5d-7d82dd799913_1000.jpg!m_fill,w_280,h_210,f_jpg?from=ke.com
20231212,大兴,枣园,101113946626,兴华园南向两居室满五唯一采光好无遮挡,448万,46291元/平,中楼层 (共10层) | 2002年 | 2室1厅 | 96.78平米 | 南,https://ke-image.ljcdn.com/110000-inspection/pc1_v06m3xn04.jpg!m_fill,w_280,h_210,f_jpg?from=ke.com
20231212,大兴,枣园,101113945803,新安里 2室2厅 南 北,280万,29400元/平,顶层 (共6层) | 2006年 | 2室2厅 | 95.24平米 | 南 北,https://ke-image.ljcdn.com/110000-inspection/33f624dc-48ca-4047-a7a6-6e6aa4752059_1000.jpg!m_fill,w_280,h_210,f_jpg?from=ke.com
20231212,大兴,枣园,101113899911,兴华园小区满五年唯一业主诚心出售,280万,35610元/平,高楼层 (共6层) | 1996年 | 2室1厅 | 78.63平米 | 南 北,https://ke-image.ljcdn.com/110000-inspection/pc1_HKjRNdkVl.jpg!m_fill,w_280,h_210,f_jpg?from=ke.com
20231212,大兴,枣园,101113822823,满五唯一南向两居室距离枣园地铁600米房主自荐,480万,67616元/平,低楼层 (共28层) | 2013年 | 2室1厅 | 70.99平米 | 南 西,https://ke-image.ljcdn.com/110000-inspection/pc1_PrY772LVb_2.jpg!m_fill,w_280,h_210,f_jpg?from=ke.com
20231212,大兴,枣园,101113771870,滨河坊 东西朝向的两居室 2001年建成,280万,32081元/平,高楼层 (共6层) | 2001年 | 2室1厅 | 87.28平米 | 东 西,https://ke-image.ljcdn.com/110000-inspection/84d2c793-e51e-4319-80c9-c2db3f2df6ec_1000.jpg!m_fill,w_280,h_210,f_jpg?from=ke.com
20231212,大兴,枣园,101113627330,新安里两居室中间楼层采光好！,215万,30163元/平,中楼层 (共6层) | 1996年 | 2室1厅 | 71.28平米 | 南 北,https://ke-image.ljcdn.com/110000-inspection/a497fce5-e866-4caa-8d46-3029ffa811e9_1000.jpg!m_fill,w_280,h_210,f_jpg?from=ke.com
20231212,大兴,枣园,101113620130,南北通透两居室楼层好户型好,264万,32918元/平,低楼层 (共6层) | 2000年 | 2室1厅 | 80.2平米 | 南 北,https://ke-image.ljcdn.com/110000-inspection/bf7775b1-c1ac-4eb2-9c8d-905508b5abbb_1000.jpg!m_fill,w_280,h_210,f_jpg?from=ke.com
20231212,大兴,枣园,101113600192,兴华园小三居精装修采光好无遮挡,393万,44925元/平,高楼层 (共9层) | 2003年 | 3室1厅 | 87.48平米 | 西南,https://ke-image.ljcdn.com/110000-inspection/b5cf5433-fe44-4489-88f0-5e548756d365_1000.jpg!m_fill,w_280,h_210,f_jpg?from=ke.com
20231212,大兴,枣园,101113463712,精装修  南北向两居室 满五年唯一,285万,31618元/平,低楼层 (共6层) | 1996年 | 2室2厅 | 90.14平米 | 东南 北,https://ke-image.ljcdn.com/110000-inspection/pc1_bPqwIX5nS_3.jpg!m_fill,w_280,h_210,f_jpg?from=ke.com
20231212,大兴,枣园,101113432370,康庄路50号院 南北通透 大一居,270万,40891元/平,低楼层 (共18层) | 2012年 | 1室1厅 | 66.03平米 | 南 北,https://ke-image.ljcdn.com/110000-inspection/pc1_XIYOPYknI_2.jpg!m_fill,w_280,h_210,f_jpg?from=ke.com
20231212,大兴,枣园,101113338143,团河苑南北 两居室 采光好满5年 业主诚心出售。,203万,34256元/平,顶层 (共5层) 2室1厅 | 59.26平米 | 南,https://ke-image.ljcdn.com/110000-inspection/pc1_JrYYPh9mn_1.jpg!m_fill,w_280,h_210,f_jpg?from=ke.com
20231212,大兴,枣园,101113293335,首邑上城小区 一居室 满五唯一,328万,49124元/平,高楼层 (共16层) | 2007年 | 1室1厅 | 66.77平米 | 东 西南,https://ke-image.ljcdn.com/110000-inspection/pc1_ansWj4kVO.jpg!m_fill,w_280,h_210,f_jpg?from=ke.com
20231212,大兴,枣园,101113287765,枣园北里 南北通透三居室 满五年房主自荐,306万,37400元/平,底层 (共6层) 3室1厅 | 81.82平米 | 南 北,https://ke-image.ljcdn.com/110000-inspection/87479212-c8c8-4f54-91aa-f794256d73a3_1000.jpg!m_fill,w_280,h_210,f_jpg?from=ke.com
20231212,大兴,枣园,101113125616,枣园东里近地铁低楼层3居室满五唯一业主诚心卖户型好房主自荐,329.8万,39807元/平,低楼层 (共6层) | 1996年 | 2室2厅 | 82.85平米 | 南 北,https://ke-image.ljcdn.com/110000-inspection/pc1_9QT4roTGO.jpg!m_fill,w_280,h_210,f_jpg?from=ke.com
20231212,大兴,枣园,101113104402,首座御园一区二期*商品房”户型无浪费中间楼层~,345万,38270元/平,中楼层 (共14层) | 2015年 | 2室1厅 | 90.15平米 | 西,https://ke-image.ljcdn.com/110000-inspection/pc1_S0M2TBT6u.jpg!m_fill,w_280,h_210,f_jpg?from=ke.com
20231212,大兴,枣园,101113072911,周边两大公园生活便利精装修领包入住,300万,39371元/平,底层 (共6层) | 1997年 | 2室1厅 | 76.2平米 | 南 北,https://ke-image.ljcdn.com/110000-inspection/pc1_hRMFp1uCY_2.jpg!m_fill,w_280,h_210,f_jpg?from=ke.com
20231212,大兴,枣园,101113013178,滨河东里精装修三居南北通透前后无遮挡采光好,300万,38403元/平,低楼层 (共6层) | 1988年 | 3室1厅 | 78.12平米 | 南 北,https://ke-image.ljcdn.com/110000-inspection/pc1_JodAgCMOj_1.jpg!m_fill,w_280,h_210,f_jpg?from=ke.com
20231212,大兴,枣园,101112932086,圣和巷8号院东亚马赛公馆业主诚心出售,428万,50615元/平,顶层 (共17层) | 2012年 | 2室1厅 | 84.56平米 | 南,https://ke-image.ljcdn.com/110000-inspection/pc1_c8PO0BURI_2.jpg!m_fill,w_280,h_210,f_jpg?from=ke.com
20231212,大兴,枣园,101112816350,丽园路30号院首开康乃馨一居室,232万,37523元/平,中楼层 (共16层) | 2012年 | 1室1厅 | 61.83平米 | 南,https://ke-image.ljcdn.com/110000-inspection/84f45078-8b6d-48b9-8139-a5b218822829_1000.jpg!m_fill,w_280,h_210,f_jpg?from=ke.com
20231212,大兴,枣园,101112568362,滨河西里北区  精装修大两居  利用率高,280万,31797元/平,顶层 (共7层) | 1999年 | 2室1厅 | 88.06平米 | 东 西 南,https://ke-image.ljcdn.com/110000-inspection/pc1_KknPWeg3M.jpg!m_fill,w_280,h_210,f_jpg?from=ke.com
20231212,大兴,枣园,101112406562,马赛公馆 商品房 带电梯 人车分流 电梯刷卡入户,438万,51847元/平,顶层 (共17层) | 2012年 | 2室1厅 | 84.48平米 | 南,https://ke-image.ljcdn.com/110000-inspection/85d87c03-a367-4c32-b845-fcf4762151b0_1000.jpg!m_fill,w_280,h_210,f_jpg?from=ke.com
20231212,大兴,枣园,101112366051,新安里 2室1厅 北 南,265万,31321元/平,中楼层 (共6层) | 2003年 | 2室1厅 | 84.61平米 | 北 南,https://ke-image.ljcdn.com/110000-inspection/pc1_CeMgj1ynr_2.jpg!m_fill,w_280,h_210,f_jpg?from=ke.com
20231212,大兴,枣园,101112170397,清源西里 地铁150m 低楼层 南北通透房主自荐,260万,50821元/平,底层 (共6层) | 1992年 | 2室1厅 | 51.16平米 | 南 北,https://ke-image.ljcdn.com/110000-inspection/pc1_LmPhvWPjT_1.jpg!m_fill,w_280,h_210,f_jpg?from=ke.com
20231212,大兴,枣园,101112153161,首邑溪谷 店长推荐 精装修 西北向两居室,317万,67519元/平,中楼层 (共16层) | 2012年 | 2室1厅 | 46.95平米 | 西北,https://ke-image.ljcdn.com/110000-inspection/pc1_SNsFmOYZd_2.jpg!m_fill,w_280,h_210,f_jpg?from=ke.com
20231212,大兴,枣园,101112076533,丽园A区叠拼别墅户型好不临街。,1180万,49437元/平,中楼层 (共4层) | 2003年 | 5室2厅 | 238.69平米 | 南 北,https://ke-image.ljcdn.com/110000-inspection/pc1_ZnF2rzLxh_2.jpg!m_fill,w_280,h_210,f_jpg?from=ke.com
20231212,大兴,枣园,101112007120,滨河西里北区 中间楼层 明厅三居,310万,35441元/平,中楼层 (共7层) | 1997年 | 3室1厅 | 87.47平米 | 西 北,https://ke-image.ljcdn.com/110000-inspection/pc1_CowkjD14s.jpg!m_fill,w_280,h_210,f_jpg?from=ke.com
20231212,大兴,枣园,101111892271,大兴红木林  西向一居室 诚心出售,279万,53675元/平,底层 (共21层) | 2013年 | 1室1厅 | 51.98平米 | 西,https://ke-image.ljcdn.com/110000-inspection/pc1_W30WL1qdS_2.jpg!m_fill,w_280,h_210,f_jpg?from=ke.com
20231212,大兴,枣园,101111866803,康庄路50号院纯南向一居 采光好无遮挡,236万,41704元/平,高楼层 (共18层) | 2012年 | 1室1厅 | 56.59平米 | 南,https://ke-image.ljcdn.com/110000-inspection/pc1_BOxriNLgG_2.jpg!m_fill,w_280,h_210,f_jpg?from=ke.com
20231212,大兴,枣园,101111747639,中建港怡嘉园枣园路18号品质高层两居,406万,47265元/平,高楼层 (共19层) | 2017年 | 2室2厅 | 85.9平米 | 东 西,https://ke-image.ljcdn.com/110000-inspection/pc1_fzjs7mkKV_2.jpg!m_fill,w_280,h_210,f_jpg?from=ke.com
20231212,大兴,枣园,101111669054,花园洋房窗前入眼草坪绿地楼后绿树成荫楼层不高房主自荐,297万,39385元/平,底层 (共8层) | 2011年 | 2室1厅 | 75.41平米 | 南 北,https://ke-image.ljcdn.com/110000-inspection/pc1_2xU166niC.jpg!m_fill,w_280,h_210,f_jpg?from=ke.com
20231212,大兴,枣园,101111669049,首座御园一期 南北朝向两居室 低楼层,300万,39620元/平,底层 (共8层) 2室1厅 | 75.72平米 | 南 北,https://ke-image.ljcdn.com/110000-inspection/pc1_moczGBRrF.jpg!m_fill,w_280,h_210,f_jpg?from=ke.com
20231212,大兴,枣园,101111236977,楼层好视野开阔看房方便诚心出售,400万,35230元/平,高楼层 (共18层) | 2001年 | 2室2厅 | 113.54平米 | 东 南 西,https://ke-image.ljcdn.com/110000-inspection/pc1_kCVoug4qC_1.jpg!m_fill,w_280,h_210,f_jpg?from=ke.com
20231212,大兴,枣园,101110987991,马赛公馆 商品房小区 电梯刷卡入户,450万,53642元/平,高楼层 (共16层) | 2012年 | 2室1厅 | 83.89平米 | 南,https://ke-image.ljcdn.com/110000-inspection/pc1_20m1G84tO_2.jpg!m_fill,w_280,h_210,f_jpg?from=ke.com
20231212,大兴,枣园,101110922182,枣园小区 2003建造 一梯一户一个单元5户 适宜改善用户,898万,37604元/平,顶层 (共6层) | 2003年 | 6室2厅 | 238.81平米 | 北 南,https://ke-image.ljcdn.com/110000-inspection/pc1_eoiC0JhAM_2.jpg!m_fill,w_280,h_210,f_jpg?from=ke.com
20231212,大兴,枣园,101110822032,团河苑 中间楼层 正规一居室 满五年唯一,160万,34240元/平,中楼层 (共6层) 1室1厅 | 46.73平米 | 南,https://ke-image.ljcdn.com/110000-inspection/414aa882-51bd-4c4a-8496-35a3e1501971_1000.jpg!m_fill,w_280,h_210,f_jpg?from=ke.com
20231212,大兴,枣园,101110736044,此房为南北通透户型中间层客厅带阳台,400万,39247元/平,高楼层 (共6层) | 1999年 | 2室2厅 | 101.92平米 | 南 北,https://ke-image.ljcdn.com/110000-inspection/pc1_cxGpbqxh4_1.jpg!m_fill,w_280,h_210,f_jpg?from=ke.com
20231212,大兴,枣园,101110589034,枣园小区 南北通透 自住装修 诚意出售房主自荐,560万,39501元/平,高楼层 (共6层) | 1994年 | 3室2厅 | 141.77平米 | 北 南,https://ke-image.ljcdn.com/110000-inspection/pc1_XYxT6EFrl_2.jpg!m_fill,w_280,h_210,f_jpg?from=ke.com
20231212,大兴,枣园,101109811913,枣园小区 复式 南北通透采光好 有钥匙,365万,28561元/平,顶层 (共6层) | 1998年 | 4室2厅 | 127.8平米 | 南 北,https://ke-image.ljcdn.com/110000-inspection/pc1_KPdXBQNGB_3.jpg!m_fill,w_280,h_210,f_jpg?from=ke.com
20231212,大兴,枣园,101108815534,满五唯一两居室业主自住装修高楼层看房预约。,440万,51098元/平,高楼层 (共19层) | 2017年 | 2室2厅 | 86.11平米 | 南,https://ke-image.ljcdn.com/110000-inspection/pc1_9z6G3y62E_1.jpg!m_fill,w_280,h_210,f_jpg?from=ke.com
20231212,大兴,枣园,101108584355,店长推荐！本房是满五年唯一南北通透诚心出售,283万,31396元/平,低楼层 (共6层) | 1996年 | 3室1厅 | 90.14平米 | 南 北 西,https://ke-image.ljcdn.com/110000-inspection/pc1_0lxGBYljG_2.jpg!m_fill,w_280,h_210,f_jpg?from=ke.com
20231212,大兴,枣园,101108100972,满五唯一  纯南两居  中高楼层  采光充足房主自荐,265万,36618元/平,高楼层 (共17层) | 2012年 | 2室1厅 | 72.37平米 | 南,https://ke-image.ljcdn.com/110000-inspection/pc1_W1QXGGN0b_3.jpg!m_fill,w_280,h_210,f_jpg?from=ke.com
20231212,大兴,枣园,101107871965,新安里大三居高楼层视野好。,341万,24356元/平,中楼层 (共6层) | 2001年 | 3室2厅 | 140.01平米 | 南 北,https://ke-image.ljcdn.com/110000-inspection/pc1_8AcNapcgi_2.jpg!m_fill,w_280,h_210,f_jpg?from=ke.com
20231212,大兴,枣园,101107287167,红木林 房本满五年 婚房装修 一直没住过。房主自荐,505万,65457元/平,中楼层 (共21层) | 2013年 | 2室1厅 | 77.15平米 | 南 北,https://ke-image.ljcdn.com/110000-inspection/999590bd-9303-4b5b-acbc-5513e474ca8b_1000.jpg!m_fill,w_280,h_210,f_jpg?from=ke.com
20231212,大兴,枣园,101105747057,南北通透名厅三居采光好户型方正。,290万,28931元/平,顶层 (共6层) | 1998年 | 3室1厅 | 100.24平米 | 南 北,https://ke-image.ljcdn.com/110000-inspection/pc1_1QGZcxfdv_1.jpg!m_fill,w_280,h_210,f_jpg?from=ke.com
20231212,大兴,枣园,101105064624,枣园小区5越6跃层4居室随时看房房主自荐,665万,43059元/平,高楼层 (共6层) | 1994年 | 4室2厅 | 154.44平米 | 南 北,https://ke-image.ljcdn.com/110000-inspection/pc1_EKm6SXokk_1.jpg!m_fill,w_280,h_210,f_jpg?from=ke.com
20231212,大兴,枣园,101104834472,首邑溪谷  南北4居室  有装修可拎包入住房主自荐,460万,70048元/平,高楼层 (共16层) | 2013年 | 4室1厅 | 65.67平米 | 东 南 北,https://ke-image.ljcdn.com/110000-inspection/prod-49dc7efe-4f75-4f05-be76-d914c878e618.jpg!m_fill,w_280,h_210,f_jpg?from=ke.com
20231212,大兴,枣园,101122261706,首开康乃馨城 2室1厅 南 北新上,305万,35334元/平,中楼层 (共16层) 2室1厅 | 86.32平米 | 南 北,https://ke-image.ljcdn.com/110000-inspection/7e78d0b9-bd03-4a03-9c84-9c04fcce0aa7_1000.jpg!m_fill,w_280,h_210,f_jpg?from=ke.com
20231212,大兴,枣园,101122256102,首座御园一区二期 3室2厅 东南新上,438万,37088元/平,中楼层 (共12层) | 2015年 | 3室2厅 | 118.1平米 | 东南,https://ke-image.ljcdn.com/110000-inspection/pc1_o3dkRI8XW_2.jpg!m_fill,w_280,h_210,f_jpg?from=ke.com
20231212,大兴,枣园,101122247841,滨河东里南区 2室1厅 南 北新上,198万,34262元/平,高楼层 (共6层) | 1994年 | 2室1厅 | 57.79平米 | 南 北,https://ke-image.ljcdn.com/110000-inspection/c544873b-5710-4bae-bf89-0cf9699e48d7_1000.jpg!m_fill,w_280,h_210,f_jpg?from=ke.com
20231212,大兴,枣园,101122246348,新安里南北两居室3层一梯两户新上,209万,31311元/平,中楼层 (共6层) 2室1厅 | 66.75平米 | 南 北,https://ke-image.ljcdn.com/110000-inspection/ad738a50-bce4-481d-8a47-e13fa6b3bcc7_1000.jpg!m_fill,w_280,h_210,f_jpg?from=ke.com
20231212,大兴,枣园,101122237018,满五唯一 低楼层 采光好无遮挡 无抵押户口 产权清晰新上,455万,41155元/平,低楼层 (共6层) | 1994年 | 3室2厅 | 110.56平米 | 南 北,https://ke-image.ljcdn.com/110000-inspection/pc1_zXFo1aSNI_2.jpg!m_fill,w_280,h_210,f_jpg?from=ke.com
20231212,大兴,枣园,101122224202,新安里 2室1厅 南 北新上,205万,39760元/平,低楼层 (共6层) | 1997年 | 2室1厅 | 51.56平米 | 南 北,https://ke-image.ljcdn.com/110000-inspection/e3cb6633-cb43-48fd-b8ea-2cf096663314_1000.jpg!m_fill,w_280,h_210,f_jpg?from=ke.com
20231212,大兴,枣园,101122223464,团河苑南北通透三居室满五年唯一小区中间位置新上,248万,30777元/平,顶层 (共4层) | 1984年 | 3室1厅 | 80.58平米 | 南 北,https://ke-image.ljcdn.com/110000-inspection/d902fd83-e401-4ff0-8025-af00267c98be_1000.jpg!m_fill,w_280,h_210,f_jpg?from=ke.com
20231212,大兴,枣园,101122223037,清园东里小区 满五唯一 无遮挡 户型方正新上,310万,31999元/平,底层 (共6层) | 1997年 | 3室1厅 | 96.88平米 | 南 西,https://ke-image.ljcdn.com/110000-inspection/pc1_UxDNE8fkr.jpg!m_fill,w_280,h_210,f_jpg?from=ke.com
20231212,大兴,枣园,101122216555,店长推荐首邑溪谷  远离高铁 不临街  精装修  采光好新上,375万,61994元/平,高楼层 (共14层) | 2013年 | 2室1厅 | 60.49平米 | 南 北,https://ke-image.ljcdn.com/110000-inspection/16eb16ab-209d-42bf-9c56-c10d91e1c343_1000.jpg!m_fill,w_280,h_210,f_jpg?from=ke.com
20231212,大兴,枣园,101122201770,首座御园一区二期 2室1厅 南新上,300万,33029元/平,中楼层 (共14层) | 2015年 | 2室1厅 | 90.83平米 | 南,https://ke-image.ljcdn.com/110000-inspection/90322668-1052-47a7-b28b-572c66e551a5_1000.jpg!m_fill,w_280,h_210,f_jpg?from=ke.com
20231212,大兴,枣园,101122190423,首邑上城 1室1厅 东新上,312万,45515元/平,高楼层 (共15层) | 2007年 | 1室1厅 | 68.55平米 | 东,https://ke-image.ljcdn.com/110000-inspection/6ceb14e1-2d54-420b-aeb3-99d29df5c82f_1000.jpg!m_fill,w_280,h_210,f_jpg?from=ke.com
20231212,大兴,枣园,101122180450,红木林南区 3室1厅 南新上,590万,89165元/平,顶层 (共21层) | 2013年 | 3室1厅 | 66.17平米 | 南,https://ke-image.ljcdn.com/110000-inspection/pc1_X5Tj0Umer_1.jpg!m_fill,w_280,h_210,f_jpg?from=ke.com
20231212,大兴,枣园,101122179378,彩虹新城新上经典A3户型两居精装修日照采光充足新上,468万,51418元/平,中楼层 (共17层) | 2009年 | 2室2厅 | 91.02平米 | 南 北,https://ke-image.ljcdn.com/110000-inspection/91239b1a-91af-47c7-8fad-7d81e3d399fe_1000.jpg!m_fill,w_280,h_210,f_jpg?from=ke.com
20231212,大兴,枣园,101122169090,新安里  房子满五年明厅户型低楼层两居室,260万,30657元/平,底层 (共6层) | 1998年 | 2室1厅 | 84.81平米 | 南 北,https://ke-image.ljcdn.com/110000-inspection/45c7abe2-6e1c-4be0-b1a8-d0d43cb08e5d_1000.jpg!m_fill,w_280,h_210,f_jpg?from=ke.com
20231212,大兴,枣园,101122163804,兴盛街189号院 1室1厅 南,250万,38881元/平,中楼层 (共9层) 1室1厅 | 64.3平米 | 南,https://ke-image.ljcdn.com/110000-inspection/d02f5a65-a582-4529-a9f2-2a1fcbce6b7f_1000.jpg!m_fill,w_280,h_210,f_jpg?from=ke.com
20231212,大兴,枣园,101122157210,枣园小区 三居室 南北通透视野好 业主诚心出售,345万,30376元/平,顶层 (共6层) | 1994年 | 3室2厅 | 113.58平米 | 南 北,https://ke-image.ljcdn.com/110000-inspection/b4c895af-7090-4fb6-b396-e1080b68418e_1000.jpg!m_fill,w_280,h_210,f_jpg?from=ke.com
20231212,大兴,枣园,101122155051,首邑溪谷精装两居室户型好视野开阔直接入住,295万,71602元/平,中楼层 (共16层) | 2013年 | 2室1厅 | 41.2平米 | 西,https://ke-image.ljcdn.com/110000-inspection/pc1_rbvokl1Oy_2.jpg!m_fill,w_280,h_210,f_jpg?from=ke.com
20231212,大兴,枣园,101122153725,首邑溪谷精装修三层结构使用率高户型好,398万,84663元/平,底层 (共16层) | 2013年 | 2室2厅 | 47.01平米 | 南 北,https://ke-image.ljcdn.com/110000-inspection/58d565c4-988d-491d-85bb-9ce1486c90d2_1000.jpg!m_fill,w_280,h_210,f_jpg?from=ke.com
20231212,大兴,枣园,101122147026,清源西里 2室1厅 南 北,359万,44420元/平,中楼层 (共6层) | 1992年 | 2室1厅 | 80.82平米 | 南 北,https://ke-image.ljcdn.com/110000-inspection/pc1_zUccn2SBc.jpg!m_fill,w_280,h_210,f_jpg?from=ke.com
20231212,大兴,枣园,101122142130,2013年小区 南北两居 上下两层 居住舒适,278万,59415元/平,中楼层 (共16层) | 2013年 | 2室1厅 | 46.79平米 | 南 北,https://ke-image.ljcdn.com/110000-inspection/pc1_wGVPjtejf_2.jpg!m_fill,w_280,h_210,f_jpg?from=ke.com
20231212,大兴,枣园,101122130193,首座御园一期南北两居室满五唯一精装修。,450万,48686元/平,顶层 (共8层) | 2009年 | 2室2厅 | 92.43平米 | 南 北,https://ke-image.ljcdn.com/110000-inspection/ae813a22-744f-4d96-b6e5-27e7c95fed42_1000.jpg!m_fill,w_280,h_210,f_jpg?from=ke.com
20231212,大兴,枣园,101122127291,滨河西里南区 1室1厅 南 北,199万,37927元/平,高楼层 (共6层) | 1995年 | 1室1厅 | 52.47平米 | 南 北,https://ke-image.ljcdn.com/110000-inspection/3b4de7c9-71af-4f3a-af41-c88a16ad8ea7_1000.jpg!m_fill,w_280,h_210,f_jpg?from=ke.com
20231212,大兴,枣园,101122117818,康庄路52号院直观公园南北通透三居室,390万,36330元/平,低楼层 (共21层) | 2010年 | 3室2厅 | 107.35平米 | 南 北,https://ke-image.ljcdn.com/110000-inspection/pc1_Y0mAYCYeX_2.jpg!m_fill,w_280,h_210,f_jpg?from=ke.com
20231212,大兴,枣园,101122112972,首邑上城 满五唯一 一览小区景观,330万,45343元/平,中楼层 (共15层) 1室2厅 | 72.78平米 | 西北,https://ke-image.ljcdn.com/110000-inspection/pc1_YOMN3ER8P.jpg!m_fill,w_280,h_210,f_jpg?from=ke.com
20231212,大兴,枣园,101122108837,【博洛尼】一站式全屋整装【家】的感觉从这里开始,858万,53349元/平,中楼层 (共29层) 4室1厅 | 160.83平米 | 南 西 北,https://ke-image.ljcdn.com/110000-inspection/pc1_iOPtAf4Fz_2.jpg!m_fill,w_280,h_210,f_jpg?from=ke.com
20231212,大兴,枣园,101122096206,康庄中巷4号院 2室2厅 南 北,328万,37898元/平,底层 (共18层) | 2012年 | 2室2厅 | 86.55平米 | 南 北,https://ke-image.ljcdn.com/110000-inspection/e4dbe3a6-90d2-4e5d-8a5a-c54eb154b6a0_1000.jpg!m_fill,w_280,h_210,f_jpg?from=ke.com
20231212,大兴,枣园,101122084558,清泰路1号院2016年两梯四户小高层中间层婚房精装房主自荐,476万,38934元/平,高楼层 (共14层) | 2015年 | 3室2厅 | 122.26平米 | 西南,https://ke-image.ljcdn.com/110000-inspection/5fafb968-b714-4d47-ac0c-a57744dbc646_1000.jpg!m_fill,w_280,h_210,f_jpg?from=ke.com
20231212,大兴,枣园,101122081244,首开康乃馨城 2室1厅 南 北,340万,36662元/平,低楼层 (共9层) | 2012年 | 2室1厅 | 92.74平米 | 南 北,https://ke-image.ljcdn.com/110000-inspection/42b33af4-0781-490f-9725-5276f634b40c_1000.jpg!m_fill,w_280,h_210,f_jpg?from=ke.com
20231212,大兴,枣园,101122075611,首座御园一期 电梯房 高层采光好 不临街,380万,41184元/平,中楼层 (共8层) | 2013年 | 2室1厅 | 92.27平米 | 南 北,https://ke-image.ljcdn.com/110000-inspection/pc1_NPlxYiEbZ.jpg!m_fill,w_280,h_210,f_jpg?from=ke.com
20231212,大兴,枣园,101122072549,团河苑 南北通透两居室 中间楼层,310万,32677元/平,中楼层 (共6层) | 2005年 | 2室1厅 | 94.87平米 | 南 北,https://ke-image.ljcdn.com/110000-inspection/9601c421-d1b4-40fd-802e-8909f5c0dbb1_1000.jpg!m_fill,w_280,h_210,f_jpg?from=ke.com
20231212,大兴,枣园,101122072204,康泰园 2室1厅 北 南,390万,43757元/平,中楼层 (共18层) | 2009年 | 2室1厅 | 89.13平米 | 北 南,https://ke-image.ljcdn.com/110000-inspection/pc1_LGRL2OKNm_2.jpg!m_fill,w_280,h_210,f_jpg?from=ke.com
20231212,大兴,枣园,101122068417,【高米店】首邑溪谷南北通透上下两层loft满五唯一,298万,63676元/平,低楼层 (共16层) | 2013年 | 2室1厅 | 46.8平米 | 南 北,https://ke-image.ljcdn.com/110000-inspection/d426fd25-baf3-47fe-ae7e-8ab0535738dd_1000.jpg!m_fill,w_280,h_210,f_jpg?from=ke.com
20231212,大兴,枣园,101122062836,双河北里 2室2厅 南 北房主自荐,305万,35006元/平,高楼层 (共6层) | 2000年 | 2室2厅 | 87.13平米 | 南 北,https://ke-image.ljcdn.com/110000-inspection/pc1_5OzFW6zfG.jpg!m_fill,w_280,h_210,f_jpg?from=ke.com
20231212,大兴,枣园,101122058654,近地铁 近公园 近医院 配套好 非顶层 清源西里,350万,42414元/平,高楼层 (共6层) 3室1厅 | 82.52平米 | 南 北,https://ke-image.ljcdn.com/110000-inspection/922a2e60-b84f-4771-aa65-95536a9d0d4f_1000.jpg!m_fill,w_280,h_210,f_jpg?from=ke.com
20231212,大兴,枣园,101122052917,首邑溪谷满五年唯一自住装修远离高铁,249万,61573元/平,低楼层 (共16层) | 2012年 | 2室1厅 | 40.44平米 | 西,https://ke-image.ljcdn.com/110000-inspection/pc1_Fojp2y8oM_2.jpg!m_fill,w_280,h_210,f_jpg?from=ke.com
20231212,大兴,枣园,101122046488,滨河西里北区 满五唯一商品房 精装修 诚心出售,239万,30392元/平,顶层 (共6层) | 1994年 | 2室1厅 | 78.64平米 | 东 西,https://ke-image.ljcdn.com/110000-inspection/3faaee96-4476-46bb-8d55-b6bd5d057bfe_1000.jpg!m_fill,w_280,h_210,f_jpg?from=ke.com
20231212,大兴,枣园,101122037846,兴盛街187号院南向落地窗。,310万,36626元/平,顶层 (共12层) 2室1厅 | 84.64平米 | 南,https://ke-image.ljcdn.com/110000-inspection/1ebe35cc-29d0-4eac-9eb7-41420165d2a7_1000.jpg!m_fill,w_280,h_210,f_jpg?from=ke.com
20231212,大兴,枣园,101122037832,满五唯一 此房纯南户型无遮挡配套齐全进出方便,310万,36626元/平,顶层 (共12层) | 2009年 | 2室1厅 | 84.64平米 | 南,https://ke-image.ljcdn.com/110000-inspection/3d3bd20d-62c1-4824-849b-89d317c7c6ed_1000.jpg!m_fill,w_280,h_210,f_jpg?from=ke.com
20231212,大兴,枣园,101122034676,中建国际港 南北通透 全明户型 有钥匙随时看房子,496万,55737元/平,低楼层 (共34层) | 2013年 | 2室1厅 | 88.99平米 | 南 北,https://ke-image.ljcdn.com/110000-inspection/db39cafd-04f1-4d85-8c85-ec4fddfa8fdc_1000.jpg!m_fill,w_280,h_210,f_jpg?from=ke.com
20231212,大兴,枣园,101122027889,首座御园二区二期 2室1厅 西北,283万,30994元/平,低楼层 (共14层) | 2015年 | 2室1厅 | 91.31平米 | 西北,https://ke-image.ljcdn.com/110000-inspection/848f45b7-1a3e-48da-a637-59464d0408cf_1000.jpg!m_fill,w_280,h_210,f_jpg?from=ke.com
20231212,大兴,枣园,101122009295,首开康乃馨城 2室1厅 南 北,330万,36328元/平,高楼层 (共9层) | 2012年 | 2室1厅 | 90.84平米 | 南 北,https://ke-image.ljcdn.com/110000-inspection/cd7cbffb-53d3-483d-a3d2-8318c1c1769f_1000.jpg!m_fill,w_280,h_210,f_jpg?from=ke.com
20231212,大兴,枣园,101122008200,首开康乃馨城正规南向一居满五年唯一精装修产权清晰,220万,35291元/平,高楼层 (共16层) | 2012年 | 1室1厅 | 62.34平米 | 南,https://ke-image.ljcdn.com/110000-inspection/7eb353e7-1327-4eda-8325-5b6d4ba0bc48_1000.jpg!m_fill,w_280,h_210,f_jpg?from=ke.com
20231212,大兴,枣园,101122004721,首座御园一区二期 商品房 拎包入住,260万,32734元/平,底层 (共14层) | 2015年 | 2室1厅 | 79.43平米 | 西南,https://ke-image.ljcdn.com/110000-inspection/23ae19af-f199-48ae-9bc7-cb10e4a52a10_1000.jpg!m_fill,w_280,h_210,f_jpg?from=ke.com
20231212,大兴,枣园,101122001990,近地铁精装修南北通透三居室拎包入住,625万,45310元/平,底层 (共7层) | 2000年 | 3室2厅 | 137.94平米 | 南 北,https://ke-image.ljcdn.com/110000-inspection/d5b3e038-d973-466a-8d85-3e7bd6d3719b_1000.jpg!m_fill,w_280,h_210,f_jpg?from=ke.com
20231212,大兴,枣园,101122001292,首邑溪谷 3室1厅 东,278万,72642元/平,顶层 (共12层) | 2013年 | 3室1厅 | 38.27平米 | 东,https://ke-image.ljcdn.com/110000-inspection/24cd80ca-f42b-43ae-a6fc-bd7d692ca482_1000.jpg!m_fill,w_280,h_210,f_jpg?from=ke.com
20231212,大兴,枣园,101122000919,双河北里  交通便利  配套齐全,260万,26736元/平,顶层 (共6层) 2室1厅 | 97.25平米 | 南 北,https://ke-image.ljcdn.com/110000-inspection/pc1_Tk4LRDZOn.jpg!m_fill,w_280,h_210,f_jpg?from=ke.com
20231212,大兴,枣园,101121997392,【首邑溪谷】新上精装好户型满五唯一诚意出售房主自荐,245万,64019元/平,中楼层 (共12层) 2室1厅 | 38.27平米 | 东,https://ke-image.ljcdn.com/110000-inspection/bee1d966-4037-416c-b9c3-0bc2dfe1a959_1000.jpg!m_fill,w_280,h_210,f_jpg?from=ke.com
20231212,大兴,枣园,101121994858,首座御园一区二期 2室1厅 东南,300万,33475元/平,中楼层 (共14层) | 2015年 | 2室1厅 | 89.62平米 | 东南,https://ke-image.ljcdn.com/110000-inspection/pc1_XJnd7tKop.jpg!m_fill,w_280,h_210,f_jpg?from=ke.com
20231212,大兴,枣园,101121985389,新安里 1室1厅 南,165万,38036元/平,底层 (共6层) 1室1厅 | 43.38平米 | 南,https://ke-image.ljcdn.com/110000-inspection/pc1_EcDzDvJRd.jpg!m_fill,w_280,h_210,f_jpg?from=ke.com
20231212,大兴,枣园,101121980024,满五唯一看房有钥匙看房方便诚心卖。房主自荐,280万,60778元/平,高楼层 (共16层) 2室1厅 | 46.07平米 | 南 北,https://ke-image.ljcdn.com/110000-inspection/pc1_tDa8bBR0I_2.jpg!m_fill,w_280,h_210,f_jpg?from=ke.com
20231212,大兴,枣园,101121976159,滨河西里中区看房方便,189万,32275元/平,顶层 (共6层) | 1992年 | 2室1厅 | 58.56平米 | 南 北,https://ke-image.ljcdn.com/110000-inspection/322242c8-e5c2-419f-a81e-61a40d20b04d_1000.jpg!m_fill,w_280,h_210,f_jpg?from=ke.com
20231212,大兴,枣园,101121972599,滨河西里中区 3室1厅 南 北,268万,35213元/平,底层 (共6层) | 1994年 | 3室1厅 | 76.11平米 | 南 北,https://ke-image.ljcdn.com/110000-inspection/5bd500aa-ab77-4448-a0ce-7d4e14e55876_1000.jpg!m_fill,w_280,h_210,f_jpg?from=ke.com
20231212,大兴,枣园,101121949668,彩虹新城精装修两居室急售随时配合签约房主自荐,465万,51644元/平,中楼层 (共14层) | 2008年 | 2室1厅 | 90.04平米 | 南 北,https://ke-image.ljcdn.com/110000-inspection/6774db77-06a2-416c-b5ab-8c82be32b54e_1000.jpg!m_fill,w_280,h_210,f_jpg?from=ke.com
20231212,大兴,枣园,101121944245,彩虹新城 4室2厅 东南,870万,45553元/平,中楼层 (共17层) | 2009年 | 4室2厅 | 190.99平米 | 东南,https://ke-image.ljcdn.com/110000-inspection/bebd7009-d15c-4826-bd6f-5c4ba0228c0a_1000.jpg!m_fill,w_280,h_210,f_jpg?from=ke.com
20231212,大兴,枣园,101121942227,首座御园一期 2室1厅 南 北,430万,46684元/平,顶层 (共8层) | 2009年 | 2室1厅 | 92.11平米 | 南 北,https://ke-image.ljcdn.com/110000-inspection/fc6222f2-1837-4b15-bc02-b9a13ff262fe_1000.jpg!m_fill,w_280,h_210,f_jpg?from=ke.com
20231212,大兴,枣园,101121934828,南北通透 一居室 中间楼层 精装修,183万,35960元/平,中楼层 (共6层) | 1999年 | 1室1厅 | 50.89平米 | 南 北,https://ke-image.ljcdn.com/110000-inspection/bb01371f-a7b4-4ba7-9260-c815540aa109_1000.jpg!m_fill,w_280,h_210,f_jpg?from=ke.com
20231212,大兴,枣园,101121932788,枣园小区 近地铁三居室 好楼层,338万,41713元/平,低楼层 (共6层) 3室1厅 | 81.03平米 | 南 北,https://ke-image.ljcdn.com/110000-inspection/ae60764d-e195-4934-8d26-da4a9f2bf34e_1000.jpg!m_fill,w_280,h_210,f_jpg?from=ke.com
20231212,大兴,枣园,101121914919,首邑溪谷 南北向 LOFT户型 上下两层,350万,60345元/平,高楼层 (共16层) | 2012年 | 3室2厅 | 58平米 | 南,https://ke-image.ljcdn.com/110000-inspection/pc1_HLz5fTRqP_2.jpg!m_fill,w_280,h_210,f_jpg?from=ke.com
20231212,大兴,枣园,101121913779,红木林北区  南北通透两居  无遮挡  精装修  拎包入住,510万,66450元/平,中楼层 (共21层) 2室1厅 | 76.75平米 | 南 北,https://ke-image.ljcdn.com/110000-inspection/5680562e-f3ab-4f1d-8a57-fb6c6120bbe3_1000.jpg!m_fill,w_280,h_210,f_jpg?from=ke.com
20231212,大兴,枣园,101121912103,首开康乃馨城 2室1厅 南,329万,37033元/平,高楼层 (共9层) 2室1厅 | 88.84平米 | 南,https://ke-image.ljcdn.com/110000-inspection/0c7a2d32-841e-4721-8201-fc97745e097e_1000.jpg!m_fill,w_280,h_210,f_jpg?from=ke.com
20231212,大兴,枣园,101121906715,那尔水晶城 3室2厅 南 东南 北,658万,43658元/平,低楼层 (共15层) | 2005年 | 3室2厅 | 150.72平米 | 南 东南 北,https://ke-image.ljcdn.com/110000-inspection/pc1_VQIEUdukL.jpg!m_fill,w_280,h_210,f_jpg?from=ke.com
20231212,大兴,枣园,101121906153,精装两居 满五唯一  业主诚心卖,199万,26827元/平,顶层 (共6层) | 1995年 | 2室1厅 | 74.18平米 | 东 西,https://ke-image.ljcdn.com/110000-inspection/pc1_bQhGbbqNy.jpg!m_fill,w_280,h_210,f_jpg?from=ke.com
20231212,大兴,枣园,101121902862,清源西里 近地铁 近公园 配套好 房龄新,189万,32176元/平,顶层 (共6层) | 2003年 | 2室1厅 | 58.74平米 | 南 北,https://ke-image.ljcdn.com/110000-inspection/a7341285-ebff-4028-91e8-d222963d3703_1000.jpg!m_fill,w_280,h_210,f_jpg?from=ke.com
20231212,大兴,枣园,101121891250,马赛公馆一层下跃满五唯一精装房主自荐,848万,64419元/平,底层 (共17层) | 2012年 | 3室2厅 | 131.64平米 | 南 北,https://ke-image.ljcdn.com/110000-inspection/315d67ec-20d5-4742-8f11-af039ae77043_1000.jpg!m_fill,w_280,h_210,f_jpg?from=ke.com
20231212,大兴,枣园,101121888379,丽园B区 4室2厅 南 西 北,720万,44874元/平,高楼层 (共11层) | 2008年 | 4室2厅 | 160.45平米 | 南 西 北,https://ke-image.ljcdn.com/110000-inspection/505f5eb3-ae12-46a9-a2a5-00533d610dd4_1000.jpg!m_fill,w_280,h_210,f_jpg?from=ke.com
20231212,大兴,枣园,101121884492,枣园小区 满五年 南北通透 不临街,558万,40365元/平,中楼层 (共7层) 3室2厅 | 138.24平米 | 南 北,https://ke-image.ljcdn.com/110000-inspection/4343c1ae-78ed-4ed5-8758-1f936a7544e9_1000.jpg!m_fill,w_280,h_210,f_jpg?from=ke.com
20231212,大兴,枣园,101121877241,此房满五年唯一精装修诚心卖价格可谈,308万,34495元/平,顶层 (共16层) 3室1厅 | 89.29平米 | 西南,https://ke-image.ljcdn.com/110000-inspection/ab8b96a1-1ca5-44e7-af95-56f5697e8412_1000.jpg!m_fill,w_280,h_210,f_jpg?from=ke.com
20231212,大兴,枣园,101121873555,此房满五唯一南北通透采光充足,213万,31915元/平,顶层 (共6层) | 1992年 | 2室1厅 | 66.74平米 | 南 北,https://ke-image.ljcdn.com/110000-inspection/pc1_eL4Lx28W0_1.jpg!m_fill,w_280,h_210,f_jpg?from=ke.com
20231212,大兴,枣园,101121865739,精装修拎包入住 南北通透两居室 近地铁 业主诚心出售房主自荐,252万,36972元/平,高楼层 (共6层) | 1994年 | 2室1厅 | 68.16平米 | 南 北,https://ke-image.ljcdn.com/110000-inspection/pc1_CjSdEMGGY_2.jpg!m_fill,w_280,h_210,f_jpg?from=ke.com
20231212,大兴,枣园,101121859097,中建国际港 2室1厅 南,463万,53465元/平,中楼层 (共33层) | 2015年 | 2室1厅 | 86.6平米 | 南,https://ke-image.ljcdn.com/110000-inspection/c5b50fab-9c6f-4a34-9457-93b6022304bf_1000.jpg!m_fill,w_280,h_210,f_jpg?from=ke.com
20231212,大兴,枣园,101121856330,首邑溪谷 3室1厅 南 北,430万,66647元/平,低楼层 (共16层) | 2013年 | 3室1厅 | 64.52平米 | 南 北,https://ke-image.ljcdn.com/110000-inspection/pc1_1Y4Y4a3id_2.jpg!m_fill,w_280,h_210,f_jpg?from=ke.com
20231212,大兴,枣园,101121853997,枣园小区东门南门三居高楼层采光好,278万,33523元/平,顶层 (共6层) | 1994年 | 3室1厅 | 82.93平米 | 南 北,https://ke-image.ljcdn.com/110000-inspection/dc879520-b26f-4ce2-978e-894ae3cbbf4e_1000.jpg!m_fill,w_280,h_210,f_jpg?from=ke.com
20231212,大兴,枣园,101121848858,彩虹新城南北通透2居室随时签约,449万,51332元/平,低楼层 (共18层) | 2009年 | 2室1厅 | 87.47平米 | 南 北,https://ke-image.ljcdn.com/110000-inspection/d4032ab8-bd1a-490a-b213-fa8e1b7947d5_1000.jpg!m_fill,w_280,h_210,f_jpg?from=ke.com
20231212,大兴,枣园,101121837589,双河北里 1室1厅 东 西,175万,30859元/平,顶层 (共6层) | 2002年 | 1室1厅 | 56.71平米 | 东 西,https://ke-image.ljcdn.com/110000-inspection/48918f36-d14d-4a33-8473-131824faf1ef_1000.jpg!m_fill,w_280,h_210,f_jpg?from=ke.com
20231212,大兴,枣园,101121829884,首邑溪谷  满五年唯一 看房方便 南北向,320万,69672元/平,顶层 (共16层) | 2012年 | 3室2厅 | 45.93平米 | 南,https://ke-image.ljcdn.com/110000-inspection/b37e2a50-21b8-49b3-8f51-d984d538230d_1000.jpg!m_fill,w_280,h_210,f_jpg?from=ke.com
20231212,大兴,枣园,101121823467,康庄路52号院满五唯一商品房前无遮挡直观公园纯南两局房主自荐,319万,36520元/平,低楼层 (共22层) | 2010年 | 2室1厅 | 87.35平米 | 南,https://ke-image.ljcdn.com/110000-inspection/cac0d106-f4cc-4d42-9642-91fa9918c64e_1000.jpg!m_fill,w_280,h_210,f_jpg?from=ke.com
20231212,大兴,枣园,101121823464,次顶层简欧精装两室两卫视野开阔通风采光佳,279万,72904元/平,高楼层 (共12层) 2室1厅 | 38.27平米 | 东,https://ke-image.ljcdn.com/110000-inspection/d22df6f2-4a90-4737-9e4a-17966a358168_1000.jpg!m_fill,w_280,h_210,f_jpg?from=ke.com
20231212,大兴,枣园,101121816455,大兴团河苑地铁机场线大兴新城 中间层,158万,30752元/平,中楼层 (共5层) 2室1厅 | 51.38平米 | 东北,https://ke-image.ljcdn.com/110000-inspection/f757eb28-b3be-460d-a359-c6ec74810e94_1000.jpg!m_fill,w_280,h_210,f_jpg?from=ke.com
20231212,大兴,枣园,101121816381,新安里 南北通透两居室 诚心出售 看房方便,236万,27827元/平,高楼层 (共6层) | 1996年 | 2室1厅 | 84.81平米 | 南 北,https://ke-image.ljcdn.com/110000-inspection/8fb183f0-1d1c-4a3f-af68-3c54e3db8baf_1000.jpg!m_fill,w_280,h_210,f_jpg?from=ke.com
20231212,大兴,枣园,101121807928,枣园小区 2室1厅 南 北,228万,39318元/平,底层 (共6层) | 1994年 | 2室1厅 | 57.99平米 | 南 北,https://ke-image.ljcdn.com/110000-inspection/8c896732-53eb-473a-927d-0bc448204fc4_1000.jpg!m_fill,w_280,h_210,f_jpg?from=ke.com
20231212,大兴,枣园,101121806022,首邑溪谷 满五年唯一 精装两居房主自荐,296万,62055元/平,中楼层 (共11层) | 2013年 | 2室1厅 | 47.7平米 | 东 西,https://ke-image.ljcdn.com/110000-inspection/a35d74a8-9c63-4a7d-907c-b41921b66909_1000.jpg!m_fill,w_280,h_210,f_jpg?from=ke.com
20231212,大兴,枣园,101121800281,首邑溪谷 满五唯一 中高楼层 自住装修房主自荐,268万,66370元/平,中楼层 (共16层) 2室1厅 | 40.38平米 | 东,https://ke-image.ljcdn.com/110000-inspection/pc1_z3CJVOCjy_2.jpg!m_fill,w_280,h_210,f_jpg?from=ke.com
20231212,大兴,枣园,101121799253,中建港怡嘉园 1室1厅 东,251万,49352元/平,高楼层 (共19层) | 2017年 | 1室1厅 | 50.86平米 | 东,https://ke-image.ljcdn.com/110000-inspection/0b4553d2-e5d4-4be5-9f4d-650804f5128c_1000.jpg!m_fill,w_280,h_210,f_jpg?from=ke.com
20231212,大兴,枣园,101121789652,【店长推荐】首邑溪谷loft满五唯一南北向视野佳房主自荐,282万,60257元/平,高楼层 (共16层) | 2013年 | 2室1厅 | 46.8平米 | 南 北,https://ke-image.ljcdn.com/110000-inspection/pc1_03YnXrxtS_2.jpg!m_fill,w_280,h_210,f_jpg?from=ke.com
20231212,大兴,枣园,101121773117,房子南北通透 满五年 只有契税 不临街 无遮挡,230万,33740元/平,高楼层 (共6层) 2室1厅 | 68.17平米 | 南 北,https://ke-image.ljcdn.com/110000-inspection/pc1_DgBdW2mCB_2.jpg!m_fill,w_280,h_210,f_jpg?from=ke.com
20231212,大兴,枣园,101121765980,边户 明厅多2小时采光时长全天光线充足满五唯一,208万,30948元/平,顶层 (共6层) | 1992年 | 3室1厅 | 67.21平米 | 南 北,https://ke-image.ljcdn.com/110000-inspection/fe90114b-b92d-4116-8e74-6f41d16bd652_1000.jpg!m_fill,w_280,h_210,f_jpg?from=ke.com
20231212,大兴,枣园,101121756675,双河北里 2室1厅 南 北,175万,29687元/平,顶层 (共5层) | 1986年 | 2室1厅 | 58.95平米 | 南 北,https://ke-image.ljcdn.com/110000-inspection/pc1_rCLg9bjA9.jpg!m_fill,w_280,h_210,f_jpg?from=ke.com
20231212,大兴,枣园,101121750199,房本满二年商品房 2015年社区电梯房业主诚售,289万,32119元/平,底层 (共14层) 2室1厅 | 89.98平米 | 东,https://ke-image.ljcdn.com/110000-inspection/pc1_Vco3y7L4R_2.jpg!m_fill,w_280,h_210,f_jpg?from=ke.com
20231212,大兴,枣园,101121748963,清源西里南北通透2居室业主诚心出售随时签约,209万,35056元/平,顶层 (共6层) | 1991年 | 2室1厅 | 59.62平米 | 北 南,https://ke-image.ljcdn.com/110000-inspection/0287076f-6d8a-4156-98a4-c64c7df37cf2_1000.jpg!m_fill,w_280,h_210,f_jpg?from=ke.com
20231212,大兴,枣园,101121745790,首邑溪谷  不临高铁不临街  满五唯一  精装修,350万,58334元/平,中楼层 (共14层) 3室2厅 | 60平米 | 南 北,https://ke-image.ljcdn.com/110000-inspection/f65dff3d-e6a4-43ca-9fb3-09df2ffcfe1c_1000.jpg!m_fill,w_280,h_210,f_jpg?from=ke.com
20231212,大兴,枣园,101121719661,首座御园一期 2室1厅 南 北,400万,43216元/平,中楼层 (共7层) | 2009年 | 2室1厅 | 92.56平米 | 南 北,https://ke-image.ljcdn.com/110000-inspection/4b292011-6ac9-4008-a553-137262e4271b_1000.jpg!m_fill,w_280,h_210,f_jpg?from=ke.com
20231212,大兴,枣园,101121717220,三居室西南朝向小区中间位置带车位诚心出售；,439万,37172元/平,中楼层 (共12层) | 2015年 | 3室1厅 | 118.1平米 | 西南,https://ke-image.ljcdn.com/110000-inspection/56efdb77-3b7f-43df-80a1-b29bdf6d354e_1000.jpg!m_fill,w_280,h_210,f_jpg?from=ke.com
20231212,大兴,枣园,101121692023,兴盛街187号院满五年唯一南北朝向中间楼层无抵押,390万,46568元/平,高楼层 (共12层) | 2009年 | 2室1厅 | 83.75平米 | 南 北,https://ke-image.ljcdn.com/110000-inspection/cc95ab24-f528-495f-8d69-1114f624c93d_1000.jpg!m_fill,w_280,h_210,f_jpg?from=ke.com
20231212,大兴,枣园,101121688679,首邑溪谷 3室1厅 西南,420万,63397元/平,高楼层 (共16层) | 2012年 | 3室1厅 | 66.25平米 | 西南,https://ke-image.ljcdn.com/110000-inspection/bc94972f-a595-4cb6-aa30-549653b8cdaa_1000.jpg!m_fill,w_280,h_210,f_jpg?from=ke.com
20231212,大兴,枣园,101121675260,首邑溪谷不临高铁精装两居室楼层位置好满五唯一,278万,59162元/平,低楼层 (共16层) | 2012年 | 2室1厅 | 46.99平米 | 西北,https://ke-image.ljcdn.com/110000-inspection/b182fa8c-0336-4841-9fa7-4b407a9f92e6_1000.jpg!m_fill,w_280,h_210,f_jpg?from=ke.com
20231212,大兴,枣园,101121673866,滨河西里北区满五年诚心出售随时可签,319万,39238元/平,中楼层 (共6层) | 1994年 | 2室1厅 | 81.3平米 | 南 北,https://ke-image.ljcdn.com/110000-inspection/pc1_TUEkTX9JH_2.jpg!m_fill,w_280,h_210,f_jpg?from=ke.com
20231212,大兴,枣园,101121654340,瞧一瞧看一看这套房子真合适正规三居不用改。房主自荐,516万,48406元/平,低楼层 (共18层) 3室1厅 | 106.6平米 | 南 北,https://ke-image.ljcdn.com/110000-inspection/f423aaa3-5bc2-4a69-8dd7-429888d8d1bc_1000.jpg!m_fill,w_280,h_210,f_jpg?from=ke.com
20231212,大兴,枣园,101121652487,首邑溪谷 精装修两居 视野好采光好 随时可看 看房方便,279万,57764元/平,高楼层 (共11层) | 2013年 | 2室1厅 | 48.3平米 | 东 西,https://ke-image.ljcdn.com/110000-inspection/9277037a-4842-4340-9ffa-247e8ed5d587_1000.jpg!m_fill,w_280,h_210,f_jpg?from=ke.com
20231212,大兴,枣园,101121649087,大兴丽园C区南北通透两居满五唯一,330万,52557元/平,顶层 (共10层) | 2008年 | 2室1厅 | 62.79平米 | 南 北,https://ke-image.ljcdn.com/110000-inspection/4435e9f3-4f06-4cb6-be60-25fc12fd3a74_1000.jpg!m_fill,w_280,h_210,f_jpg?from=ke.com
20231212,大兴,枣园,101121646654,丽园A区 5室1厅 南 北,1300万,54043元/平,中楼层 (共4层) | 2003年 | 5室1厅 | 240.55平米 | 南 北,https://ke-image.ljcdn.com/110000-inspection/b56b1256-8a76-4a11-9adc-06eac5d7eab9_1000.jpg!m_fill,w_280,h_210,f_jpg?from=ke.com
20231212,大兴,枣园,101121643065,首邑溪谷 店长推荐 精装修两居室,308万,67118元/平,高楼层 (共16层) | 2012年 | 2室1厅 | 45.89平米 | 南 北,https://ke-image.ljcdn.com/110000-inspection/6689ab5c-4c7e-41c9-96ff-a1e83ce982e8_1000.jpg!m_fill,w_280,h_210,f_jpg?from=ke.com
20231212,大兴,枣园,101121628475,枣园小区 南北通透两居中楼层 采光好 交通便利,260万,36217元/平,中楼层 (共5层) 2室1厅 | 71.79平米 | 南 北,https://ke-image.ljcdn.com/110000-inspection/pc1_vI4fJLwlJ_2.jpg!m_fill,w_280,h_210,f_jpg?from=ke.com
20231212,大兴,枣园,101121627634,彩虹新城 2室1厅 南 北,339万,46837元/平,顶层 (共12层) | 2008年 | 2室1厅 | 72.38平米 | 南 北,https://ke-image.ljcdn.com/110000-inspection/cdf24eb6-46ed-4c22-8036-e358bf10c37d_1000.jpg!m_fill,w_280,h_210,f_jpg?from=ke.com
20231212,大兴,枣园,101121626554,大兴丽园B区 满五唯一 正规复式 不临街中间位置,880万,45275元/平,高楼层 (共10层) 5室2厅 | 194.37平米 | 南 北,https://ke-image.ljcdn.com/110000-inspection/pc1_QpojJJwIc_2.jpg!m_fill,w_280,h_210,f_jpg?from=ke.com
20231212,大兴,枣园,101121624885,首座御园一区二期 纯西朝向大一居 采光视野好,240万,29822元/平,顶层 (共14层) | 2015年 | 2室1厅 | 80.48平米 | 东 西,https://ke-image.ljcdn.com/110000-inspection/f2361f84-1b51-4981-b828-5b927984c3ff_1000.jpg!m_fill,w_280,h_210,f_jpg?from=ke.com
20231212,大兴,枣园,101121623950,兴华园低楼层精装南北通透三居室,409万,43295元/平,低楼层 (共6层) | 2000年 | 3室1厅 | 94.47平米 | 南 北,https://ke-image.ljcdn.com/110000-inspection/be23208a-a06e-4c13-af02-0a2b7cbf7ccc_1000.jpg!m_fill,w_280,h_210,f_jpg?from=ke.com
20231212,大兴,枣园,101121616278,清源西里 正规两居室 满五年唯一 采光好 近地铁,315万,39618元/平,高楼层 (共6层) | 1997年 | 2室1厅 | 79.51平米 | 南 北,https://ke-image.ljcdn.com/110000-inspection/pc1_CRjBitpTO_2.jpg!m_fill,w_280,h_210,f_jpg?from=ke.com
20231212,大兴,枣园,101121610681,兴盛街187号院 满五唯一 高楼层 一居室,255万,39720元/平,高楼层 (共12层) 1室1厅 | 64.2平米 | 南,https://ke-image.ljcdn.com/110000-inspection/pc1_ZchAx3mav_2.jpg!m_fill,w_280,h_210,f_jpg?from=ke.com
20231212,大兴,枣园,101121608727,店经理推荐 精装修两居 满五唯一 提前预约随时可看,268万,66059元/平,高楼层 (共16层) 2室1厅 | 40.57平米 | 西,https://ke-image.ljcdn.com/110000-inspection/273af51b-e3d7-4e9e-a117-191a76901ef8_1000.jpg!m_fill,w_280,h_210,f_jpg?from=ke.com
20231212,大兴,枣园,101121608836,双河北里 2室1厅 南 北,286万,27862元/平,高楼层 (共6层) | 2001年 | 2室1厅 | 102.65平米 | 南 北,https://ke-image.ljcdn.com/110000-inspection/pc1_MQN8n1OTS.jpg!m_fill,w_280,h_210,f_jpg?from=ke.com
20231212,大兴,枣园,101121600890,首邑溪谷 两居室   满五唯一,300万,63560元/平,中楼层 (共14层) | 2013年 | 2室1厅 | 47.2平米 | 西北,https://ke-image.ljcdn.com/110000-inspection/c129cf07-08bf-45b2-bb79-36eb9582bab9_1000.jpg!m_fill,w_280,h_210,f_jpg?from=ke.com
20231212,大兴,枣园,101121596437,枣园东里 2室1厅 南 北,258万,37278元/平,顶层 (共6层) | 1999年 | 2室1厅 | 69.21平米 | 南 北,https://ke-image.ljcdn.com/110000-inspection/3e724007-3810-42b6-9afb-e8c52f6479c7_1000.jpg!m_fill,w_280,h_210,f_jpg?from=ke.com
20231212,大兴,枣园,101121592836,清源佳园 1室1厅 南,220万,43197元/平,高楼层 (共18层) | 2016年 | 1室1厅 | 50.93平米 | 南,https://ke-image.ljcdn.com/110000-inspection/pc1_7kQ8jikuN.jpg!m_fill,w_280,h_210,f_jpg?from=ke.com
20231212,大兴,枣园,101121587398,先锋公寓 满五年唯一 电梯房 大两居,335万,31881元/平,高楼层 (共15层) | 2003年 | 2室2厅 | 105.08平米 | 南,https://ke-image.ljcdn.com/110000-inspection/3ebbd513-4914-421b-86ed-36400fde7942_1000.jpg!m_fill,w_280,h_210,f_jpg?from=ke.com
20231212,大兴,枣园,101121574899,首邑溪谷 2室2厅 南 北,365万,60864元/平,低楼层 (共16层) | 2012年 | 2室2厅 | 59.97平米 | 南 北,https://ke-image.ljcdn.com/110000-inspection/pc1_UEECRugnw_2.jpg!m_fill,w_280,h_210,f_jpg?from=ke.com
20231212,大兴,枣园,101121566520,丽园小区A区独栋别墅南北通透500平米独立大花园,4200万,109621元/平,底层 (共2层) | 2003年 | 4室2厅 | 383.14平米 | 南 北,https://ke-image.ljcdn.com/110000-inspection/pc1_y5yJm8qga_2.jpg!m_fill,w_280,h_210,f_jpg?from=ke.com
20231212,大兴,枣园,101121566396,丽园A区 独栋别墅 四周大花园 中间位置,3600万,93961元/平,底层 (共2层) 5室2厅 | 383.14平米 | 南 北,https://ke-image.ljcdn.com/110000-inspection/0e9e7cca-b37b-4dc8-b819-dda0db4d34f4_1000.jpg!m_fill,w_280,h_210,f_jpg?from=ke.com
20231212,大兴,枣园,101121560093,清源西里73.98平米近地铁通透小三居,256万,34604元/平,高楼层 (共6层) | 1990年 | 3室1厅 | 73.98平米 | 东 西,https://ke-image.ljcdn.com/110000-inspection/5048123a-e187-4a4b-b9fd-20b7ada67375_1000.jpg!m_fill,w_280,h_210,f_jpg?from=ke.com
20231212,大兴,枣园,101121555551,红木林北区 4室2厅 南 北 东,790万,67407元/平,底层 (共21层) 4室2厅 | 117.2平米 | 南 北 东,https://ke-image.ljcdn.com/110000-inspection/c05717a8-cb75-4820-b8a2-2a0c8239bf3c_1000.jpg!m_fill,w_280,h_210,f_jpg?from=ke.com
20231212,大兴,枣园,101121553008,枣园小区 精装 南北 一居室 诚心出售 无遮挡 采光好,220万,38719元/平,中楼层 (共5层) | 1995年 | 1室1厅 | 56.82平米 | 南 北,https://ke-image.ljcdn.com/110000-inspection/4baea852-b767-4b89-a6d7-fd443e1e2ffa_1000.jpg!m_fill,w_280,h_210,f_jpg?from=ke.com
20231212,大兴,枣园,101121551408,枣园小区 南北双通透 有钥匙 随时可看,365万,40728元/平,中楼层 (共7层) | 1999年 | 2室1厅 | 89.62平米 | 南 北,https://ke-image.ljcdn.com/110000-inspection/452e7346-c4f6-4919-bbc2-d267e916c208_1000.jpg!m_fill,w_280,h_210,f_jpg?from=ke.com
20231212,大兴,枣园,101121550990,滨河西里北区 满五唯一 中间楼层 诚心出售房主自荐,279万,32416元/平,中楼层 (共6层) | 1994年 | 3室1厅 | 86.07平米 | 东 西,https://ke-image.ljcdn.com/110000-inspection/pc1_kXNvARTlh_2.jpg!m_fill,w_280,h_210,f_jpg?from=ke.com
20231212,大兴,枣园,101121548708,先锋公寓 电梯房 双卫 落地窗  满五唯一 诚心出售,458万,27368元/平,低楼层 (共15层) 3室2厅 | 167.35平米 | 南 北,https://ke-image.ljcdn.com/110000-inspection/pc1_8rilgfDRC.jpg!m_fill,w_280,h_210,f_jpg?from=ke.com
20231212,大兴,枣园,101121546671,双河北里四巷6号院电梯房中间楼层满两年,290万,33769元/平,中楼层 (共18层) 2室1厅 | 85.88平米 | 东 西,https://ke-image.ljcdn.com/110000-inspection/pc1_oAFB6k4cO.jpg!m_fill,w_280,h_210,f_jpg?from=ke.com
20231212,大兴,枣园,101121523630,双河北里 1室1厅 南 北,199万,26705元/平,顶层 (共6层) | 2004年 | 1室1厅 | 74.52平米 | 南 北,https://ke-image.ljcdn.com/110000-inspection/8ad277ad-f63e-4d6a-b93a-951dcb10b602_1000.jpg!m_fill,w_280,h_210,f_jpg?from=ke.com
20231212,大兴,枣园,101121521642,下跃户型三层使用独立空间满五年唯一,570万,89174元/平,底层 (共16层) 3室2厅 | 63.92平米 | 西南,https://ke-image.ljcdn.com/110000-inspection/e2d00c13-42ca-43c6-87da-2a0f5a203efc_1000.jpg!m_fill,w_280,h_210,f_jpg?from=ke.com
20231212,大兴,枣园,101121521230,店长推荐：首邑溪谷南北两居看房随时,350万,58015元/平,中楼层 (共14层) | 2013年 | 2室1厅 | 60.33平米 | 南 北,https://ke-image.ljcdn.com/110000-inspection/7c8d1064-db60-4d8a-ba3c-6736c07ecb01_1000.jpg!m_fill,w_280,h_210,f_jpg?from=ke.com
20231212,大兴,枣园,101121520124,此房满五年唯一南北向自住装修次卧窗户比较大,288万,61552元/平,中楼层 (共16层) 2室1厅 | 46.79平米 | 南 北,https://ke-image.ljcdn.com/110000-inspection/pc1_AY6S7Rzg5_2.jpg!m_fill,w_280,h_210,f_jpg?from=ke.com
20231212,大兴,枣园,101121516491,枣园小区 满五年唯一 南北通透 明厅户型 格局方正,370万,41286元/平,中楼层 (共6层) | 1999年 | 2室1厅 | 89.62平米 | 南 北,https://ke-image.ljcdn.com/110000-inspection/cfb7035b-db3b-4385-a7e8-d653ce2e3343_1000.jpg!m_fill,w_280,h_210,f_jpg?from=ke.com
20231212,大兴,枣园,101121510698,盛嘉华苑 2012年电梯房 南北向三居室,310万,35156元/平,顶层 (共11层) | 2012年 | 3室1厅 | 88.18平米 | 南 北,https://ke-image.ljcdn.com/110000-inspection/2909804d-b3cf-4a95-a5ad-125a8e62cffd_1000.jpg!m_fill,w_280,h_210,f_jpg?from=ke.com
20231212,大兴,枣园,101121503554,精装修  楼层好 临地铁  临公园 小区改造了,275万,47382元/平,中楼层 (共6层) | 1994年 | 2室1厅 | 58.04平米 | 南 北,https://ke-image.ljcdn.com/110000-inspection/pc1_SoEAEdy3v_2.jpg!m_fill,w_280,h_210,f_jpg?from=ke.com
20231212,大兴,枣园,101121492014,枣园小区 2室1厅 南 北,233万,35245元/平,顶层 (共5层) | 1995年 | 2室1厅 | 66.11平米 | 南 北,https://ke-image.ljcdn.com/110000-inspection/dd89c006-ba9c-4c06-8c6d-4a6930328af6_1000.jpg!m_fill,w_280,h_210,f_jpg?from=ke.com
20231212,大兴,枣园,101121490873,此房只需要交契税南北通透格局方正,330万,38756元/平,中楼层 (共7层) | 1994年 | 3室2厅 | 85.15平米 | 南 北,https://ke-image.ljcdn.com/110000-inspection/71770701-9a1d-4168-92ff-a744d7a039a0_1000.jpg!m_fill,w_280,h_210,f_jpg?from=ke.com
20231212,大兴,枣园,101121486591,首座御园一区二期 2室1厅 南 北,350万,37073元/平,高楼层 (共15层) | 2015年 | 2室1厅 | 94.41平米 | 南 北,https://ke-image.ljcdn.com/110000-inspection/88569d42-4d53-4b43-be12-aa36e541adca_1000.jpg!m_fill,w_280,h_210,f_jpg?from=ke.com
20231212,大兴,枣园,101121486076,首座御园一区二期南北三居室中高楼层视觉好。,430万,36869元/平,中楼层 (共12层) | 2015年 | 3室2厅 | 116.63平米 | 南 北,https://ke-image.ljcdn.com/110000-inspection/pc1_S70Ef9YFM.jpg!m_fill,w_280,h_210,f_jpg?from=ke.com
20231212,大兴,枣园,101121476424,清源西里 经典一居室 纯南向 采光良好 近地铁,188万,41909元/平,高楼层 (共6层) 1室1厅 | 44.86平米 | 南,https://ke-image.ljcdn.com/110000-inspection/pc1_pWCNVPz2q_2.jpg!m_fill,w_280,h_210,f_jpg?from=ke.com
20231212,大兴,枣园,101121458901,满五唯一一层精装修商品房停车方便房主自荐,346万,36680元/平,底层 (共6层) | 2001年 | 2室2厅 | 94.33平米 | 南 北,https://ke-image.ljcdn.com/110000-inspection/pc1_8XjTOevDX.jpg!m_fill,w_280,h_210,f_jpg?from=ke.com
20231212,大兴,枣园,101121436931,【店长推荐】首邑溪谷精装两居 装修好一天没住过,283万,49983元/平,中楼层 (共11层) | 2013年 | 2室1厅 | 56.62平米 | 东 西,https://ke-image.ljcdn.com/110000-inspection/pc1_OuKCPC8Rb_2.jpg!m_fill,w_280,h_210,f_jpg?from=ke.com
20231212,大兴,枣园,101121430798,团河苑 2室1厅 南 北,243万,36000元/平,中楼层 (共6层) | 1994年 | 2室1厅 | 67.5平米 | 南 北,https://ke-image.ljcdn.com/110000-inspection/e8200569-497a-40e2-b0f3-a965fc1b153c_1000.jpg!m_fill,w_280,h_210,f_jpg?from=ke.com
20231212,大兴,枣园,101121428874,首邑溪谷LOFT南北通透两居 采光好  明亮 双卫,288万,62705元/平,中楼层 (共16层) 2室1厅 | 45.93平米 | 南 北,https://ke-image.ljcdn.com/110000-inspection/pc1_EYmRdcPOB_2.jpg!m_fill,w_280,h_210,f_jpg?from=ke.com
20231212,大兴,枣园,101121423797,东亚康和名居纯南两居室圣和巷8号院,318万,42148元/平,高楼层 (共18层) | 2012年 | 2室1厅 | 75.45平米 | 南,https://ke-image.ljcdn.com/110000-inspection/pc1_ymHyRjWGj_2.jpg!m_fill,w_280,h_210,f_jpg?from=ke.com
20231212,大兴,枣园,101121404048,地铁500米坡屋顶南北通透天然氧吧满五唯一安静房主自荐,205万,32948元/平,顶层 (共6层) 2室1厅 | 62.22平米 | 南 北,https://ke-image.ljcdn.com/110000-inspection/2a3f3db3-c13a-4b42-8147-3ed8616c01a9_1000.jpg!m_fill,w_280,h_210,f_jpg?from=ke.com
20231212,大兴,枣园,101121395149,满五唯一正规三居户型好精装修层高高房主自荐,268万,32212元/平,顶层 (共6层) | 1992年 | 3室1厅 | 83.2平米 | 南 东 北,https://ke-image.ljcdn.com/110000-inspection/pc1_wwTHvfT05_1.jpg!m_fill,w_280,h_210,f_jpg?from=ke.com
20231212,大兴,枣园,101121381074,满五年唯一 精装修 次新商品房 得房95% 枣园地铁700米房主自荐,428万,63805元/平,中楼层 (共21层) | 2013年 | 2室1厅 | 67.08平米 | 南 西,https://ke-image.ljcdn.com/110000-inspection/3692b121-0e3b-4565-a4c9-1cea23187825_1000.jpg!m_fill,w_280,h_210,f_jpg?from=ke.com
20231212,大兴,枣园,101121377007,清源西里无浪费面积采光充足视野开阔。,235万,38349元/平,顶层 (共6层) 2室2厅 | 61.28平米 | 西北,https://ke-image.ljcdn.com/110000-inspection/pc1_EjloW14rU_2.jpg!m_fill,w_280,h_210,f_jpg?from=ke.com
20231212,大兴,枣园,101121372350,枣园小区 枣园地铁口标准两居室采光好,235万,34287元/平,顶层 (共6层) 2室1厅 | 68.54平米 | 南 北,https://ke-image.ljcdn.com/110000-inspection/pc1_juz3YGZ9i.jpg!m_fill,w_280,h_210,f_jpg?from=ke.com
20231212,大兴,枣园,101121367738,兴华园 2室1厅 南 北,305万,38790元/平,高楼层 (共6层) | 1996年 | 2室1厅 | 78.63平米 | 南 北,https://ke-image.ljcdn.com/110000-inspection/e4251527-db69-4e2d-a793-7b34b8cd5126_1000.jpg!m_fill,w_280,h_210,f_jpg?from=ke.com
20231212,大兴,枣园,101121366105,清源西里 经典两居 中间楼层  满五唯一,236万,35850元/平,中楼层 (共6层) 2室1厅 | 65.83平米 | 东 西南,https://ke-image.ljcdn.com/110000-inspection/a5c554e5-84f7-4ef9-a7fb-7551e09fec0e_1000.jpg!m_fill,w_280,h_210,f_jpg?from=ke.com
20231212,大兴,枣园,101121348027,全明格局双阳台使用适合自住房主自荐,280万,56475元/平,高楼层 (共16层) | 2012年 | 2室1厅 | 49.58平米 | 西北,https://ke-image.ljcdn.com/110000-inspection/8fdcbe1f-e28f-4f2b-ac28-4c9b28016242_1000.jpg!m_fill,w_280,h_210,f_jpg?from=ke.com
20231212,大兴,枣园,101121347311,枣园北里 2室1厅 南 北,252万,38663元/平,中楼层 (共6层) | 1994年 | 2室1厅 | 65.18平米 | 南 北,https://ke-image.ljcdn.com/110000-inspection/4a3d0f93-944c-4c19-b503-58235eaa676f_1000.jpg!m_fill,w_280,h_210,f_jpg?from=ke.com
20231212,大兴,枣园,101121325700,双河北里东院新户型双阳台满五年唯一,360万,30517元/平,高楼层 (共6层) | 2001年 | 3室2厅 | 117.97平米 | 南 北,https://ke-image.ljcdn.com/110000-inspection/pc1_psWT8B2kU.jpg!m_fill,w_280,h_210,f_jpg?from=ke.com
20231212,大兴,枣园,101121309807,首邑上城社区 近地铁 边户三居室 明卫 满五年,670万,50248元/平,中楼层 (共16层) | 2007年 | 3室2厅 | 133.34平米 | 南 北,https://ke-image.ljcdn.com/110000-inspection/pc1_F7sEZZ8ej.jpg!m_fill,w_280,h_210,f_jpg?from=ke.com
20231212,大兴,枣园,101121295052,枣园东里 满五唯一 地铁300米 配套齐全 交通便利,299万,32522元/平,顶层 (共6层) | 1997年 | 3室1厅 | 91.94平米 | 南 北,https://ke-image.ljcdn.com/110000-inspection/22fedfa7-15fa-4e1a-81d1-b77232842bfa_1000.jpg!m_fill,w_280,h_210,f_jpg?from=ke.com
20231212,大兴,枣园,101121292560,滨河西里北区 满五唯一 交通便利 配套齐全 诚心出售,299万,33330元/平,高楼层 (共7层) | 1997年 | 3室1厅 | 89.71平米 | 东 南 西,https://ke-image.ljcdn.com/110000-inspection/35424185-eb1f-485b-aa50-7842bdff36e1_1000.jpg!m_fill,w_280,h_210,f_jpg?from=ke.com
20231212,大兴,枣园,101121281582,盛嘉华苑 1室1厅 南,207万,35795元/平,中楼层 (共17层) | 2012年 | 1室1厅 | 57.83平米 | 南,https://ke-image.ljcdn.com/110000-inspection/pc1_lsLmZaPor.jpg!m_fill,w_280,h_210,f_jpg?from=ke.com
20231212,大兴,枣园,101121270162,首座御园一区二期 3室2厅 东南,450万,38104元/平,低楼层 (共12层) | 2015年 | 3室2厅 | 118.1平米 | 东南,https://ke-image.ljcdn.com/110000-inspection/c0630c69-e5a1-474d-aeac-7c7df20e9e54_1000.jpg!m_fill,w_280,h_210,f_jpg?from=ke.com
20231212,大兴,枣园,101121267119,兴华园 3室1厅 东 西,479万,39884元/平,高楼层 (共10层) 3室1厅 | 120.1平米 | 东 西,https://ke-image.ljcdn.com/110000-inspection/pc1_WR330Kq3f.jpg!m_fill,w_280,h_210,f_jpg?from=ke.com
20231212,大兴,枣园,101121249407,先锋公寓 满五年唯一 精装修 带电梯 单价低 拎包入住,390万,28964元/平,中楼层 (共15层) 2室2厅 | 134.65平米 | 东 西北,https://ke-image.ljcdn.com/110000-inspection/125d7585-6ef5-443d-bf90-c75882ce4ce1_1000.jpg!m_fill,w_280,h_210,f_jpg?from=ke.com
20231212,大兴,枣园,101121238625,首座御园一期精装修南北通透两居室,386万,41916元/平,中楼层 (共8层) | 2009年 | 2室1厅 | 92.09平米 | 南 北,https://ke-image.ljcdn.com/110000-inspection/88f404bf-ed73-49c3-be60-b9691cc7a4a5_1000.jpg!m_fill,w_280,h_210,f_jpg?from=ke.com
20231212,大兴,枣园,101121234877,首开康乃馨城 1室1厅 南,258万,35170元/平,中楼层 (共11层) | 2012年 | 1室1厅 | 73.36平米 | 南,https://ke-image.ljcdn.com/110000-inspection/be83712c-1fc6-49a7-8d7b-8a38330ed527_1000.jpg!m_fill,w_280,h_210,f_jpg?from=ke.com
20231212,大兴,枣园,101121220540,首开康乃馨 双南2居 商品房 客厅朝南,273万,34575元/平,底层 (共9层) | 2012年 | 2室1厅 | 78.96平米 | 南,https://ke-image.ljcdn.com/110000-inspection/pc1_sBwZIbpYr_2.jpg!m_fill,w_280,h_210,f_jpg?from=ke.com
20231212,大兴,枣园,101121215265,红木林南区精装修两居室一层出入方便看房随时。,465万,62576元/平,底层 (共21层) | 2013年 | 2室1厅 | 74.31平米 | 南,https://ke-image.ljcdn.com/110000-inspection/ad49bd55-f482-4db5-ad13-e63c88a4fa68_1000.jpg!m_fill,w_280,h_210,f_jpg?from=ke.com
20231212,大兴,枣园,101121214178,精装修南向两居【房产证下发满五年业主在京唯一住宅】,459万,64657元/平,低楼层 (共28层) | 2013年 | 2室1厅 | 70.99平米 | 南,https://ke-image.ljcdn.com/110000-inspection/8958a359-6708-46a7-bb8a-f9247e22bbeb_1000.jpg!m_fill,w_280,h_210,f_jpg?from=ke.com
20231212,大兴,枣园,101121209428,首邑溪谷 2室1厅 东 西,285万,60690元/平,低楼层 (共16层) | 2012年 | 2室1厅 | 46.96平米 | 东 西,https://ke-image.ljcdn.com/110000-inspection/pc1_K2jSlzlwM_2.jpg!m_fill,w_280,h_210,f_jpg?from=ke.com
20231212,大兴,枣园,101121204084,清源西里 纯南一居业主诚意出售看房随时,193万,41021元/平,中楼层 (共6层) 1室1厅 | 47.05平米 | 东 南 西,https://ke-image.ljcdn.com/110000-inspection/pc1_qgZNtpuOS.jpg!m_fill,w_280,h_210,f_jpg?from=ke.com
20231212,大兴,枣园,101121180105,地铁4号线旁 中建国际港全明三居室 有车位 采光好,705万,54131元/平,高楼层 (共33层) | 2015年 | 3室2厅 | 130.24平米 | 南 北,https://ke-image.ljcdn.com/110000-inspection/423a0181-817d-4bc4-8906-279837b1a15a_1000.jpg!m_fill,w_280,h_210,f_jpg?from=ke.com
20231212,大兴,枣园,101121179705,中建国际港 不临街 特殊南向两居室 4号线旁边,468万,53596元/平,低楼层 (共29层) | 2015年 | 2室1厅 | 87.32平米 | 南,https://ke-image.ljcdn.com/110000-inspection/pc1_Dg3uqIjEo_2.jpg!m_fill,w_280,h_210,f_jpg?from=ke.com
20231212,大兴,枣园,101121178309,枣园北里 3室1厅 南 北,368万,32776元/平,顶层 (共6层) 3室1厅 | 112.28平米 | 南 北,https://ke-image.ljcdn.com/110000-inspection/a4a994d9-b4a8-4999-8456-06871a879732_1000.jpg!m_fill,w_280,h_210,f_jpg?from=ke.com
20231212,大兴,枣园,101121173888,那尔水晶城 东边户 三居室精装修,697万,46325元/平,低楼层 (共12层) 3室2厅 | 150.46平米 | 东 南 北,https://ke-image.ljcdn.com/110000-inspection/169dea8e-e073-4b05-8081-530d568037f4_1000.jpg!m_fill,w_280,h_210,f_jpg?from=ke.com
20231212,大兴,枣园,101121159086,枣园两居好位置好楼层户型方正格局合理随时签约房主自荐,280万,37757元/平,中楼层 (共5层) | 1994年 | 2室1厅 | 74.16平米 | 南 北,https://ke-image.ljcdn.com/110000-inspection/pc1_jKM2G2j9i_2.jpg!m_fill,w_280,h_210,f_jpg?from=ke.com
20231212,大兴,枣园,101121148415,【店长推荐】首邑溪谷优质两居满五年唯一诚意出售,275万,57652元/平,高楼层 (共11层) | 2013年 | 2室1厅 | 47.7平米 | 东 西,https://ke-image.ljcdn.com/110000-inspection/pc1_F8X3LMb2u_2.jpg!m_fill,w_280,h_210,f_jpg?from=ke.com
20231212,大兴,枣园,101121137751,大兴丽园小区A区南北通透联排别墅房子南北有花园,920万,43839元/平,底层 (共4层) 4室3厅 | 209.86平米 | 南 北,https://ke-image.ljcdn.com/110000-inspection/aed29ce4-73b0-4ec1-bd5d-7042529396ff_1000.jpg!m_fill,w_280,h_210,f_jpg?from=ke.com
20231212,大兴,枣园,101121135646,红木林南北通透两居 次顶层 视野开阔 采光充足,480万,62525元/平,高楼层 (共21层) | 2013年 | 2室1厅 | 76.77平米 | 南 北,https://ke-image.ljcdn.com/110000-inspection/9e27ce57-b066-42c6-a2cc-9fac1f6fc49b_1000.jpg!m_fill,w_280,h_210,f_jpg?from=ke.com
20231212,大兴,枣园,101121123469,丽园B区 2室1厅 南 北,360万,42348元/平,高楼层 (共7层) | 2005年 | 2室1厅 | 85.01平米 | 南 北,https://ke-image.ljcdn.com/110000-inspection/2bdf3245-4bf4-4ec9-94fc-4397bfcfa13e_1000.jpg!m_fill,w_280,h_210,f_jpg?from=ke.com
20231212,大兴,枣园,101121123144,康庄路50号院 2室1厅 南 北,315万,35521元/平,顶层 (共14层) 2室1厅 | 88.68平米 | 南 北,https://ke-image.ljcdn.com/110000-inspection/pc1_eQxO9RSUj_2.jpg!m_fill,w_280,h_210,f_jpg?from=ke.com
20231212,大兴,枣园,101121121082,丽园C区采光好两居室商品房落地窗,438万,42774元/平,高楼层 (共10层) | 2008年 | 2室1厅 | 102.4平米 | 南,https://ke-image.ljcdn.com/110000-inspection/pc1_PgzJPUsjl_2.jpg!m_fill,w_280,h_210,f_jpg?from=ke.com
20231212,大兴,枣园,101121094681,枣园 滨河西里北区 高楼层采光好 满五唯一,310万,38051元/平,顶层 (共6层) | 1995年 | 2室2厅 | 81.47平米 | 南 北,https://ke-image.ljcdn.com/110000-inspection/ac70e7fc-ead2-4391-a4b1-6a461e3fff70_1000.jpg!m_fill,w_280,h_210,f_jpg?from=ke.com
20231212,大兴,枣园,101121092198,房子中间位置 无抵押 诚意出售 南北通透两居,216万,31515元/平,顶层 (共6层) | 1994年 | 2室1厅 | 68.54平米 | 南 北,https://ke-image.ljcdn.com/110000-inspection/pc1_OfwWT19Cd_2.jpg!m_fill,w_280,h_210,f_jpg?from=ke.com
20231212,大兴,枣园,101121083688,首邑溪谷远离高铁2居室2个卫生间精装修拎包入住房主自荐,238万,62190元/平,中楼层 (共12层) 2室1厅 | 38.27平米 | 东,https://ke-image.ljcdn.com/110000-inspection/63092cc9-23e7-47ec-b237-02f45ee51219_1000.jpg!m_fill,w_280,h_210,f_jpg?from=ke.com
20231212,大兴,枣园,101121074745,滨河西里南区 2室1厅 南 北,195万,31978元/平,顶层 (共6层) | 1991年 | 2室1厅 | 60.98平米 | 南 北,https://ke-image.ljcdn.com/110000-inspection/66c93b57-c15e-4b57-8777-80ce5991ee19_1000.jpg!m_fill,w_280,h_210,f_jpg?from=ke.com
20231212,大兴,枣园,101121063917,临近地铁精装电梯一居室诚心售卖,276万,44668元/平,顶层 (共17层) | 2012年 | 1室1厅 | 61.79平米 | 南,https://ke-image.ljcdn.com/110000-inspection/pc1_iAdVBbhv0_2.jpg!m_fill,w_280,h_210,f_jpg?from=ke.com
20231212,大兴,枣园,101121061076,中建国际港 满二年南北通透全明格局三居 高层 采光好,725万,52340元/平,中楼层 (共33层) | 2015年 | 3室2厅 | 138.52平米 | 东南 北,https://ke-image.ljcdn.com/110000-inspection/1d0aaf95-2ae8-4207-b338-761d3a7ad5bc_1000.jpg!m_fill,w_280,h_210,f_jpg?from=ke.com
20231212,大兴,枣园,101121056705,南北通透两居室 满五年唯一 次顶层,205万,30228元/平,高楼层 (共6层) | 1994年 | 2室1厅 | 67.82平米 | 南 北,https://ke-image.ljcdn.com/110000-inspection/433cf322-a4f5-4c23-9911-d6ccda482e36_1000.jpg!m_fill,w_280,h_210,f_jpg?from=ke.com
20231212,大兴,枣园,101121054595,loft户型两居 有电梯 中楼层 远离高铁线 诚意出售,265万,65578元/平,中楼层 (共16层) | 2012年 | 2室1厅 | 40.41平米 | 西,https://ke-image.ljcdn.com/110000-inspection/47442011-2e73-465e-a389-274b21f2950b_1000.jpg!m_fill,w_280,h_210,f_jpg?from=ke.com
20231212,大兴,枣园,101121051917,新居里小区 正规三居室 双卫 满五年商品房,408万,32973元/平,中楼层 (共6层) | 2003年 | 3室2厅 | 123.74平米 | 南 北,https://ke-image.ljcdn.com/110000-inspection/pc1_KlccRzTCF_2.jpg!m_fill,w_280,h_210,f_jpg?from=ke.com
20231212,大兴,枣园,101121048167,店经理推荐 首邑溪谷 远离高铁 自住 诚心卖,225万,57916元/平,中楼层 (共12层) 1室1厅 | 38.85平米 | 东,https://ke-image.ljcdn.com/110000-inspection/64a953d7-e6d6-466f-b26d-6133f83bba26_1000.jpg!m_fill,w_280,h_210,f_jpg?from=ke.com
20231212,大兴,枣园,101121035965,首邑上城精装3居室 满五唯一 诚心出售,648万,52500元/平,中楼层 (共16层) 3室2厅 | 123.43平米 | 南 北,https://ke-image.ljcdn.com/110000-inspection/pc1_UsbgPBMyX.jpg!m_fill,w_280,h_210,f_jpg?from=ke.com
20231212,大兴,枣园,101121035920,首开康乃馨 满5年唯一 南向 精装修1居 看房方便房主自荐,255万,34187元/平,中楼层 (共9层) | 2012年 | 1室1厅 | 74.59平米 | 南,https://ke-image.ljcdn.com/110000-inspection/pc1_MXBBNFa3I_2.jpg!m_fill,w_280,h_210,f_jpg?from=ke.com
20231212,大兴,枣园,101121029915,区域热点房 东亚康和名居 南向两居室房主自荐,315万,41497元/平,中楼层 (共15层) 2室1厅 | 75.91平米 | 南,https://ke-image.ljcdn.com/110000-inspection/pc1_olSCPKv6r_2.jpg!m_fill,w_280,h_210,f_jpg?from=ke.com
20231212,大兴,枣园,101121026381,盛嘉华苑 2室1厅 南 北,253万,32675元/平,低楼层 (共15层) | 2012年 | 2室1厅 | 77.43平米 | 南 北,https://ke-image.ljcdn.com/110000-inspection/9c10d5e9-35b5-4fe1-bc59-e7eb876e761f_1000.jpg!m_fill,w_280,h_210,f_jpg?from=ke.com
20231212,大兴,枣园,101121026128,首座2015年电梯房商品房楼层好视野开阔业主诚心出售,243万,31007元/平,高楼层 (共14层) | 2015年 | 2室1厅 | 78.37平米 | 东,https://ke-image.ljcdn.com/110000-inspection/23064bfc-1c35-4d7c-a810-8e8eee58bdca_1000.jpg!m_fill,w_280,h_210,f_jpg?from=ke.com
20231212,大兴,枣园,101121022764,枣园小区满五年唯一大面宽明厅双卫近地铁,615万,44466元/平,低楼层 (共7层) | 2000年 | 3室2厅 | 138.31平米 | 北 南,https://ke-image.ljcdn.com/110000-inspection/9b4160f5-cd34-45e5-acf4-e33fe5d70220_1000.jpg!m_fill,w_280,h_210,f_jpg?from=ke.com
20231212,大兴,枣园,101121022189,滨河西里三居室  满五唯一 低楼层   户型方正,330万,38111元/平,低楼层 (共6层) | 1992年 | 3室1厅 | 86.59平米 | 南 北,https://ke-image.ljcdn.com/110000-inspection/4dff16d7-1d47-41c4-a2c9-978ae4c81923_1000.jpg!m_fill,w_280,h_210,f_jpg?from=ke.com
20231212,大兴,枣园,101121019601,单价低价低面积大大院里楼龄新,255万,22454元/平,顶层 (共6层) | 2002年 | 3室1厅 | 113.57平米 | 西北,https://ke-image.ljcdn.com/110000-inspection/pc1_MeX1OLLg4_1.jpg!m_fill,w_280,h_210,f_jpg?from=ke.com
20231212,大兴,枣园,101121013509,滨河西里中区 3室1厅 南 北,358万,32990元/平,顶层 (共6层) | 1997年 | 3室1厅 | 108.52平米 | 南 北,https://ke-image.ljcdn.com/110000-inspection/0bb9a63f-766a-459b-bc59-33b6c658eb98_1000.jpg!m_fill,w_280,h_210,f_jpg?from=ke.com
20231212,大兴,枣园,101121007932,首座御园二期北区三期 全明户型 南北通透 电梯房,325万,34399元/平,顶层 (共12层) | 2015年 | 2室1厅 | 94.48平米 | 南 北 西,https://ke-image.ljcdn.com/110000-inspection/706ab51f-758d-4bb1-a6ba-3c750be75cb3_1000.jpg!m_fill,w_280,h_210,f_jpg?from=ke.com
20231212,大兴,枣园,101121002790,高楼层采光好出门近满五唯一简约风格,275万,71858元/平,顶层 (共12层) 3室1厅 | 38.27平米 | 西,https://ke-image.ljcdn.com/110000-inspection/193ab2fa-f18f-42d5-97e7-6fb80c492d82_1000.jpg!m_fill,w_280,h_210,f_jpg?from=ke.com
20231212,大兴,枣园,101120999361,精装纯南两居  中高楼层  俯瞰小区花园  车位充足,405万,48737元/平,高楼层 (共17层) | 2012年 | 2室2厅 | 83.1平米 | 南,https://ke-image.ljcdn.com/110000-inspection/51dd2abb-6231-43b4-978a-d03602111050_1000.jpg!m_fill,w_280,h_210,f_jpg?from=ke.com
20231212,大兴,枣园,101120996259,康和名居南向两居室满五唯一好楼层好位置房主自荐,327万,43340元/平,低楼层 (共18层) 2室2厅 | 75.45平米 | 南,https://ke-image.ljcdn.com/110000-inspection/1ce58c9e-c5be-476e-bdb8-d89fcefbe359_1000.jpg!m_fill,w_280,h_210,f_jpg?from=ke.com
20231212,大兴,枣园,101120995084,黄村 枣园 那尔水晶城 精装修 三居室 随时看房房主自荐,688万,45727元/平,低楼层 (共12层) | 2005年 | 3室2厅 | 150.46平米 | 南 北,https://ke-image.ljcdn.com/110000-inspection/pc1_Tr9MTSZd1.jpg!m_fill,w_280,h_210,f_jpg?from=ke.com
20231212,大兴,枣园,101120989610,下叠别墅车位充足娱乐空间优选,1300万,58380元/平,底层 (共4层) 5室3厅 | 222.68平米 | 南 北,https://ke-image.ljcdn.com/110000-inspection/pc1_ipESwVYLu_2.jpg!m_fill,w_280,h_210,f_jpg?from=ke.com
20231212,大兴,枣园,101120987884,此房满五唯一无遮挡无噪音视野开阔采光充足。房主自荐,370万,61863元/平,中楼层 (共16层) | 2012年 | 2室1厅 | 59.81平米 | 北 南,https://ke-image.ljcdn.com/110000-inspection/pc1_arCC8i7mP_2.jpg!m_fill,w_280,h_210,f_jpg?from=ke.com
20231212,大兴,枣园,101120975489,首开康乃馨城一居室商品房远离高铁,258万,35064元/平,中楼层 (共9层) | 2012年 | 1室2厅 | 73.58平米 | 东南,https://ke-image.ljcdn.com/110000-inspection/04827d4b-3f28-421b-b56d-58f070e2385e_1000.jpg!m_fill,w_280,h_210,f_jpg?from=ke.com
20231212,大兴,枣园,101120966764,首邑溪谷 南北通透 远离高铁 中高楼层,278万,60435元/平,中楼层 (共14层) | 2013年 | 2室1厅 | 46平米 | 南 北,https://ke-image.ljcdn.com/110000-inspection/dae17282-27a4-4484-9c22-c6c6114ec82e_1000.jpg!m_fill,w_280,h_210,f_jpg?from=ke.com
20231212,大兴,枣园,101120954582,满五唯一  精装复式  南北通透,490万,29813元/平,高楼层 (共6层) 3室3厅 | 164.36平米 | 南 北,https://ke-image.ljcdn.com/110000-inspection/ff398038-3574-4266-beb0-b3d5f63ff72b_1000.jpg!m_fill,w_280,h_210,f_jpg?from=ke.com
20231212,大兴,枣园,101120954067,双河北里南北双通透小区停车免费满五年唯一,330万,34984元/平,高楼层 (共6层) | 2000年 | 2室1厅 | 94.33平米 | 南 北,https://ke-image.ljcdn.com/110000-inspection/08417d4b-368d-4b4f-a73c-bdb5a26985ca_1000.jpg!m_fill,w_280,h_210,f_jpg?from=ke.com
20231212,大兴,枣园,101120949992,首邑溪谷 2室1厅 东房主自荐,180万,48847元/平,低楼层 (共12层) 2室1厅 | 36.85平米 | 东,https://ke-image.ljcdn.com/110000-inspection/e307c45b-1add-4a9b-8d1a-e7b420eea0d7_1000.jpg!m_fill,w_280,h_210,f_jpg?from=ke.com
20231212,大兴,枣园,101120949457,滨河坊 明厅户型两居室 2001年建成,239万,30033元/平,顶层 (共6层) | 2001年 | 2室1厅 | 79.58平米 | 东 西,https://ke-image.ljcdn.com/110000-inspection/559df4a4-531f-46ab-b93f-cfacca232c4d_1000.jpg!m_fill,w_280,h_210,f_jpg?from=ke.com
20231212,大兴,枣园,101120938473,滨河东里南北通透精装两居满五年唯一住房。房主自荐,187万,33501元/平,高楼层 (共6层) | 1985年 | 2室1厅 | 55.82平米 | 南 北,https://ke-image.ljcdn.com/110000-inspection/546ebbd3-d359-4569-9d43-3c0129030851_1000.jpg!m_fill,w_280,h_210,f_jpg?from=ke.com
20231212,大兴,枣园,101120938409,首邑溪谷  南北通透两居室 满五唯一,286万,61852元/平,中楼层 (共16层) 2室1厅 | 46.24平米 | 南 北,https://ke-image.ljcdn.com/110000-inspection/pc1_qq6ohKWKT_2.jpg!m_fill,w_280,h_210,f_jpg?from=ke.com
20231212,大兴,枣园,101120934231,黄村 枣园 首邑上城 南北两居室 随时看房,498万,50858元/平,高楼层 (共15层) | 2007年 | 2室2厅 | 97.92平米 | 南 北,https://ke-image.ljcdn.com/110000-inspection/pc1_goMKGImx8.jpg!m_fill,w_280,h_210,f_jpg?from=ke.com
20231212,大兴,枣园,101120923240,首座御园一区二期 3室1厅 西南,420万,35564元/平,高楼层 (共12层) | 2015年 | 3室1厅 | 118.1平米 | 西南,https://ke-image.ljcdn.com/110000-inspection/0357e7fa-1754-4c01-bb09-9c3e940acaf1_1000.jpg!m_fill,w_280,h_210,f_jpg?from=ke.com
20231212,大兴,枣园,101120922684,首邑溪谷 满五唯一 精装婚房 明厨明卫  视野采光好房主自荐,290万,60417元/平,中楼层 (共16层) 2室1厅 | 48平米 | 西 北,https://ke-image.ljcdn.com/110000-inspection/pc1_yYOl625qE_2.jpg!m_fill,w_280,h_210,f_jpg?from=ke.com
20231212,大兴,枣园,101120914470,滨河东里南区 2室1厅 南,188万,34096元/平,中楼层 (共6层) | 1985年 | 2室1厅 | 55.14平米 | 南,https://ke-image.ljcdn.com/110000-inspection/d7e06a46-b915-4b2b-933a-a9e322f7f8ba_1000.jpg!m_fill,w_280,h_210,f_jpg?from=ke.com
20231212,大兴,枣园,101120910149,团河苑 2室1厅 南 北,170万,32921元/平,底层 (共5层) | 1987年 | 2室1厅 | 51.64平米 | 南 北,https://ke-image.ljcdn.com/110000-inspection/2761d0fd-13a6-4f5f-976b-886a51735ad7_1000.jpg!m_fill,w_280,h_210,f_jpg?from=ke.com
20231212,大兴,枣园,101120905620,首邑上城 2室2厅 南 北,488万,49140元/平,低楼层 (共15层) | 2007年 | 2室2厅 | 99.31平米 | 南 北,https://ke-image.ljcdn.com/110000-inspection/pc1_HMQZKCRq8.jpg!m_fill,w_280,h_210,f_jpg?from=ke.com
20231212,大兴,枣园,101120905379,双河北里 2室1厅 南 北,315万,33394元/平,中楼层 (共6层) | 2000年 | 2室1厅 | 94.33平米 | 南 北,https://ke-image.ljcdn.com/110000-inspection/pc1_c8NXSOkeD.jpg!m_fill,w_280,h_210,f_jpg?from=ke.com
20231212,大兴,枣园,101120903023,枣园东里 全明两居 南北通透两居室房主自荐,289万,33434元/平,顶层 (共6层) | 1999年 | 2室1厅 | 86.44平米 | 南 北,https://ke-image.ljcdn.com/110000-inspection/b156f970-47dd-4721-ae51-9ed0c807693b_1000.jpg!m_fill,w_280,h_210,f_jpg?from=ke.com
20231212,大兴,枣园,101120898399,房子满五唯一南北通透前后无遮挡采光充足。,260万,32335元/平,中楼层 (共6层) 2室1厅 | 80.41平米 | 南 北,https://ke-image.ljcdn.com/110000-inspection/d9e5cffc-e7f5-41ac-b423-08a5284a18e2_1000.jpg!m_fill,w_280,h_210,f_jpg?from=ke.com
20231212,大兴,枣园,101120897650,三居室落地飘窗远离高铁影响,335万,55862元/平,高楼层 (共16层) 3室2厅 | 59.97平米 | 南 北,https://ke-image.ljcdn.com/110000-inspection/3634162b-ff5f-47bf-b757-eb7a7813b98d_1000.jpg!m_fill,w_280,h_210,f_jpg?from=ke.com
20231212,大兴,枣园,101120894078,团河苑南区 低楼层 南北通透的户型,200万,33479元/平,底层 (共6层) | 1993年 | 2室1厅 | 59.74平米 | 南 北,https://ke-image.ljcdn.com/110000-inspection/c5d326d1-ae3f-479e-8319-325f2872a9d8_1000.jpg!m_fill,w_280,h_210,f_jpg?from=ke.com
20231212,大兴,枣园,101120890032,1997年楼龄新近地铁精装修满五唯一,226万,33324元/平,顶层 (共6层) | 1997年 | 2室1厅 | 67.82平米 | 南 北,https://ke-image.ljcdn.com/110000-inspection/pc1_frjOHlUm6_2.jpg!m_fill,w_280,h_210,f_jpg?from=ke.com
20231212,大兴,枣园,101120877293,店长推荐房源 首邑溪谷满五年唯一房主自荐,265万,65530元/平,低楼层 (共16层) 1室1厅 | 40.44平米 | 西,https://ke-image.ljcdn.com/110000-inspection/4783d04f-6b10-45e0-90b7-8576cfecb0fe_1000.jpg!m_fill,w_280,h_210,f_jpg?from=ke.com
20231212,大兴,枣园,101120875147,团河苑 2室1厅 南 西 北,209万,32464元/平,顶层 (共6层) | 1994年 | 2室1厅 | 64.38平米 | 南 西 北,https://ke-image.ljcdn.com/110000-inspection/62b08d38-a4a6-4847-ae94-45723940fd45_1000.jpg!m_fill,w_280,h_210,f_jpg?from=ke.com
20231212,大兴,枣园,101120870991,中建国际港 中建国际港社区 枣园巷3号院房主自荐,523万,57663元/平,中楼层 (共33层) | 2015年 | 2室1厅 | 90.7平米 | 北 南,https://ke-image.ljcdn.com/110000-inspection/pc1_ORrWMy8wS_2.jpg!m_fill,w_280,h_210,f_jpg?from=ke.com
20231212,大兴,枣园,101120868275,首邑溪谷 不临高铁不临街 满五唯一 两个落地大阳台,265万,61772元/平,中楼层 (共14层) 2室1厅 | 42.9平米 | 东,https://ke-image.ljcdn.com/110000-inspection/2c49ea96-a019-464c-ae74-dec36fbc726b_1000.jpg!m_fill,w_280,h_210,f_jpg?from=ke.com
20231212,大兴,枣园,101120867366,新安里 顶层 双卧室朝南精装修大两居室房主自荐,320万,33632元/平,顶层 (共6层) 2室2厅 | 95.15平米 | 南 西 北,https://ke-image.ljcdn.com/110000-inspection/74f283aa-f092-4783-a13e-7e6ff09a51ac_1000.jpg!m_fill,w_280,h_210,f_jpg?from=ke.com
20231212,大兴,枣园,101120867335,彩虹新城 经典三居 南北通透 满五唯一 带电梯,639万,54296元/平,高楼层 (共14层) | 2009年 | 3室1厅 | 117.69平米 | 南 北,https://ke-image.ljcdn.com/110000-inspection/4e68151f-dd9e-4504-ba2d-4fe67e01ac18_1000.jpg!m_fill,w_280,h_210,f_jpg?from=ke.com
20231212,大兴,枣园,101120867327,丽园东里 满五唯一 看房方便 诚意出售,410万,39462元/平,顶层 (共6层) | 2001年 | 3室2厅 | 103.9平米 | 南 北,https://ke-image.ljcdn.com/110000-inspection/pc1_zM1RGtfxK_2.jpg!m_fill,w_280,h_210,f_jpg?from=ke.com
20231212,大兴,枣园,101120856586,首座御园一区二期 1室1厅 西,235万,29861元/平,低楼层 (共14层) | 2015年 | 1室1厅 | 78.7平米 | 西,https://ke-image.ljcdn.com/110000-inspection/c9a76834-8a6e-450c-92f1-b0e52b4e2446_1000.jpg!m_fill,w_280,h_210,f_jpg?from=ke.com
20231212,大兴,枣园,101120853807,首邑上城 满五唯一 近地铁 南北两居室,520万,53670元/平,低楼层 (共15层) | 2007年 | 2室2厅 | 96.89平米 | 南 北,https://ke-image.ljcdn.com/110000-inspection/pc1_n7AlON9N4.jpg!m_fill,w_280,h_210,f_jpg?from=ke.com
20231212,大兴,枣园,101120832801,首座御园一区二期精装修采光好视野开阔,245万,30572元/平,高楼层 (共14层) 2室1厅 | 80.14平米 | 东,https://ke-image.ljcdn.com/110000-inspection/b5bed688-05bd-460b-b6bd-c97c0c658532_1000.jpg!m_fill,w_280,h_210,f_jpg?from=ke.com
20231212,大兴,枣园,101120822433,大兴黄村  枣园尚城南区 诚心出售,285万,46976元/平,中楼层 (共17层) | 2009年 | 1室1厅 | 60.67平米 | 南,https://ke-image.ljcdn.com/110000-inspection/pc1_NsC5WjctA_1.jpg!m_fill,w_280,h_210,f_jpg?from=ke.com
20231212,大兴,枣园,101120797053,【店长推荐】首邑溪谷满五年唯一两居 随时可看,248万,61129元/平,高楼层 (共16层) | 2013年 | 2室1厅 | 40.57平米 | 西,https://ke-image.ljcdn.com/110000-inspection/7776d009-4888-4bf2-8bd0-9387f8d616a6_1000.jpg!m_fill,w_280,h_210,f_jpg?from=ke.com
20231212,大兴,枣园,101120763687,马赛公馆 2室2厅 南,658万,74680元/平,底层 (共16层) 2室2厅 | 88.11平米 | 南,https://ke-image.ljcdn.com/110000-inspection/pc1_oX9SwfvQw_2.jpg!m_fill,w_280,h_210,f_jpg?from=ke.com
20231212,大兴,枣园,101120749118,首邑溪谷 2室1厅 南 北,286万,61112元/平,高楼层 (共16层) | 2013年 | 2室1厅 | 46.8平米 | 南 北,https://ke-image.ljcdn.com/110000-inspection/pc1_thfk8MOA7_2.jpg!m_fill,w_280,h_210,f_jpg?from=ke.com
20231212,大兴,枣园,101120729366,首邑溪谷 2室1厅 西北,296万,62619元/平,中楼层 (共16层) | 2013年 | 2室1厅 | 47.27平米 | 西北,https://ke-image.ljcdn.com/110000-inspection/pc1_lnLzH8VqN_2.jpg!m_fill,w_280,h_210,f_jpg?from=ke.com
20231212,大兴,枣园,101120697790,首邑溪谷大三居采光好视野好,409万,56352元/平,低楼层 (共16层) | 2012年 | 3室2厅 | 72.58平米 | 西南,https://ke-image.ljcdn.com/110000-inspection/5f522776-364c-43db-9a4c-139631e18e3f_1000.jpg!m_fill,w_280,h_210,f_jpg?from=ke.com
20231212,大兴,枣园,101120693184,兴盛街187号院 全新精装修两居室 诚意出售,390万,46607元/平,低楼层 (共13层) | 2010年 | 2室1厅 | 83.68平米 | 南 北,https://ke-image.ljcdn.com/110000-inspection/165303f7-eb7b-4fd0-9cda-673538e044fc_1000.jpg!m_fill,w_280,h_210,f_jpg?from=ke.com
20231212,大兴,枣园,101120687719,首邑上城社区 一居室 业主诚心出售,323万,46529元/平,低楼层 (共16层) | 2007年 | 1室1厅 | 69.42平米 | 西南,https://ke-image.ljcdn.com/110000-inspection/pc1_kHjADjgKT.jpg!m_fill,w_280,h_210,f_jpg?from=ke.com
20231212,大兴,枣园,101120683913,首邑溪谷 店长推荐 精装修 三居室,448万,69609元/平,低楼层 (共14层) | 2012年 | 3室1厅 | 64.36平米 | 东南,https://ke-image.ljcdn.com/110000-inspection/e32cd1c6-f639-4fe7-b151-b29a6203d4b9_1000.jpg!m_fill,w_280,h_210,f_jpg?from=ke.com
20231212,大兴,枣园,101120680220,滨河西里满五年南北通透明厅四居复式,349万,25766元/平,顶层 (共6层) | 1994年 | 4室1厅 | 135.45平米 | 南 北,https://ke-image.ljcdn.com/110000-inspection/pc1_w3PXojBRt_3.jpg!m_fill,w_280,h_210,f_jpg?from=ke.com
20231212,大兴,枣园,101120665339,枣园商圈近地铁 丽园东里全明三居 户型方正 满五唯一,386万,40318元/平,顶层 (共6层) 3室2厅 | 95.74平米 | 南 北,https://ke-image.ljcdn.com/110000-inspection/pc1_3ndPJhxOC_2.jpg!m_fill,w_280,h_210,f_jpg?from=ke.com
20231212,大兴,枣园,101120660748,丽园B区 无遮挡 满五唯一 停车方便 低楼层,445万,49816元/平,底层 (共11层) | 2005年 | 2室2厅 | 89.33平米 | 南 北,https://ke-image.ljcdn.com/110000-inspection/b7587dd3-bc2a-4422-a06c-fbd75ff7e23a_1000.jpg!m_fill,w_280,h_210,f_jpg?from=ke.com
20231212,大兴,枣园,101120660086,丽园C区 单独下水 满二 随时签约,458万,44081元/平,低楼层 (共10层) | 2008年 | 2室2厅 | 103.9平米 | 南 北,https://ke-image.ljcdn.com/110000-inspection/31f97744-2e7d-47d1-addd-0ced74c1a2ff_1000.jpg!m_fill,w_280,h_210,f_jpg?from=ke.com
20231212,大兴,枣园,101120658041,丽园B区 格局好 采光佳 满五年唯一,585万,49796元/平,中楼层 (共7层) | 2005年 | 3室2厅 | 117.48平米 | 南 北,https://ke-image.ljcdn.com/110000-inspection/aa26e7e6-fbd9-4cce-9618-db153c0a86fb_1000.jpg!m_fill,w_280,h_210,f_jpg?from=ke.com
20231212,大兴,枣园,101120655103,枣园小区 3室1厅 南 北,335万,38841元/平,中楼层 (共6层) 3室1厅 | 86.25平米 | 南 北,https://ke-image.ljcdn.com/110000-inspection/pc1_sIU6WntPE_2.jpg!m_fill,w_280,h_210,f_jpg?from=ke.com
20231212,大兴,枣园,101120651757,首开康乃馨城   精装修  位置好,300万,34994元/平,低楼层 (共16层) | 2012年 | 2室1厅 | 85.73平米 | 南 北,https://ke-image.ljcdn.com/110000-inspection/pc1_xpNJoYbAj.jpg!m_fill,w_280,h_210,f_jpg?from=ke.com
20231212,大兴,枣园,101120651687,东亚康和名居   电梯刷卡入户   全明格局,398万,44233元/平,低楼层 (共18层) | 2012年 | 3室1厅 | 89.98平米 | 南 西 北,https://ke-image.ljcdn.com/110000-inspection/pc1_yD8GI28hF.jpg!m_fill,w_280,h_210,f_jpg?from=ke.com
20231212,大兴,枣园,101120638982,首邑溪谷40多万精装修南北通透采光好无遮挡远离高铁,299万,63971元/平,中楼层 (共15层) | 2013年 | 2室1厅 | 46.74平米 | 南 北,https://ke-image.ljcdn.com/110000-inspection/8dea2f99-d92e-4e9f-bf26-2318a081d748_1000.jpg!m_fill,w_280,h_210,f_jpg?from=ke.com
20231212,大兴,枣园,101120618242,新安里 2室1厅 南 北,248万,27664元/平,顶层 (共6层) | 2003年 | 2室1厅 | 89.65平米 | 南 北,https://ke-image.ljcdn.com/110000-inspection/6f6d6481-d6bf-4175-90d9-5b80f8b9c78d_1000.jpg!m_fill,w_280,h_210,f_jpg?from=ke.com
20231212,大兴,枣园,101120617860,枣园小区  南北通透  满五唯一 三居室  近地铁,309万,36217元/平,中楼层 (共7层) | 1994年 | 3室1厅 | 85.32平米 | 南 北,https://ke-image.ljcdn.com/110000-inspection/pc1_i92ax0NKW_1.jpg!m_fill,w_280,h_210,f_jpg?from=ke.com
20231212,大兴,枣园,101120600501,急售房源 欧式精装修 全明格局 上下三层  远离高铁,445万,67671元/平,顶层 (共14层) | 2012年 | 3室2厅 | 65.76平米 | 北 南 西,https://ke-image.ljcdn.com/110000-inspection/pc1_cNy6wOCgR_2.jpg!m_fill,w_280,h_210,f_jpg?from=ke.com
20231212,大兴,枣园,101120593371,新安里 2室1厅 北 南,195万,37207元/平,底层 (共3层) 2室1厅 | 52.41平米 | 北 南,https://ke-image.ljcdn.com/110000-inspection/963de8d2-9629-47e6-8ad9-3a68d7a6c734_1000.jpg!m_fill,w_280,h_210,f_jpg?from=ke.com
20231212,大兴,枣园,101120585411,新安里 1室1厅 南 北,203万,39372元/平,中楼层 (共6层) 1室1厅 | 51.56平米 | 南 北,https://ke-image.ljcdn.com/110000-inspection/b3d4b9c5-608f-47c1-9267-7503a710e760_1000.jpg!m_fill,w_280,h_210,f_jpg?from=ke.com
20231212,大兴,枣园,101120577848,房子满五年出行方便配套齐全生活便利,425万,44276元/平,中楼层 (共7层) | 2002年 | 2室1厅 | 95.99平米 | 南,https://ke-image.ljcdn.com/110000-inspection/pc1_jGAahzjVf.jpg!m_fill,w_280,h_210,f_jpg?from=ke.com
20231212,大兴,枣园,101120568067,枣园 滨河西里北区 中间楼层 南北通透,289万,38380元/平,中楼层 (共5层) | 1995年 | 2室1厅 | 75.3平米 | 南 北,https://ke-image.ljcdn.com/110000-inspection/pc1_QmWHLHE78.jpg!m_fill,w_280,h_210,f_jpg?from=ke.com
20231212,大兴,枣园,101120553824,彩虹新城 满五唯一三居室 双卫生间,449万,35958元/平,顶层 (共18层) | 2009年 | 3室1厅 | 124.87平米 | 西北,https://ke-image.ljcdn.com/110000-inspection/e0634125-611b-437c-986b-013299939ef7_1000.jpg!m_fill,w_280,h_210,f_jpg?from=ke.com
20231212,大兴,枣园,101120533832,满五唯一  纯南朝向  采光充足,252万,34221元/平,高楼层 (共18层) | 2012年 | 2室2厅 | 73.64平米 | 南,https://ke-image.ljcdn.com/110000-inspection/07a933d6-ee15-46e6-a2e9-d5213fe1b3f0_1000.jpg!m_fill,w_280,h_210,f_jpg?from=ke.com
20231212,大兴,枣园,101120532378,满五唯一  南北通透  正规三居,355万,28750元/平,高楼层 (共6层) | 2004年 | 3室2厅 | 123.48平米 | 南 北,https://ke-image.ljcdn.com/110000-inspection/ef177089-8366-483a-80a3-cd48aef20a43_1000.jpg!m_fill,w_280,h_210,f_jpg?from=ke.com
20231212,大兴,枣园,101120531475,满五年    前后无遮挡  采光充足,215万,31971元/平,底层 (共6层) | 1998年 | 2室1厅 | 67.25平米 | 东南,https://ke-image.ljcdn.com/110000-inspection/d6b85301-3642-4289-aa04-dd54b12c258c_1000.jpg!m_fill,w_280,h_210,f_jpg?from=ke.com
20231212,大兴,枣园,101120530208,新安里 3室2厅 南 东 北,258万,26948元/平,顶层 (共6层) | 1999年 | 3室2厅 | 95.74平米 | 南 东 北,https://ke-image.ljcdn.com/110000-inspection/pc1_m9ADjNsUe_2.jpg!m_fill,w_280,h_210,f_jpg?from=ke.com
20231212,大兴,枣园,101120529343,满五唯一楼层好视野宽阔采光好近地铁环境好,478万,67334元/平,低楼层 (共28层) | 2013年 | 2室1厅 | 70.99平米 | 南,https://ke-image.ljcdn.com/110000-inspection/3af986f4-19bd-40b6-9267-92af4805a060_1000.jpg!m_fill,w_280,h_210,f_jpg?from=ke.com
20231212,大兴,枣园,101120521156,彩虹新城 东南朝向两居室 满五唯一,449万,47782元/平,低楼层 (共11层) | 2008年 | 2室1厅 | 93.97平米 | 东南,https://ke-image.ljcdn.com/110000-inspection/5b498de4-d943-49f0-9c45-17341436ffb8_1000.jpg!m_fill,w_280,h_210,f_jpg?from=ke.com
20231212,大兴,枣园,101120500046,枣园小区全明复式 不临街 不把边 动静分离三居室,350万,28034元/平,高楼层 (共7层) | 1994年 | 3室2厅 | 124.85平米 | 南 北,https://ke-image.ljcdn.com/110000-inspection/fb8314f4-bc84-4511-ab0d-7f9a10667780_1000.jpg!m_fill,w_280,h_210,f_jpg?from=ke.com
20231212,大兴,枣园,101120493597,四居室精装修南北通透业主诚心出售,750万,41271元/平,高楼层 (共6层) | 1994年 | 8室1厅 | 181.73平米 | 南 北,https://ke-image.ljcdn.com/110000-inspection/46ad491f-4b24-4c0b-bceb-651649ce9074_1000.jpg!m_fill,w_280,h_210,f_jpg?from=ke.com
20231212,大兴,枣园,101120476266,先锋公寓   商品房有电梯  诚心出售   满五年唯一,300万,27167元/平,中楼层 (共15层) | 2003年 | 2室2厅 | 110.43平米 | 东南,https://ke-image.ljcdn.com/110000-inspection/pc1_IstOduWzO.jpg!m_fill,w_280,h_210,f_jpg?from=ke.com
20231212,大兴,枣园,101120468056,客厅朝南有窗 新居里小区 卧室有阳台,239万,29827元/平,中楼层 (共6层) 2室1厅 | 80.13平米 | 南 北,https://ke-image.ljcdn.com/110000-inspection/2f2630eb-6616-43a6-8dca-e72085ad6ab8_1000.jpg!m_fill,w_280,h_210,f_jpg?from=ke.com
20231212,大兴,枣园,101120462841,新安里 南北通透  2居室  看房方便,195万,27897元/平,顶层 (共6层) | 1996年 | 2室1厅 | 69.9平米 | 南 北,https://ke-image.ljcdn.com/110000-inspection/pc1_XHbytiLAb_1.jpg!m_fill,w_280,h_210,f_jpg?from=ke.com
20231212,大兴,枣园,101120461481,红木林南区 4室2厅 南 北,870万,55239元/平,低楼层 (共14层) 4室2厅 | 157.5平米 | 南 北,https://ke-image.ljcdn.com/110000-inspection/pc1_Edw1V3gxr_2.jpg!m_fill,w_280,h_210,f_jpg?from=ke.com
20231212,大兴,枣园,101120443882,丽园B区 满五唯一 卧室C不在房本内 有储物间,570万,46558元/平,高楼层 (共7层) | 2005年 | 3室2厅 | 122.43平米 | 南 北,https://ke-image.ljcdn.com/110000-inspection/5ed1e330-f89d-4570-b488-b1869fa02c42_1000.jpg!m_fill,w_280,h_210,f_jpg?from=ke.com
20231212,大兴,枣园,101120430413,新安里 2室1厅 南 北,203万,29536元/平,顶层 (共6层) | 1999年 | 2室1厅 | 68.73平米 | 南 北,https://ke-image.ljcdn.com/110000-inspection/1ce2778d-f667-4818-b867-6b645755b75a_1000.jpg!m_fill,w_280,h_210,f_jpg?from=ke.com
20231212,大兴,枣园,101120421949,彩虹新城 南北一居室 地铁500m,345万,50840元/平,顶层 (共17层) | 2009年 | 1室1厅 | 67.86平米 | 南 北,https://ke-image.ljcdn.com/110000-inspection/51bb2d5d-6324-41a4-85e9-173ac23e0d8b_1000.jpg!m_fill,w_280,h_210,f_jpg?from=ke.com
20231212,大兴,枣园,101120411446,红木林南区五居有100平米天台 双明卫南北通透夜景不错,868万,70221元/平,顶层 (共28层) | 2013年 | 4室2厅 | 123.61平米 | 南 北,https://ke-image.ljcdn.com/110000-inspection/pc1_ukcAHCP8g_2.jpg!m_fill,w_280,h_210,f_jpg?from=ke.com
20231212,大兴,枣园,101120368046,满五年  南北通透  中间楼层  采光充足,230万,33715元/平,中楼层 (共6层) 2室1厅 | 68.22平米 | 南 北,https://ke-image.ljcdn.com/110000-inspection/75356d60-3bfb-408c-935e-6cfbde72ce45_1000.jpg!m_fill,w_280,h_210,f_jpg?from=ke.com
20231212,大兴,枣园,101120349747,首邑溪谷大两居室满五唯一业主诚心出售,358万,59184元/平,中楼层 (共14层) 3室2厅 | 60.49平米 | 南 北,https://ke-image.ljcdn.com/110000-inspection/7f9a09aa-e734-48d0-a844-06d7a5b2dfcc_1000.jpg!m_fill,w_280,h_210,f_jpg?from=ke.com
20231212,大兴,枣园,101120338422,枣园小区 近地铁两居 南北通透 中间楼层,248万,35797元/平,中楼层 (共6层) 2室1厅 | 69.28平米 | 南 北,https://ke-image.ljcdn.com/110000-inspection/pc1_voCwIEDE0_2.jpg!m_fill,w_280,h_210,f_jpg?from=ke.com
20231212,大兴,枣园,101120331083,枣园东里盛芳茗苑 南北通透 满五唯一采光好房主自荐,460万,49919元/平,顶层 (共9层) | 2007年 | 2室1厅 | 92.15平米 | 南 北,https://ke-image.ljcdn.com/110000-inspection/1a438f6c-561e-4bc3-a248-767d433d124f_1000.jpg!m_fill,w_280,h_210,f_jpg?from=ke.com
20231212,大兴,枣园,101120311607,红木林南区 中间位置 不临街 不把边 高楼层 落地窗,465万,65218元/平,高楼层 (共28层) | 2013年 | 2室1厅 | 71.3平米 | 南,https://ke-image.ljcdn.com/110000-inspection/d2226308-55e7-4d3a-8362-09ad7b660263_1000.jpg!m_fill,w_280,h_210,f_jpg?from=ke.com
20231212,大兴,枣园,101120306661,滨河东里 南北通透 精装修 两居室满五唯一明厨明卫,189万,30445元/平,顶层 (共6层) | 1984年 | 2室1厅 | 62.08平米 | 南 北,https://ke-image.ljcdn.com/110000-inspection/pc1_1yLWyGjDw_1.jpg!m_fill,w_280,h_210,f_jpg?from=ke.com
20231212,大兴,枣园,101120304000,枣园小区纯南两居出售看房子随时,249万,33558元/平,高楼层 (共6层) | 1998年 | 2室1厅 | 74.2平米 | 南,https://ke-image.ljcdn.com/110000-inspection/270c1536-0740-4671-8f90-40a87111c227_1000.jpg!m_fill,w_280,h_210,f_jpg?from=ke.com
20231212,大兴,枣园,101120299994,彩虹新城南北通透四局室满五唯一带电梯采光好,1100万,57595元/平,低楼层 (共17层) | 2009年 | 4室2厅 | 190.99平米 | 南 北,https://ke-image.ljcdn.com/110000-inspection/9297e48d-0de8-4e26-8819-a5c4174bfe82_1000.jpg!m_fill,w_280,h_210,f_jpg?from=ke.com
20231212,大兴,枣园,101120286196,团河苑 2室1厅 南 北房主自荐,172万,28768元/平,顶层 (共6层) | 1996年 | 2室1厅 | 59.79平米 | 南 北,https://ke-image.ljcdn.com/110000-inspection/pc1_Csq3Yjgip_2.jpg!m_fill,w_280,h_210,f_jpg?from=ke.com
20231212,大兴,枣园,101120282111,2016房 带电梯 通透一居 中高楼层 视野开阔房主自荐,215万,35906元/平,中楼层 (共18层) 1室1厅 | 59.88平米 | 东 西,https://ke-image.ljcdn.com/110000-inspection/28345bc4-e5dc-43bb-b547-4dbb18cdc5ad_1000.jpg!m_fill,w_280,h_210,f_jpg?from=ke.com
20231212,大兴,枣园,101120280724,枣园北里  满五唯一 明厨明卫 看房方便,345万,37734元/平,中楼层 (共6层) 3室1厅 | 91.43平米 | 南 北 东,https://ke-image.ljcdn.com/110000-inspection/98eb2833-bfe8-44b2-8e3d-62531535da7f_1000.jpg!m_fill,w_280,h_210,f_jpg?from=ke.com
20231212,大兴,枣园,101120280291,滨河西里2居室满五年家庭名下唯一住房随时签约,215万,36627元/平,中楼层 (共6层) | 1994年 | 2室1厅 | 58.7平米 | 东北 西南,https://ke-image.ljcdn.com/110000-inspection/3092eeea-d310-4e2c-8316-12c73e207494_1000.jpg!m_fill,w_280,h_210,f_jpg?from=ke.com
20231212,大兴,枣园,101120254820,双河北里次顶层南北通透两居室 配套齐全 适合贷款购买,368万,31950元/平,高楼层 (共6层) 4室2厅 | 115.18平米 | 南 北,https://ke-image.ljcdn.com/110000-inspection/bbaa8227-4e83-4409-a6e3-0d9aa343b300_1000.jpg!m_fill,w_280,h_210,f_jpg?from=ke.com
20231212,大兴,枣园,101120253585,双河北里电梯房一居室 2007年建成钢混结构 满五唯一,198万,34664元/平,中楼层 (共10层) | 2007年 | 1室1厅 | 57.12平米 | 南,https://ke-image.ljcdn.com/110000-inspection/c873c1e3-34bb-43fc-90d3-cccf8c731a8b_1000.jpg!m_fill,w_280,h_210,f_jpg?from=ke.com
20231212,大兴,枣园,101120253169,双河北里 2室1厅 南 北,322万,31369元/平,中楼层 (共6层) | 2001年 | 2室1厅 | 102.65平米 | 南 北,https://ke-image.ljcdn.com/110000-inspection/26c1861a-d00d-4c39-b341-b53877f94fdd_1000.jpg!m_fill,w_280,h_210,f_jpg?from=ke.com
20231212,大兴,枣园,101120252773,兴盛街187号院 精装修 南北通透两居室,379万,45260元/平,低楼层 (共12层) | 2009年 | 2室1厅 | 83.74平米 | 南 北,https://ke-image.ljcdn.com/110000-inspection/90fd90de-eea6-42b3-a458-548ef0ea3f98_1000.jpg!m_fill,w_280,h_210,f_jpg?from=ke.com
20231212,大兴,枣园,101120223518,首邑溪谷此房是满五年唯一住房南北通透配套齐全。,305万,66147元/平,低楼层 (共16层) 2室1厅 | 46.11平米 | 南 北,https://ke-image.ljcdn.com/110000-inspection/c128c288-078e-4861-9e56-c1d0bf59a077_1000.jpg!m_fill,w_280,h_210,f_jpg?from=ke.com
20231212,大兴,枣园,101120217267,红木林北区精装4居室温馨舒适有家的感觉,795万,67833元/平,底层 (共21层) 4室2厅 | 117.2平米 | 南 北,https://ke-image.ljcdn.com/110000-inspection/pc1_EZF1RArDH_2.jpg!m_fill,w_280,h_210,f_jpg?from=ke.com
20231212,大兴,枣园,101120202695,首邑溪谷 楼层好 视野宽阔 交通便利 诚心出售,229万,59838元/平,中楼层 (共12层) | 2013年 | 1室1厅 | 38.27平米 | 西,https://ke-image.ljcdn.com/110000-inspection/177b52d3-4595-439a-9715-01256583784d_1000.jpg!m_fill,w_280,h_210,f_jpg?from=ke.com
20231212,大兴,枣园,101120188158,红木林南区 2室1厅 南,485万,63816元/平,底层 (共28层) | 2013年 | 2室1厅 | 76平米 | 南,https://ke-image.ljcdn.com/110000-inspection/838fc52d-935a-4f32-a119-6afd71d8d53a_1000.jpg!m_fill,w_280,h_210,f_jpg?from=ke.com
20231212,大兴,枣园,101120182465,首邑溪谷  loft 两居室  南北朝向,308万,66855元/平,高楼层 (共16层) | 2013年 | 2室1厅 | 46.07平米 | 南 北,https://ke-image.ljcdn.com/110000-inspection/pc1_84rHmtXmV_2.jpg!m_fill,w_280,h_210,f_jpg?from=ke.com
20231212,大兴,枣园,101120149452,兴盛街189号院两居室南北通透,369万,43540元/平,顶层 (共9层) 2室1厅 | 84.75平米 | 南 北,https://ke-image.ljcdn.com/110000-inspection/pc1_eMoE10REc_2.jpg!m_fill,w_280,h_210,f_jpg?from=ke.com
20231212,大兴,枣园,101120142823,欧式精装修  前后视野俯瞰小区花园美景  低楼层接地气,505万,50450元/平,低楼层 (共18层) | 2012年 | 2室2厅 | 100.1平米 | 南 北,https://ke-image.ljcdn.com/110000-inspection/832f59ee-34a3-4e4b-84e0-16b73af9803d_1000.jpg!m_fill,w_280,h_210,f_jpg?from=ke.com
20231212,大兴,枣园,101120101214,首邑溪谷 商品房 产权清晰 诚心出售 无遮挡视野好,340万,56847元/平,高楼层 (共16层) | 2012年 | 3室2厅 | 59.81平米 | 南 北,https://ke-image.ljcdn.com/110000-inspection/5a429810-7d3f-443f-b94d-c9b8b0c67650_1000.jpg!m_fill,w_280,h_210,f_jpg?from=ke.com
20231212,大兴,枣园,101120093788,滨河西里中区近地铁、近公园低楼层 满五唯一商品房,203万,33252元/平,低楼层 (共6层) | 1994年 | 2室1厅 | 61.05平米 | 东南 西北,https://ke-image.ljcdn.com/110000-inspection/5974ba27-c9bd-41a4-a1d2-fd24c7ae08af_1000.jpg!m_fill,w_280,h_210,f_jpg?from=ke.com
20231212,大兴,枣园,101120091437,房子南北通透满五年唯一住房楼龄新,280万,29462元/平,顶层 (共6层) | 2005年 | 2室1厅 | 95.04平米 | 南 北,https://ke-image.ljcdn.com/110000-inspection/pc1_EmsvSKfnk.jpg!m_fill,w_280,h_210,f_jpg?from=ke.com
20231212,大兴,枣园,101120053851,枣园小区 满五唯一 精装修1998年楼龄 诚心出售房主自荐,350万,37358元/平,中楼层 (共6层) | 1998年 | 3室2厅 | 93.69平米 | 南 北,https://ke-image.ljcdn.com/110000-inspection/pc1_igZMBcwX3_2.jpg!m_fill,w_280,h_210,f_jpg?from=ke.com
20231212,大兴,枣园,101120051933,兴盛街189号院  一梯两户 南北通透两居 小区中间位置,378万,44497元/平,低楼层 (共9层) 2室1厅 | 84.95平米 | 南 北,https://ke-image.ljcdn.com/110000-inspection/f9859152-aadb-4e5b-8863-bdcbcd3838f3_1000.jpg!m_fill,w_280,h_210,f_jpg?from=ke.com
20231212,大兴,枣园,101120048306,2层新户型大客厅采光好院干净,229万,30731元/平,低楼层 (共6层) | 2004年 | 1室1厅 | 74.52平米 | 南 北,https://ke-image.ljcdn.com/110000-inspection/pc1_S41KgNqF8.jpg!m_fill,w_280,h_210,f_jpg?from=ke.com
20231212,大兴,枣园,101120039479,本房房本已经满五年南北两居电梯房,338万,36680元/平,底层 (共8层) | 2013年 | 2室1厅 | 92.15平米 | 南 北,https://ke-image.ljcdn.com/110000-inspection/pc1_umHzUXztk_2.jpg!m_fill,w_280,h_210,f_jpg?from=ke.com
20231212,大兴,枣园,101120027675,首邑溪谷 精装修 西北向两居室,295万,63021元/平,低楼层 (共16层) | 2012年 | 2室2厅 | 46.81平米 | 西北,https://ke-image.ljcdn.com/110000-inspection/6f10cbd7-7f12-44d1-850f-710669ecb7f4_1000.jpg!m_fill,w_280,h_210,f_jpg?from=ke.com
20231212,大兴,枣园,101120021999,首座御园一期 2室1厅 南 北,305万,40011元/平,底层 (共8层) 2室1厅 | 76.23平米 | 南 北,https://ke-image.ljcdn.com/110000-inspection/7d1d74d9-39f0-49d3-8c24-9bcde7953c5d_1000.jpg!m_fill,w_280,h_210,f_jpg?from=ke.com
20231212,大兴,枣园,101120008680,大兴丽园B区南北通透一居室中间楼层,290万,47690元/平,中楼层 (共7层) | 2004年 | 1室1厅 | 60.81平米 | 南 北,https://ke-image.ljcdn.com/110000-inspection/dcfa5218-abc1-4b99-963f-92799e27c6ba_1000.jpg!m_fill,w_280,h_210,f_jpg?from=ke.com
20231212,大兴,枣园,101120003584,丽园B区 经典复式 业主诚心出售,359万,42365元/平,高楼层 (共7层) 2室2厅 | 84.74平米 | 南 北,https://ke-image.ljcdn.com/110000-inspection/pc1_6WOvizawO_2.jpg!m_fill,w_280,h_210,f_jpg?from=ke.com
20231212,大兴,枣园,101119999004,此房满两年自住装修中间楼层看房方便,292万,65974元/平,中楼层 (共21层) | 2013年 | 1室1厅 | 44.26平米 | 西,https://ke-image.ljcdn.com/110000-inspection/c64cea50-3b87-4702-a8d0-0be42972361d_1000.jpg!m_fill,w_280,h_210,f_jpg?from=ke.com
20231212,大兴,枣园,101119998323,此房满五唯一商品房南北通透两居室采光无遮挡,195万,31427元/平,中楼层 (共4层) | 1984年 | 2室1厅 | 62.05平米 | 南 北,https://ke-image.ljcdn.com/110000-inspection/pc1_Usy0XZD2K.jpg!m_fill,w_280,h_210,f_jpg?from=ke.com
20231212,大兴,枣园,101119997053,清泰路2号院南北通透三居室2015年建成电梯房环境好,449万,38498元/平,低楼层 (共12层) | 2015年 | 3室1厅 | 116.63平米 | 南 北,https://ke-image.ljcdn.com/110000-inspection/pc1_NAOPGtFOi.jpg!m_fill,w_280,h_210,f_jpg?from=ke.com
20231212,大兴,枣园,101119994959,枣园板块电梯07年满五唯一精装修房主自荐,183万,35624元/平,高楼层 (共10层) | 2007年 | 1室1厅 | 51.37平米 | 北,https://ke-image.ljcdn.com/110000-inspection/5aec193a-e08f-4a22-8fe3-f5d64531cc12_1000.jpg!m_fill,w_280,h_210,f_jpg?from=ke.com
20231212,大兴,枣园,101119973367,首开康乃馨城 1室1厅 南,207万,33479元/平,低楼层 (共16层) | 2012年 | 1室1厅 | 61.83平米 | 南,https://ke-image.ljcdn.com/110000-inspection/c526e147-ae3f-4296-981e-5fa36a593ecb_1000.jpg!m_fill,w_280,h_210,f_jpg?from=ke.com
20231212,大兴,枣园,101119959529,首邑溪谷精装修两居室户型方正拎包入住,288万,61539元/平,中楼层 (共16层) | 2013年 | 2室1厅 | 46.8平米 | 南 北,https://ke-image.ljcdn.com/110000-inspection/da33def4-d0d7-40c7-944e-65d15a29b6f7_1000.jpg!m_fill,w_280,h_210,f_jpg?from=ke.com
20231212,大兴,枣园,101119947715,兴盛街187号院 1室1厅 南,275万,42835元/平,中楼层 (共11层) 1室1厅 | 64.2平米 | 南,https://ke-image.ljcdn.com/110000-inspection/3f18981f-9534-4a1f-9035-3deff06c84b6_1000.jpg!m_fill,w_280,h_210,f_jpg?from=ke.com
20231212,大兴,枣园,101119945296,此房楼龄新两梯四户小区人车分流环境优美,455万,38999元/平,高楼层 (共12层) | 2015年 | 3室2厅 | 116.67平米 | 南 北,https://ke-image.ljcdn.com/110000-inspection/pc1_usItXi2VX.jpg!m_fill,w_280,h_210,f_jpg?from=ke.com
20231212,大兴,枣园,101119928967,红木林北区满五年唯一南北两居室近地铁,520万,60550元/平,底层 (共21层) | 2013年 | 2室1厅 | 85.88平米 | 南 北,https://ke-image.ljcdn.com/110000-inspection/pc1_DxKCek17n_1.jpg!m_fill,w_280,h_210,f_jpg?from=ke.com
20231212,大兴,枣园,101119928622,近地铁  满五年唯一商品房  适合贷款  配套房主自荐,199万,32485元/平,高楼层 (共6层) | 1990年 | 2室1厅 | 61.26平米 | 南 北,https://ke-image.ljcdn.com/110000-inspection/3cf003c4-6ea9-448e-9016-2b6f7ec814d1_1000.jpg!m_fill,w_280,h_210,f_jpg?from=ke.com
20231212,大兴,枣园,101119914647,清源西里 南北两居室 中间楼层 看房方便,248万,43670元/平,中楼层 (共6层) 2室1厅 | 56.79平米 | 南 北,https://ke-image.ljcdn.com/110000-inspection/5e0b6ffc-eb06-4d91-831b-750042d8c26a_1000.jpg!m_fill,w_280,h_210,f_jpg?from=ke.com
20231212,大兴,枣园,101119881116,丽园C区 2室1厅 南 北,435万,44402元/平,顶层 (共6层) | 2008年 | 2室1厅 | 97.97平米 | 南 北,https://ke-image.ljcdn.com/110000-inspection/f021486d-ff32-4619-b6c9-a8a4eef6c1ce_1000.jpg!m_fill,w_280,h_210,f_jpg?from=ke.com
20231212,大兴,枣园,101119870744,滨河西里中区 满五年唯一 明厅3居室 临近公园 地铁,359万,36656元/平,高楼层 (共6层) | 1994年 | 3室1厅 | 97.94平米 | 南 北,https://ke-image.ljcdn.com/110000-inspection/pc1_nuplGq2ac.jpg!m_fill,w_280,h_210,f_jpg?from=ke.com
20231212,大兴,枣园,101119843693,新居里南向一居室满五年户型方正,196万,32137元/平,中楼层 (共6层) 1室1厅 | 60.99平米 | 南,https://ke-image.ljcdn.com/110000-inspection/946cd52b-ada3-4e39-899e-1e5fa4eba7e8_1000.jpg!m_fill,w_280,h_210,f_jpg?from=ke.com
20231212,大兴,枣园,101119840472,康泰园 1室1厅 南 北,200万,37793元/平,中楼层 (共18层) 1室1厅 | 52.92平米 | 南 北,https://ke-image.ljcdn.com/110000-inspection/e2e7f88e-717c-407a-a674-89daa58a2dfe_1000.jpg!m_fill,w_280,h_210,f_jpg?from=ke.com
20231212,大兴,枣园,101119831364,【店长推荐】首邑溪谷 精装 满五年唯一 两居 诚意出售,285万,59749元/平,中楼层 (共11层) | 2013年 | 2室1厅 | 47.7平米 | 东 西,https://ke-image.ljcdn.com/110000-inspection/pc1_lTqMFwP2u_2.jpg!m_fill,w_280,h_210,f_jpg?from=ke.com
20231212,大兴,枣园,101119820245,丽园A区 7室2厅 南 北,1250万,45207元/平,底层 (共3层) | 2003年 | 7室2厅 | 276.51平米 | 南 北,https://ke-image.ljcdn.com/110000-inspection/30168e13-f37b-4fbe-a7aa-730ed341050a_1000.jpg!m_fill,w_280,h_210,f_jpg?from=ke.com
20231212,大兴,枣园,101119805311,满五唯一视野开阔交通居住舒适配套设施齐全,320万,48915元/平,中楼层 (共17层) | 2008年 | 1室1厅 | 65.42平米 | 东南,https://ke-image.ljcdn.com/110000-inspection/e4d2884e-508e-42ab-acfb-e695d6b2b1ed_1000.jpg!m_fill,w_280,h_210,f_jpg?from=ke.com
20231212,大兴,枣园,101119758346,业主自住装修保持的干净整洁位置远离高铁中间楼层,208万,54351元/平,高楼层 (共12层) 1室1厅 | 38.27平米 | 东,https://ke-image.ljcdn.com/110000-inspection/pc1_tQMhkAj7c_2.jpg!m_fill,w_280,h_210,f_jpg?from=ke.com
20231212,大兴,枣园,101119757323,彩虹新城  中间位置 中间楼层 南北通透,459万,52638元/平,中楼层 (共11层) | 2008年 | 2室1厅 | 87.2平米 | 南 北,https://ke-image.ljcdn.com/110000-inspection/pc1_7PqRxKMfC.jpg!m_fill,w_280,h_210,f_jpg?from=ke.com
20231212,大兴,枣园,101119665240,首邑上城社区 一居室 业主诚心出售,306万,45829元/平,低楼层 (共16层) | 2007年 | 1室1厅 | 66.77平米 | 东南,https://ke-image.ljcdn.com/110000-inspection/pc1_Dzr4jGql3.jpg!m_fill,w_280,h_210,f_jpg?from=ke.com
20231212,大兴,枣园,101119660665,店长推荐  精装两居室 直接拎包住,330万,70604元/平,中楼层 (共15层) | 2013年 | 2室1厅 | 46.74平米 | 南 北,https://ke-image.ljcdn.com/110000-inspection/377906b3-fb7a-4c81-b177-5663b784a0a2_1000.jpg!m_fill,w_280,h_210,f_jpg?from=ke.com
20231212,大兴,枣园,101119634912,【远离高铁】首邑溪谷位置好视野好精装修两居室,305万,65451元/平,中楼层 (共16层) | 2012年 | 2室1厅 | 46.6平米 | 东 西,https://ke-image.ljcdn.com/110000-inspection/pc1_cbTrqs0eB_2.jpg!m_fill,w_280,h_210,f_jpg?from=ke.com
20231212,大兴,枣园,101119633365,康乃馨城商品房满二年精装一居室房主自荐,265万,40864元/平,高楼层 (共9层) | 2012年 | 1室1厅 | 64.85平米 | 南,https://ke-image.ljcdn.com/110000-inspection/fadea5b2-5f84-4056-9a1e-cd0a55704f11_1000.jpg!m_fill,w_280,h_210,f_jpg?from=ke.com
20231212,大兴,枣园,101119535234,丽园A区 6室1厅 南 北,1200万,50275元/平,中楼层 (共4层) | 2003年 | 6室1厅 | 238.69平米 | 南 北,https://ke-image.ljcdn.com/110000-inspection/pc1_melOkzfp8_2.jpg!m_fill,w_280,h_210,f_jpg?from=ke.com
20231212,大兴,枣园,101119519277,首邑溪谷 满五唯一 格局好楼层好 交通便利 诚售,399万,44211元/平,低楼层 (共27层) 2室1厅 | 90.25平米 | 东南,https://ke-image.ljcdn.com/110000-inspection/b1710cab-4b09-4c15-ba13-0dfaffb45cc2_1000.jpg!m_fill,w_280,h_210,f_jpg?from=ke.com
20231212,大兴,枣园,101119496609,满五唯一 首邑溪谷 东北向 二居室 楼层好 视野开阔,280万,59638元/平,高楼层 (共16层) | 2012年 | 2室1厅 | 46.95平米 | 东北,https://ke-image.ljcdn.com/110000-inspection/pc1_Rxpl7pCIG_2.jpg!m_fill,w_280,h_210,f_jpg?from=ke.com
20231212,大兴,枣园,101119473579,团河苑全明格局三面窗采光通风好,208万,35100元/平,中楼层 (共5层) | 1991年 | 2室1厅 | 59.26平米 | 南 北 东,https://ke-image.ljcdn.com/110000-inspection/6b7ebc51-3f32-4651-a6a3-7ba551f4a39c_1000.jpg!m_fill,w_280,h_210,f_jpg?from=ke.com
20231212,大兴,枣园,101119472334,双河北里 2室1厅 南 北,309万,31810元/平,中楼层 (共6层) | 2002年 | 2室1厅 | 97.14平米 | 南 北,https://ke-image.ljcdn.com/110000-inspection/pc1_XoFR8djp4.jpg!m_fill,w_280,h_210,f_jpg?from=ke.com
20231212,大兴,枣园,101119470716,此房是南北通透的满5年唯一 中高层 采光视野好,312万,33676元/平,中楼层 (共9层) | 2012年 | 2室1厅 | 92.65平米 | 南 北,https://ke-image.ljcdn.com/110000-inspection/6581327c-9733-4cfa-a71e-c9c0003d1088_1000.jpg!m_fill,w_280,h_210,f_jpg?from=ke.com
20231212,大兴,枣园,101119460200,枣园小区新上经典南北两居室好楼层精装修,295万,41156元/平,中楼层 (共6层) 2室1厅 | 71.68平米 | 北 南,https://ke-image.ljcdn.com/110000-inspection/pc1_Zw8e6gTPV_1.jpg!m_fill,w_280,h_210,f_jpg?from=ke.com
20231212,大兴,枣园,101119458382,双河北里尚城东西通透 一居 采光好  房龄新,203万,33449元/平,底层 (共12层) 1室1厅 | 60.69平米 | 东 西,https://ke-image.ljcdn.com/110000-inspection/e397cbe2-e2f9-4e99-bc1a-77e7b3d8121c_1000.jpg!m_fill,w_280,h_210,f_jpg?from=ke.com
20231212,大兴,枣园,101119419212,保持的干净整洁位置远离高铁满五唯一。,220万,57487元/平,高楼层 (共12层) | 2013年 | 2室1厅 | 38.27平米 | 东,https://ke-image.ljcdn.com/110000-inspection/pc1_Z6qRMjgBL_2.jpg!m_fill,w_280,h_210,f_jpg?from=ke.com
20231212,大兴,枣园,101119412960,首座御园一区二期 1室1厅 西,265万,33068元/平,高楼层 (共14层) | 2015年 | 1室1厅 | 80.14平米 | 西,https://ke-image.ljcdn.com/110000-inspection/a9285dcf-7eab-4846-8b8b-a6cfb0e67284_1000.jpg!m_fill,w_280,h_210,f_jpg?from=ke.com
20231212,大兴,枣园,101119354078,格局方正满五唯一采光充足视野开阔。,169万,37673元/平,顶层 (共6层) | 2019年 | 1室1厅 | 44.86平米 | 南,https://ke-image.ljcdn.com/110000-inspection/aef520ae-eeb2-4fcd-ba5a-da5d3efcd3f1_1000.jpg!m_fill,w_280,h_210,f_jpg?from=ke.com
20231212,大兴,枣园,101119350961,丽园C区南北双通透的2居 客厅朝南带阳台 满5年唯一房主自荐,410万,41494元/平,顶层 (共6层) | 2008年 | 3室1厅 | 98.81平米 | 南 北,https://ke-image.ljcdn.com/110000-inspection/a4837721-a0e5-494d-9f4a-8a41e1bb6c3e_1000.jpg!m_fill,w_280,h_210,f_jpg?from=ke.com
20231212,大兴,枣园,101119330636,彩虹新城  经典两居 南北通透 精装修 近地铁,380万,47170元/平,中楼层 (共18层) | 2009年 | 2室1厅 | 80.56平米 | 南 北,https://ke-image.ljcdn.com/110000-inspection/35b8d31e-99fd-4ecf-98da-aa05fd09cddc_1000.jpg!m_fill,w_280,h_210,f_jpg?from=ke.com
20231212,大兴,枣园,101119325976,首邑溪谷精装修南北通透满五年唯一,460万,70048元/平,中楼层 (共16层) | 2013年 | 3室1厅 | 65.67平米 | 南 北,https://ke-image.ljcdn.com/110000-inspection/cf9e6b12-01c5-4e75-9eee-993ee4e9bca9_1000.jpg!m_fill,w_280,h_210,f_jpg?from=ke.com
20231212,大兴,枣园,101119320309,丽园C区满五年唯一三居室精装修带电梯,455万,47263元/平,顶层 (共7层) | 2008年 | 2室2厅 | 96.27平米 | 南 北,https://ke-image.ljcdn.com/110000-inspection/pc1_A8RSSStdJ.jpg!m_fill,w_280,h_210,f_jpg?from=ke.com
20231212,大兴,枣园,101119299550,滨河坊 东向一居室 2005年房 近地铁 配套设施齐全房主自荐,159万,37885元/平,顶层 (共6层) | 2005年 | 1室1厅 | 41.97平米 | 东,https://ke-image.ljcdn.com/110000-inspection/b8cd8855-e327-44f5-8906-9c1ff0a842ab_1000.jpg!m_fill,w_280,h_210,f_jpg?from=ke.com
20231212,大兴,枣园,101119290378,先锋公寓 2室2厅 西,280万,24281元/平,中楼层 (共15层) | 2003年 | 2室2厅 | 115.32平米 | 西,https://ke-image.ljcdn.com/110000-inspection/pc1_d1Ib3pdEg.jpg!m_fill,w_280,h_210,f_jpg?from=ke.com
20231212,大兴,枣园,101119279716,南北通透格局好采光好户型好,302万,31740元/平,中楼层 (共6层) 2室2厅 | 95.15平米 | 南 北,https://ke-image.ljcdn.com/110000-inspection/pc1_Po75yYqfx_2.jpg!m_fill,w_280,h_210,f_jpg?from=ke.com
20231212,大兴,枣园,101119269441,首邑溪谷 店长推荐 精装修 两居室,350万,57861元/平,中楼层 (共14层) 3室2厅 | 60.49平米 | 南 北,https://ke-image.ljcdn.com/110000-inspection/3a282353-cc1b-418c-a767-833e596366f4_1000.jpg!m_fill,w_280,h_210,f_jpg?from=ke.com
20231212,大兴,枣园,101119219713,首邑溪谷远离高铁无遮挡位置安静无噪音,255万,66632元/平,高楼层 (共12层) 2室1厅 | 38.27平米 | 东,https://ke-image.ljcdn.com/110000-inspection/53dbe5ee-8c50-4e50-b4d9-e8aebf4192a9_1000.jpg!m_fill,w_280,h_210,f_jpg?from=ke.com
20231212,大兴,枣园,101119204214,枣园北里    南北通透 户型房方正,445万,51673元/平,底层 (共6层) | 2000年 | 2室1厅 | 86.12平米 | 南 北,https://ke-image.ljcdn.com/110000-inspection/pc1_WOUV7niCX_2.jpg!m_fill,w_280,h_210,f_jpg?from=ke.com
20231212,大兴,枣园,101119181113,大兴丽园B区南北通透错三层动静分离。,770万,40408元/平,顶层 (共11层) | 2005年 | 3室2厅 | 190.56平米 | 南 北,https://ke-image.ljcdn.com/110000-inspection/pc1_IlTJnXWL6_2.jpg!m_fill,w_280,h_210,f_jpg?from=ke.com
20231212,大兴,枣园,101119180576,首邑溪谷  满五唯一 诚心出售 看房方便房主自荐,240万,62713元/平,顶层 (共12层) 1室1厅 | 38.27平米 | 东,https://ke-image.ljcdn.com/110000-inspection/e94a1426-de87-483f-a083-0f35614e459e_1000.jpg!m_fill,w_280,h_210,f_jpg?from=ke.com
20231212,大兴,枣园,101119160967,首座御园一期南北通透两居室小区中间位置,360万,46845元/平,顶层 (共8层) | 2013年 | 2室1厅 | 76.85平米 | 南 北,https://ke-image.ljcdn.com/110000-inspection/pc1_jzzQ5le7e.jpg!m_fill,w_280,h_210,f_jpg?from=ke.com
20231212,大兴,枣园,101119144938,滨河西里北区 满五唯一 南北通透 诚心出售房主自荐,265万,33698元/平,高楼层 (共6层) | 1994年 | 2室1厅 | 78.64平米 | 南 北,https://ke-image.ljcdn.com/110000-inspection/pc1_Ie9bOLxde_3.jpg!m_fill,w_280,h_210,f_jpg?from=ke.com
20231212,大兴,枣园,101119129661,明厅精装修无遮挡采光好临地铁临公园。,241万,35132元/平,顶层 (共6层) | 1996年 | 2室1厅 | 68.6平米 | 南 北,https://ke-image.ljcdn.com/110000-inspection/2c4fa535-f5a5-45ab-a9d0-162af8ad11f5_1000.jpg!m_fill,w_280,h_210,f_jpg?from=ke.com
20231212,大兴,枣园,101119128138,婚房装修视野开阔通风采光佳房主自荐,309万,65370元/平,中楼层 (共16层) | 2013年 | 2室1厅 | 47.27平米 | 东北,https://ke-image.ljcdn.com/110000-inspection/b6808821-a21e-48fa-b6bb-5f14e5a861ac_1000.jpg!m_fill,w_280,h_210,f_jpg?from=ke.com
20231212,大兴,枣园,101119126700,丽园C区精装修南北通透二居满五年唯一产权清晰,480万,46190元/平,高楼层 (共10层) | 2008年 | 2室2厅 | 103.92平米 | 南 北,https://ke-image.ljcdn.com/110000-inspection/6f4318ce-d60b-4768-a710-207495ae946e_1000.jpg!m_fill,w_280,h_210,f_jpg?from=ke.com
20231212,大兴,枣园,101119123455,枣园小区低楼层低总价一居室成本价房9月满两年,195万,42135元/平,底层 (共5层) | 1995年 | 1室1厅 | 46.28平米 | 南,https://ke-image.ljcdn.com/110000-inspection/7795aefc-abaa-430b-a15a-91af3c72c689_1000.jpg!m_fill,w_280,h_210,f_jpg?from=ke.com
20231212,大兴,枣园,101119100973,满五唯一2.6米净高南北通透采光好独立成院配套全,210万,34438元/平,顶层 (共6层) | 1991年 | 2室1厅 | 60.98平米 | 南 北,https://ke-image.ljcdn.com/110000-inspection/pc1_DG2JtD6jm_2.jpg!m_fill,w_280,h_210,f_jpg?from=ke.com
20231212,大兴,枣园,101119099442,丽园东里 3室2厅 南 北,556万,47012元/平,低楼层 (共6层) 3室2厅 | 118.27平米 | 南 北,https://ke-image.ljcdn.com/110000-inspection/pc1_HElPmOWFp.jpg!m_fill,w_280,h_210,f_jpg?from=ke.com
20231212,大兴,枣园,101119094282,【店长推荐】首邑溪谷视野好精装修两居室,298万,63459元/平,低楼层 (共16层) | 2012年 | 2室1厅 | 46.96平米 | 东 西,https://ke-image.ljcdn.com/110000-inspection/03105328-41d4-4338-8adf-07a197a5707b_1000.jpg!m_fill,w_280,h_210,f_jpg?from=ke.com
20231212,大兴,枣园,101119092950,新安里南北向两居中楼层自住中等装修,199万,33844元/平,中楼层 (共6层) | 1995年 | 2室1厅 | 58.8平米 | 南 北,https://ke-image.ljcdn.com/110000-inspection/pc1_9QDkNb3rD_2.jpg!m_fill,w_280,h_210,f_jpg?from=ke.com
20231212,大兴,枣园,101119070459,首座御园一期 南北两居室  电梯房,375万,40475元/平,低楼层 (共7层) | 2009年 | 2室1厅 | 92.65平米 | 南 北,https://ke-image.ljcdn.com/110000-inspection/pc1_Rztdz9VR2.jpg!m_fill,w_280,h_210,f_jpg?from=ke.com
20231212,大兴,枣园,101119062596,首邑溪谷 2室1厅 东北,256万,53245元/平,低楼层 (共16层) 2室1厅 | 48.08平米 | 东北,https://ke-image.ljcdn.com/110000-inspection/e0300087-1c80-4dca-8e56-c8b437027b3a_1000.jpg!m_fill,w_280,h_210,f_jpg?from=ke.com
20231212,大兴,枣园,101119060638,清源东里正规一居 满五唯一 看房随时 业主诚售,170万,36380元/平,高楼层 (共6层) 1室1厅 | 46.73平米 | 南,https://ke-image.ljcdn.com/110000-inspection/prod-7152583f-568c-4ca2-93ed-7a6567f1bb1a.png!m_fill,w_280,h_210,f_jpg?from=ke.com
20231212,大兴,枣园,101119050797,首开康乃馨城满五年唯一商品房,299万,34591元/平,中楼层 (共16层) | 2012年 | 2室1厅 | 86.44平米 | 南 北,https://ke-image.ljcdn.com/110000-inspection/2de61565-511c-4e1c-b2a7-590ad2c29586_1000.jpg!m_fill,w_280,h_210,f_jpg?from=ke.com
20231212,大兴,枣园,101119024560,滨河东里 满五年唯一 全朝阳户型 采光好,195万,33442元/平,低楼层 (共6层) | 1984年 | 2室1厅 | 58.31平米 | 南,https://ke-image.ljcdn.com/110000-inspection/e4229d7a-ae11-4192-ae3d-47997d6607c1_1000.jpg!m_fill,w_280,h_210,f_jpg?from=ke.com
20231212,大兴,枣园,101119015630,首邑溪谷 3室2厅 南 北,339万,56680元/平,中楼层 (共16层) | 2012年 | 3室2厅 | 59.81平米 | 南 北,https://ke-image.ljcdn.com/110000-inspection/pc1_obyjmrf2C_2.jpg!m_fill,w_280,h_210,f_jpg?from=ke.com
20231212,大兴,枣园,101119014981,满五唯一  商品房  南北通透  明厅房主自荐,265万,31247元/平,中楼层 (共6层) | 1996年 | 2室1厅 | 84.81平米 | 北 南,https://ke-image.ljcdn.com/110000-inspection/1a363fa9-626d-4ae6-86c1-e856ccb3f787_1000.jpg!m_fill,w_280,h_210,f_jpg?from=ke.com
20231212,大兴,枣园,101119001547,首邑溪谷 2室1厅 南 北,286万,61785元/平,低楼层 (共15层) | 2013年 | 2室1厅 | 46.29平米 | 南 北,https://ke-image.ljcdn.com/110000-inspection/pc1_R2amxOeZQ_2.jpg!m_fill,w_280,h_210,f_jpg?from=ke.com
20231212,大兴,枣园,101118988873,兴盛街189号院 2室1厅 南 北,315万,37169元/平,底层 (共9层) | 2009年 | 2室1厅 | 84.75平米 | 南 北,https://ke-image.ljcdn.com/110000-inspection/050c3e55-789c-4c24-b209-fd2b3f19ea72_1000.jpg!m_fill,w_280,h_210,f_jpg?from=ke.com
20231212,大兴,枣园,101118987580,3层大院好户型出门公园安静温馨,338万,34756元/平,中楼层 (共6层) | 2002年 | 2室2厅 | 97.25平米 | 南 北,https://ke-image.ljcdn.com/110000-inspection/pc1_qFatlkED6_1.jpg!m_fill,w_280,h_210,f_jpg?from=ke.com
20231212,大兴,枣园,101118985192,滨河西里 中间楼层的一居室 满五年唯一,163万,36720元/平,中楼层 (共6层) | 1992年 | 1室1厅 | 44.39平米 | 南 西,https://ke-image.ljcdn.com/110000-inspection/pc1_UiSpHRV06_2.jpg!m_fill,w_280,h_210,f_jpg?from=ke.com
20231212,大兴,枣园,101118949468,店长推荐 首邑溪谷南北 一期位置 精装修  满五唯一,289万,62704元/平,低楼层 (共16层) | 2012年 | 2室1厅 | 46.09平米 | 南 北,https://ke-image.ljcdn.com/110000-inspection/d4f556ed-3113-4b5e-96ba-1a9dfeb2d8ac_1000.jpg!m_fill,w_280,h_210,f_jpg?from=ke.com
20231212,大兴,枣园,101118902911,首邑溪谷  商品房 远离高铁 诚心出售,257万,54740元/平,低楼层 (共16层) | 2012年 | 2室1厅 | 46.95平米 | 东 西,https://ke-image.ljcdn.com/110000-inspection/b3c3e8ed-3cf5-4949-b6e8-828cb984566c_1000.jpg!m_fill,w_280,h_210,f_jpg?from=ke.com
20231212,大兴,枣园,101118902855,首座御园一区二期 诚心出售看房方便,226万,28717元/平,中楼层 (共14层) | 2015年 | 2室1厅 | 78.7平米 | 东,https://ke-image.ljcdn.com/110000-inspection/afaed263-0b37-4327-a359-0219abe12fb9_1000.jpg!m_fill,w_280,h_210,f_jpg?from=ke.com
20231212,大兴,枣园,101118898436,此房满五年家庭名下唯一住房看房方便随时签约,265万,33664元/平,底层 (共6层) | 2005年 | 2室1厅 | 78.72平米 | 东 西,https://ke-image.ljcdn.com/110000-inspection/pc1_j7RiRxF5P.jpg!m_fill,w_280,h_210,f_jpg?from=ke.com
20231212,大兴,枣园,101118898321,【高米店】首邑溪谷上下3层南北通透三居室,304万,64972元/平,顶层 (共16层) 2室1厅 | 46.79平米 | 南 北,https://ke-image.ljcdn.com/110000-inspection/6dad36dc-e84c-4a23-a0c4-25fe2db5b28a_1000.jpg!m_fill,w_280,h_210,f_jpg?from=ke.com
20231212,大兴,枣园,101118893755,首邑溪谷 南北通透 大两居 户型好 诚意出售,339万,58298元/平,低楼层 (共16层) | 2012年 | 2室2厅 | 58.15平米 | 南 北,https://ke-image.ljcdn.com/110000-inspection/pc1_tBYuiucVQ.jpg!m_fill,w_280,h_210,f_jpg?from=ke.com
20231212,大兴,枣园,101118876005,枣园小区纯南两居采光好出售,268万,36119元/平,高楼层 (共6层) | 1998年 | 2室1厅 | 74.2平米 | 南,https://ke-image.ljcdn.com/110000-inspection/0ba96188-8032-4c3d-bd34-aa84c59b7df6_1000.jpg!m_fill,w_280,h_210,f_jpg?from=ke.com
20231212,大兴,枣园,101118863939,枣园小区 精装三居室 满五唯一 靠近东门 中间位置,298万,35608元/平,顶层 (共6层) 3室1厅 | 83.69平米 | 南 北,https://ke-image.ljcdn.com/110000-inspection/pc1_dTVwiKVX7_3.jpg!m_fill,w_280,h_210,f_jpg?from=ke.com
20231212,大兴,枣园,101118857965,兴盛街189号院满五年唯一好位置诚心出售,309万,36418元/平,底层 (共9层) 2室2厅 | 84.85平米 | 南 北,https://ke-image.ljcdn.com/110000-inspection/38e7db93-738a-4649-925c-b372ff8fa8d9_1000.jpg!m_fill,w_280,h_210,f_jpg?from=ke.com
20231212,大兴,枣园,101118856632,滨河西里中区1994年近地铁 近公园 满五唯一 配套成熟房主自荐,262万,36970元/平,高楼层 (共6层) | 1994年 | 2室1厅 | 70.87平米 | 南 北,https://ke-image.ljcdn.com/110000-inspection/pc1_fETKWrCWe_2.jpg!m_fill,w_280,h_210,f_jpg?from=ke.com
20231212,大兴,枣园,101118850519,【远离高铁】首邑溪谷位置好视野好精装修两居室,289万,61503元/平,高楼层 (共16层) | 2012年 | 2室1厅 | 46.99平米 | 东 西,https://ke-image.ljcdn.com/110000-inspection/pc1_kBdDcBb2X_2.jpg!m_fill,w_280,h_210,f_jpg?from=ke.com
20231212,大兴,枣园,101118847145,首座御园二期北区三期南北通透两居全屋定制精装修房主自荐,355万,37464元/平,低楼层 (共12层) | 2015年 | 2室1厅 | 94.76平米 | 南 北,https://ke-image.ljcdn.com/110000-inspection/pc1_zVxHNGD1i_2.jpg!m_fill,w_280,h_210,f_jpg?from=ke.com
20231212,大兴,枣园,101118832360,滨河西里中区 满五唯一业主诚心卖房主自荐,398万,36794元/平,高楼层 (共7层) | 1997年 | 3室1厅 | 108.17平米 | 南 北,https://ke-image.ljcdn.com/110000-inspection/661ea6e4-66bf-486d-a727-c3b12a80065c_1000.jpg!m_fill,w_280,h_210,f_jpg?from=ke.com
20231212,大兴,枣园,101118811190,马赛公馆 人车分流 商品房小区 满五唯一 刷卡入户,410万,49697元/平,低楼层 (共13层) | 2012年 | 2室1厅 | 82.5平米 | 南,https://ke-image.ljcdn.com/110000-inspection/pc1_qpkV6SDvq_2.jpg!m_fill,w_280,h_210,f_jpg?from=ke.com
20231212,大兴,枣园,101118802056,满五唯一  商品房  南北通透  采光充足,228万,26614元/平,顶层 (共6层) | 1996年 | 2室1厅 | 85.67平米 | 南 北,https://ke-image.ljcdn.com/110000-inspection/pc1_3AjQXwwQ0_2.jpg!m_fill,w_280,h_210,f_jpg?from=ke.com
20231212,大兴,枣园,101118785400,首邑溪谷 精装修 落地窗 诚心卖 看房提前预约,408万,64202元/平,低楼层 (共14层) | 2013年 | 3室1厅 | 63.55平米 | 南 北,https://ke-image.ljcdn.com/110000-inspection/1e67ce9f-6db0-4887-8e4b-44ed1325e126_1000.jpg!m_fill,w_280,h_210,f_jpg?from=ke.com
20231212,大兴,枣园,101118763007,红木林南区顶层复式3层精装修。,689万,90290元/平,顶层 (共28层) | 2013年 | 4室2厅 | 76.31平米 | 南,https://ke-image.ljcdn.com/110000-inspection/03d44d0a-cc1f-428a-a85c-c63045d50ea7_1000.jpg!m_fill,w_280,h_210,f_jpg?from=ke.com
20231212,大兴,枣园,101118752271,满五唯一不临街明厅格局面积大空间舒适。,340万,35824元/平,低楼层 (共6层) | 1994年 | 3室1厅 | 94.91平米 | 东 西 北,https://ke-image.ljcdn.com/110000-inspection/942da22c-ad03-480c-b23f-3418d4cd586e_1000.jpg!m_fill,w_280,h_210,f_jpg?from=ke.com
20231212,大兴,枣园,101118746429,彩虹新城 近地铁 满五唯一 诚心出售,300万,49785元/平,高楼层 (共17层) | 2009年 | 1室1厅 | 60.26平米 | 西,https://ke-image.ljcdn.com/110000-inspection/03ea7cdc-ea28-45a0-982f-157a4986ef88_1000.jpg!m_fill,w_280,h_210,f_jpg?from=ke.com
20231212,大兴,枣园,101118735734,71.23平大客厅两居室  南北通透  满五唯一,204万,28640元/平,顶层 (共6层) | 1985年 | 2室1厅 | 71.23平米 | 南 北,https://ke-image.ljcdn.com/110000-inspection/f96ca012-bf99-4408-ba75-031ad2e2e4c0_1000.jpg!m_fill,w_280,h_210,f_jpg?from=ke.com
20231212,大兴,枣园,101118715855,首邑溪谷  南北通透  精装 二居  产权车位 随时可看,315万,67395元/平,中楼层 (共15层) | 2013年 | 2室1厅 | 46.74平米 | 南 北,https://ke-image.ljcdn.com/110000-inspection/pc1_lI3gkbWk7_2.jpg!m_fill,w_280,h_210,f_jpg?from=ke.com
20231212,大兴,枣园,101118692577,新安里  低楼层小两居室 满五年,183万,36181元/平,底层 (共6层) | 1998年 | 2室1厅 | 50.58平米 | 南,https://ke-image.ljcdn.com/110000-inspection/pc1_URR1fHfhD_1.jpg!m_fill,w_280,h_210,f_jpg?from=ke.com
20231212,大兴,枣园,101118682400,丽园B区  满五唯一 2.2米以下不在房本 价格可谈,388万,39738元/平,高楼层 (共7层) | 2004年 | 2室1厅 | 97.64平米 | 南 北,https://ke-image.ljcdn.com/110000-inspection/a667b0e5-9676-4f15-ae17-afee864e0476_1000.jpg!m_fill,w_280,h_210,f_jpg?from=ke.com
20231212,大兴,枣园,101118679074,首邑溪谷  满五唯一 全明格局 精装修 位置好 无遮挡,485万,67054元/平,中楼层 (共14层) | 2013年 | 3室1厅 | 72.33平米 | 西南,https://ke-image.ljcdn.com/110000-inspection/pc1_d1grK0QQm.jpg!m_fill,w_280,h_210,f_jpg?from=ke.com
20231212,大兴,枣园,101118677927,康庄路52号院 2室1厅 南,330万,37226元/平,中楼层 (共21层) | 2010年 | 2室1厅 | 88.65平米 | 南,https://ke-image.ljcdn.com/110000-inspection/pc1_whPhYdK2u_2.jpg!m_fill,w_280,h_210,f_jpg?from=ke.com
20231212,大兴,枣园,101118662245,枣园小区 南北通透 复式格局 满五年唯一 二楼南北阳台,375万,30174元/平,高楼层 (共7层) 3室2厅 | 124.28平米 | 南 北 东,https://ke-image.ljcdn.com/110000-inspection/136e1d8e-0cef-4df2-b7e2-a33eb3a3c1c6_1000.jpg!m_fill,w_280,h_210,f_jpg?from=ke.com
20231212,大兴,枣园,101118633042,首邑溪谷 2梯8户 南北向 诚心出售房主自荐,352万,58697元/平,中楼层 (共16层) 2室1厅 | 59.97平米 | 南 北,https://ke-image.ljcdn.com/110000-inspection/8981fa0e-f815-490a-964e-1fba703e144f_1000.jpg!m_fill,w_280,h_210,f_jpg?from=ke.com
20231212,大兴,枣园,101118624101,双河北里 改造院 满五年唯一 南北通透两居室,159万,26973元/平,顶层 (共5层) | 1986年 | 2室1厅 | 58.95平米 | 南 北,https://ke-image.ljcdn.com/110000-inspection/cf209ac2-461e-4924-827d-f88b1914ef3f_1000.jpg!m_fill,w_280,h_210,f_jpg?from=ke.com
20231212,大兴,枣园,101118620105,清源西里 大两居 精装修 诚心出售,325万,36736元/平,顶层 (共6层) 2室1厅 | 88.47平米 | 南 北,https://ke-image.ljcdn.com/110000-inspection/pc1_pLqOThCDR.jpg!m_fill,w_280,h_210,f_jpg?from=ke.com
20231212,大兴,枣园,101118617562,【店长推荐】 远离高铁 随时可看 满五唯一 诚意出售,310万,67495元/平,中楼层 (共16层) 2室1厅 | 45.93平米 | 南 北,https://ke-image.ljcdn.com/110000-inspection/a9af4d17-38f3-457f-ae55-5fb0956c35ca_1000.jpg!m_fill,w_280,h_210,f_jpg?from=ke.com
20231212,大兴,枣园,101118604491,新安里 1室1厅 南 北,183万,35159元/平,底层 (共6层) | 2009年 | 1室1厅 | 52.05平米 | 南 北,https://ke-image.ljcdn.com/110000-inspection/6ff3d7e5-b05d-4290-a73b-7431ca9d9317_1000.jpg!m_fill,w_280,h_210,f_jpg?from=ke.com
20231212,大兴,枣园,101118601168,丽园B区 5室2厅 南 北,720万,49204元/平,高楼层 (共7层) 5室2厅 | 146.33平米 | 南 北,https://ke-image.ljcdn.com/110000-inspection/01d6ec39-8762-4c6c-851a-6206e35f8347_1000.jpg!m_fill,w_280,h_210,f_jpg?from=ke.com
20231212,大兴,枣园,101118569528,丽园C区南北通透采光充足随时签约房主自荐,329万,44983元/平,顶层 (共6层) 2室1厅 | 73.14平米 | 南 北,https://ke-image.ljcdn.com/110000-inspection/4650b44b-1889-4175-b621-68dc75589492_1000.jpg!m_fill,w_280,h_210,f_jpg?from=ke.com
20231212,大兴,枣园,101118531195,首邑溪谷  精装修  中高楼层 满五唯一房主自荐,269万,63310元/平,中楼层 (共16层) | 2012年 | 2室1厅 | 42.49平米 | 西,https://ke-image.ljcdn.com/110000-inspection/57cc0a0e-45df-4508-b8f3-5efacb5d7d97_1000.jpg!m_fill,w_280,h_210,f_jpg?from=ke.com
20231212,大兴,枣园,101118526979,团河苑 3室2厅 南 北房主自荐,348万,29535元/平,顶层 (共6层) | 2005年 | 3室2厅 | 117.83平米 | 南 北,https://ke-image.ljcdn.com/110000-inspection/pc1_0Os46ErjT_2.jpg!m_fill,w_280,h_210,f_jpg?from=ke.com
20231212,大兴,枣园,101118501765,满五唯一看房随时诚心出售格局好居住成本低,385万,42960元/平,中楼层 (共7层) | 1999年 | 2室1厅 | 89.62平米 | 南 北,https://ke-image.ljcdn.com/110000-inspection/425a0a78-ee71-4251-80bd-f8a58723d33c_1000.jpg!m_fill,w_280,h_210,f_jpg?from=ke.com
20231212,大兴,枣园,101118498804,【急售】上下三层大面积LOFT带挑高3米1下跃全明格局房主自荐,560万,78267元/平,底层 (共16层) | 2012年 | 3室3厅 | 71.55平米 | 西南,https://ke-image.ljcdn.com/110000-inspection/pc1_AkscmeyiU_2.jpg!m_fill,w_280,h_210,f_jpg?from=ke.com
20231212,大兴,枣园,101118495870,店长推荐 首邑溪谷  南北三阳台  正规双卫两居室,275万,58837元/平,中楼层 (共15层) | 2013年 | 2室1厅 | 46.74平米 | 南 北,https://ke-image.ljcdn.com/110000-inspection/pc1_FqnJ7ybWS_2.jpg!m_fill,w_280,h_210,f_jpg?from=ke.com
20231212,大兴,枣园,101118493794,此房满五唯一纯南朝向采光好价格有商量,260万,34460元/平,顶层 (共18层) | 2012年 | 2室1厅 | 75.45平米 | 南,https://ke-image.ljcdn.com/110000-inspection/pc1_mL5d7ZUc7_2.jpg!m_fill,w_280,h_210,f_jpg?from=ke.com
20231212,大兴,枣园,101118489692,首座御园二期正规三居 无遮挡 绿化好停车方便价格能谈,390万,33257元/平,底层 (共15层) | 2015年 | 3室1厅 | 117.27平米 | 西南,https://ke-image.ljcdn.com/110000-inspection/448972ff-e50c-4ef7-941f-97942253d4c5_1000.jpg!m_fill,w_280,h_210,f_jpg?from=ke.com
20231212,大兴,枣园,101118489074,枣园小区 3室1厅 南 北,590万,38203元/平,高楼层 (共6层) | 1994年 | 3室1厅 | 154.44平米 | 南 北,https://ke-image.ljcdn.com/110000-inspection/2a50814c-88e4-46b4-8b4d-75c98af6317c_1000.jpg!m_fill,w_280,h_210,f_jpg?from=ke.com
20231212,大兴,枣园,101118458767,那尔水晶城 满五唯一 精装修 拎包入住,410万,47339元/平,低楼层 (共13层) | 2006年 | 2室1厅 | 86.61平米 | 南 北,https://ke-image.ljcdn.com/110000-inspection/pc1_KeufRNmss.jpg!m_fill,w_280,h_210,f_jpg?from=ke.com
20231212,大兴,枣园,101118447328,新安里 1室1厅 南,165万,31115元/平,顶层 (共6层) | 1996年 | 1室1厅 | 53.03平米 | 南,https://ke-image.ljcdn.com/110000-inspection/03a1c10c-9757-4e43-ac4c-96bc1563d62c_1000.jpg!m_fill,w_280,h_210,f_jpg?from=ke.com
20231212,大兴,枣园,101118413955,清源西里南向精装修一居室满二年,189万,42132元/平,中楼层 (共6层) | 1997年 | 1室1厅 | 44.86平米 | 南,https://ke-image.ljcdn.com/110000-inspection/pc1_LLrlGx9en.jpg!m_fill,w_280,h_210,f_jpg?from=ke.com
20231212,大兴,枣园,101118391119,首邑溪谷 南北通透 满五唯一 首套契税1%,418万,64616元/平,低楼层 (共14层) | 2013年 | 4室1厅 | 64.69平米 | 北 南,https://ke-image.ljcdn.com/110000-inspection/pc1_yqY81w0Tk_2.jpg!m_fill,w_280,h_210,f_jpg?from=ke.com
20231212,大兴,枣园,101118385310,首邑溪谷此房是满五年唯一住房南北通透配套齐全,295万,64285元/平,中楼层 (共16层) 2室1厅 | 45.89平米 | 南 北,https://ke-image.ljcdn.com/110000-inspection/05b7f157-645d-4712-a7b3-4933efecb152_1000.jpg!m_fill,w_280,h_210,f_jpg?from=ke.com
20231212,大兴,枣园,101118354076,此房满五唯一近地铁户型方正采光好配套齐全。,316万,40219元/平,中楼层 (共6层) | 1992年 | 3室1厅 | 78.57平米 | 南 北,https://ke-image.ljcdn.com/110000-inspection/pc1_slp774PtC.jpg!m_fill,w_280,h_210,f_jpg?from=ke.com
20231212,大兴,枣园,101118352328,首邑溪谷上下三层loft 东南向精装修,560万,88051元/平,底层 (共16层) | 2013年 | 3室1厅 | 63.6平米 | 东南,https://ke-image.ljcdn.com/110000-inspection/2e7c58a4-6dd1-4ac4-a26c-2b577b9e36e9_1000.jpg!m_fill,w_280,h_210,f_jpg?from=ke.com
20231212,大兴,枣园,101118317809,首邑溪谷 满五年唯一 精装修 诚心出售,455万,62846元/平,低楼层 (共16层) | 2013年 | 3室1厅 | 72.4平米 | 西南,https://ke-image.ljcdn.com/110000-inspection/pc1_pAmoWfTuQ_2.jpg!m_fill,w_280,h_210,f_jpg?from=ke.com
20231212,大兴,枣园,101118302100,首邑溪谷  带有四个大阳台 精装满五唯一拎包住,301万,64913元/平,低楼层 (共16层) | 2012年 | 2室1厅 | 46.37平米 | 西北,https://ke-image.ljcdn.com/110000-inspection/ddd3be30-3efd-4998-9543-5eda8fe3a829_1000.jpg!m_fill,w_280,h_210,f_jpg?from=ke.com
20231212,大兴,枣园,101118286502,枣园小区  南北通透的三居室 中间楼层  格局方正,328万,38521元/平,中楼层 (共7层) 3室1厅 | 85.15平米 | 南 北,https://ke-image.ljcdn.com/110000-inspection/pc1_BIFE01l1H_2.jpg!m_fill,w_280,h_210,f_jpg?from=ke.com
20231212,大兴,枣园,101118273133,康庄路50号院 满五唯一住房 诚心出售 看房方便,350万,39553元/平,高楼层 (共14层) | 2012年 | 2室2厅 | 88.49平米 | 南 北,https://ke-image.ljcdn.com/110000-inspection/dfdf3507-09ce-4761-b2a1-4f356f3e5b00_1000.jpg!m_fill,w_280,h_210,f_jpg?from=ke.com
20231212,大兴,枣园,101118231110,康庄路52号院  满五唯一 业主诚心出售房主自荐,279万,32132元/平,顶层 (共22层) 2室1厅 | 86.83平米 | 南 北,https://ke-image.ljcdn.com/110000-inspection/236c48af-dbd9-45f6-bf93-7bb2cb0caa7a_1000.jpg!m_fill,w_280,h_210,f_jpg?from=ke.com
20231212,大兴,枣园,101118222272,枣园地铁口 南向2室1厅 视野采光 小区正中间位置 诚售,338万,41240元/平,顶层 (共16层) | 2012年 | 2室1厅 | 81.96平米 | 南,https://ke-image.ljcdn.com/110000-inspection/a49d8432-ef81-4b5c-8ed4-11a9b898409b_1000.jpg!m_fill,w_280,h_210,f_jpg?from=ke.com
20231212,大兴,枣园,101118219566,近地铁 近公园 中间楼层 不临街 精装修 满五唯一,239万,39980元/平,中楼层 (共6层) | 1994年 | 2室1厅 | 59.78平米 | 南 北,https://ke-image.ljcdn.com/110000-inspection/pc1_7PFvyp9MM.jpg!m_fill,w_280,h_210,f_jpg?from=ke.com
20231212,大兴,枣园,101118188391,枣园东里 双卧朝南 采光好 户型房正,269万,35081元/平,高楼层 (共6层) | 1995年 | 2室1厅 | 76.68平米 | 南 北,https://ke-image.ljcdn.com/110000-inspection/pc1_prggZ9l6k_2.jpg!m_fill,w_280,h_210,f_jpg?from=ke.com
20231212,大兴,枣园,101118183916,首邑溪谷 南北向 精装修 满五年唯一,379万,63199元/平,中楼层 (共16层) | 2012年 | 2室2厅 | 59.97平米 | 南 北,https://ke-image.ljcdn.com/110000-inspection/279f7ecb-127e-4567-8d14-e14a1a4c7814_1000.jpg!m_fill,w_280,h_210,f_jpg?from=ke.com
20231212,大兴,枣园,101118164388,满五唯一户型方正精装修地铁400米公园医院配套全房主自荐,325万,40154元/平,中楼层 (共6层) | 1997年 | 2室1厅 | 80.94平米 | 南 北,https://ke-image.ljcdn.com/110000-inspection/b582d3da-4112-4afc-938e-6a4e059d9d64_1000.jpg!m_fill,w_280,h_210,f_jpg?from=ke.com
20231212,大兴,枣园,101118157877,双河北里小区电梯房07年楼龄满五唯一,175万,33667元/平,低楼层 (共10层) | 2007年 | 1室1厅 | 51.98平米 | 东,https://ke-image.ljcdn.com/110000-inspection/pc1_NPaHkYFn4_1.jpg!m_fill,w_280,h_210,f_jpg?from=ke.com
20231212,大兴,枣园,101118142051,康宜家园北区低楼层南向两居室房主自荐,220万,31596元/平,低楼层 (共17层) | 2015年 | 2室1厅 | 69.63平米 | 南,https://ke-image.ljcdn.com/110000-inspection/9b98f6ab-754f-4cee-b29b-f0222b1f8d6c_1000.jpg!m_fill,w_280,h_210,f_jpg?from=ke.com
20231212,大兴,枣园,101118133258,满五唯一南北通透精装修近地铁看房方便,458万,59659元/平,低楼层 (共21层) | 2016年 | 2室1厅 | 76.77平米 | 南 北,https://ke-image.ljcdn.com/110000-inspection/e07e4f5d-de8b-4041-903b-2ce0b5278e78_1000.jpg!m_fill,w_280,h_210,f_jpg?from=ke.com
20231212,大兴,枣园,101118116956,枣园东里满五唯一交通方便着急出售,299万,34246元/平,顶层 (共6层) 3室1厅 | 87.31平米 | 南 北,https://ke-image.ljcdn.com/110000-inspection/2c3dbf9a-2c38-46ad-98e2-260ecc31e967_1000.jpg!m_fill,w_280,h_210,f_jpg?from=ke.com
20231212,大兴,枣园,101118110537,首邑溪谷此房是满五年唯一住房南北通透精装修。,670万,103844元/平,底层 (共16层) | 2013年 | 3室3厅 | 64.52平米 | 南 北,https://ke-image.ljcdn.com/110000-inspection/pc1_U04Siajlg_1.jpg!m_fill,w_280,h_210,f_jpg?from=ke.com
20231212,大兴,枣园,101118100513,康庄路52号院 2室1厅 南,360万,41040元/平,低楼层 (共18层) | 2010年 | 2室1厅 | 87.72平米 | 南,https://ke-image.ljcdn.com/110000-inspection/7c07cf9b-9d5b-4124-8d07-66990a8e5b55_1000.jpg!m_fill,w_280,h_210,f_jpg?from=ke.com
20231212,大兴,枣园,101118085292,首邑上城社区 枣园 两居室 业主诚心出售,498万,44959元/平,低楼层 (共13层) | 2007年 | 2室2厅 | 110.77平米 | 南 北,https://ke-image.ljcdn.com/110000-inspection/pc1_eykEXS8Pe.jpg!m_fill,w_280,h_210,f_jpg?from=ke.com
20231212,大兴,枣园,101118074369,首邑溪谷 南北通透 满五年唯一 简欧式装修 高楼层,328万,71476元/平,高楼层 (共16层) | 2012年 | 2室1厅 | 45.89平米 | 南 北,https://ke-image.ljcdn.com/110000-inspection/c79f79ab-ca11-4dd0-85dd-524d5693cf59_1000.jpg!m_fill,w_280,h_210,f_jpg?from=ke.com
20231212,大兴,枣园,101118067491,低楼层一居布局合理浪费面积小配套齐全交通便利。房主自荐,170万,34872元/平,低楼层 (共6层) | 1993年 | 1室1厅 | 48.75平米 | 东 西,https://ke-image.ljcdn.com/110000-inspection/pc1_MEbSo57t6_2.jpg!m_fill,w_280,h_210,f_jpg?from=ke.com
20231212,大兴,枣园,101118064600,马赛公馆  人车分流  电梯刷卡入户,750万,74665元/平,底层 (共16层) | 2012年 | 3室4厅 | 100.45平米 | 北 南,https://ke-image.ljcdn.com/110000-inspection/a3c8a454-ca5c-4fd7-9bf3-29121b462572_1000.jpg!m_fill,w_280,h_210,f_jpg?from=ke.com
20231212,大兴,枣园,101118054478,满五唯一配套齐全小区正在改造,235万,38959元/平,高楼层 (共6层) | 1992年 | 2室1厅 | 60.32平米 | 东 南 西 北,https://ke-image.ljcdn.com/110000-inspection/d3dc9aab-1b65-439e-a12f-8c37251d7bc3_1000.jpg!m_fill,w_280,h_210,f_jpg?from=ke.com
20231212,大兴,枣园,101118052228,东亚康和名居正规纯南两居室圣和巷8号院,321万,42545元/平,高楼层 (共18层) | 2012年 | 3室1厅 | 75.45平米 | 南,https://ke-image.ljcdn.com/110000-inspection/pc1_Pe0fKavfd_2.jpg!m_fill,w_280,h_210,f_jpg?from=ke.com
20231212,大兴,枣园,101118030484,满五唯一配套齐全小区正在改造,249万,34469元/平,顶层 (共6层) | 1993年 | 2室1厅 | 72.24平米 | 南 北,https://ke-image.ljcdn.com/110000-inspection/2d3f59e2-3770-45d9-982b-c34eb598b65e_1000.jpg!m_fill,w_280,h_210,f_jpg?from=ke.com
20231212,大兴,枣园,101118025240,精装修2002年的电梯房中高楼层采光视野好房主自荐,508万,36529元/平,中楼层 (共18层) | 2001年 | 3室2厅 | 139.07平米 | 东 西,https://ke-image.ljcdn.com/110000-inspection/3ce1d380-bb35-4b71-80fa-6f8a9233bbfd_1000.jpg!m_fill,w_280,h_210,f_jpg?from=ke.com
20231212,大兴,枣园,101118012020,团河苑南北通透三居室户型诚心出售,190万,31138元/平,顶层 (共4层) | 1987年 | 2室1厅 | 61.02平米 | 南 北,https://ke-image.ljcdn.com/110000-inspection/006e57f8-2fed-4230-ba1a-f5868e437ee1_1000.jpg!m_fill,w_280,h_210,f_jpg?from=ke.com
20231212,大兴,枣园,101117999280,红木林南区 3室2厅 北 南,745万,67593元/平,中楼层 (共28层) | 2013年 | 3室2厅 | 110.22平米 | 北 南,https://ke-image.ljcdn.com/110000-inspection/pc1_gRzY8Wo3x_1.jpg!m_fill,w_280,h_210,f_jpg?from=ke.com
20231212,大兴,枣园,101117998085,枣园小区  诚心出售  看房方便,310万,36940元/平,顶层 (共6层) | 1994年 | 3室1厅 | 83.92平米 | 东 南 西,https://ke-image.ljcdn.com/110000-inspection/pc1_eN6vbdQFm_2.jpg!m_fill,w_280,h_210,f_jpg?from=ke.com
20231212,大兴,枣园,101117978819,兴华园电梯房大落地窗采光好两居室,390万,39130元/平,中楼层 (共10层) | 2002年 | 2室1厅 | 99.67平米 | 东,https://ke-image.ljcdn.com/110000-inspection/eb426290-0d45-486a-a68c-caa61cff07e8_1000.jpg!m_fill,w_280,h_210,f_jpg?from=ke.com
20231212,大兴,枣园,101117977818,首邑溪谷 高楼层 东边户 满五唯一,315万,68643元/平,高楼层 (共16层) | 2012年 | 2室1厅 | 45.89平米 | 南,https://ke-image.ljcdn.com/110000-inspection/09690863-9b02-485b-baa6-72cbc066c50a_1000.jpg!m_fill,w_280,h_210,f_jpg?from=ke.com
20231212,大兴,枣园,101117958012,首邑溪谷 南北朝向 看房方便 带北阳台房主自荐,410万,68368元/平,高楼层 (共16层) | 2012年 | 2室1厅 | 59.97平米 | 南 北,https://ke-image.ljcdn.com/110000-inspection/ef5a2a34-37a8-4c23-85c1-4387dbc22eed_1000.jpg!m_fill,w_280,h_210,f_jpg?from=ke.com
20231212,大兴,枣园,101117948659,首邑上城 满五唯一 南北通透两居 采光视野好..,510万,50711元/平,中楼层 (共15层) | 2007年 | 2室2厅 | 100.57平米 | 南 北,https://ke-image.ljcdn.com/110000-inspection/381a8f76-04b2-48e0-957b-c4ff90d00851_1000.jpg!m_fill,w_280,h_210,f_jpg?from=ke.com
20231212,大兴,枣园,101117946605,1995年建成  满五年唯一 近地铁 近公园,255万,37173元/平,高楼层 (共6层) | 1995年 | 2室1厅 | 68.6平米 | 南 北,https://ke-image.ljcdn.com/110000-inspection/745144d9-affa-421d-bb3a-697f6c518276_1000.jpg!m_fill,w_280,h_210,f_jpg?from=ke.com
20231212,大兴,枣园,101117946370,首邑溪谷 南北通透 精装修 看房方便,620万,49872元/平,中楼层 (共27层) | 2013年 | 3室2厅 | 124.32平米 | 南 北,https://ke-image.ljcdn.com/110000-inspection/17e947a9-6a2a-403b-90c0-179a661fbbcf_1000.jpg!m_fill,w_280,h_210,f_jpg?from=ke.com
20231212,大兴,枣园,101117938769,那尔水晶城复式 五居室 视线无遮挡 全天采光 直达地库,686万,36601元/平,高楼层 (共12层) | 2005年 | 5室2厅 | 187.43平米 | 南,https://ke-image.ljcdn.com/110000-inspection/pc1_BvB5vumBS_1.jpg!m_fill,w_280,h_210,f_jpg?from=ke.com
20231212,大兴,枣园,101117931931,首邑溪谷 精装电梯三居 位置好 视野开阔 配套齐全,438万,66606元/平,高楼层 (共14层) | 2013年 | 3室1厅 | 65.76平米 | 南 北,https://ke-image.ljcdn.com/110000-inspection/5a5d6e88-7eef-4c59-a2cc-52440a756f1a_1000.jpg!m_fill,w_280,h_210,f_jpg?from=ke.com
20231212,大兴,枣园,101117927191,丽园A区 4室2厅 南 北,698万,40056元/平,高楼层 (共7层) 4室2厅 | 174.26平米 | 南 北,https://ke-image.ljcdn.com/110000-inspection/7938c671-5903-44a3-b9f8-88e8d9eb6553_1000.jpg!m_fill,w_280,h_210,f_jpg?from=ke.com
20231212,大兴,枣园,101117916167,枣园东里 2001年建 满五年唯一 南北双通透,325万,35770元/平,顶层 (共6层) 2室2厅 | 90.86平米 | 南 北,https://ke-image.ljcdn.com/110000-inspection/8fe80600-e882-4bce-ab64-518e559fa441_1000.jpg!m_fill,w_280,h_210,f_jpg?from=ke.com
20231212,大兴,枣园,101117896598,滨河西里 满五年唯一 南北通透两居室 明厅户型,219万,36014元/平,高楼层 (共6层) | 1991年 | 2室1厅 | 60.81平米 | 南 北,https://ke-image.ljcdn.com/110000-inspection/pc1_kJ8oJ7DZv_2.jpg!m_fill,w_280,h_210,f_jpg?from=ke.com
20231212,大兴,枣园,101117892136,满五唯一  精装修  南北通透  前后无遮挡采光好,238万,33474元/平,顶层 (共6层) | 1985年 | 2室1厅 | 71.1平米 | 南 北,https://ke-image.ljcdn.com/110000-inspection/pc1_HoLEWbXET.jpg!m_fill,w_280,h_210,f_jpg?from=ke.com
20231212,大兴,枣园,101117889685,首邑溪谷 满五年唯一商品房 西北朝向,260万,54077元/平,低楼层 (共16层) | 2012年 | 2室1厅 | 48.08平米 | 西北,https://ke-image.ljcdn.com/110000-inspection/pc1_HZBcjMAfi_2.jpg!m_fill,w_280,h_210,f_jpg?from=ke.com
20231212,大兴,枣园,101117886369,首邑溪谷 高层大两居 南北通透 满五唯一,380万,63366元/平,高楼层 (共16层) | 2012年 | 2室1厅 | 59.97平米 | 南 北,https://ke-image.ljcdn.com/110000-inspection/pc1_QlNUVkQ24_2.jpg!m_fill,w_280,h_210,f_jpg?from=ke.com
20231212,大兴,枣园,101117886150,清源东里 2室1厅 南 北,300万,35546元/平,中楼层 (共6层) | 1997年 | 2室1厅 | 84.4平米 | 南 北,https://ke-image.ljcdn.com/110000-inspection/6e14813b-1af7-4728-928b-d0978e43dbd9_1000.jpg!m_fill,w_280,h_210,f_jpg?from=ke.com
20231212,大兴,枣园,101117884197,那尔水晶城南北通透户型好 两个卫生间 实用性强,439万,44002元/平,中楼层 (共12层) | 2005年 | 2室1厅 | 99.77平米 | 南 北,https://ke-image.ljcdn.com/110000-inspection/pc1_2CPE4imfw.jpg!m_fill,w_280,h_210,f_jpg?from=ke.com
20231212,大兴,枣园,101117884000,首邑溪谷 电梯精装两居 视野开阔  采光充足,270万,65534元/平,中楼层 (共16层) | 2013年 | 2室1厅 | 41.2平米 | 西,https://ke-image.ljcdn.com/110000-inspection/pc1_QQCNp2Z1R_2.jpg!m_fill,w_280,h_210,f_jpg?from=ke.com
20231212,大兴,枣园,101117883331,首邑溪谷 此房满五年唯一 位置好 视野宽阔 采光充足,607万,51276元/平,顶层 (共27层) 4室2厅 | 118.38平米 | 南 北,https://ke-image.ljcdn.com/110000-inspection/pc1_d05sCUZTL_2.jpg!m_fill,w_280,h_210,f_jpg?from=ke.com
20231212,大兴,枣园,101117882300,首邑上城 高楼层两居室 视野开阔 采光充足,480万,48145元/平,高楼层 (共13层) 2室2厅 | 99.7平米 | 南 北,https://ke-image.ljcdn.com/110000-inspection/pc1_5nIYSBTlW.jpg!m_fill,w_280,h_210,f_jpg?from=ke.com
20231212,大兴,枣园,101117882207,兴盛街189号院  一梯两户 不临街不把边,328万,38748元/平,底层 (共10层) | 2009年 | 2室2厅 | 84.65平米 | 南 北,https://ke-image.ljcdn.com/110000-inspection/f30e53ea-a809-4598-a968-24ea514a311c_1000.jpg!m_fill,w_280,h_210,f_jpg?from=ke.com
20231212,大兴,枣园,101117877721,首邑溪谷精装修基本上没住过,610万,85711元/平,底层 (共14层) | 2013年 | 4室1厅 | 71.17平米 | 西南,https://ke-image.ljcdn.com/110000-inspection/pc1_Q32AM6x4x_2.jpg!m_fill,w_280,h_210,f_jpg?from=ke.com
20231212,大兴,枣园,101117829503,先锋公寓 2室2厅 南,325万,30929元/平,中楼层 (共15层) | 2003年 | 2室2厅 | 105.08平米 | 南,https://ke-image.ljcdn.com/110000-inspection/pc1_MfxExIqKW.jpg!m_fill,w_280,h_210,f_jpg?from=ke.com
20231212,大兴,枣园,101117824946,首邑溪谷 顶层挑高 上下三层 精装修,285万,60536元/平,中楼层 (共16层) | 2012年 | 2室1厅 | 47.08平米 | 东 西,https://ke-image.ljcdn.com/110000-inspection/e5fe8e5b-1cc0-4068-844c-417426dea7a8_1000.jpg!m_fill,w_280,h_210,f_jpg?from=ke.com
20231212,大兴,枣园,101117818803,首邑溪谷 3室2厅 南 北,565万,94482元/平,底层 (共16层) 3室2厅 | 59.8平米 | 南 北,https://ke-image.ljcdn.com/110000-inspection/pc1_KzbgVDgmc_2.jpg!m_fill,w_280,h_210,f_jpg?from=ke.com
20231212,大兴,枣园,101117704273,滨河西里中区 明厅 南北通透 近地铁 近公园,215万,34362元/平,顶层 (共6层) | 1994年 | 2室1厅 | 62.57平米 | 南 北,https://ke-image.ljcdn.com/110000-inspection/8eb09721-921c-4e24-8daf-78555e07bf22_1000.jpg!m_fill,w_280,h_210,f_jpg?from=ke.com
20231212,大兴,枣园,101117618079,丽园A区上叠别墅南北户型小区中间位置。,810万,37194元/平,中楼层 (共4层) | 2003年 | 5室2厅 | 217.78平米 | 南 北,https://ke-image.ljcdn.com/110000-inspection/pc1_iWNKXu38G_3.jpg!m_fill,w_280,h_210,f_jpg?from=ke.com
20231212,大兴,枣园,101117601167,清源西里 满五唯一 南北通透 采光充足,245万,41094元/平,顶层 (共6层) | 1991年 | 2室1厅 | 59.62平米 | 南 北,https://ke-image.ljcdn.com/110000-inspection/pc1_fpCh5zMMR_1.jpg!m_fill,w_280,h_210,f_jpg?from=ke.com
20231212,大兴,枣园,101117505711,本房楼层好视野好采光充足南北朝向,298万,70069元/平,高楼层 (共16层) 2室1厅 | 42.53平米 | 南 北,https://ke-image.ljcdn.com/110000-inspection/d49b04bd-b4d6-4955-ab15-172a5fff9434_1000.jpg!m_fill,w_280,h_210,f_jpg?from=ke.com
20231212,大兴,枣园,101117438149,正南北大两居 满五唯一 看房提前联系,265万,36796元/平,顶层 (共6层) | 1993年 | 2室1厅 | 72.02平米 | 南 北,https://ke-image.ljcdn.com/110000-inspection/ba24769e-9864-46a5-9771-f492dfa5b876_1000.jpg!m_fill,w_280,h_210,f_jpg?from=ke.com
20231212,大兴,枣园,101117428063,兴华园 精装一居室业主诚心卖,210万,51183元/平,低楼层 (共6层) | 2000年 | 1室1厅 | 41.03平米 | 南,https://ke-image.ljcdn.com/110000-inspection/pc1_J6q9CFNkN_1.jpg!m_fill,w_280,h_210,f_jpg?from=ke.com
20231212,大兴,枣园,101117357618,商品房 南北通透 带电梯 落地窗 楼龄新 采光好。,499万,29818元/平,高楼层 (共15层) | 2003年 | 3室2厅 | 167.35平米 | 南 北,https://ke-image.ljcdn.com/110000-inspection/704098b3-bf5b-475d-a844-9c0676371f24_1000.jpg!m_fill,w_280,h_210,f_jpg?from=ke.com
20231212,大兴,枣园,101117232131,首开康乃馨带电梯满五唯一有装修。。,307万,35566元/平,低楼层 (共16层) | 2012年 | 2室1厅 | 86.32平米 | 南 北,https://ke-image.ljcdn.com/110000-inspection/pc1_aGZc3HDxf_2.jpg!m_fill,w_280,h_210,f_jpg?from=ke.com
20231212,大兴,枣园,101117203434,枣园东里 低楼层 南北通透 采光好,299万,41425元/平,低楼层 (共6层) | 1996年 | 2室1厅 | 72.18平米 | 南 北,https://ke-image.ljcdn.com/110000-inspection/pc1_7D9Zfzlyk_1.jpg!m_fill,w_280,h_210,f_jpg?from=ke.com
20231212,大兴,枣园,101117180818,滨河西里北区 满五年 两居高楼层采光好,299万,34110元/平,顶层 (共7层) | 1997年 | 2室1厅 | 87.66平米 | 南 北,https://ke-image.ljcdn.com/110000-inspection/f305f0f7-0cfb-4539-8de5-f1fd38f9c9f3_1000.jpg!m_fill,w_280,h_210,f_jpg?from=ke.com
20231212,大兴,枣园,101117136727,首邑上城 东南朝向两居 格局方正 采光视野好,516万,49069元/平,高楼层 (共15层) | 2007年 | 2室2厅 | 105.16平米 | 东南,https://ke-image.ljcdn.com/110000-inspection/pc1_ptW7jPV13.jpg!m_fill,w_280,h_210,f_jpg?from=ke.com
20231212,大兴,枣园,101117135460,丽园B区复式户型5居室有电梯,890万,44125元/平,高楼层 (共11层) 5室2厅 | 201.7平米 | 南 北,https://ke-image.ljcdn.com/110000-inspection/fd5c95f6-c273-4252-bd35-34b38584363b_1000.jpg!m_fill,w_280,h_210,f_jpg?from=ke.com
20231212,大兴,枣园,101117067240,此房朝向为南向楼层好采光充足视野开阔。,284万,47365元/平,中楼层 (共17层) | 2008年 | 1室1厅 | 59.96平米 | 南,https://ke-image.ljcdn.com/110000-inspection/33b85bed-a4eb-4b88-88ef-aeaf48614905_1000.jpg!m_fill,w_280,h_210,f_jpg?from=ke.com
20231212,大兴,枣园,101117004283,首邑溪谷 精装两居室 业主自住装修,298万,62896元/平,中楼层 (共14层) | 2013年 | 2室1厅 | 47.38平米 | 东 西,https://ke-image.ljcdn.com/110000-inspection/d401263b-fd3e-444c-b22e-5cfa0720f66a_1000.jpg!m_fill,w_280,h_210,f_jpg?from=ke.com
20231212,大兴,枣园,101116909607,黄村 枣园 那尔水晶城社区 南北通透 业主诚心出售,598万,55930元/平,顶层 (共16层) | 2005年 | 2室1厅 | 106.92平米 | 南 北,https://ke-image.ljcdn.com/110000-inspection/pc1_TW7RUjyuE.jpg!m_fill,w_280,h_210,f_jpg?from=ke.com
20231212,大兴,枣园,101116630097,首邑溪谷 视野开阔 采光充足 周边配套齐全,285万,60152元/平,中楼层 (共14层) | 2013年 | 2室1厅 | 47.38平米 | 西 东,https://ke-image.ljcdn.com/110000-inspection/pc1_ez1gRd9AL_2.jpg!m_fill,w_280,h_210,f_jpg?from=ke.com
20231212,大兴,枣园,101116583809,滨河西里中区南北通透复式房3居室满五唯一房主自荐,368万,30434元/平,顶层 (共6层) | 1994年 | 3室1厅 | 120.92平米 | 南 北,https://ke-image.ljcdn.com/110000-inspection/pc1_DrlwZuviF_1.jpg!m_fill,w_280,h_210,f_jpg?from=ke.com
20231212,大兴,枣园,101116565706,本房满五年唯一楼层好视野好采光充足南北朝向,276万,64896元/平,高楼层 (共16层) | 2012年 | 2室1厅 | 42.53平米 | 南 北,https://ke-image.ljcdn.com/110000-inspection/prod-e19b33e5-5245-4ebc-9682-885ebae7a13b.jpg!m_fill,w_280,h_210,f_jpg?from=ke.com
20231212,大兴,枣园,101116530047,地铁边上得电梯房中建港怡嘉园,415万,44314元/平,低楼层 (共19层) | 2017年 | 2室1厅 | 93.65平米 | 东南,https://ke-image.ljcdn.com/110000-inspection/52250df2-7cf6-4f0c-8cd2-2571db238dc0_1000.jpg!m_fill,w_280,h_210,f_jpg?from=ke.com
20231212,大兴,枣园,101116307320,那尔水晶城 7室4厅 东 南 北,1380万,51455元/平,底层 (共15层) 7室4厅 | 268.2平米 | 东 南 北,https://ke-image.ljcdn.com/110000-inspection/69eea4b3-f8cd-44a0-bf5a-5846fd87488d_1000.jpg!m_fill,w_280,h_210,f_jpg?from=ke.com
20231212,大兴,枣园,101116061224,首邑溪谷 店长推荐 精装修 平层三居室房主自荐,590万,49840元/平,顶层 (共27层) | 2013年 | 3室2厅 | 118.38平米 | 南 北,https://ke-image.ljcdn.com/110000-inspection/88aac433-75fe-4fbd-8938-3e3cd8c5ddb4_1000.jpg!m_fill,w_280,h_210,f_jpg?from=ke.com
20231212,大兴,枣园,101115388545,丽园B区正规复式业主诚心出售南北通透。0房主自荐,578万,37176元/平,高楼层 (共7层) | 2004年 | 4室2厅 | 155.48平米 | 南 北,https://ke-image.ljcdn.com/110000-inspection/pc1_ePGlO1fSM_2.jpg!m_fill,w_280,h_210,f_jpg?from=ke.com
20231212,大兴,枣园,101115381809,枣园北里 精装修明厅户型两居 满五唯一诚心出售房主自荐,263万,36402元/平,顶层 (共6层) | 1999年 | 2室1厅 | 72.25平米 | 南 北,https://ke-image.ljcdn.com/110000-inspection/pc1_InW55k71t_2.jpg!m_fill,w_280,h_210,f_jpg?from=ke.com
20231212,大兴,枣园,101115242384,滨河西里北区  高楼层无遮挡采光好房主自荐,460万,35582元/平,顶层 (共7层) | 1999年 | 3室1厅 | 129.28平米 | 北 南 东,https://ke-image.ljcdn.com/110000-inspection/pc1_uyY6zXOrJ.jpg!m_fill,w_280,h_210,f_jpg?from=ke.com
20231212,大兴,枣园,101115188799,顶层带电梯复式南北通透四居圆弧卧室  落地窗,798万,34871元/平,顶层 (共5层) | 2005年 | 4室2厅 | 228.85平米 | 南 北,https://ke-image.ljcdn.com/110000-inspection/b984582e-3be9-4bae-a1b4-70854309ba81_1000.jpg!m_fill,w_280,h_210,f_jpg?from=ke.com
20231212,大兴,枣园,101114990615,首邑溪谷 loft 满五唯一商品房 一层有卧室房主自荐,368万,61601元/平,低楼层 (共16层) | 2012年 | 3室2厅 | 59.74平米 | 南 北,https://ke-image.ljcdn.com/110000-inspection/pc1_n32VDiAxU_2.jpg!m_fill,w_280,h_210,f_jpg?from=ke.com
20231212,大兴,枣园,101114805804,康和名居纯南向两居室满五唯一好户型采光充足,345万,41407元/平,中楼层 (共12层) | 2012年 | 2室1厅 | 83.32平米 | 南,https://ke-image.ljcdn.com/110000-inspection/pc1_NzqYsu24c_1.jpg!m_fill,w_280,h_210,f_jpg?from=ke.com
20231212,大兴,枣园,101114755582,兴华园  复式大四居 南北通透,536万,34076元/平,高楼层 (共6层) | 2000年 | 3室2厅 | 157.3平米 | 南 北,https://ke-image.ljcdn.com/110000-inspection/28e88ca4-42c8-48e1-82ee-842c30f8e44f_1000.jpg!m_fill,w_280,h_210,f_jpg?from=ke.com
20231212,大兴,枣园,101114744170,首座御园一期户型方正看房方便业主诚心出售；房主自荐,570万,62133元/平,底层 (共8层) | 2011年 | 3室2厅 | 91.74平米 | 南 北,https://ke-image.ljcdn.com/110000-inspection/pc1_YbTA6IUh5.jpg!m_fill,w_280,h_210,f_jpg?from=ke.com
20231212,大兴,枣园,101114623845,滨河西里中区 复式 南北通透4居室 近地铁 诚意出售房主自荐,369万,29021元/平,高楼层 (共7层) | 1999年 | 4室1厅 | 127.15平米 | 南 北,https://ke-image.ljcdn.com/110000-inspection/9b218aa5-37e0-4528-a510-e992c8e64acc_1000.jpg!m_fill,w_280,h_210,f_jpg?from=ke.com
20231212,大兴,枣园,101114266317,满五唯一临近地铁周边配套齐全适合刚需客户房主自荐,297万,39229元/平,底层 (共6层) | 1996年 | 2室1厅 | 75.71平米 | 南 北,https://ke-image.ljcdn.com/110000-inspection/0f64e88f-92cc-43d1-90a4-ab023aa75c53_1000.jpg!m_fill,w_280,h_210,f_jpg?from=ke.com
20231212,大兴,枣园,101113930783,新安里小区正规一居室户型方正无浪费面积采光好,185万,34886元/平,中楼层 (共6层) | 1998年 | 1室1厅 | 53.03平米 | 南 北,https://ke-image.ljcdn.com/110000-inspection/pc1_44SMvcwGh.jpg!m_fill,w_280,h_210,f_jpg?from=ke.com
20231212,大兴,枣园,101113741080,本房精装修楼层好视野好采光充足南北三个阳台,330万,70604元/平,中楼层 (共15层) | 2013年 | 2室1厅 | 46.74平米 | 北 南,https://ke-image.ljcdn.com/110000-inspection/pc1_VtqvfIg0G_2.jpg!m_fill,w_280,h_210,f_jpg?from=ke.com
20231212,大兴,枣园,101113492549,商品房满五唯一诚心出售产权清晰视野好。,410万,68551元/平,中楼层 (共16层) | 2012年 | 3室1厅 | 59.81平米 | 南 北,https://ke-image.ljcdn.com/110000-inspection/pc1_M92l94cFP_2.jpg!m_fill,w_280,h_210,f_jpg?from=ke.com
20231212,大兴,枣园,101113411962,首邑溪谷 2室1厅 南 北房主自荐,295万,63729元/平,低楼层 (共15层) | 2013年 | 2室1厅 | 46.29平米 | 南 北,https://ke-image.ljcdn.com/110000-inspection/pc1_MWhiPt3Kb_2.jpg!m_fill,w_280,h_210,f_jpg?from=ke.com
20231212,大兴,枣园,101112780798,兴华园电梯两居  2002年建成  交通便利,330万,49714元/平,顶层 (共10层) | 2002年 | 2室1厅 | 66.38平米 | 东,https://ke-image.ljcdn.com/110000-inspection/29e899ec-7abf-4195-b75b-359bb28d1889_1000.jpg!m_fill,w_280,h_210,f_jpg?from=ke.com
20231212,大兴,枣园,101112650261,那尔水晶城社区 有电梯 四居室 业主诚心出售,670万,35747元/平,顶层 (共12层) | 2005年 | 4室2厅 | 187.43平米 | 南,https://ke-image.ljcdn.com/110000-inspection/pc1_bdfLmv7JO.jpg!m_fill,w_280,h_210,f_jpg?from=ke.com
20231212,大兴,枣园,101112401657,首邑溪谷社区 兴泰街5号院社区,385万,64371元/平,高楼层 (共16层) | 2012年 | 2室2厅 | 59.81平米 | 南 北,https://ke-image.ljcdn.com/110000-inspection/pc1_AXl3ZEWmd_2.jpg!m_fill,w_280,h_210,f_jpg?from=ke.com
20231212,大兴,枣园,101112367822,南北通透满五唯一南北通透低密度采光充足,1050万,38574元/平,底层 (共3层) | 2003年 | 5室2厅 | 272.21平米 | 南 北,https://ke-image.ljcdn.com/110000-inspection/0633e6a0-5b14-4349-af72-c7bc7a4edb44_1000.jpg!m_fill,w_280,h_210,f_jpg?from=ke.com
20231212,大兴,枣园,101109591371,房子满五年业主诚心出售采光无遮挡,460万,35834元/平,顶层 (共6层) | 1994年 | 3室2厅 | 128.37平米 | 南 北,https://ke-image.ljcdn.com/110000-inspection/pc1_qbPZKreoL_1.jpg!m_fill,w_280,h_210,f_jpg?from=ke.com
20231212,大兴,枣园,101109491401,那尔水晶城  别墅 满五唯一 落地飘窗 南入户,1298万,61913元/平,底层 (共3层) | 2007年 | 4室3厅 | 209.65平米 | 南 北,https://ke-image.ljcdn.com/110000-inspection/pc1_NGitRna2o_1.jpg!m_fill,w_280,h_210,f_jpg?from=ke.com
20231212,大兴,枣园,101122279143,团河苑 2室1厅 南 北,205万,31843元/平,高楼层 (共6层) 2室1厅 | 64.38平米 | 南 北,https://s1.ljcdn.com/pegasus/redskull/images/common/default_house_list.png?_v=20231208163226
20231212,大兴,枣园,101122277899,兴华园 2室1厅 南 北,330万,46453元/平,高楼层 (共6层) | 2000年 | 2室1厅 | 71.04平米 | 南 北,https://s1.ljcdn.com/pegasus/redskull/images/common/default_house_list.png?_v=20231208163226
20231212,大兴,枣园,101122273221,看房方便满五唯一远离高铁 高楼层采光视野好新上,295万,33611元/平,高楼层 (共21层) | 2010年 | 2室1厅 | 87.77平米 | 南 北,https://s1.ljcdn.com/pegasus/redskull/images/common/default_house_list.png?_v=20231208163226
20231212,大兴,枣园,101122267689,枣园小区 3室2厅 南 北新上,567万,49983元/平,低楼层 (共6层) | 1994年 | 3室2厅 | 113.44平米 | 南 北,https://s1.ljcdn.com/pegasus/redskull/images/common/default_house_list.png?_v=20231208163226
20231212,大兴,枣园,101122250893,首邑上城 1室1厅 西南新上,195万,20701元/平,高楼层 (共15层) | 2007年 | 1室1厅 | 94.2平米 | 西南,https://s1.ljcdn.com/pegasus/redskull/images/common/default_house_list.png?_v=20231208163226
20231212,大兴,枣园,101122228875,丽园B区 2室1厅 南 西 北新上,390万,49575元/平,中楼层 (共10层) | 2008年 | 2室1厅 | 78.67平米 | 南 西 北,https://s1.ljcdn.com/pegasus/redskull/images/common/default_house_list.png?_v=20231208163226
20231212,大兴,枣园,101122222648,首邑溪谷南北两居室户型好满五年唯一新上,285万,60626元/平,低楼层 (共16层) | 2013年 | 2室1厅 | 47.01平米 | 南 北,https://s1.ljcdn.com/pegasus/redskull/images/common/default_house_list.png?_v=20231208163226
20231212,大兴,枣园,101122212929,康庄路50号院  南北通透两居室 一梯两户新上,290万,32813元/平,顶层 (共14层) | 2012年 | 2室2厅 | 88.38平米 | 南 北,https://s1.ljcdn.com/pegasus/redskull/images/common/default_house_list.png?_v=20231208163226
20231212,大兴,枣园,101122206345,南北通透 复式格局 采光好视野好 满五唯一 业主诚售新上,418万,33634元/平,高楼层 (共7层) | 1995年 | 4室2厅 | 124.28平米 | 南 北,https://s1.ljcdn.com/pegasus/redskull/images/common/default_house_list.png?_v=20231208163226
20231212,大兴,枣园,101122197185,首座御园一区二期南北三居室满五年诚心出售新上,460万,38984元/平,高楼层 (共10层) | 2015年 | 3室2厅 | 118平米 | 南 北,https://s1.ljcdn.com/pegasus/redskull/images/common/default_house_list.png?_v=20231208163226
20231212,大兴,枣园,101122180781,满五唯一 此房纯南户型无遮挡配套齐全进出方便新上,330万,38971元/平,中楼层 (共14层) 2室1厅 | 84.68平米 | 南,https://s1.ljcdn.com/pegasus/redskull/images/common/default_house_list.png?_v=20231208163226
20231212,大兴,枣园,101122179315,清源东里 2室1厅 南 北新上,320万,35996元/平,中楼层 (共6层) 2室1厅 | 88.9平米 | 南 北,https://s1.ljcdn.com/pegasus/redskull/images/common/default_house_list.png?_v=20231208163226
20231212,大兴,枣园,101122165740,首座御园一区二期 3室1厅 南 北房主自荐,460万,39693元/平,中楼层 (共15层) | 2015年 | 3室1厅 | 115.89平米 | 南 北,https://s1.ljcdn.com/pegasus/redskull/images/common/default_house_list.png?_v=20231208163226
20231212,大兴,枣园,101122148335,康庄中巷4号院 满五唯一南北双通透中间楼层,340万,39361元/平,中楼层 (共18层) 2室1厅 | 86.38平米 | 南 北,https://s1.ljcdn.com/pegasus/redskull/images/common/default_house_list.png?_v=20231208163226
20231212,大兴,枣园,101122143473,康庄路50号院 1室1厅 南,209万,36933元/平,高楼层 (共18层) | 2012年 | 1室1厅 | 56.59平米 | 南,https://ke-image.ljcdn.com/110000-inspection/1bcbab20-513e-4183-8d43-5b5d68eb2ea5.jpg!m_fill,w_280,h_210,f_jpg?from=ke.com
20231212,大兴,枣园,101122134414,枣园尚城南区  三居室南北通透  满五唯一,520万,47755元/平,中楼层 (共17层) 3室2厅 | 108.89平米 | 南 北,https://s1.ljcdn.com/pegasus/redskull/images/common/default_house_list.png?_v=20231208163226
20231212,大兴,枣园,101122085279,首开康乃馨城 商品房南向一居室无遮挡采光充足,278万,37783元/平,高楼层 (共9层) | 2012年 | 1室1厅 | 73.58平米 | 南,https://s1.ljcdn.com/pegasus/redskull/images/common/default_house_list.png?_v=20231208163226
20231212,大兴,枣园,101122072356,兴盛街187号院  南北两居  采光好  无遮挡,342万,40104元/平,中楼层 (共11层) 2室2厅 | 85.28平米 | 南 北,https://s1.ljcdn.com/pegasus/redskull/images/common/default_house_list.png?_v=20231208163226
20231212,大兴,枣园,101121972929,马赛公馆 1室1厅 西,85万,17284元/平,低楼层 (共7层) | 2012年 | 1室1厅 | 49.18平米 | 西,https://s1.ljcdn.com/pegasus/redskull/images/common/default_house_list.png?_v=20231208163226
20231212,大兴,枣园,101121936409,满五唯一 明厅 采光好 户型好 诚心出售 价格能聊,240万,42980元/平,中楼层 (共6层) | 1992年 | 2室1厅 | 55.84平米 | 南 北,https://s1.ljcdn.com/pegasus/redskull/images/common/default_house_list.png?_v=20231208163226
20231212,大兴,枣园,101121918631,枣园尚城北区 一居室 交通便利 小区环境优美房主自荐,285万,45361元/平,中楼层 (共12层) 1室1厅 | 62.83平米 | 南,https://s1.ljcdn.com/pegasus/redskull/images/common/default_house_list.png?_v=20231208163226
20231212,大兴,枣园,101121911622,兴华园 2室1厅 南 北,310万,42126元/平,底层 (共6层) 2室1厅 | 73.59平米 | 南 北,https://s1.ljcdn.com/pegasus/redskull/images/common/default_house_list.png?_v=20231208163226
20231212,大兴,枣园,101121855823,双河北里 2室1厅 南 北,265万,28581元/平,顶层 (共6层) 2室1厅 | 92.72平米 | 南 北,https://ke-image.ljcdn.com/110000-inspection/pc1_2KBg0ONNn.jpg!m_fill,w_280,h_210,f_jpg?from=ke.com
20231212,大兴,枣园,101121855100,波普公社POP南朝向诚心出售看房提前联系,95万,20461元/平,高楼层 (共25层) | 2012年 | 1室1厅 | 46.43平米 | 南,https://s1.ljcdn.com/pegasus/redskull/images/common/default_house_list.png?_v=20231208163226
20231212,大兴,枣园,101121819265,兴华园 2室1厅 东,310万,46701元/平,顶层 (共10层) | 2002年 | 2室1厅 | 66.38平米 | 东,https://s1.ljcdn.com/pegasus/redskull/images/common/default_house_list.png?_v=20231208163226
20231212,大兴,枣园,101121816615,首座御园一期户型方正电梯房三居室业主诚心出售.,535万,44947元/平,中楼层 (共8层) 3室1厅 | 119.03平米 | 南 北,https://s1.ljcdn.com/pegasus/redskull/images/common/default_house_list.png?_v=20231208163226
20231212,大兴,枣园,101121779778,首座御园二区二期2居室满五年户型方正诚心出售,290万,32230元/平,中楼层 (共14层) 2室1厅 | 89.98平米 | 西,https://s1.ljcdn.com/pegasus/redskull/images/common/default_house_list.png?_v=20231208163226
20231212,大兴,枣园,101121774483,店经理推荐 首邑溪谷 平层 采光好视野好 有电梯,430万,48013元/平,低楼层 (共28层) | 2012年 | 2室2厅 | 89.56平米 | 东南,https://s1.ljcdn.com/pegasus/redskull/images/common/default_house_list.png?_v=20231208163226
20231212,大兴,枣园,101121738749,首座御园一区二期15年电梯房 全明户型 卫生间带窗户,280万,30608元/平,高楼层 (共14层) | 2015年 | 2室1厅 | 91.48平米 | 东北,https://s1.ljcdn.com/pegasus/redskull/images/common/default_house_list.png?_v=20231208163226
20231212,大兴,枣园,101121734933,团河苑 2室1厅 南 北,168万,30017元/平,高楼层 (共6层) | 1989年 | 2室1厅 | 55.97平米 | 南 北,https://s1.ljcdn.com/pegasus/redskull/images/common/default_house_list.png?_v=20231208163226
20231212,大兴,枣园,101121733312,红木林北区 7室3厅 南 北,1092万,94924元/平,顶层 (共21层) | 2013年 | 7室3厅 | 115.04平米 | 南 北,https://ke-image.ljcdn.com/110000-inspection/8ca5f04f2077b4aae5f9aaba10e50bb2-001.jpg!m_fill,w_280,h_210,f_jpg?from=ke.com
20231212,大兴,枣园,101121726097,首座御园一期南北两居室商品房高层视觉好,385万,41559元/平,中楼层 (共8层) | 2011年 | 2室1厅 | 92.64平米 | 南 北,https://s1.ljcdn.com/pegasus/redskull/images/common/default_house_list.png?_v=20231208163226
20231212,大兴,枣园,101121718872,交通便利配套齐全低单价适合创业经营公司,125万,17911元/平,顶层 (共9层) | 2012年 | 1室1厅 | 69.79平米 | 西,https://s1.ljcdn.com/pegasus/redskull/images/common/default_house_list.png?_v=20231208163226
20231212,大兴,枣园,101121714608,首邑上城 南北通透三居 满五唯一,698万,52348元/平,中楼层 (共16层) | 2007年 | 3室1厅 | 133.34平米 | 南 北,https://s1.ljcdn.com/pegasus/redskull/images/common/default_house_list.png?_v=20231208163226
20231212,大兴,枣园,101121676176,枣园地铁站满五唯一商品房低楼层一层,245万,37314元/平,底层 (共5层) | 1995年 | 2室1厅 | 65.66平米 | 南 北,https://s1.ljcdn.com/pegasus/redskull/images/common/default_house_list.png?_v=20231208163226
20231212,大兴,枣园,101121675916,盛嘉华苑 双南向两居室 满五唯一 业主急售,258万,35064元/平,中楼层 (共15层) 2室1厅 | 73.58平米 | 南,https://s1.ljcdn.com/pegasus/redskull/images/common/default_house_list.png?_v=20231208163226
20231212,大兴,枣园,101121654468,商办类北向满五年全款 人车分流环境好,115万,17081元/平,低楼层 (共20层) 2室1厅 | 67.33平米 | 北,https://s1.ljcdn.com/pegasus/redskull/images/common/default_house_list.png?_v=20231208163226
20231212,大兴,枣园,101121623573,中建国际港 车位,12万,4000元/平,地下室 (共1层) | 2013年 | 1室0厅 | 30平米 | 南,https://s1.ljcdn.com/pegasus/redskull/images/common/default_house_list.png?_v=20231208163226
20231212,大兴,枣园,101121548990,中建国际港车库诚心出售出行方便近地铁,13.5万,3485元/平,地下室 | 2013年 | 1室0厅 | 38.74平米 | 南,https://s1.ljcdn.com/pegasus/redskull/images/common/default_house_list.png?_v=20231208163226
20231212,大兴,枣园,101121526795,首邑溪谷 二期产权车位 位置好,40万,12579元/平,地下室 1室0厅 | 31.8平米 | 南,https://ke-image.ljcdn.com/110000-inspection/30f9de27-b35a-4ec1-bffe-7be6df11dc69.jpg!m_fill,w_280,h_210,f_jpg?from=ke.com
20231212,大兴,枣园,101121498270,一期车位 随时可看 诚心出售 价格可谈,33万,11240元/平,地下室 (共16层) | 2016年 | 1室0厅 | 29.36平米 | 南,https://ke-image.ljcdn.com/110000-inspection/28437ede-9d3f-4d9c-913b-00e109612bac.jpg!m_fill,w_280,h_210,f_jpg?from=ke.com
20231212,大兴,枣园,101121294524,波普公社 商办类 近地铁精装修,152万,21780元/平,低楼层 (共9层) | 2012年 | 1室1厅 | 69.79平米 | 西,https://s1.ljcdn.com/pegasus/redskull/images/common/default_house_list.png?_v=20231208163226
20231212,大兴,枣园,101121292889,丽园C区 3室1厅 南 北,620万,48253元/平,中楼层 (共6层) | 2008年 | 3室1厅 | 128.49平米 | 南 北,https://s1.ljcdn.com/pegasus/redskull/images/common/default_house_list.png?_v=20231208163226
20231212,大兴,枣园,101121206412,彩虹新城 地铁500m H户型 1层,409万,45269元/平,底层 (共11层) 2室1厅 | 90.35平米 | 南 北,https://s1.ljcdn.com/pegasus/redskull/images/common/default_house_list.png?_v=20231208163226
20231212,大兴,枣园,101121091468,马赛公馆商办房无抵押好楼层好位置,96万,19521元/平,低楼层 (共7层) 1室1厅 | 49.18平米 | 西,https://s1.ljcdn.com/pegasus/redskull/images/common/default_house_list.png?_v=20231208163226
20231212,大兴,枣园,101120753888,商办类精装修西向需全款 人车分流环境好,146万,21392元/平,高楼层 (共20层) | 2012年 | 1室1厅 | 68.25平米 | 西,https://s1.ljcdn.com/pegasus/redskull/images/common/default_house_list.png?_v=20231208163226
20231212,大兴,枣园,101120443339,中间位置  前后无遮挡  美式乡村风  节约您的购房成本,788万,78588元/平,底层 (共17层) | 2012年 | 2室2厅 | 100.27平米 | 南 北,https://ke-image.ljcdn.com/110000-inspection/13e7c5d99952302db8d7098ea324742b-042.jpg!m_fill,w_280,h_210,f_jpg?from=ke.com
20231212,大兴,枣园,101120434827,马赛公馆 车位,23万,6514元/平,地下室 | 2012年 | 1室0厅 | 35.31平米 | 西,https://s1.ljcdn.com/pegasus/redskull/images/common/default_house_list.png?_v=20231208163226
20231212,大兴,枣园,101120350598,波普公社 1室1厅 北,120万,17823元/平,中楼层 (共20层) | 2012年 | 1室1厅 | 67.33平米 | 北,https://s1.ljcdn.com/pegasus/redskull/images/common/default_house_list.png?_v=20231208163226
20231212,大兴,枣园,101120350555,波普公社 1室1厅 北,120万,17823元/平,中楼层 (共20层) | 2012年 | 1室1厅 | 67.33平米 | 北,https://s1.ljcdn.com/pegasus/redskull/images/common/default_house_list.png?_v=20231208163226
20231212,大兴,枣园,101120285871,马赛公馆 车位,21万,5948元/平,地下室 (共1层) 1室0厅 | 35.31平米 | 西,https://s1.ljcdn.com/pegasus/redskull/images/common/default_house_list.png?_v=20231208163226
20231212,大兴,枣园,101120096610,波普公社 商办类 可注册 中海物业,136万,20767元/平,低楼层 (共25层) | 2012年 | 1室1厅 | 65.49平米 | 西,https://s1.ljcdn.com/pegasus/redskull/images/common/default_house_list.png?_v=20231208163226
20231212,大兴,枣园,101119874272,枣园小区 3室1厅 南 北,313万,35957元/平,顶层 (共5层) | 1996年 | 3室1厅 | 87.05平米 | 南 北,https://ke-image.ljcdn.com/110000-inspection/829990cd-becd-4785-9bbf-c745cc22fadb.JPG!m_fill,w_280,h_210,f_jpg?from=ke.com
20231212,大兴,枣园,101119633581,马赛公馆2012年小区楼层好 可注册诚心出售,88.8万,18057元/平,中楼层 (共7层) 1室1厅 | 49.18平米 | 西,https://s1.ljcdn.com/pegasus/redskull/images/common/default_house_list.png?_v=20231208163226
20231212,大兴,枣园,101119378446,波普公社 1室0厅 南,93万,20152元/平,低楼层 (共25层) | 2012年 | 1室0厅 | 46.15平米 | 南,https://s1.ljcdn.com/pegasus/redskull/images/common/default_house_list.png?_v=20231208163226
20231212,大兴,枣园,101119261645,马赛公馆 车位,25万,7081元/平,地下室 | 2012年 | 1室0厅 | 35.31平米 | 东南,https://s1.ljcdn.com/pegasus/redskull/images/common/default_house_list.png?_v=20231208163226
20231212,大兴,枣园,101119055223,波普公社 1室0厅 北,92万,19705元/平,中楼层 (共25层) | 2012年 | 1室0厅 | 46.69平米 | 北,https://s1.ljcdn.com/pegasus/redskull/images/common/default_house_list.png?_v=20231208163226
20231212,大兴,枣园,101118945519,马赛公馆楼层好 可注册 诚心出售,80万,16120元/平,中楼层 (共7层) 1室1厅 | 49.63平米 | 西,https://s1.ljcdn.com/pegasus/redskull/images/common/default_house_list.png?_v=20231208163226
20231212,大兴,枣园,101118635978,圣和巷8号院东亚马赛公馆诚心出售,145万,29762元/平,中楼层 (共7层) | 2012年 | 1室1厅 | 48.72平米 | 东,https://s1.ljcdn.com/pegasus/redskull/images/common/default_house_list.png?_v=20231208163226
20231212,大兴,枣园,101118601511,东亚马赛公馆可注册配套齐全,178万,36536元/平,高楼层 (共7层) | 2012年 | 1室1厅 | 48.72平米 | 东,https://s1.ljcdn.com/pegasus/redskull/images/common/default_house_list.png?_v=20231208163226
20231212,大兴,枣园,101118453890,首邑上城 两梯九户 西向落地窗 视野开阔,133万,19436元/平,中楼层 (共15层) | 2007年 | 1室1厅 | 68.43平米 | 西,https://s1.ljcdn.com/pegasus/redskull/images/common/default_house_list.png?_v=20231208163226
20231212,大兴,枣园,101118270840,波普公社 3室1厅 东南,239万,22083元/平,中楼层 (共25层) | 2012年 | 3室1厅 | 108.23平米 | 东南,https://s1.ljcdn.com/pegasus/redskull/images/common/default_house_list.png?_v=20231208163226
20231212,大兴,枣园,101118257293,首邑溪谷1期下面的车位出入口多,35万,11921元/平,地下室 (共16层) | 2016年 | 1室0厅 | 29.36平米 | 南 北,https://ke-image.ljcdn.com/110000-inspection/d3389fc2-6e59-4245-8965-c6799aa97ffe.jpg!m_fill,w_280,h_210,f_jpg?from=ke.com
20231212,大兴,枣园,101118205621,2005年 一层带15㎡地下室  前后无遮挡采光好,292万,33514元/平,底层 (共3层) | 2005年 | 2室1厅 | 87.13平米 | 东 西 北,https://ke-image.ljcdn.com/110000-inspection/rsp_pic_uploade4994a12-29a7-4c16-8fba-6ba0246bd5d8.JPG!m_fill,w_280,h_210,f_jpg?from=ke.com
20231212,大兴,枣园,101118191862,首邑溪谷 一期车位 随时可看 大车位,45万,15327元/平,地下室 (共16层) | 2016年 | 1室0厅 | 29.36平米 | 南 北,https://ke-image.ljcdn.com/110000-inspection/3b92c144-aa99-4203-b8e8-ca107b750e6c.jpg!m_fill,w_280,h_210,f_jpg?from=ke.com
20231212,大兴,枣园,101117887987,丽园路30号院 首开康乃馨城 商办,115万,19031元/平,中楼层 (共8层) | 2012年 | 1室0厅 | 60.43平米 | 东,https://s1.ljcdn.com/pegasus/redskull/images/common/default_house_list.png?_v=20231208163226
20231212,大兴,枣园,101117445142,波普公社  全款   南向户型  可注册,147万,23338元/平,低楼层 (共25层) | 2012年 | 1室1厅 | 62.99平米 | 东南,https://s1.ljcdn.com/pegasus/redskull/images/common/default_house_list.png?_v=20231208163226
20231212,大兴,枣园,101117361771,首邑溪谷1期车位诚心出售可以看,33万,11240元/平,地下室 (共16层) | 2016年 | 1室0厅 | 29.36平米 | 南 北,https://ke-image.ljcdn.com/110000-inspection/9106c269-1bf6-4979-8390-bba51339dbc3.jpg!m_fill,w_280,h_210,f_jpg?from=ke.com
20231212,大兴,枣园,101116944925,首邑上城  商办房  需要全款购买,165万,24113元/平,中楼层 (共15层) | 2007年 | 1室1厅 | 68.43平米 | 西,https://s1.ljcdn.com/pegasus/redskull/images/common/default_house_list.png?_v=20231208163226
20231212,大兴,枣园,101116923758,中建国际港 车位,15万,5019元/平,地下室 (共33层) 1室0厅 | 29.89平米 | 南,https://s1.ljcdn.com/pegasus/redskull/images/common/default_house_list.png?_v=20231208163226
20231212,大兴,枣园,101116882897,波普公社 2室1厅 南,178万,22621元/平,顶层 (共20层) | 2012年 | 2室1厅 | 78.69平米 | 南,https://s1.ljcdn.com/pegasus/redskull/images/common/default_house_list.png?_v=20231208163226
20231212,大兴,枣园,101116614390,波普公社 1室1厅 东,145万,21812元/平,低楼层 (共25层) 1室1厅 | 66.48平米 | 东,https://s1.ljcdn.com/pegasus/redskull/images/common/default_house_list.png?_v=20231208163226
20231212,大兴,枣园,101116149289,红木林北区 产权车位 位置好 诚心出售,25万,8410元/平,地下室 (共1层) | 2013年 | 1室1厅 | 29.73平米 | 南 北,https://ke-image.ljcdn.com/110000-inspection/dd8294c6507a0ff9794bf7f9d9d785d1-092.jpg!m_fill,w_280,h_210,f_jpg?from=ke.com
20231212,大兴,枣园,101115792743,首邑溪谷一层带地下室共三层满五年唯一,355万,75597元/平,底层 (共16层) | 2012年 | 3室1厅 | 46.96平米 | 东 西,https://ke-image.ljcdn.com/110000-inspection/f68db03e-96f5-4ba6-8494-913a86bdc2ef.jpg!m_fill,w_280,h_210,f_jpg?from=ke.com
20231212,大兴,枣园,101114402623,波普公社新上东向房源 业主诚售 产权清晰满五年,211万,23980元/平,低楼层 (共25层) | 2012年 | 2室1厅 | 87.99平米 | 东 北,https://s1.ljcdn.com/pegasus/redskull/images/common/default_house_list.png?_v=20231208163226
20231212,大兴,枣园,101114174067,波普公社 中海物业 满五唯一 可注册,125万,18983元/平,低楼层 (共25层) | 2012年 | 1室1厅 | 65.85平米 | 东,https://s1.ljcdn.com/pegasus/redskull/images/common/default_house_list.png?_v=20231208163226
20231212,大兴,枣园,101111979280,首邑上城社区 能注册公司和注册办公 朝北,111万,17947元/平,中楼层 (共15层) | 2007年 | 1室0厅 | 61.85平米 | 北,https://s1.ljcdn.com/pegasus/redskull/images/common/default_house_list.png?_v=20231208163226
20231212,大兴,枣园,101111794007,红木林北区 车位,30万,10091元/平,地下室 (共1层) | 2013年 | 1室0厅 | 29.73平米 | 南,https://ke-image.ljcdn.com/110000-inspection/9dc15f6c-78f3-42db-bd79-62e1ce418088.jpg!m_fill,w_280,h_210,f_jpg?from=ke.com
20231212,大兴,枣园,101109872673,商业办公房 位置好 采光好南向 配套设施齐全 交通便利,192万,24440元/平,低楼层 (共20层) | 2012年 | 2室1厅 | 78.56平米 | 南,https://s1.ljcdn.com/pegasus/redskull/images/common/default_house_list.png?_v=20231208163226
20231212,大兴,枣园,101109239543,波普公社50年商办中海物业满五唯一,132万,20860元/平,中楼层 (共25层) | 2012年 | 1室1厅 | 63.28平米 | 东,https://s1.ljcdn.com/pegasus/redskull/images/common/default_house_list.png?_v=20231208163226
