20240201,门头沟,门头沟其它,101122558048,惠泽家园2010年建成 一梯两户 低楼层 全明格局必看好房,251万,27589元/平,低楼层 (共6层) | 2011年 | 3室1厅 | 90.98平米 | 南 北,https://ke-image.ljcdn.com/110000-inspection/9593ad4e-a671-4379-9f45-8d298c8935ed_1000.jpg!m_fill,w_280,h_210,f_jpg?from=ke.com
20240201,门头沟,门头沟其它,101120826546,东方小区 正规两居室 交通方便 环境好必看好房,70万,12784元/平,底层 (共5层) 2室1厅 | 54.76平米 | 南 北,https://ke-image.ljcdn.com/110000-inspection/a5139354-3e07-4132-96fc-94e71b84ce78_1000.jpg!m_fill,w_280,h_210,f_jpg?from=ke.com
20240201,门头沟,门头沟其它,101120005317,五里坨南宫车站北煤校院内两居室必看好房,166万,27014元/平,高楼层 (共6层) | 1990年 | 2室1厅 | 61.45平米 | 南 北,https://ke-image.ljcdn.com/110000-inspection/5b9af135-1f0d-4ac6-aeac-48a56db28945_1000.jpg!m_fill,w_280,h_210,f_jpg?from=ke.com
20240201,门头沟,门头沟其它,101122824826,中门寺街67号院南 北通透两居室新上,235万,27473元/平,底层 (共6层) 2室1厅 | 85.54平米 | 南 北,https://ke-image.ljcdn.com/110000-inspection/480a84d8-f5f0-4aa2-a095-cfd56794ab5b_1000.jpg!m_fill,w_280,h_210,f_jpg?from=ke.com
20240201,门头沟,门头沟其它,101122157197,中门寺街67号院两居室业主诚心出售,219万,28786元/平,中楼层 (共6层) | 2001年 | 2室1厅 | 76.08平米 | 南 北,https://ke-image.ljcdn.com/110000-inspection/pc1_7NmeIuCpQ.jpg!m_fill,w_280,h_210,f_jpg?from=ke.com
20240201,门头沟,门头沟其它,101122063883,三家店南街 精装修两居室 中楼层边户 采光好,153万,26688元/平,中楼层 (共6层) | 1994年 | 2室1厅 | 57.33平米 | 东 西,https://ke-image.ljcdn.com/110000-inspection/4728173e-02a4-46ef-87c4-976aab14576d_1000.jpg!m_fill,w_280,h_210,f_jpg?from=ke.com
20240201,门头沟,门头沟其它,101120750902,坡头西街 交通方便 停车位充足,180万,35184元/平,底层 (共6层) | 1986年 | 3室1厅 | 51.16平米 | 南 北,https://ke-image.ljcdn.com/110000-inspection/pc1_E9X21dtV9.jpg!m_fill,w_280,h_210,f_jpg?from=ke.com
20240201,门头沟,门头沟其它,101122757030,此房房龄新南北通透高楼层 采光好 电梯房,178万,22956元/平,高楼层 (共18层) 2室1厅 | 77.54平米 | 南 北,https://ke-image.ljcdn.com/110000-inspection/9261eedc-e7d4-4ee5-8b3e-e3b7d2ae7947_1000.jpg!m_fill,w_280,h_210,f_jpg?from=ke.com
20240201,门头沟,门头沟其它,101122726280,惠通新苑 房龄新 电梯房 户型方正,173万,23061元/平,高楼层 (共18层) | 2016年 | 2室1厅 | 75.02平米 | 南,https://ke-image.ljcdn.com/110000-inspection/pc1_xPk2a30Gv_1.jpg!m_fill,w_280,h_210,f_jpg?from=ke.com
20240201,门头沟,门头沟其它,101122645873,惠通新苑 满五唯一 楼龄新 有电梯 交通便利,164万,21688元/平,中楼层 (共18层) | 2015年 | 2室1厅 | 75.62平米 | 南,https://ke-image.ljcdn.com/110000-inspection/pc1_fDUuDHmTR.jpg!m_fill,w_280,h_210,f_jpg?from=ke.com
20240201,门头沟,门头沟其它,101122637048,此房房龄新南向两居室 低楼层 采光好 电梯房,169万,22749元/平,中楼层 (共18层) 2室1厅 | 74.29平米 | 南,https://ke-image.ljcdn.com/110000-inspection/pc1_YSUYSpmO5_1.jpg!m_fill,w_280,h_210,f_jpg?from=ke.com
20240201,门头沟,门头沟其它,101122565461,城市山居 观景好 精装修现状好 环境好 居住体验好,550万,41067元/平,高楼层 (共6层) 3室2厅 | 133.93平米 | 东 南 北,https://ke-image.ljcdn.com/110000-inspection/33fa5d9d-8260-4e95-9d80-57ef62ef1921_1000.jpg!m_fill,w_280,h_210,f_jpg?from=ke.com
20240201,门头沟,门头沟其它,101122529941,门头沟区王平大街东路17号院南北通透两居,103万,13128元/平,中楼层 (共15层) | 2011年 | 2室1厅 | 78.46平米 | 南 北,https://ke-image.ljcdn.com/110000-inspection/3e9ed551-b546-4eb2-80ba-cf7efe15c0fb_1000.jpg!m_fill,w_280,h_210,f_jpg?from=ke.com
20240201,门头沟,门头沟其它,101122514483,惠泽家园 房子是满五年 南北通透 高楼层 落地飘窗,240万,26918元/平,高楼层 (共6层) | 2012年 | 2室1厅 | 89.16平米 | 南 北,https://ke-image.ljcdn.com/110000-inspection/pc1_OfyrCMWs7.jpg!m_fill,w_280,h_210,f_jpg?from=ke.com
20240201,门头沟,门头沟其它,101122469113,王平大街东路17号院 南向两居 采光好 有电梯,93万,12389元/平,高楼层 (共15层) 2室1厅 | 75.07平米 | 南,https://ke-image.ljcdn.com/110000-inspection/dbf5eabe-863f-467d-84af-d784f9235afb_1000.jpg!m_fill,w_280,h_210,f_jpg?from=ke.com
20240201,门头沟,门头沟其它,101122461852,惠通新苑房子南北通透低楼层前后没有遮挡采光充足,189万,24505元/平,低楼层 (共18层) | 2014年 | 2室1厅 | 77.13平米 | 南 北,https://ke-image.ljcdn.com/110000-inspection/89b8d252-a018-4f96-864e-ed01692199fe_1000.jpg!m_fill,w_280,h_210,f_jpg?from=ke.com
20240201,门头沟,门头沟其它,101122448131,惠通新苑 正规南向两居室 交通方便 环境好房主自荐,165万,21252元/平,低楼层 (共14层) | 2014年 | 2室1厅 | 77.64平米 | 南,https://ke-image.ljcdn.com/110000-inspection/0fd5ef93-a449-4dea-b6b8-68a37b7189df_1000.jpg!m_fill,w_280,h_210,f_jpg?from=ke.com
20240201,门头沟,门头沟其它,101122411543,惠通新苑 交通方便 环境好 周边配套齐全,195万,24455元/平,低楼层 (共14层) | 2014年 | 2室1厅 | 79.74平米 | 南 北,https://ke-image.ljcdn.com/110000-inspection/090b0cc6-8367-4be2-80c5-ee385686fd10_1000.jpg!m_fill,w_280,h_210,f_jpg?from=ke.com
20240201,门头沟,门头沟其它,101122356433,门头沟区王平大街东路17号院南北通透明厨明卫两居,98万,12398元/平,中楼层 (共15层) 2室1厅 | 79.05平米 | 南 北,https://ke-image.ljcdn.com/110000-inspection/fda5e1bd-1b39-4e07-9882-eee525d02d59_1000.jpg!m_fill,w_280,h_210,f_jpg?from=ke.com
20240201,门头沟,门头沟其它,101122257979,惠泽家园 房子是满五年 南北通透 中间楼层 落地飘窗,254万,28489元/平,中楼层 (共6层) | 2012年 | 2室1厅 | 89.16平米 | 南 北,https://ke-image.ljcdn.com/110000-inspection/pc1_cHwSgylUr_1.jpg!m_fill,w_280,h_210,f_jpg?from=ke.com
20240201,门头沟,门头沟其它,101121989155,惠泽家园 南北通透 高楼层 采光好 没有遮挡,260万,30923元/平,顶层 (共6层) 2室1厅 | 84.08平米 | 南 北,https://ke-image.ljcdn.com/110000-inspection/pc1_joa46KP7b.jpg!m_fill,w_280,h_210,f_jpg?from=ke.com
20240201,门头沟,门头沟其它,101121974833,惠泽家园 南北通透  户型方正 采光视野好,230万,27421元/平,中楼层 (共6层) | 2010年 | 2室1厅 | 83.88平米 | 南 北,https://ke-image.ljcdn.com/110000-inspection/b94f9a18-c6a4-4e15-b99e-5f1940aca0d8_1000.jpg!m_fill,w_280,h_210,f_jpg?from=ke.com
20240201,门头沟,门头沟其它,101121948053,满五不唯一成本价使用面积大适合老人居住。房主自荐,209万,30516元/平,底层 (共6层) | 1987年 | 3室1厅 | 68.49平米 | 南 北,https://ke-image.ljcdn.com/110000-inspection/faab162e-31a1-4cdb-978b-fb5cd4accc84_1000.jpg!m_fill,w_280,h_210,f_jpg?from=ke.com
20240201,门头沟,门头沟其它,101121926175,板楼南北通透两居室中间楼层全明格局；,206万,33524元/平,中楼层 (共6层) | 1990年 | 2室1厅 | 61.45平米 | 南 北,https://ke-image.ljcdn.com/110000-inspection/5a947801-65d1-4ffc-9e33-c651763c14ea_1000.jpg!m_fill,w_280,h_210,f_jpg?from=ke.com
20240201,门头沟,门头沟其它,101121895272,中门寺街6号院 2室1厅 南 北,210万,31551元/平,中楼层 (共6层) 2室1厅 | 66.56平米 | 南 北,https://ke-image.ljcdn.com/110000-inspection/fe91c206-d245-474e-9d02-6d2cb719523b_1000.jpg!m_fill,w_280,h_210,f_jpg?from=ke.com
20240201,门头沟,门头沟其它,101121892362,杨坨小区楼龄新满五唯一业主诚心出售价格可谈,118万,21451元/平,高楼层 (共6层) | 1991年 | 2室1厅 | 55.01平米 | 南 北,https://ke-image.ljcdn.com/110000-inspection/8a529200-d3b6-4709-8994-ebce13350f26_1000.jpg!m_fill,w_280,h_210,f_jpg?from=ke.com
20240201,门头沟,门头沟其它,101121879411,南街铁路小区 1室1厅 东,129万,33700元/平,低楼层 (共6层) 1室1厅 | 38.28平米 | 东,https://ke-image.ljcdn.com/110000-inspection/pc1_b9ReU75Yz.jpg!m_fill,w_280,h_210,f_jpg?from=ke.com
20240201,门头沟,门头沟其它,101121843291,中门寺街67号院 3室1厅 南 北,310万,30250元/平,中楼层 (共6层) | 2003年 | 3室1厅 | 102.48平米 | 南 北,https://ke-image.ljcdn.com/110000-inspection/pc1_g03NlpjlD_1.jpg!m_fill,w_280,h_210,f_jpg?from=ke.com
20240201,门头沟,门头沟其它,101121826822,惠通新苑南格局楼层好配套设施全交通便利,173万,22263元/平,中楼层 (共14层) | 2014年 | 2室1厅 | 77.71平米 | 南,https://ke-image.ljcdn.com/110000-inspection/pc1_CAEUmqiLL.jpg!m_fill,w_280,h_210,f_jpg?from=ke.com
20240201,门头沟,门头沟其它,101121818017,军庄杨坨小区满五唯一户型方正。,105万,21744元/平,中楼层 (共5层) 2室1厅 | 48.29平米 | 东 北,https://ke-image.ljcdn.com/110000-inspection/99f1b108-36b3-4c7e-a637-faf135b3de43_1000.jpg!m_fill,w_280,h_210,f_jpg?from=ke.com
20240201,门头沟,门头沟其它,101121815321,店长推荐 南宫 中间楼层  全明格局 中等装修 诚心卖,279万,37450元/平,低楼层 (共6层) | 1985年 | 3室1厅 | 74.5平米 | 南 北,https://ke-image.ljcdn.com/110000-inspection/pc1_xaqgACLbq.jpg!m_fill,w_280,h_210,f_jpg?from=ke.com
20240201,门头沟,门头沟其它,101121804579,惠泽家园 满五唯一 南北通透 楼龄新,249万,28747元/平,高楼层 (共6层) | 2010年 | 2室1厅 | 86.62平米 | 南 北,https://ke-image.ljcdn.com/110000-inspection/pc1_DWqVeukLs.jpg!m_fill,w_280,h_210,f_jpg?from=ke.com
20240201,门头沟,门头沟其它,101121726189,惠泽家园 户型方正 南北通透 一梯两户,226万,31333元/平,中楼层 (共6层) | 2010年 | 2室1厅 | 72.13平米 | 南 北,https://ke-image.ljcdn.com/110000-inspection/85ac1411-a102-4c9f-9da6-385c3adfaa42_1000.jpg!m_fill,w_280,h_210,f_jpg?from=ke.com
20240201,门头沟,门头沟其它,101121671028,中门花园良实家园 2室1厅 南 北,260万,26675元/平,顶层 (共6层) | 2000年 | 2室1厅 | 97.47平米 | 南 北,https://ke-image.ljcdn.com/110000-inspection/08925c76-68d7-41e4-a5a3-d174e5cd555a_1000.jpg!m_fill,w_280,h_210,f_jpg?from=ke.com
20240201,门头沟,门头沟其它,101121622628,朝向采光好中间楼层配套齐全出行方便房主自荐,103万,21343元/平,高楼层 (共6层) | 1975年 | 2室1厅 | 48.26平米 | 南 北,https://ke-image.ljcdn.com/110000-inspection/pc1_wJ7xnbTbm.jpg!m_fill,w_280,h_210,f_jpg?from=ke.com
20240201,门头沟,门头沟其它,101121552746,檀香府业主很诚心出售的三居 客厅面宽4.6米 看房随时房主自荐,525万,38823元/平,低楼层 (共6层) | 2016年 | 3室1厅 | 135.23平米 | 南 北,https://ke-image.ljcdn.com/110000-inspection/pc1_iFYLg5BmO.jpg!m_fill,w_280,h_210,f_jpg?from=ke.com
20240201,门头沟,门头沟其它,101121466620,惠通新苑 南北通透 有电梯 楼龄新,179万,23172元/平,低楼层 (共18层) | 2014年 | 2室1厅 | 77.25平米 | 南 北,https://ke-image.ljcdn.com/110000-inspection/829b2136-7924-4d77-95e2-3f21b4e4ca5e_1000.jpg!m_fill,w_280,h_210,f_jpg?from=ke.com
20240201,门头沟,门头沟其它,101121415822,此房南北通透精装两居精装修,146万,27341元/平,顶层 (共4层) | 1982年 | 2室1厅 | 53.4平米 | 南 北,https://ke-image.ljcdn.com/110000-inspection/pc1_JXvHuEPLU.jpg!m_fill,w_280,h_210,f_jpg?from=ke.com
20240201,门头沟,门头沟其它,101121390007,朝向采光好中间楼层配套齐全出行方便,99万,20561元/平,中楼层 (共6层) | 1975年 | 2室1厅 | 48.15平米 | 南,https://ke-image.ljcdn.com/110000-inspection/pc1_WkbJ2pOkV_1.jpg!m_fill,w_280,h_210,f_jpg?from=ke.com
20240201,门头沟,门头沟其它,101121356547,中门寺街67号院 2室1厅 南 北,244万,28612元/平,低楼层 (共6层) | 2002年 | 2室1厅 | 85.28平米 | 南 北,https://ke-image.ljcdn.com/110000-inspection/pc1_OttNZp6ds_1.jpg!m_fill,w_280,h_210,f_jpg?from=ke.com
20240201,门头沟,门头沟其它,101121082716,中门花园精装一居室南北通透厨卫全明,220万,32502元/平,低楼层 (共6层) | 2003年 | 1室1厅 | 67.69平米 | 南 北,https://ke-image.ljcdn.com/110000-inspection/2bfcf5fa-92b8-471e-aa5f-7a58f91ce38a_1000.jpg!m_fill,w_280,h_210,f_jpg?from=ke.com
20240201,门头沟,门头沟其它,101121072639,中门寺 南北通透 正规两室一厅 户型方正房主自荐,199万,21673元/平,顶层 (共6层) | 2003年 | 2室1厅 | 91.82平米 | 南 北,https://ke-image.ljcdn.com/110000-inspection/fbec2586-0279-40c5-8abe-9939f1e42ed7_1000.jpg!m_fill,w_280,h_210,f_jpg?from=ke.com
20240201,门头沟,门头沟其它,101120926169,王平大街东路17号院 楼层好 采光充足,96万,12785元/平,低楼层 (共15层) 2室1厅 | 75.09平米 | 南,https://ke-image.ljcdn.com/110000-inspection/86ad364c-7ac4-46ae-b2b0-070b4515972f_1000.jpg!m_fill,w_280,h_210,f_jpg?from=ke.com
20240201,门头沟,门头沟其它,101120914152,此房格局好低楼层视野开阔采光好,82万,14934元/平,中楼层 (共6层) | 1986年 | 2室1厅 | 54.91平米 | 南,https://ke-image.ljcdn.com/110000-inspection/8c1ca9b3-6aa8-4f1d-acc1-5dff4c7e3967_1000.jpg!m_fill,w_280,h_210,f_jpg?from=ke.com
20240201,门头沟,门头沟其它,101120892742,南宫 1室1厅 南 北,132万,34251元/平,高楼层 (共6层) | 1985年 | 1室1厅 | 38.54平米 | 南 北,https://ke-image.ljcdn.com/110000-inspection/pc1_Y8Ay8Xqh4.jpg!m_fill,w_280,h_210,f_jpg?from=ke.com
20240201,门头沟,门头沟其它,101120887084,中门良实家园采光视野好交通便利房主自荐,369万,27016元/平,高楼层 (共6层) | 2000年 | 3室1厅 | 136.59平米 | 南 北,https://ke-image.ljcdn.com/110000-inspection/pc1_29IiDqile_1.jpg!m_fill,w_280,h_210,f_jpg?from=ke.com
20240201,门头沟,门头沟其它,101120855915,南宫 正规两室一厅 南北朝向 采光充足 看房方便诚心卖,212万,35257元/平,高楼层 (共6层) | 1997年 | 2室1厅 | 60.13平米 | 南 北,https://ke-image.ljcdn.com/110000-inspection/pc1_IctrCnJXP_1.jpg!m_fill,w_280,h_210,f_jpg?from=ke.com
20240201,门头沟,门头沟其它,101120553392,房子南北通透客厅方正 视野好采光充足。,200万,21782元/平,顶层 (共6层) 2室1厅 | 91.82平米 | 南 北,https://ke-image.ljcdn.com/110000-inspection/pc1_VSv1x8SW4.jpg!m_fill,w_280,h_210,f_jpg?from=ke.com
20240201,门头沟,门头沟其它,101120551468,南宫 2室1厅 南 北,206万,34260元/平,顶层 (共6层) | 1997年 | 2室1厅 | 60.13平米 | 南 北,https://ke-image.ljcdn.com/110000-inspection/pc1_spkHLgYMS_1.jpg!m_fill,w_280,h_210,f_jpg?from=ke.com
20240201,门头沟,门头沟其它,101120550782,檀香府 南北双阳台 大三居 低密洋房 一梯两户,720万,42195元/平,中楼层 (共6层) | 2017年 | 3室2厅 | 170.64平米 | 南 北,https://ke-image.ljcdn.com/110000-inspection/pc1_VPglyJGQ2.jpg!m_fill,w_280,h_210,f_jpg?from=ke.com
20240201,门头沟,门头沟其它,101120431988,东方小区满五唯一楼层好配套设施全交通便利,89万,16013元/平,中楼层 (共4层) | 1986年 | 2室1厅 | 55.58平米 | 南,https://ke-image.ljcdn.com/110000-inspection/4349ee56-0abb-44f5-a5bf-dc7ec3e9e85f_1000.jpg!m_fill,w_280,h_210,f_jpg?from=ke.com
20240201,门头沟,门头沟其它,101120302715,惠泽家园 南北通透两居室 一梯两户,257万,31403元/平,中楼层 (共6层) 2室1厅 | 81.84平米 | 南 北,https://ke-image.ljcdn.com/110000-inspection/pc1_rWFvCMIDx.jpg!m_fill,w_280,h_210,f_jpg?from=ke.com
20240201,门头沟,门头沟其它,101120228928,此房满五唯一2010年楼龄新集中供暖地暖,265万,29373元/平,中楼层 (共6层) | 2012年 | 2室1厅 | 90.22平米 | 南 北,https://ke-image.ljcdn.com/110000-inspection/pc1_PRXQHDyun.jpg!m_fill,w_280,h_210,f_jpg?from=ke.com
20240201,门头沟,门头沟其它,101120220706,中门寺39号院新上低楼层两居室南北通透,229万,30312元/平,底层 (共6层) | 2002年 | 3室1厅 | 75.55平米 | 南 北,https://ke-image.ljcdn.com/110000-inspection/pc1_zuMUpPxcR_1.jpg!m_fill,w_280,h_210,f_jpg?from=ke.com
20240201,门头沟,门头沟其它,101120164035,2000年西南向两室一厅精装修低楼层；,320万,39463元/平,低楼层 (共6层) 2室1厅 | 81.09平米 | 南,https://ke-image.ljcdn.com/110000-inspection/pc1_Wv6txppi4_1.jpg!m_fill,w_280,h_210,f_jpg?from=ke.com
20240201,门头沟,门头沟其它,101120085573,惠泽家园南北格局配套设施全交通便利房主自荐,238万,28153元/平,中楼层 (共6层) 2室1厅 | 84.54平米 | 南 北,https://ke-image.ljcdn.com/110000-inspection/pc1_BCLIvAmNy.jpg!m_fill,w_280,h_210,f_jpg?from=ke.com
20240201,门头沟,门头沟其它,101120069196,此房房本满五年户型方正 全明格局 一梯三户,143万,27208元/平,底层 (共4层) | 1982年 | 2室1厅 | 52.56平米 | 东 西,https://ke-image.ljcdn.com/110000-inspection/d6d128d5-c9a7-4365-8eb3-911b1eff3341_1000.jpg!m_fill,w_280,h_210,f_jpg?from=ke.com
20240201,门头沟,门头沟其它,101120006484,南宫 2室1厅 南 北,199万,36907元/平,中楼层 (共6层) | 1991年 | 2室1厅 | 53.92平米 | 南 北,https://ke-image.ljcdn.com/110000-inspection/pc1_6EU5e5w5G_1.jpg!m_fill,w_280,h_210,f_jpg?from=ke.com
20240201,门头沟,门头沟其它,101119996877,南宫 2室1厅 南 北,205万,33361元/平,中楼层 (共6层) | 1990年 | 2室1厅 | 61.45平米 | 南 北,https://ke-image.ljcdn.com/110000-inspection/pc1_8gYzPG1As_1.jpg!m_fill,w_280,h_210,f_jpg?from=ke.com
20240201,门头沟,门头沟其它,101119975624,中门花园良实家园 2室1厅 南 北,275万,26369元/平,高楼层 (共6层) | 2003年 | 2室1厅 | 104.29平米 | 南 北,https://ke-image.ljcdn.com/110000-inspection/pc1_tLAIh0tWa.jpg!m_fill,w_280,h_210,f_jpg?from=ke.com
20240201,门头沟,门头沟其它,101119845613,门头沟区惠泽家园南北双通透户型两居房主自荐,230万,28197元/平,中楼层 (共6层) | 2010年 | 2室1厅 | 81.57平米 | 南 北,https://ke-image.ljcdn.com/110000-inspection/387a7760-d508-47fb-a042-53bb1155d741_1000.jpg!m_fill,w_280,h_210,f_jpg?from=ke.com
20240201,门头沟,门头沟其它,101119761279,南宫 2室1厅 南 北,200万,32547元/平,高楼层 (共6层) | 1990年 | 2室1厅 | 61.45平米 | 南 北,https://ke-image.ljcdn.com/110000-inspection/pc1_K0Xhma4qq.jpg!m_fill,w_280,h_210,f_jpg?from=ke.com
20240201,门头沟,门头沟其它,101119731673,精装自住大客厅双卫大四居 品质改善社区,789万,44937元/平,中楼层 (共6层) 4室2厅 | 175.58平米 | 南 北,https://ke-image.ljcdn.com/110000-inspection/pc1_cEy04FTQf.jpg!m_fill,w_280,h_210,f_jpg?from=ke.com
20240201,门头沟,门头沟其它,101119503034,中门寺街67号院 3室2厅 南 北,240万,23530元/平,顶层 (共6层) | 2003年 | 3室2厅 | 102平米 | 南 北,https://ke-image.ljcdn.com/110000-inspection/pc1_h6gbZTAfw_1.jpg!m_fill,w_280,h_210,f_jpg?from=ke.com
20240201,门头沟,门头沟其它,101119307716,房子满五唯一商品房拎包入住视野开阔,279万,31226元/平,底层 (共6层) | 2003年 | 2室1厅 | 89.35平米 | 南 北,https://ke-image.ljcdn.com/110000-inspection/914b7ae6-68e4-4fa9-906e-f56bd6756654_1000.jpg!m_fill,w_280,h_210,f_jpg?from=ke.com
20240201,门头沟,门头沟其它,101119275660,此房满五唯一2010年楼龄新集中供暖地暖,205万,26731元/平,高楼层 (共6层) 2室1厅 | 76.69平米 | 南 北,https://ke-image.ljcdn.com/110000-inspection/pc1_YOuDhZG9X.jpg!m_fill,w_280,h_210,f_jpg?from=ke.com
20240201,门头沟,门头沟其它,101119209655,惠和新苑南朝向精装修采光好,92万,12200元/平,顶层 (共15层) 2室1厅 | 75.41平米 | 南,https://ke-image.ljcdn.com/110000-inspection/pc1_InOY1DmLB_1.jpg!m_fill,w_280,h_210,f_jpg?from=ke.com
20240201,门头沟,门头沟其它,101119177614,门头沟区东方小区南北通透低楼层三居,85万,13983元/平,底层 (共4层) | 1986年 | 3室1厅 | 60.79平米 | 南 北,https://ke-image.ljcdn.com/110000-inspection/pc1_h1XBRuUoW.jpg!m_fill,w_280,h_210,f_jpg?from=ke.com
20240201,门头沟,门头沟其它,101119136958,南宫 田字格 南北通透 全明格局,288万,38658元/平,低楼层 (共6层) 3室1厅 | 74.5平米 | 南 北,https://ke-image.ljcdn.com/110000-inspection/pc1_45mSRrhMI_1.jpg!m_fill,w_280,h_210,f_jpg?from=ke.com
20240201,门头沟,门头沟其它,101119035593,矿建街268号院 满五唯一 高楼层视野开阔,230万,26033元/平,顶层 (共5层) | 2003年 | 2室1厅 | 88.35平米 | 南 北,https://ke-image.ljcdn.com/110000-inspection/6715ee01-e517-4c25-9bcc-534134985a37_1000.jpg!m_fill,w_280,h_210,f_jpg?from=ke.com
20240201,门头沟,门头沟其它,101118942718,潭墅苑优质两居室 通透面积大 诚意出售,249万,19943元/平,中楼层 (共4层) 2室1厅 | 124.86平米 | 南 北,https://ke-image.ljcdn.com/110000-inspection/pc1_xDNDImxFt.jpg!m_fill,w_280,h_210,f_jpg?from=ke.com
20240201,门头沟,门头沟其它,101118862312,王平大街东路17号院 交通方便 配套齐全 环境好,97万,12384元/平,低楼层 (共15层) | 2011年 | 2室1厅 | 78.33平米 | 南 北,https://ke-image.ljcdn.com/110000-inspection/pc1_cKp7XRx2T_1.jpg!m_fill,w_280,h_210,f_jpg?from=ke.com
20240201,门头沟,门头沟其它,101118811683,惠泽家园 满五唯一 一梯两户 地暖 落地窗 大客厅,259万,28708元/平,中楼层 (共6层) | 2010年 | 2室1厅 | 90.22平米 | 南 北,https://ke-image.ljcdn.com/110000-inspection/pc1_9Api6HqPV_1.jpg!m_fill,w_280,h_210,f_jpg?from=ke.com
20240201,门头沟,门头沟其它,101118765286,中门寺街67号院 满五唯一南北通透两居室,230万,26970元/平,高楼层 (共6层) | 2003年 | 2室1厅 | 85.28平米 | 南 北,https://ke-image.ljcdn.com/110000-inspection/d2dac956-cd6d-4cca-b109-9445980707af_1000.jpg!m_fill,w_280,h_210,f_jpg?from=ke.com
20240201,门头沟,门头沟其它,101118622621,门矿西山楼 看房随时 诚心出售 采光充足房主自荐,115万,18220元/平,顶层 (共6层) 2室1厅 | 63.12平米 | 东 西,https://ke-image.ljcdn.com/110000-inspection/pc1_MW1CcqNNN.jpg!m_fill,w_280,h_210,f_jpg?from=ke.com
20240201,门头沟,门头沟其它,101118517409,板楼东北向一居室中间楼层环境安静；,120万,47300元/平,中楼层 (共4层) | 1958年 | 1室0厅 | 25.37平米 | 东 北,https://ke-image.ljcdn.com/110000-inspection/pc1_KEa5CmOaF_1.jpg!m_fill,w_280,h_210,f_jpg?from=ke.com
20240201,门头沟,门头沟其它,101118499807,惠泽家园 一梯三户集中供暖的地暖落地房主自荐,155万,27758元/平,中楼层 (共6层) 1室1厅 | 55.84平米 | 南,https://ke-image.ljcdn.com/110000-inspection/pc1_jlvAe5PTF.jpg!m_fill,w_280,h_210,f_jpg?from=ke.com
20240201,门头沟,门头沟其它,101118421047,滨河楼小区南北朝向三居室采光好,229万,31293元/平,底层 (共6层) | 1997年 | 3室1厅 | 73.18平米 | 南 北,https://ke-image.ljcdn.com/110000-inspection/2acf7405-bf6e-4e63-8c5d-1b70f4b2dfb2_1000.jpg!m_fill,w_280,h_210,f_jpg?from=ke.com
20240201,门头沟,门头沟其它,101117289758,檀香府次顶层次新房业主诚心出售,529万,39352元/平,高楼层 (共6层) | 2017年 | 3室1厅 | 134.43平米 | 南 北,https://ke-image.ljcdn.com/110000-inspection/pc1_7EsVav0ZN.jpg!m_fill,w_280,h_210,f_jpg?from=ke.com
20240201,门头沟,门头沟其它,101116834387,惠通新苑 房子南北通透 低层 前后没有遮挡 采光充足,160万,20718元/平,低楼层 (共18层) | 2015年 | 2室1厅 | 77.23平米 | 南 北,https://ke-image.ljcdn.com/110000-inspection/pc1_rPx1tKxxt_1.jpg!m_fill,w_280,h_210,f_jpg?from=ke.com
20240201,门头沟,门头沟其它,101111361802,南宫 满五年唯一 朝南北向两居室采光充足,175万,36520元/平,中楼层 (共5层) | 1976年 | 2室1厅 | 47.92平米 | 南 北,https://ke-image.ljcdn.com/110000-inspection/pc1_XFIqU8ESw_1.jpg!m_fill,w_280,h_210,f_jpg?from=ke.com
20240201,门头沟,门头沟其它,101122851234,适合老人居住南北通透没有遮挡。,165万,30220元/平,底层 (共6层) | 1987年 | 2室1厅 | 54.6平米 | 南 北,https://ke-image.ljcdn.com/110000-inspection/0254b8cc-e38c-4487-a9a3-759752cbb4cb_1000.jpg!m_fill,w_280,h_210,f_jpg?from=ke.com
20240201,门头沟,门头沟其它,101122848956,良实家园中间楼层采光好南北通透新上,268万,26854元/平,中楼层 (共6层) | 2000年 | 2室1厅 | 99.8平米 | 南 北,https://ke-image.ljcdn.com/110000-inspection/pc1_rVQnvdsLh.jpg!m_fill,w_280,h_210,f_jpg?from=ke.com
20240201,门头沟,门头沟其它,101122848260,军庄杨坨小区  满五唯一格局好 采光好新上,117万,20541元/平,高楼层 (共6层) | 1981年 | 2室1厅 | 56.96平米 | 南 北,https://ke-image.ljcdn.com/110000-inspection/pc1_EwJPhyka0.jpg!m_fill,w_280,h_210,f_jpg?from=ke.com
20240201,门头沟,门头沟其它,101122788285,中门寺67号院满五唯一南 北 通 透新上,230万,30153元/平,高楼层 (共6层) | 2001年 | 2室1厅 | 76.28平米 | 南 北,https://ke-image.ljcdn.com/110000-inspection/pc1_nNGn0suiV_1.jpg!m_fill,w_280,h_210,f_jpg?from=ke.com
20240201,门头沟,门头沟其它,101122787025,檀香府 东边户 三面朝向 采光好 视野好 产权清晰新上,499万,39920元/平,顶层 (共6层) | 2017年 | 3室1厅 | 125平米 | 东 南 北,https://ke-image.ljcdn.com/110000-inspection/pc1_FT94FaiXd_1.jpg!m_fill,w_280,h_210,f_jpg?from=ke.com
20240201,门头沟,门头沟其它,101122771131,军庄杨坨小区 1室1厅 南新上,93万,21831元/平,低楼层 (共6层) | 1986年 | 1室1厅 | 42.6平米 | 南,https://ke-image.ljcdn.com/110000-inspection/pc1_OwqQZIOz7.jpg!m_fill,w_280,h_210,f_jpg?from=ke.com
20240201,门头沟,门头沟其它,101122688024,王平大街东路17号院自采暖2010年的房子,87万,11743元/平,低楼层 (共15层) 2室1厅 | 74.09平米 | 南,https://ke-image.ljcdn.com/110000-inspection/pc1_IOkbNvfU9.jpg!m_fill,w_280,h_210,f_jpg?from=ke.com
20240201,门头沟,门头沟其它,101122624913,石龙北路27号院 2室1厅 南 北,205万,30967元/平,顶层 (共6层) | 1998年 | 2室1厅 | 66.2平米 | 南 北,https://ke-image.ljcdn.com/110000-inspection/4b5b7010-9d03-4341-b9e7-125ac93535e3_1000.jpg!m_fill,w_280,h_210,f_jpg?from=ke.com
20240201,门头沟,门头沟其它,101122604504,门矿西山楼继承所得满两年。。。,121万,22178元/平,低楼层 (共6层) | 1990年 | 2室1厅 | 54.56平米 | 东 西,https://ke-image.ljcdn.com/110000-inspection/97465ce6-e27a-4d53-a165-ec52d1ad1bd2_1000.jpg!m_fill,w_280,h_210,f_jpg?from=ke.com
20240201,门头沟,门头沟其它,101122598796,大学老师家属楼南北通透一居室环境安静；,130万,33732元/平,顶层 (共6层) | 1985年 | 1室1厅 | 38.54平米 | 南 北,https://ke-image.ljcdn.com/110000-inspection/a61d1a88-3a2e-4594-8591-e79969f493ce_1000.jpg!m_fill,w_280,h_210,f_jpg?from=ke.com
20240201,门头沟,门头沟其它,101122547126,2000年南北通透两室一厅中间楼层精装修；,305万,40376元/平,中楼层 (共6层) | 2000年 | 2室1厅 | 75.54平米 | 南 北,https://ke-image.ljcdn.com/110000-inspection/aa517556-81b5-4aba-8aab-6212b5040557_1000.jpg!m_fill,w_280,h_210,f_jpg?from=ke.com
20240201,门头沟,门头沟其它,101122499869,门头沟区惠泽家园南北通透集中供暖两居,226万,26889元/平,中楼层 (共6层) | 2010年 | 2室1厅 | 84.05平米 | 南 北,https://ke-image.ljcdn.com/110000-inspection/be4e0724-bb25-4828-89c2-cdd793f98cb1_1000.jpg!m_fill,w_280,h_210,f_jpg?from=ke.com
20240201,门头沟,门头沟其它,101122458696,王平大街东路17号院 户型优质 环境好 交通便利,98万,12921元/平,顶层 (共15层) 2室1厅 | 75.85平米 | 南,https://ke-image.ljcdn.com/110000-inspection/pc1_ItufnxX29_1.jpg!m_fill,w_280,h_210,f_jpg?from=ke.com
20240201,门头沟,门头沟其它,101122453687,南宫 2室1厅 南 北,215万,35756元/平,中楼层 (共6层) | 1997年 | 2室1厅 | 60.13平米 | 南 北,https://ke-image.ljcdn.com/110000-inspection/pc1_AKY7DomEZ_1.jpg!m_fill,w_280,h_210,f_jpg?from=ke.com
20240201,门头沟,门头沟其它,101122442061,军庄杨坨小区 商品房 1991年建成 精装修,79万,20595元/平,顶层 (共6层) | 1991年 | 1室1厅 | 38.36平米 | 南 北,https://ke-image.ljcdn.com/110000-inspection/pc1_Eg96fjzdg_1.jpg!m_fill,w_280,h_210,f_jpg?from=ke.com
20240201,门头沟,门头沟其它,101122234031,中门寺街67号院 2室1厅 南 北,225万,26094元/平,高楼层 (共6层) 2室1厅 | 86.23平米 | 南 北,https://ke-image.ljcdn.com/110000-inspection/pc1_5ii0onJE2_1.jpg!m_fill,w_280,h_210,f_jpg?from=ke.com
20240201,门头沟,门头沟其它,101122195428,惠泽家园 正规两居室  交通方便 配套齐全,235万,26048元/平,顶层 (共6层) | 2012年 | 2室1厅 | 90.22平米 | 南 北,https://ke-image.ljcdn.com/110000-inspection/pc1_jRAz7ASgl_1.jpg!m_fill,w_280,h_210,f_jpg?from=ke.com
20240201,门头沟,门头沟其它,101122172040,门头沟区王平大街东路17号院纯南户型两居,92万,12130元/平,高楼层 (共15层) | 2011年 | 2室1厅 | 75.85平米 | 南,https://ke-image.ljcdn.com/110000-inspection/pc1_UZpte5qw0.jpg!m_fill,w_280,h_210,f_jpg?from=ke.com
20240201,门头沟,门头沟其它,101122132734,三家店邮局楼 交通方便 低楼层 带燃气,112万,29137元/平,底层 (共6层) | 1997年 | 1室1厅 | 38.44平米 | 南,https://ke-image.ljcdn.com/110000-inspection/a04a275d-dc69-4465-835b-ce39048857fc_1000.jpg!m_fill,w_280,h_210,f_jpg?from=ke.com
20240201,门头沟,门头沟其它,101122064614,新上中门寺39号院中间楼层南北通透采光好,220万,23810元/平,中楼层 (共6层) 2室1厅 | 92.4平米 | 南 北,https://ke-image.ljcdn.com/110000-inspection/pc1_AkUikxNxF_1.jpg!m_fill,w_280,h_210,f_jpg?from=ke.com
20240201,门头沟,门头沟其它,101122059442,惠和新苑南朝向采光好。。。,96万,12831元/平,中楼层 (共15层) 2室1厅 | 74.82平米 | 南,https://ke-image.ljcdn.com/110000-inspection/pc1_aaAPtsEDy.jpg!m_fill,w_280,h_210,f_jpg?from=ke.com
20240201,门头沟,门头沟其它,101121928875,中门寺街67号院 2室1厅 南 北,238万,27899元/平,底层 (共6层) | 2003年 | 2室1厅 | 85.31平米 | 南 北,https://ke-image.ljcdn.com/110000-inspection/7406e206-0428-4034-b6d8-8957d0d2762b_1000.jpg!m_fill,w_280,h_210,f_jpg?from=ke.com
20240201,门头沟,门头沟其它,101121910430,中门花园良实家园 2室1厅 南 北,270万,25729元/平,低楼层 (共6层) | 2003年 | 2室1厅 | 104.94平米 | 南 北,https://ke-image.ljcdn.com/110000-inspection/fa31e98e-9408-4f63-955b-5f3864a71868_1000.jpg!m_fill,w_280,h_210,f_jpg?from=ke.com
20240201,门头沟,门头沟其它,101121906890,门头沟区滨河楼小区户型方正两居室,160万,23924元/平,顶层 (共4层) | 1982年 | 2室1厅 | 66.88平米 | 东 西,https://ke-image.ljcdn.com/110000-inspection/pc1_EKrA2TbSF.jpg!m_fill,w_280,h_210,f_jpg?from=ke.com
20240201,门头沟,门头沟其它,101121898375,南街铁路小区 看房方便业主诚心出售交通方便,123万,19537元/平,顶层 (共6层) | 1990年 | 2室1厅 | 62.96平米 | 南 北,https://ke-image.ljcdn.com/110000-inspection/pc1_oePAjZLtd.jpg!m_fill,w_280,h_210,f_jpg?from=ke.com
20240201,门头沟,门头沟其它,101121889259,滨河楼小区 正规两居室 南北通透 采光充足,128万,26790元/平,顶层 (共3层) | 1977年 | 2室1厅 | 47.78平米 | 南 北,https://ke-image.ljcdn.com/110000-inspection/131e1000-f230-4ad9-9864-14209fc9279d_1000.jpg!m_fill,w_280,h_210,f_jpg?from=ke.com
20240201,门头沟,门头沟其它,101121885346,滨河楼小区 正规三居室 南北通透 交通方便 环境好,168万,26663元/平,底层 (共3层) | 1980年 | 3室1厅 | 63.01平米 | 南 北,https://ke-image.ljcdn.com/110000-inspection/73db81e3-0292-43a3-8b98-309186f17619_1000.jpg!m_fill,w_280,h_210,f_jpg?from=ke.com
20240201,门头沟,门头沟其它,101121803928,门头沟区军温路21号院电梯房南北通透两居房主自荐,178万,22595元/平,顶层 (共15层) | 2015年 | 2室1厅 | 78.78平米 | 南 北,https://ke-image.ljcdn.com/110000-inspection/0d886139-24af-48aa-b16e-00e3efc8b898_1000.jpg!m_fill,w_280,h_210,f_jpg?from=ke.com
20240201,门头沟,门头沟其它,101121781075,惠泽家园一室一厅南北朝向。,173万,26914元/平,中楼层 (共6层) 1室1厅 | 64.28平米 | 南 北,https://ke-image.ljcdn.com/110000-inspection/pc1_l7IUNt6xr.jpg!m_fill,w_280,h_210,f_jpg?from=ke.com
20240201,门头沟,门头沟其它,101121727152,檀香府诚信出售的洋房下跃三居 中间位置 看房有惊喜,825万,49765元/平,底层 (共6层) | 2017年 | 4室2厅 | 165.78平米 | 南 北,https://ke-image.ljcdn.com/110000-inspection/pc1_EGCd8IDGH.jpg!m_fill,w_280,h_210,f_jpg?from=ke.com
20240201,门头沟,门头沟其它,101121727069,檀香府中间位置电梯洋房大三居 看房随时 诚信出售,805万,49914元/平,底层 (共6层) 3室2厅 | 161.28平米 | 南 北,https://ke-image.ljcdn.com/110000-inspection/pc1_NjN3WyM9n.jpg!m_fill,w_280,h_210,f_jpg?from=ke.com
20240201,门头沟,门头沟其它,101121720163,2000年南北通透两室一厅精装修环境安静；,255万,33757元/平,顶层 (共6层) | 2000年 | 2室1厅 | 75.54平米 | 南 北,https://ke-image.ljcdn.com/110000-inspection/ab09429b-0929-41a3-b6fb-548dcca144f8_1000.jpg!m_fill,w_280,h_210,f_jpg?from=ke.com
20240201,门头沟,门头沟其它,101121698623,中门寺街67号院 2室1厅 南 北,225万,29497元/平,底层 (共6层) | 2001年 | 2室1厅 | 76.28平米 | 南 北,https://ke-image.ljcdn.com/110000-inspection/7e40fb92-40b6-4c2d-b2e3-6973737b2c2b_1000.jpg!m_fill,w_280,h_210,f_jpg?from=ke.com
20240201,门头沟,门头沟其它,101121652827,东方小区 小区集中供暖  环境舒适,109万,17931元/平,底层 (共4层) | 1986年 | 2室1厅 | 60.79平米 | 南 北,https://ke-image.ljcdn.com/110000-inspection/pc1_air5IqAqD_1.jpg!m_fill,w_280,h_210,f_jpg?from=ke.com
20240201,门头沟,门头沟其它,101121627360,惠通新苑小区2011年建成一梯4户,165万,22012元/平,低楼层 (共18层) | 2015年 | 2室1厅 | 74.96平米 | 南,https://ke-image.ljcdn.com/110000-inspection/pc1_V4IvwZlHu.jpg!m_fill,w_280,h_210,f_jpg?from=ke.com
20240201,门头沟,门头沟其它,101121588139,惠泽家园 南北通透 满五唯一 精装修 采光充足,185万,25649元/平,顶层 (共6层) | 2010年 | 2室1厅 | 72.13平米 | 南 北,https://ke-image.ljcdn.com/110000-inspection/9e4d84b8-22cd-43bf-bf69-260a5f453239_1000.jpg!m_fill,w_280,h_210,f_jpg?from=ke.com
20240201,门头沟,门头沟其它,101121518308,中门寺街67号院 2室1厅 南 北,242万,28368元/平,中楼层 (共6层) | 2003年 | 2室1厅 | 85.31平米 | 南 北,https://ke-image.ljcdn.com/110000-inspection/pc1_EK4tPsGUf.jpg!m_fill,w_280,h_210,f_jpg?from=ke.com
20240201,门头沟,门头沟其它,101121480961,中门67号院满五唯一南北通透采光充足配套齐全交通便利,288万,28019元/平,顶层 (共6层) | 2002年 | 3室1厅 | 102.79平米 | 西南 北,https://ke-image.ljcdn.com/110000-inspection/pc1_dWTYla2C4_1.jpg!m_fill,w_280,h_210,f_jpg?from=ke.com
20240201,门头沟,门头沟其它,101121479710,中门寺39号院 2室1厅 南 北,208万,22511元/平,低楼层 (共6层) 2室1厅 | 92.4平米 | 南 北,https://ke-image.ljcdn.com/110000-inspection/c2ca3f49-33dd-4f22-9429-57ea7d4a347e_1000.jpg!m_fill,w_280,h_210,f_jpg?from=ke.com
20240201,门头沟,门头沟其它,101121475610,东方小区 正规两居室 南北通透 采光充足,75万,15121元/平,中楼层 (共4层) 2室1厅 | 49.6平米 | 南 北,https://ke-image.ljcdn.com/110000-inspection/pc1_CfChEtDAp.jpg!m_fill,w_280,h_210,f_jpg?from=ke.com
20240201,门头沟,门头沟其它,101121461569,檀香府小区 四居室 洋房带电梯 精装修,659万,37535元/平,中楼层 (共6层) | 2016年 | 4室1厅 | 175.57平米 | 南 北,https://ke-image.ljcdn.com/110000-inspection/4171828a-a3a7-4932-bb49-09fba95cb668_1000.jpg!m_fill,w_280,h_210,f_jpg?from=ke.com
20240201,门头沟,门头沟其它,101121418239,惠通新苑 南北通透 有电梯 楼龄新 满五唯一,178万,23049元/平,低楼层 (共18层) 2室1厅 | 77.23平米 | 南 北,https://ke-image.ljcdn.com/110000-inspection/eb658d92-bd5d-4185-8d89-2a9fa99786a1_1000.jpg!m_fill,w_280,h_210,f_jpg?from=ke.com
20240201,门头沟,门头沟其它,101121402443,门头沟区王平大街东路17号院楼龄新纯南两居,85万,11473元/平,低楼层 (共15层) 2室1厅 | 74.09平米 | 南,https://ke-image.ljcdn.com/110000-inspection/pc1_SxjSCYTyN.jpg!m_fill,w_280,h_210,f_jpg?from=ke.com
20240201,门头沟,门头沟其它,101121290888,檀香府二期上叠产品视野好采光好大阳台,830万,39689元/平,中楼层 (共5层) | 2019年 | 4室2厅 | 209.13平米 | 南 北,https://ke-image.ljcdn.com/110000-inspection/pc1_ukG0flsQr.jpg!m_fill,w_280,h_210,f_jpg?from=ke.com
20240201,门头沟,门头沟其它,101121183005,门头沟区东方小区南北通透小两居,86万,16030元/平,中楼层 (共6层) | 1986年 | 2室1厅 | 53.65平米 | 南 北,https://ke-image.ljcdn.com/110000-inspection/6116a969-838c-4200-ba6a-aa9fc9d130c2_1000.jpg!m_fill,w_280,h_210,f_jpg?from=ke.com
20240201,门头沟,门头沟其它,101121101367,惠通新苑 楼龄新 有电梯 环境好 交通便利,178万,23728元/平,低楼层 (共18层) | 2014年 | 2室1厅 | 75.02平米 | 南,https://ke-image.ljcdn.com/110000-inspection/4bb357c1-3e6f-4c98-89a7-96f33de79ac9_1000.jpg!m_fill,w_280,h_210,f_jpg?from=ke.com
20240201,门头沟,门头沟其它,101120990040,石龙北路27号院 周边配套齐全,205万,30967元/平,中楼层 (共6层) | 1998年 | 2室1厅 | 66.2平米 | 南 北,https://ke-image.ljcdn.com/110000-inspection/pc1_pRhv1s3Tk.jpg!m_fill,w_280,h_210,f_jpg?from=ke.com
20240201,门头沟,门头沟其它,101120978399,潭墅苑  大两居 南北通透 落地窗 大面宽客厅 环境好,189万,15006元/平,中楼层 (共4层) | 2006年 | 2室1厅 | 125.95平米 | 南 北,https://ke-image.ljcdn.com/110000-inspection/pc1_lQEJ1nbrC_1.jpg!m_fill,w_280,h_210,f_jpg?from=ke.com
20240201,门头沟,门头沟其它,101120975786,中门寺街67号院两居室业主诚心出售。,235万,30808元/平,中楼层 (共6层) | 2001年 | 2室2厅 | 76.28平米 | 南 北,https://ke-image.ljcdn.com/110000-inspection/6f6166cb-8eb6-43d9-8d14-b70641b13795_1000.jpg!m_fill,w_280,h_210,f_jpg?from=ke.com
20240201,门头沟,门头沟其它,101120954004,檀香府 一层下跃 诚心出售 满两年 看房随时,660万,48842元/平,底层 (共6层) | 2016年 | 4室2厅 | 135.13平米 | 南 北,https://ke-image.ljcdn.com/110000-inspection/pc1_Q14w2zb0M.jpg!m_fill,w_280,h_210,f_jpg?from=ke.com
20240201,门头沟,门头沟其它,101120867110,惠泽家园 满五唯一 商品房 南北通透,168万,23672元/平,地下室 (共6层) | 2011年 | 2室1厅 | 70.97平米 | 南 北,https://ke-image.ljcdn.com/110000-inspection/2293ba02-3c52-4dc8-9652-1db4b54ddf78_1000.jpg!m_fill,w_280,h_210,f_jpg?from=ke.com
20240201,门头沟,门头沟其它,101120863338,东方小区南格局楼层好采光充足配套设施齐全,90万,16193元/平,中楼层 (共4层) | 1986年 | 2室1厅 | 55.58平米 | 南,https://ke-image.ljcdn.com/110000-inspection/pc1_OHjnC5nbe.jpg!m_fill,w_280,h_210,f_jpg?from=ke.com
20240201,门头沟,门头沟其它,101120852448,此房南北通透格局低楼层视野开阔采光好,130万,26971元/平,底层 (共6层) | 1986年 | 2室1厅 | 48.2平米 | 南 北,https://ke-image.ljcdn.com/110000-inspection/01fb124b-9a6c-4976-91da-c7325c2565a1_1000.jpg!m_fill,w_280,h_210,f_jpg?from=ke.com
20240201,门头沟,门头沟其它,101120848744,惠泽家园 正规两居室 交通便利 环境好,183万,26657元/平,顶层 (共6层) | 2011年 | 2室1厅 | 68.65平米 | 南,https://ke-image.ljcdn.com/110000-inspection/pc1_jHGWRRSUx.jpg!m_fill,w_280,h_210,f_jpg?from=ke.com
20240201,门头沟,门头沟其它,101120847861,门头沟区滨河楼小区南北通透两居,138万,24055元/平,顶层 (共6层) | 1997年 | 2室1厅 | 57.37平米 | 南 北,https://ke-image.ljcdn.com/110000-inspection/pc1_MpWMWtJfi.jpg!m_fill,w_280,h_210,f_jpg?from=ke.com
20240201,门头沟,门头沟其它,101120846196,惠泽家园三居室南北朝向采光好,279万,27247元/平,高楼层 (共6层) | 2010年 | 3室1厅 | 102.4平米 | 南 北,https://ke-image.ljcdn.com/110000-inspection/abeb3e66-127e-48b8-8eab-cc615049d8ec_1000.jpg!m_fill,w_280,h_210,f_jpg?from=ke.com
20240201,门头沟,门头沟其它,101120845599,门头沟区惠泽家园南北通透低楼层三居,269万,30019元/平,底层 (共6层) | 2011年 | 3室1厅 | 89.61平米 | 南 北,https://ke-image.ljcdn.com/110000-inspection/pc1_l4h5jOVYf.jpg!m_fill,w_280,h_210,f_jpg?from=ke.com
20240201,门头沟,门头沟其它,101120830698,门头沟区东辛房24号院南北通透两居,158万,24603元/平,顶层 (共2层) 2室1厅 | 64.22平米 | 南 北,https://ke-image.ljcdn.com/110000-inspection/pc1_HWQzeUrgX.jpg!m_fill,w_280,h_210,f_jpg?from=ke.com
20240201,门头沟,门头沟其它,101120661055,东方小区业主诚心出售中等楼层,89万,12808元/平,中楼层 (共6层) | 1986年 | 3室1厅 | 69.49平米 | 南 北,https://ke-image.ljcdn.com/110000-inspection/pc1_5C5XeE8gD.jpg!m_fill,w_280,h_210,f_jpg?from=ke.com
20240201,门头沟,门头沟其它,101120643638,军庄杨坨小区满五唯一中间楼层纯南朝向配套齐全,108万,22430元/平,中楼层 (共6层) | 1975年 | 2室0厅 | 48.15平米 | 南,https://ke-image.ljcdn.com/110000-inspection/pc1_OLxTM1eE2.jpg!m_fill,w_280,h_210,f_jpg?from=ke.com
20240201,门头沟,门头沟其它,101120478785,中门寺街67号院 2室1厅 南 北房主自荐,219万,28786元/平,中楼层 (共6层) | 2001年 | 2室1厅 | 76.08平米 | 南 北,https://ke-image.ljcdn.com/110000-inspection/fcc727a9-f9d4-4267-bd6d-90ce614fba09_1000.jpg!m_fill,w_280,h_210,f_jpg?from=ke.com
20240201,门头沟,门头沟其它,101120357124,此房南北通透的三居室户型方正交通便利配套齐全,240万,20419元/平,顶层 (共6层) | 2003年 | 3室2厅 | 117.54平米 | 南 北,https://ke-image.ljcdn.com/110000-inspection/pc1_6wWWpamDr.jpg!m_fill,w_280,h_210,f_jpg?from=ke.com
20240201,门头沟,门头沟其它,101120334247,中门寺街6号院 2室1厅 南 北,185万,27716元/平,顶层 (共6层) | 2003年 | 2室1厅 | 66.75平米 | 南 北,https://ke-image.ljcdn.com/110000-inspection/pc1_17Z6BGt4C.jpg!m_fill,w_280,h_210,f_jpg?from=ke.com
20240201,门头沟,门头沟其它,101120307872,门头沟区惠通新苑精装修南向两居,183万,24394元/平,顶层 (共18层) | 2014年 | 2室1厅 | 75.02平米 | 南,https://ke-image.ljcdn.com/110000-inspection/09fc6d0f-d38b-4b12-bddc-068c9f2e8ca3_1000.jpg!m_fill,w_280,h_210,f_jpg?from=ke.com
20240201,门头沟,门头沟其它,101120288994,水闸北路20号楼 好楼层一居现状好,128万,31266元/平,低楼层 (共6层) | 1985年 | 1室1厅 | 40.94平米 | 东,https://ke-image.ljcdn.com/110000-inspection/044bd449-3dd1-40ea-b24e-67a54dba67bf_1000.jpg!m_fill,w_280,h_210,f_jpg?from=ke.com
20240201,门头沟,门头沟其它,101120236727,中门寺6号院 南北通透 采光好,185万,28039元/平,顶层 (共6层) 2室1厅 | 65.98平米 | 南 北,https://ke-image.ljcdn.com/110000-inspection/pc1_ts2UYuyKW_1.jpg!m_fill,w_280,h_210,f_jpg?from=ke.com
20240201,门头沟,门头沟其它,101120137588,檀香府一期下叠拼别墅 南北通透,899万,37906元/平,底层 (共5层) | 2016年 | 3室2厅 | 237.17平米 | 南 北,https://ke-image.ljcdn.com/110000-inspection/6eb22a33-ba6a-42a8-aa76-76be26ff3340_1000.jpg!m_fill,w_280,h_210,f_jpg?from=ke.com
20240201,门头沟,门头沟其它,101120086393,潭墅苑 边户有空地 上下四层 看房方便 安静舒适,680万,26714元/平,底层 (共3层) 3室2厅 | 254.55平米 | 南 西 北,https://ke-image.ljcdn.com/110000-inspection/pc1_AXBzyNYGR.jpg!m_fill,w_280,h_210,f_jpg?from=ke.com
20240201,门头沟,门头沟其它,101120054947,惠和新苑 楼龄新 带电梯 环境好 交通便利,105万,13930元/平,高楼层 (共15层) | 2011年 | 2室1厅 | 75.38平米 | 南,https://ke-image.ljcdn.com/110000-inspection/pc1_OduDeTDFi_1.jpg!m_fill,w_280,h_210,f_jpg?from=ke.com
20240201,门头沟,门头沟其它,101119875998,此房是2010年建成 楼龄新 板楼 公摊少 落地飘窗,172万,27168元/平,高楼层 (共6层) | 2011年 | 1室1厅 | 63.31平米 | 南 北,https://ke-image.ljcdn.com/110000-inspection/pc1_KxcbpNWxC_2.jpg!m_fill,w_280,h_210,f_jpg?from=ke.com
20240201,门头沟,门头沟其它,101119861697,东方小区南北朝向采光好。。。,76万,14166元/平,顶层 (共6层) | 1986年 | 2室1厅 | 53.65平米 | 南 北,https://ke-image.ljcdn.com/110000-inspection/pc1_eDH8nk4Os.jpg!m_fill,w_280,h_210,f_jpg?from=ke.com
20240201,门头沟,门头沟其它,101119827935,惠泽家园  南北通透 高楼层 落地飘窗,208万,25416元/平,顶层 (共6层) | 2010年 | 2室1厅 | 81.84平米 | 南 北,https://ke-image.ljcdn.com/110000-inspection/pc1_mKnVmD1j4_1.jpg!m_fill,w_280,h_210,f_jpg?from=ke.com
20240201,门头沟,门头沟其它,101119663317,南宫 两室一厅 西南全明格局 大客厅,295万,36380元/平,顶层 (共6层) | 2000年 | 2室1厅 | 81.09平米 | 南 西,https://ke-image.ljcdn.com/110000-inspection/pc1_hzMre284V_1.jpg!m_fill,w_280,h_210,f_jpg?from=ke.com
20240201,门头沟,门头沟其它,101119652763,惠泽家园 交通便利 配套齐全 正规两居室,225万,27493元/平,高楼层 (共6层) | 2010年 | 2室1厅 | 81.84平米 | 南 北,https://ke-image.ljcdn.com/110000-inspection/pc1_sh6EYEO48.jpg!m_fill,w_280,h_210,f_jpg?from=ke.com
20240201,门头沟,门头沟其它,101119606508,东方小区中楼层西南朝向。。。。,92万,18258元/平,中楼层 (共6层) | 1986年 | 2室1厅 | 50.39平米 | 东 南,https://ke-image.ljcdn.com/110000-inspection/pc1_0lkHQqKpy.jpg!m_fill,w_280,h_210,f_jpg?from=ke.com
20240201,门头沟,门头沟其它,101119581791,南宫 2室1厅 南 北,224万,37253元/平,高楼层 (共6层) 2室1厅 | 60.13平米 | 南 北,https://ke-image.ljcdn.com/110000-inspection/pc1_4QL6mOwZD_1.jpg!m_fill,w_280,h_210,f_jpg?from=ke.com
20240201,门头沟,门头沟其它,101119487088,水闸北路20号楼 2室1厅 东 西,153万,25298元/平,顶层 (共6层) | 1985年 | 2室1厅 | 60.48平米 | 东 西,https://ke-image.ljcdn.com/110000-inspection/pc1_WrcIM2RbJ_1.jpg!m_fill,w_280,h_210,f_jpg?from=ke.com
20240201,门头沟,门头沟其它,101119472329,南街铁路小区  格局好 视野宽阔采光充足,175万,26412元/平,高楼层 (共6层) 2室1厅 | 66.26平米 | 西南,https://ke-image.ljcdn.com/110000-inspection/pc1_JgMjIgdDQ_1.jpg!m_fill,w_280,h_210,f_jpg?from=ke.com
20240201,门头沟,门头沟其它,101119461129,潭墅苑独栋别墅 360度院落 四面环山 诚信出售,1320万,29327元/平,底层 (共3层) 5室3厅 | 450.1平米 | 南 北,https://ke-image.ljcdn.com/110000-inspection/pc1_JZvIslWwi.jpg!m_fill,w_280,h_210,f_jpg?from=ke.com
20240201,门头沟,门头沟其它,101119365960,檀香府 次顶层三居 观景大阳台 随时可看,658万,39447元/平,高楼层 (共6层) | 2017年 | 3室2厅 | 166.81平米 | 南 北,https://ke-image.ljcdn.com/110000-inspection/pc1_qaS9uw3TA.jpg!m_fill,w_280,h_210,f_jpg?from=ke.com
20240201,门头沟,门头沟其它,101119087457,檀香府一层精装修洋房采光好接地气,799万,59570元/平,底层 (共6层) | 2017年 | 3室1厅 | 134.13平米 | 南 北,https://ke-image.ljcdn.com/110000-inspection/pc1_F8tsDOJcy.jpg!m_fill,w_280,h_210,f_jpg?from=ke.com
20240201,门头沟,门头沟其它,101119057909,潭墅苑小区 南北通透三居室 采光好 视野宽阔 双层使用,399万,24772元/平,高楼层 (共6层) | 2013年 | 3室1厅 | 161.07平米 | 南 北,https://ke-image.ljcdn.com/110000-inspection/pc1_7MH7oajay.jpg!m_fill,w_280,h_210,f_jpg?from=ke.com
20240201,门头沟,门头沟其它,101118585111,潭墅苑小区 四面环山 小区安静 环境空气好,330万,21796元/平,低楼层 (共6层) | 2013年 | 3室2厅 | 151.41平米 | 南 北,https://ke-image.ljcdn.com/110000-inspection/701e2d6e-712c-4ca2-a024-54fe2b1fa1cc_1000.jpg!m_fill,w_280,h_210,f_jpg?from=ke.com
20240201,门头沟,门头沟其它,101118436841,惠泽家园 2010年楼龄新 一梯两户的板楼公摊少集中供暖,279万,25937元/平,顶层 (共6层) | 2010年 | 3室2厅 | 107.57平米 | 南 北,https://ke-image.ljcdn.com/110000-inspection/pc1_p4Ex7SCBs.jpg!m_fill,w_280,h_210,f_jpg?from=ke.com
20240201,门头沟,门头沟其它,101118150244,潭墅苑精装联排大花园大阳台舒适生活房主自荐,999万,34498元/平,底层 (共3层) 7室2厅 | 289.59平米 | 北 南,https://ke-image.ljcdn.com/110000-inspection/pc1_XzzAGZXXO.jpg!m_fill,w_280,h_210,f_jpg?from=ke.com
20240201,门头沟,门头沟其它,101117994929,东方小区 诚心出售 看房随时 采光充足,95万,15398元/平,中楼层 (共4层) 3室1厅 | 61.7平米 | 南 北,https://ke-image.ljcdn.com/110000-inspection/pc1_ORgxnqtYW_1.jpg!m_fill,w_280,h_210,f_jpg?from=ke.com
20240201,门头沟,门头沟其它,101117871709,檀香府一层洋房享受田园生活拥有属于自己的自由空间,660万,48637元/平,底层 (共6层) | 2017年 | 3室1厅 | 135.7平米 | 南 北,https://ke-image.ljcdn.com/110000-inspection/pc1_2cO9i0lGO.jpg!m_fill,w_280,h_210,f_jpg?from=ke.com
20240201,门头沟,门头沟其它,101117774131,檀香府洋房一层可享受田园好风光,660万,49413元/平,底层 (共6层) | 2017年 | 3室1厅 | 133.57平米 | 东 南 北,https://ke-image.ljcdn.com/110000-inspection/pc1_xRlBS1p4d.jpg!m_fill,w_280,h_210,f_jpg?from=ke.com
20240201,门头沟,门头沟其它,101117620305,惠泽家园 诚心出售 看房随时 采光充足,275万,31653元/平,中楼层 (共6层) | 2011年 | 3室1厅 | 86.88平米 | 南 北,https://ke-image.ljcdn.com/110000-inspection/pc1_5zkOI6tBu.jpg!m_fill,w_280,h_210,f_jpg?from=ke.com
20240201,门头沟,门头沟其它,101117421897,东方小区 南北通透格局属高楼层视野开阔采光好,63万,11637元/平,顶层 (共6层) | 1986年 | 1室1厅 | 54.14平米 | 南 北,https://ke-image.ljcdn.com/110000-inspection/pc1_LkErmy9ne_1.jpg!m_fill,w_280,h_210,f_jpg?from=ke.com
20240201,门头沟,门头沟其它,101117339854,东方小区 诚心出售 随时签约 采光充足,86万,16030元/平,顶层 (共6层) | 1986年 | 2室1厅 | 53.65平米 | 南 北,https://ke-image.ljcdn.com/110000-inspection/pc1_dDN0pG5rk.jpg!m_fill,w_280,h_210,f_jpg?from=ke.com
20240201,门头沟,门头沟其它,101122845506,惠通新苑 2室1厅 南 北新上,175万,22666元/平,低楼层 (共18层) 2室1厅 | 77.21平米 | 南 北,https://s1.ljcdn.com/pegasus/redskull/images/common/default_house_list.png?_v=202401081627157
20240201,门头沟,门头沟其它,101120228351,檀香府一层下跃 精装自住 城市山居 品质社区,1150万,38361元/平,底层 (共3层) | 2016年 | 4室2厅 | 299.79平米 | 南 北,https://ke-image.ljcdn.com/110000-inspection/4b183141-3ec1-4e28-8797-4cb2492a684f.jpg!m_fill,w_280,h_210,f_jpg?from=ke.com
20240201,门头沟,门头沟其它,101119055559,全部在地上屋内有电梯对面是千ling山景区。,1430万,46853元/平,底层 (共3层) | 2016年 | 5室2厅 | 305.21平米 | 东 南 西 北,https://ke-image.ljcdn.com/110000-inspection/fcab16e05755d09872987ab68ac198a8-078.jpg!m_fill,w_280,h_210,f_jpg?from=ke.com
20240201,门头沟,门头沟其它,101117858280,檀香府一期下叠户型中间位置多功能空间充足,998万,42267元/平,底层 (共5层) | 2016年 | 3室2厅 | 236.12平米 | 南 北,https://ke-image.ljcdn.com/110000-inspection/8bf574dd-886a-4068-872f-286b46decc81.jpg!m_fill,w_280,h_210,f_jpg?from=ke.com
20240201,门头沟,门头沟其它,101117681017,檀香府二期联排环境优美业主诚心出售,1400万,46170元/平,底层 (共3层) 4室2厅 | 303.23平米 | 南 北,https://ke-image.ljcdn.com/110000-inspection/d489e0d1caa387e60518739b01811740-016.jpg!m_fill,w_280,h_210,f_jpg?from=ke.com
