20231215,海淀,四季青,101122227432,2015年次新小区五福玲珑居南区南向开间必看好房,296万,74899元/平,高楼层 (共16层) | 2016年 | 1室0厅 | 39.52平米 | 南,https://ke-image.ljcdn.com/110000-inspection/faaa4db4-a299-4e5d-b0ea-0873287a4a49_1000.jpg!m_fill,w_280,h_210,f_jpg?from=ke.com
20231215,海淀,四季青,101122054760,望塔园精装一居室目前格局做两居室必看好房,588万,89676元/平,高楼层 (共17层) | 2001年 | 1室1厅 | 65.57平米 | 西南,https://ke-image.ljcdn.com/110000-inspection/pc1_H0q6YvbDT_2.jpg!m_fill,w_280,h_210,f_jpg?from=ke.com
20231215,海淀,四季青,101121915625,和泓四季板楼带电梯两居高层方正户型满2年必看好房,560万,92349元/平,中楼层 (共14层) 2室2厅 | 60.64平米 | 东 南,https://ke-image.ljcdn.com/110000-inspection/pc1_M78AJKM5v_2.jpg!m_fill,w_280,h_210,f_jpg?from=ke.com
20231215,海淀,四季青,101121859528,郦城二区 次顶层 南北2居 满五年唯一 双卫 采光好必看好房,1269万,109340元/平,高楼层 (共12层) | 2002年 | 3室2厅 | 116.06平米 | 南 北,https://ke-image.ljcdn.com/110000-inspection/pc1_TdSCMxWdF.jpg!m_fill,w_280,h_210,f_jpg?from=ke.com
20231215,海淀,四季青,101121785095,和泓四季 三居室 精装修 采光好必看好房,946万,88074元/平,中楼层 (共8层) 3室1厅 | 107.41平米 | 南 北,https://ke-image.ljcdn.com/110000-inspection/d4735b2f-eb85-443d-b714-9807f8596739_1000.jpg!m_fill,w_280,h_210,f_jpg?from=ke.com
20231215,海淀,四季青,101122030956,美丽经典园二期水云居高楼层精装修开间必看好房,420万,119251元/平,中楼层 (共14层) 1室0厅 | 35.22平米 | 北,https://ke-image.ljcdn.com/110000-inspection/pc1_m5qoTD1yc_2.jpg!m_fill,w_280,h_210,f_jpg?from=ke.com
20231215,海淀,四季青,101121788072,美丽西园南北通透两居室不临街位置安静业主诚心出售必看好房,699万,102946元/平,低楼层 (共6层) 2室1厅 | 67.9平米 | 南 北,https://ke-image.ljcdn.com/110000-inspection/pc1_4CTOE1ugF.jpg!m_fill,w_280,h_210,f_jpg?from=ke.com
20231215,海淀,四季青,101121709026,板楼高层三居南北通透户型方正看房方便必看好房,999万,92793元/平,中楼层 (共8层) 3室2厅 | 107.66平米 | 南 北,https://ke-image.ljcdn.com/110000-inspection/pc1_dxf1untao_2.jpg!m_fill,w_280,h_210,f_jpg?from=ke.com
20231215,海淀,四季青,101121568620,2015年次新房全南向一居室带电梯板楼小区,410万,77814元/平,底层 (共16层) 1室1厅 | 52.69平米 | 南,https://ke-image.ljcdn.com/110000-inspection/pc1_VK8Uvnhar.jpg!m_fill,w_280,h_210,f_jpg?from=ke.com
20231215,海淀,四季青,101121543026,西三环半低密花园洋房楼层好90%得房率双地铁必看好房,1350万,115880元/平,中楼层 (共4层) | 1998年 | 2室2厅 | 116.5平米 | 南 北,https://ke-image.ljcdn.com/110000-inspection/485cc3f9-08e5-49a4-8a0d-213c4fc2e0cc_1000.jpg!m_fill,w_280,h_210,f_jpg?from=ke.com
20231215,海淀,四季青,101121539606,和泓四季 东向一居室 采光无遮挡必看好房,396万,77480元/平,低楼层 (共15层) | 2016年 | 1室1厅 | 51.11平米 | 东,https://ke-image.ljcdn.com/110000-inspection/pc1_h6kG1du4I_2.jpg!m_fill,w_280,h_210,f_jpg?from=ke.com
20231215,海淀,四季青,101121514967,海淀西四环总高6层电梯花园洋房人车分流社区,2380万,129398元/平,中楼层 (共7层) | 2004年 | 4室2厅 | 183.93平米 | 南 北,https://ke-image.ljcdn.com/110000-inspection/dabe79c5-26c1-4ab1-a399-874ccef6f211_1000.jpg!m_fill,w_280,h_210,f_jpg?from=ke.com
20231215,海淀,四季青,101121466747,五棵松26号院东西向两居室满五年唯一诚心卖必看好房,545万,76107元/平,中楼层 (共6层) 2室1厅 | 71.61平米 | 东 西,https://ke-image.ljcdn.com/110000-inspection/1d941d12-a00a-495e-8546-6eb7a9108f9f_1000.jpg!m_fill,w_280,h_210,f_jpg?from=ke.com
20231215,海淀,四季青,101121455410,和泓四季全南两居看房方便采光好没遮挡,660万,83040元/平,低楼层 (共15层) | 2016年 | 2室2厅 | 79.48平米 | 东 南,https://ke-image.ljcdn.com/110000-inspection/e81c8942-8148-437b-abea-0bf295858845_1000.jpg!m_fill,w_280,h_210,f_jpg?from=ke.com
20231215,海淀,四季青,101121281380,楼龄新位置安静精装采光无遮挡满五唯一必看好房,1430万,115912元/平,中楼层 (共7层) 2室2厅 | 123.37平米 | 南 北,https://ke-image.ljcdn.com/110000-inspection/57bd969a-4127-47ce-bb21-659b10dfebde_1000.jpg!m_fill,w_280,h_210,f_jpg?from=ke.com
20231215,海淀,四季青,101121242571,五福玲珑居 精装一居室 全南向 安静位置 有车位必看好房,293万,76964元/平,底层 (共16层) 1室1厅 | 38.07平米 | 南,https://ke-image.ljcdn.com/110000-inspection/pc1_VXenVPUH9_2.jpg!m_fill,w_280,h_210,f_jpg?from=ke.com
20231215,海淀,四季青,101121132463,2011年水云居 经典两居 满五唯一 安静位置 精装修必看好房,950万,101692元/平,低楼层 (共14层) 2室2厅 | 93.42平米 | 西南,https://ke-image.ljcdn.com/110000-inspection/pc1_KSJmVJKb7.jpg!m_fill,w_280,h_210,f_jpg?from=ke.com
20231215,海淀,四季青,101121096720,美丽星苑2010年双地铁商品房朝南有电梯附近有公园房主自荐,756万,106479元/平,中楼层 (共10层) 1室1厅 | 71平米 | 南,https://ke-image.ljcdn.com/110000-inspection/2b6b0a41-08d6-4a84-82dd-b70c43a4e948_1000.jpg!m_fill,w_280,h_210,f_jpg?from=ke.com
20231215,海淀,四季青,101121033216,南北通透中间层采光视野好不临街房主自荐,718万,102353元/平,高楼层 (共6层) | 1999年 | 2室1厅 | 70.15平米 | 南 北,https://ke-image.ljcdn.com/110000-inspection/pc1_KM7yiHCAc_2.jpg!m_fill,w_280,h_210,f_jpg?from=ke.com
20231215,海淀,四季青,101120942895,郦城果岭南北三居室诚意出售看房方便两个卧室朝南必看好房,1150万,86467元/平,中楼层 (共11层) 3室2厅 | 133平米 | 南 北,https://ke-image.ljcdn.com/110000-inspection/pc1_PnqTiKCXX.jpg!m_fill,w_280,h_210,f_jpg?from=ke.com
20231215,海淀,四季青,101120929188,和泓四季 一梯两户 南北三居室 不临街必看好房,1098万,81959元/平,低楼层 (共9层) 3室1厅 | 133.97平米 | 南 北,https://ke-image.ljcdn.com/110000-inspection/6f41a586-d615-4b0a-825a-480abef3bb5e_1000.jpg!m_fill,w_280,h_210,f_jpg?from=ke.com
20231215,海淀,四季青,101120894654,金雅园全南朝向两居室位置很好,878万,101833元/平,底层 (共7层) | 2003年 | 2室1厅 | 86.22平米 | 南,https://ke-image.ljcdn.com/110000-inspection/af215822-7a28-4845-87b6-043701dbddd2_1000.jpg!m_fill,w_280,h_210,f_jpg?from=ke.com
20231215,海淀,四季青,101120762243,和泓四季全南向两居室高楼层采光充足视野开阔必看好房,645万,87732元/平,中楼层 (共14层) | 2015年 | 2室1厅 | 73.52平米 | 东南,https://ke-image.ljcdn.com/110000-inspection/pc1_iK78OzEtS.jpg!m_fill,w_280,h_210,f_jpg?from=ke.com
20231215,海淀,四季青,101120720707,和泓四季南北板楼高层两居户型好看房基本随时必看好房,658万,84740元/平,高楼层 (共13层) | 2017年 | 2室2厅 | 77.65平米 | 南 北,https://ke-image.ljcdn.com/110000-inspection/pc1_PA0jE7PdO_2.jpg!m_fill,w_280,h_210,f_jpg?from=ke.com
20231215,海淀,四季青,101119993718,颐慧佳园 满五唯一 板楼眼镜三居 前后不临街 高楼层房主自荐,1750万,120416元/平,顶层 (共6层) 3室2厅 | 145.33平米 | 南 北,https://ke-image.ljcdn.com/110000-inspection/pc1_Uv7pSSHN4.jpg!m_fill,w_280,h_210,f_jpg?from=ke.com
20231215,海淀,四季青,101119987226,2015年小区电梯直达车库环境优美必看好房,599万,80555元/平,低楼层 (共16层) | 2020年 | 2室1厅 | 74.36平米 | 南 北,https://ke-image.ljcdn.com/110000-inspection/pc1_TaHXY6cWd.jpg!m_fill,w_280,h_210,f_jpg?from=ke.com
20231215,海淀,四季青,101119865017,美丽园南北通透两居室采光好拎包入住必看好房,1390万,116925元/平,高楼层 (共6层) | 2000年 | 2室2厅 | 118.88平米 | 南 北,https://ke-image.ljcdn.com/110000-inspection/pc1_K6MU1RWBK.jpg!m_fill,w_280,h_210,f_jpg?from=ke.com
20231215,海淀,四季青,101119634361,农林科学院南北通透两居室 精装修 满五年唯一 中间层必看好房,660万,96210元/平,中楼层 (共5层) | 1993年 | 2室1厅 | 68.6平米 | 南 北,https://ke-image.ljcdn.com/110000-inspection/77553a02-4fc5-4ab1-9e9e-66bab5e07fd4_1000.jpg!m_fill,w_280,h_210,f_jpg?from=ke.com
20231215,海淀,四季青,101118969312,五福玲珑居南区全南向精装修一居室必看好房,438万,75026元/平,低楼层 (共16层) 1室1厅 | 58.38平米 | 南,https://ke-image.ljcdn.com/110000-inspection/pc1_1obPtTHgN_1.jpg!m_fill,w_280,h_210,f_jpg?from=ke.com
20231215,海淀,四季青,101117927941,汤泉逸墅  南北通透三居室 采光好,2180万,129871元/平,中楼层 (共10层) | 2006年 | 3室2厅 | 167.86平米 | 南 北,https://ke-image.ljcdn.com/110000-inspection/bfa4316c-fbb6-433b-a8e2-311240242d24_1000.jpg!m_fill,w_280,h_210,f_jpg?from=ke.com
20231215,海淀,四季青,101122231032,美丽园 南北通透小3居 次次顶层 明厨明卫 满五年唯一必看好房,1580万,124078元/平,中楼层 (共7层) | 2000年 | 3室2厅 | 127.34平米 | 南 北,https://ke-image.ljcdn.com/110000-inspection/pc1_lmRmMe2QO_2.jpg!m_fill,w_280,h_210,f_jpg?from=ke.com
20231215,海淀,四季青,101122159591,次顶层 视野开阔 精装修 南向一居 带燃气必看好房,448万,81263元/平,高楼层 (共16层) 1室1厅 | 55.13平米 | 南,https://ke-image.ljcdn.com/110000-inspection/pc1_YUAN7B4pd.jpg!m_fill,w_280,h_210,f_jpg?from=ke.com
20231215,海淀,四季青,101122131745,高层采光好视野开阔无遮挡电梯直接通地下车库,890万,109458元/平,中楼层 (共17层) | 2000年 | 2室1厅 | 81.31平米 | 西南,https://ke-image.ljcdn.com/110000-inspection/pc1_8zj8KO78d.jpg!m_fill,w_280,h_210,f_jpg?from=ke.com
20231215,海淀,四季青,101121790244,2011年水云居 东南中层 精装两居 满五唯一,990万,105985元/平,中楼层 (共14层) | 2011年 | 2室1厅 | 93.41平米 | 东南,https://ke-image.ljcdn.com/110000-inspection/d730bf8a-905d-4787-bd96-1ab5e0446e19_1000.jpg!m_fill,w_280,h_210,f_jpg?from=ke.com
20231215,海淀,四季青,101121776016,美丽西园两居室东西通透近地铁有公交必看好房,570万,70327元/平,低楼层 (共9层) 2室1厅 | 81.05平米 | 东 西,https://ke-image.ljcdn.com/110000-inspection/pc1_SrSuQi1pT.jpg!m_fill,w_280,h_210,f_jpg?from=ke.com
20231215,海淀,四季青,101121765873,绿波漫板 沿河双地铁线 带电梯 高层采光 有钥匙必看好房,1789万,108880元/平,高楼层 (共12层) | 2004年 | 3室1厅 | 164.31平米 | 南 北,https://ke-image.ljcdn.com/110000-inspection/0a9f15f6-3335-48cc-8c38-d6b919506c5b_1000.jpg!m_fill,w_280,h_210,f_jpg?from=ke.com
20231215,海淀,四季青,101121677832,玫瑰御园  一梯两户 南北通透两居室必看好房,1430万,114437元/平,高楼层 (共12层) | 2005年 | 2室2厅 | 124.96平米 | 南 北,https://ke-image.ljcdn.com/110000-inspection/pc1_1KadfBhV5.jpg!m_fill,w_280,h_210,f_jpg?from=ke.com
20231215,海淀,四季青,101121645584,五福玲珑居 车道沟 10号线  12号线  明卫 有地下车库,515万,89847元/平,中楼层 (共15层) 1室1厅 | 57.32平米 | 南,https://ke-image.ljcdn.com/110000-inspection/pc1_6UoFRq8vD_2.jpg!m_fill,w_280,h_210,f_jpg?from=ke.com
20231215,海淀,四季青,101121629152,和泓四季 两居室 南北通透 采光好 楼龄新必看好房,660万,82707元/平,低楼层 (共14层) 2室1厅 | 79.8平米 | 南 北,https://ke-image.ljcdn.com/110000-inspection/pc1_qxvpC64cT_2.jpg!m_fill,w_280,h_210,f_jpg?from=ke.com
20231215,海淀,四季青,101121571319,四季青郦城二区南北一层有花园三居满五年唯一住房必看好房,1690万,117754元/平,底层 (共12层) | 2004年 | 3室1厅 | 143.52平米 | 南 北,https://ke-image.ljcdn.com/110000-inspection/81f88c59-281d-47a7-b47e-ba97a92503e5_1000.jpg!m_fill,w_280,h_210,f_jpg?from=ke.com
20231215,海淀,四季青,101121462912,美丽星苑 慈寿寺 海淀五路居  精装修 复式随时签约必看好房,1180万,87949元/平,高楼层 (共10层) | 2007年 | 3室1厅 | 134.17平米 | 东 南 北,https://ke-image.ljcdn.com/110000-inspection/pc1_IPY1iburp.jpg!m_fill,w_280,h_210,f_jpg?from=ke.com
20231215,海淀,四季青,101121408102,西四环 城市别墅 联排边户 中间位置必看好房,2980万,117722元/平,底层 (共3层) 7室2厅 | 253.14平米 | 南 北,https://ke-image.ljcdn.com/110000-inspection/pc1_BfTeMqwAR_2.jpg!m_fill,w_280,h_210,f_jpg?from=ke.com
20231215,海淀,四季青,101121282581,此房满五年唯一南北通透格局好前后没遮挡必看好房,693万,89190元/平,中楼层 (共6层) | 1998年 | 2室1厅 | 77.7平米 | 南 北,https://ke-image.ljcdn.com/110000-inspection/d3211836-06cd-4b72-9689-9c7fba5475fa_1000.jpg!m_fill,w_280,h_210,f_jpg?from=ke.com
20231215,海淀,四季青,101121272040,美丽星苑南向两居户型方正满五唯一必看好房,678万,102962元/平,中楼层 (共10层) 2室1厅 | 65.85平米 | 南,https://ke-image.ljcdn.com/110000-inspection/pc1_ZQhHc6u3z.jpg!m_fill,w_280,h_210,f_jpg?from=ke.com
20231215,海淀,四季青,101121152210,此房满五年唯一商品房边户两居室有电梯三面采光,870万,83000元/平,高楼层 (共9层) | 2002年 | 2室1厅 | 104.82平米 | 东 南 西,https://ke-image.ljcdn.com/110000-inspection/e66ef484-31b7-41ec-b59d-69a788cc9cb2_1000.jpg!m_fill,w_280,h_210,f_jpg?from=ke.com
20231215,海淀,四季青,101120838514,四季青花园洋房 百万精装南北3居室有花园只卖本月必看好房,1500万,126019元/平,底层 (共11层) | 2005年 | 3室1厅 | 119.03平米 | 南 北,https://ke-image.ljcdn.com/110000-inspection/b1e1765f-55c7-49a6-83d0-603cbb86d667_1000.jpg!m_fill,w_280,h_210,f_jpg?from=ke.com
20231215,海淀,四季青,101120736205,玫瑰御园 精装大三居室 中间楼层 靠谱出售必看好房,1750万,110943元/平,低楼层 (共12层) 3室2厅 | 157.74平米 | 南 北,https://ke-image.ljcdn.com/110000-inspection/pc1_rKNmcDlGL.jpg!m_fill,w_280,h_210,f_jpg?from=ke.com
20231215,海淀,四季青,101120343621,美丽西园小区复式三居室南北向满五年,740万,90355元/平,顶层 (共6层) 3室2厅 | 81.9平米 | 南 北,https://ke-image.ljcdn.com/110000-inspection/pc1_U4VqVLJeO.jpg!m_fill,w_280,h_210,f_jpg?from=ke.com
20231215,海淀,四季青,101120275505,海淀五路居五棵松26号院南北两居室有电梯直达必看好房,668万,86540元/平,高楼层 (共9层) 2室2厅 | 77.19平米 | 南 北,https://ke-image.ljcdn.com/110000-inspection/pc1_bEHlbzZ6u.jpg!m_fill,w_280,h_210,f_jpg?from=ke.com
20231215,海淀,四季青,101118633061,汤泉逸墅云顶平墅独门独户 大面宽 高挑空,3999万,179288元/平,顶层 (共10层) | 2006年 | 5室2厅 | 223.05平米 | 南 北,https://ke-image.ljcdn.com/110000-inspection/pc1_ROovOsnS7.jpg!m_fill,w_280,h_210,f_jpg?from=ke.com
20231215,海淀,四季青,101118542425,海淀西四环边叠拼别墅三面采光观景西山必看好房,2150万,89808元/平,中楼层 (共4层) 5室3厅 | 239.4平米 | 南 北,https://ke-image.ljcdn.com/110000-inspection/pc1_2j8CNy5nf.jpg!m_fill,w_280,h_210,f_jpg?from=ke.com
20231215,海淀,四季青,101122220813,2015年次新小区五福玲珑居南区南北通透两居室新上,670万,90860元/平,低楼层 (共15层) 2室1厅 | 73.74平米 | 南 北,https://ke-image.ljcdn.com/110000-inspection/pc1_XuwJqOe5F.jpg!m_fill,w_280,h_210,f_jpg?from=ke.com
20231215,海淀,四季青,101122203946,颐慧佳园C区  2009年社区 业主诚意出售新上,1580万,97447元/平,高楼层 (共15层) 3室2厅 | 162.14平米 | 南 西 北,https://ke-image.ljcdn.com/110000-inspection/pc1_IzLqADPfj_2.jpg!m_fill,w_280,h_210,f_jpg?from=ke.com
20231215,海淀,四季青,101122176370,郦城三区 位置安静 全明格局 眼镜户型 带车位,1780万,121237元/平,顶层 (共7层) | 2005年 | 3室2厅 | 146.82平米 | 南 北,https://ke-image.ljcdn.com/110000-inspection/pc1_8xbnFfiMd.jpg!m_fill,w_280,h_210,f_jpg?from=ke.com
20231215,海淀,四季青,101122139488,美丽西园三居室楼层好视野好采光好。,930万,98517元/平,中楼层 (共6层) | 1998年 | 3室1厅 | 94.4平米 | 东 南 北,https://ke-image.ljcdn.com/110000-inspection/24477fbc-5a90-43db-a245-c12a9b176414_1000.jpg!m_fill,w_280,h_210,f_jpg?from=ke.com
20231215,海淀,四季青,101122130004,曙光花园高楼层两居东南北三面采光楼龄新,1080万,106921元/平,顶层 (共16层) | 2002年 | 2室1厅 | 101.01平米 | 东南 北,https://ke-image.ljcdn.com/110000-inspection/c4b41e8c-e389-4976-bf67-5fd0bfd8eaa2_1000.jpg!m_fill,w_280,h_210,f_jpg?from=ke.com
20231215,海淀,四季青,101122124938,郦城三区云楼三居户型好看房随时国有资产,1796万,104932元/平,高楼层 (共7层) 3室1厅 | 171.16平米 | 南 北,https://ke-image.ljcdn.com/110000-inspection/pc1_FISgH0Scl.jpg!m_fill,w_280,h_210,f_jpg?from=ke.com
20231215,海淀,四季青,101122083361,接地气正规一居室出行便利适宜居住,398万,71557元/平,底层 (共7层) 1室1厅 | 55.62平米 | 西,https://ke-image.ljcdn.com/110000-inspection/pc1_eZE5AcrLP_2.jpg!m_fill,w_280,h_210,f_jpg?from=ke.com
20231215,海淀,四季青,101122077630,精装修直接住 曙光花园望山园 满五唯一  楼层好朝向好,1120万,109977元/平,高楼层 (共17层) 2室1厅 | 101.84平米 | 东南,https://ke-image.ljcdn.com/110000-inspection/2a6e3c9b-507e-44c8-b2b7-a6cb68c53bc5_1000.jpg!m_fill,w_280,h_210,f_jpg?from=ke.com
20231215,海淀,四季青,101122070571,五福玲珑居北区两居室次顶层可拎包入住,618万,84658元/平,高楼层 (共15层) 2室1厅 | 73平米 | 南 北,https://ke-image.ljcdn.com/110000-inspection/pc1_tNkMGRDUE_2.jpg!m_fill,w_280,h_210,f_jpg?from=ke.com
20231215,海淀,四季青,101122059228,四环内次新房南北通透园区正中间三居室,950万,100753元/平,中楼层 (共15层) 3室1厅 | 94.29平米 | 南 北,https://ke-image.ljcdn.com/110000-inspection/pc1_3AOr2svl9_2.jpg!m_fill,w_280,h_210,f_jpg?from=ke.com
20231215,海淀,四季青,101122053947,五福玲珑居 精装一居室 高楼层  诚意出售,515万,93331元/平,高楼层 (共7层) 1室1厅 | 55.18平米 | 东 西,https://ke-image.ljcdn.com/110000-inspection/246e0681-e53e-47b8-98d6-b60592071002_1000.jpg!m_fill,w_280,h_210,f_jpg?from=ke.com
20231215,海淀,四季青,101122050436,和泓四季 东向一居室 户型方正,438万,87147元/平,中楼层 (共13层) | 2017年 | 1室1厅 | 50.26平米 | 东,https://ke-image.ljcdn.com/110000-inspection/pc1_xDntzyhL9_2.jpg!m_fill,w_280,h_210,f_jpg?from=ke.com
20231215,海淀,四季青,101122041781,五福玲珑居南区 慈寿寺 南北通透两居 四季青,650万,88993元/平,中楼层 (共16层) | 2016年 | 2室1厅 | 73.04平米 | 南 北,https://ke-image.ljcdn.com/110000-inspection/pc1_7aREKkv02_2.jpg!m_fill,w_280,h_210,f_jpg?from=ke.com
20231215,海淀,四季青,101122017181,四季青全明户型采光好南北通透三居室带电梯临地铁。,938万,104095元/平,低楼层 (共6层) 3室1厅 | 90.11平米 | 南 北,https://ke-image.ljcdn.com/110000-inspection/pc1_3uSLqaLOK_2.jpg!m_fill,w_280,h_210,f_jpg?from=ke.com
20231215,海淀,四季青,101122014319,曙光花园望山园中高层大两居采光好视野开阔,1120万,97409元/平,中楼层 (共17层) 2室1厅 | 114.98平米 | 东南,https://ke-image.ljcdn.com/110000-inspection/b2f9a308-861f-44b0-8ba3-f1ae07a7683a_1000.jpg!m_fill,w_280,h_210,f_jpg?from=ke.com
20231215,海淀,四季青,101121966220,水云居 高楼层 精装两居 视野开阔 无遮挡,980万,103638元/平,中楼层 (共14层) 2室1厅 | 94.56平米 | 南 西北,https://ke-image.ljcdn.com/110000-inspection/pc1_w9Q1qy0W0_2.jpg!m_fill,w_280,h_210,f_jpg?from=ke.com
20231215,海淀,四季青,101121957801,郦城三区 全新精装修 有阳台 双卫 不临街 有车位,1320万,115234元/平,低楼层 (共11层) 2室1厅 | 114.55平米 | 南 北,https://ke-image.ljcdn.com/110000-inspection/6d2a92f7-d05e-4659-801c-a4b8b20fe7c6_1000.jpg!m_fill,w_280,h_210,f_jpg?from=ke.com
20231215,海淀,四季青,101121929899,四环内全南向高楼层带电梯板楼一居室,500万,85646元/平,高楼层 (共16层) | 2020年 | 1室1厅 | 58.38平米 | 南,https://ke-image.ljcdn.com/110000-inspection/pc1_jd3BGiBQS_2.jpg!m_fill,w_280,h_210,f_jpg?from=ke.com
20231215,海淀,四季青,101121923802,昆玉河畔  临水而居  观澜国际,1899万,112574元/平,低楼层 (共16层) | 2003年 | 3室2厅 | 168.69平米 | 南 北,https://ke-image.ljcdn.com/110000-inspection/pc1_1eOQAoplt.jpg!m_fill,w_280,h_210,f_jpg?from=ke.com
20231215,海淀,四季青,101121895203,郦城三区 南向正规一居 居家装修 采光视野好无遮挡,778万,106517元/平,顶层 (共12层) 1室1厅 | 73.04平米 | 南,https://ke-image.ljcdn.com/110000-inspection/pc1_PcHPBpef6.jpg!m_fill,w_280,h_210,f_jpg?from=ke.com
20231215,海淀,四季青,101121894108,2011年水云居 朝南高楼层好户型 双卫设计 全天阳光,1250万,115463元/平,高楼层 (共14层) | 2011年 | 2室1厅 | 108.26平米 | 南 西,https://ke-image.ljcdn.com/110000-inspection/pc1_2gmtJKhVt.jpg!m_fill,w_280,h_210,f_jpg?from=ke.com
20231215,海淀,四季青,101121891626,东南两居 高楼层 视野好 诚意出售 看房方便,1050万,100749元/平,顶层 (共17层) | 2000年 | 2室1厅 | 104.22平米 | 东南,https://ke-image.ljcdn.com/110000-inspection/pc1_UzcP38vMn.jpg!m_fill,w_280,h_210,f_jpg?from=ke.com
20231215,海淀,四季青,101121891603,昆玉河畔 观澜国际 通透户型 四居室 双卫,1570万,103617元/平,低楼层 (共17层) | 2003年 | 4室2厅 | 151.52平米 | 南 北,https://ke-image.ljcdn.com/110000-inspection/pc1_qqEHDucTb_2.jpg!m_fill,w_280,h_210,f_jpg?from=ke.com
20231215,海淀,四季青,101121849826,颐慧佳园C区  2009年小区 业主诚意售房,750万,94650元/平,中楼层 (共15层) 2室1厅 | 79.24平米 | 东,https://ke-image.ljcdn.com/110000-inspection/pc1_mgKIeUKyb.jpg!m_fill,w_280,h_210,f_jpg?from=ke.com
20231215,海淀,四季青,101121844023,海淀西四环内四季青 板楼户型一层2户,495万,88126元/平,中楼层 (共6层) | 2000年 | 2室1厅 | 56.17平米 | 南 北,https://ke-image.ljcdn.com/110000-inspection/87b5888d-aaf5-4b7a-9006-0b23059faf4f_1000.jpg!m_fill,w_280,h_210,f_jpg?from=ke.com
20231215,海淀,四季青,101121843251,汤泉逸墅 南北朝向 精装修 3居室 次顶层 采光好,1750万,123431元/平,高楼层 (共11层) | 2006年 | 3室1厅 | 141.78平米 | 南 北,https://ke-image.ljcdn.com/110000-inspection/f374d20a-e861-4014-8a59-025248300c3b_1000.jpg!m_fill,w_280,h_210,f_jpg?from=ke.com
20231215,海淀,四季青,101121825664,曙光花园望福园全明格局两居有电梯,980万,103847元/平,顶层 (共6层) | 2000年 | 2室2厅 | 94.37平米 | 南 北,https://ke-image.ljcdn.com/110000-inspection/fb3999a1-5b6c-49e2-b677-6089a00ba423_1000.jpg!m_fill,w_280,h_210,f_jpg?from=ke.com
20231215,海淀,四季青,101121789922,小区安静位置保养不错小区停车方便,640万,85107元/平,底层 (共5层) 2室1厅 | 75.2平米 | 南 北,https://ke-image.ljcdn.com/110000-inspection/pc1_om4bZLqU5.jpg!m_fill,w_280,h_210,f_jpg?from=ke.com
20231215,海淀,四季青,101121740965,海淀四季青 6号线五路居 美丽西园正规一居室房主自荐,575万,90852元/平,高楼层 (共9层) 1室1厅 | 63.29平米 | 南,https://ke-image.ljcdn.com/110000-inspection/pc1_SLDGlgTzp.jpg!m_fill,w_280,h_210,f_jpg?from=ke.com
20231215,海淀,四季青,101121740032,中间楼层一居室 小区中位置 满五年唯一,446万,98892元/平,中楼层 (共4层) 1室1厅 | 45.1平米 | 南,https://ke-image.ljcdn.com/110000-inspection/pc1_HfIW6MZL6.jpg!m_fill,w_280,h_210,f_jpg?from=ke.com
20231215,海淀,四季青,101121713675,满五年唯一 有地下车位 双卧南 双明卫 落地窗,1830万,113616元/平,中楼层 (共10层) | 2006年 | 3室1厅 | 161.07平米 | 南 北,https://ke-image.ljcdn.com/110000-inspection/pc1_BHDh4EY7K_2.jpg!m_fill,w_280,h_210,f_jpg?from=ke.com
20231215,海淀,四季青,101121677635,2008年美丽经典园 经典两居室 中间楼层 双线通透,1399万,129526元/平,中楼层 (共6层) 2室1厅 | 108.01平米 | 南 北,https://ke-image.ljcdn.com/110000-inspection/4a83f3f7-605f-47ca-a442-4c6247a2a598_1000.jpg!m_fill,w_280,h_210,f_jpg?from=ke.com
20231215,海淀,四季青,101121674980,赏山赏水赏明月交通便利购物方便环境怡然,1576万,106732元/平,高楼层 (共17层) | 2003年 | 3室2厅 | 147.66平米 | 东 西,https://ke-image.ljcdn.com/110000-inspection/pc1_lBhyaSDWh_2.jpg!m_fill,w_280,h_210,f_jpg?from=ke.com
20231215,海淀,四季青,101121636152,金庄1号院南北通透两居精装修满五年唯一可拎包入住,715万,92021元/平,中楼层 (共6层) 2室1厅 | 77.7平米 | 南 北,https://ke-image.ljcdn.com/110000-inspection/9346181e-0e80-4c9e-9be5-187bbf68b42e_1000.jpg!m_fill,w_280,h_210,f_jpg?from=ke.com
20231215,海淀,四季青,101121606444,曙光花园望河园户型好三卧朝南三居室,1138万,108032元/平,中楼层 (共17层) | 2002年 | 3室1厅 | 105.34平米 | 东南,https://ke-image.ljcdn.com/110000-inspection/f0407c59-77f6-4ccc-97e8-f7f12d93343a_1000.jpg!m_fill,w_280,h_210,f_jpg?from=ke.com
20231215,海淀,四季青,101121592380,颐慧佳园C区 2009年社区 诚意出售,820万,93119元/平,中楼层 (共15层) 2室1厅 | 88.06平米 | 东南,https://ke-image.ljcdn.com/110000-inspection/pc1_NY6QaZmzL_2.jpg!m_fill,w_280,h_210,f_jpg?from=ke.com
20231215,海淀,四季青,101121565164,美丽西园南北通透四居室全明格局有车位,1199万,97552元/平,底层 (共6层) 4室2厅 | 122.91平米 | 南 北,https://ke-image.ljcdn.com/110000-inspection/8ba9c888-8269-4872-9060-8d2af8daed08_1000.jpg!m_fill,w_280,h_210,f_jpg?from=ke.com
20231215,海淀,四季青,101121558067,曙光花园望河园 满五唯一婚房装修,590万,90132元/平,顶层 (共17层) 1室1厅 | 65.46平米 | 东南,https://ke-image.ljcdn.com/110000-inspection/pc1_5AuvaY2zW.jpg!m_fill,w_280,h_210,f_jpg?from=ke.com
20231215,海淀,四季青,101121557623,颐慧佳园 新上精装一室一厅 高层观山 有车位满五唯一,655万,116902元/平,顶层 (共9层) 1室1厅 | 56.03平米 | 西,https://ke-image.ljcdn.com/110000-inspection/pc1_A1KwnbJst.jpg!m_fill,w_280,h_210,f_jpg?from=ke.com
20231215,海淀,四季青,101121459839,和泓四季 南北两居室 一梯两户,809万,86156元/平,底层 (共8层) | 2015年 | 2室1厅 | 93.9平米 | 南 北,https://ke-image.ljcdn.com/110000-inspection/pc1_zitrwaAM7_2.jpg!m_fill,w_280,h_210,f_jpg?from=ke.com
20231215,海淀,四季青,101121419669,四环内2015年次新房带电梯板楼正规1居室,443万,89877元/平,中楼层 (共16层) 1室1厅 | 49.29平米 | 东 北,https://ke-image.ljcdn.com/110000-inspection/51694b18-ce09-4974-95f4-8bc8209e04f0_1000.jpg!m_fill,w_280,h_210,f_jpg?from=ke.com
20231215,海淀,四季青,101121406411,水云居 美丽经典园二期  精装小户型,401万,113856元/平,低楼层 (共14层) 1室0厅 | 35.22平米 | 北,https://ke-image.ljcdn.com/110000-inspection/pc1_XvyLmmruU_2.jpg!m_fill,w_280,h_210,f_jpg?from=ke.com
20231215,海淀,四季青,101121386598,观澜国际 满五唯一中高层观景三居,1660万,111860元/平,中楼层 (共17层) 3室1厅 | 148.4平米 | 东 西,https://ke-image.ljcdn.com/110000-inspection/e6a6065d-3ccc-4753-bbc8-a6706bc357eb_1000.jpg!m_fill,w_280,h_210,f_jpg?from=ke.com
20231215,海淀,四季青,101121359879,五福玲珑居北区 高楼层 南北两居 视野开阔 无遮挡,630万,91278元/平,顶层 (共15层) 2室1厅 | 69.02平米 | 南 北,https://ke-image.ljcdn.com/110000-inspection/pc1_jyADA4gXP_2.jpg!m_fill,w_280,h_210,f_jpg?from=ke.com
20231215,海淀,四季青,101121344119,海淀航天桥四季青八里庄慈寿寺昆玉河楼龄新方便出行,788万,95400元/平,中楼层 (共15层) 2室1厅 | 82.6平米 | 东南,https://ke-image.ljcdn.com/110000-inspection/60c4420f-4c2b-48cf-9cff-02890271b1ff_1000.jpg!m_fill,w_280,h_210,f_jpg?from=ke.com
20231215,海淀,四季青,101121344028,美丽西园一室一厅诚心出售99年楼龄五路居,340万,72034元/平,地下室 (共9层) | 2000年 | 1室1厅 | 47.2平米 | 西北,https://ke-image.ljcdn.com/110000-inspection/pc1_Fb6rMLQxn_2.jpg!m_fill,w_280,h_210,f_jpg?from=ke.com
20231215,海淀,四季青,101121299560,和泓四季纯东向一居室中高楼层采光好视野开阔,438万,85698元/平,中楼层 (共15层) | 2016年 | 1室1厅 | 51.11平米 | 东,https://ke-image.ljcdn.com/110000-inspection/pc1_VJQ7cWvqo_2.jpg!m_fill,w_280,h_210,f_jpg?from=ke.com
20231215,海淀,四季青,101121286185,和泓四季 东向一居室 无遮挡 户型方正,460万,90002元/平,中楼层 (共15层) | 2016年 | 1室1厅 | 51.11平米 | 东,https://ke-image.ljcdn.com/110000-inspection/pc1_pAVTbHydx_2.jpg!m_fill,w_280,h_210,f_jpg?from=ke.com
20231215,海淀,四季青,101121266666,五福玲珑居北区 正规一居室 西边户 诚心出售,419万,85008元/平,中楼层 (共15层) 1室1厅 | 49.29平米 | 西北,https://ke-image.ljcdn.com/110000-inspection/476315c9-ef94-46a6-9a50-6a9165fbab44_1000.jpg!m_fill,w_280,h_210,f_jpg?from=ke.com
20231215,海淀,四季青,101121261962,五福玲珑居北区 高层 前后不临街 诚意卖 2015年小区,630万,86933元/平,中楼层 (共16层) 2室1厅 | 72.47平米 | 南 北,https://ke-image.ljcdn.com/110000-inspection/pc1_6Xqq1zjIz.jpg!m_fill,w_280,h_210,f_jpg?from=ke.com
20231215,海淀,四季青,101121245305,美丽经典二期 明厨双明卫 南北双线通透 南北两居,1360万,109660元/平,底层 (共7层) | 2011年 | 2室2厅 | 124.02平米 | 南 北,https://ke-image.ljcdn.com/110000-inspection/pc1_lTUeCoNAs.jpg!m_fill,w_280,h_210,f_jpg?from=ke.com
20231215,海淀,四季青,101121242597,五福玲珑居 精装一居 高楼层 采光视野好 有车位,295万,74270元/平,高楼层 (共16层) 1室1厅 | 39.72平米 | 南,https://ke-image.ljcdn.com/110000-inspection/pc1_KHPffzePq.jpg!m_fill,w_280,h_210,f_jpg?from=ke.com
20231215,海淀,四季青,101121229513,五福玲珑居北区 高楼层 明厨明卫一居 有燃气,480万,91674元/平,高楼层 (共16层) 1室1厅 | 52.36平米 | 南,https://ke-image.ljcdn.com/110000-inspection/pc1_BOqbPWK1o_2.jpg!m_fill,w_280,h_210,f_jpg?from=ke.com
20231215,海淀,四季青,101121213608,曙光花园 1室2厅 西南,878万,107996元/平,中楼层 (共17层) | 2000年 | 1室2厅 | 81.3平米 | 西南,https://ke-image.ljcdn.com/110000-inspection/pc1_FxFoSq4td_2.jpg!m_fill,w_280,h_210,f_jpg?from=ke.com
20231215,海淀,四季青,101121203233,昆玉河畔 边户大三居 带边窗 有明卫 采光视野好,2036万,113256元/平,低楼层 (共17层) | 2003年 | 3室1厅 | 179.77平米 | 东南 西北,https://ke-image.ljcdn.com/110000-inspection/pc1_WXzPBB811_2.jpg!m_fill,w_280,h_210,f_jpg?from=ke.com
20231215,海淀,四季青,101121177744,五福玲珑居南区 高层 视野开阔 保持干净整洁 看房方便,320万,80972元/平,顶层 (共16层) | 2016年 | 1室0厅 | 39.52平米 | 南,https://ke-image.ljcdn.com/110000-inspection/pc1_IqtLnBl9Q_2.jpg!m_fill,w_280,h_210,f_jpg?from=ke.com
20231215,海淀,四季青,101121169983,周边交通生活便利 临着河 南北对着花园房主自荐,1960万,116190元/平,中楼层 (共16层) | 2003年 | 3室1厅 | 168.69平米 | 南 北,https://ke-image.ljcdn.com/110000-inspection/255d2bd0-ebb8-4c72-9b3c-97f83462a66b_1000.jpg!m_fill,w_280,h_210,f_jpg?from=ke.com
20231215,海淀,四季青,101121152632,五福玲珑居南区 全南向一居 有燃气 无遮挡,408万,77390元/平,低楼层 (共16层) 1室1厅 | 52.72平米 | 南,https://ke-image.ljcdn.com/110000-inspection/a0527ea1-fd77-4967-8457-396ad2cbaa2f_1000.jpg!m_fill,w_280,h_210,f_jpg?from=ke.com
20231215,海淀,四季青,101121147128,五福玲珑居北区 慈寿寺地铁站 6号线10号线交汇房主自荐,650万,89323元/平,高楼层 (共16层) 2室1厅 | 72.77平米 | 南 北,https://ke-image.ljcdn.com/110000-inspection/dd80cd07-3787-4892-87f1-b3bba4f8dd45_1000.jpg!m_fill,w_280,h_210,f_jpg?from=ke.com
20231215,海淀,四季青,101121104935,曙光花园 品质三居 楼层好 采光视野都很好,1680万,106844元/平,中楼层 (共16层) | 2002年 | 3室2厅 | 157.24平米 | 西南,https://ke-image.ljcdn.com/110000-inspection/bcd6a620-79ae-47e9-a2e5-f52820c426c2_1000.jpg!m_fill,w_280,h_210,f_jpg?from=ke.com
20231215,海淀,四季青,101121096992,海淀区四季青五路居美丽西园南北通透板楼三居室有电梯,1330万,102870元/平,低楼层 (共9层) | 2002年 | 3室1厅 | 129.29平米 | 南 北,https://ke-image.ljcdn.com/110000-inspection/badc2c64-8a78-4d7a-a241-0db73edeb01d_1000.jpg!m_fill,w_280,h_210,f_jpg?from=ke.com
20231215,海淀,四季青,101121091253,金雅园南区满五年四居 南北通透 采光很好,1450万,90293元/平,底层 (共7层) | 2002年 | 3室2厅 | 160.59平米 | 南 北,https://ke-image.ljcdn.com/110000-inspection/053a0151-8980-4664-97c9-300de553f942_1000.jpg!m_fill,w_280,h_210,f_jpg?from=ke.com
20231215,海淀,四季青,101121065244,曙光花园望塔园 西南向两居好户型房主自荐,798万,94528元/平,中楼层 (共17层) | 2001年 | 2室1厅 | 84.42平米 | 西南,https://ke-image.ljcdn.com/110000-inspection/ee8441ce-ce3a-40c2-b835-055891a4d244_1000.jpg!m_fill,w_280,h_210,f_jpg?from=ke.com
20231215,海淀,四季青,101121056942,五福玲珑居南区 三条地铁  2015年  有电梯,325万,84702元/平,低楼层 (共16层) | 2016年 | 1室0厅 | 38.37平米 | 南,https://ke-image.ljcdn.com/110000-inspection/93f395cf-4a12-4acc-9317-c03bd73e7c91_1000.jpg!m_fill,w_280,h_210,f_jpg?from=ke.com
20231215,海淀,四季青,101121053597,五福玲珑居南区正规一居室全南一居室,460万,87254元/平,中楼层 (共16层) | 2016年 | 1室1厅 | 52.72平米 | 南,https://ke-image.ljcdn.com/110000-inspection/8ed53219-38d3-4d5b-a007-3f07714153d2_1000.jpg!m_fill,w_280,h_210,f_jpg?from=ke.com
20231215,海淀,四季青,101121050906,诚品建筑 高楼层 两居室 安静,1245万,116530元/平,高楼层 (共14层) 2室2厅 | 106.84平米 | 东 西,https://ke-image.ljcdn.com/110000-inspection/pc1_ORoWP4PHq_2.jpg!m_fill,w_280,h_210,f_jpg?from=ke.com
20231215,海淀,四季青,101121049964,郦城三区 山楼户型方正 带明卫三居,1698万,119209元/平,顶层 (共7层) | 2006年 | 3室2厅 | 142.44平米 | 南 北,https://ke-image.ljcdn.com/110000-inspection/pc1_IhNH3p1ma_2.jpg!m_fill,w_280,h_210,f_jpg?from=ke.com
20231215,海淀,四季青,101121018169,房子满五年楼层好视野好产权清晰诚意出售,465万,119970元/平,中楼层 (共9层) | 2005年 | 1室0厅 | 38.76平米 | 东,https://ke-image.ljcdn.com/110000-inspection/pc1_a4wsykYC9.jpg!m_fill,w_280,h_210,f_jpg?from=ke.com
20231215,海淀,四季青,101120984064,郦城二区 双卧室朝南高层大三居 带转角视野,1850万,107197元/平,中楼层 (共12层) | 2002年 | 3室2厅 | 172.58平米 | 南 北,https://ke-image.ljcdn.com/110000-inspection/pc1_TDMTwqL4j_2.jpg!m_fill,w_280,h_210,f_jpg?from=ke.com
20231215,海淀,四季青,101120946721,美丽西园  东西两居室  户型格局好,620万,76496元/平,低楼层 (共9层) 2室1厅 | 81.05平米 | 西 东,https://ke-image.ljcdn.com/110000-inspection/pc1_3GHaeKUm7_2.jpg!m_fill,w_280,h_210,f_jpg?from=ke.com
20231215,海淀,四季青,101120918604,昆玉河畔 曙光花园 商品房 人车分流 高楼层 视野好,1068万,103841元/平,高楼层 (共17层) | 2000年 | 2室1厅 | 102.85平米 | 西南 西,https://ke-image.ljcdn.com/110000-inspection/pc1_wMjqZLZUZ_2.jpg!m_fill,w_280,h_210,f_jpg?from=ke.com
20231215,海淀,四季青,101120904903,海淀四季青美丽园洋房社区板楼三居,1740万,136289元/平,低楼层 (共6层) | 2000年 | 3室2厅 | 127.67平米 | 南 北,https://ke-image.ljcdn.com/110000-inspection/pc1_7WYrVWBro.jpg!m_fill,w_280,h_210,f_jpg?from=ke.com
20231215,海淀,四季青,101120880052,曙光花园南北通透三居室人车分流不临街,1399万,104575元/平,中楼层 (共17层) | 1999年 | 3室1厅 | 133.78平米 | 南 北,https://ke-image.ljcdn.com/110000-inspection/7f0793f7-1726-4065-9c6c-5364dbc6d085_1000.jpg!m_fill,w_280,h_210,f_jpg?from=ke.com
20231215,海淀,四季青,101120876309,昆玉河畔慈寿寺双地铁安静百万精装高层视野好,1070万,129446元/平,高楼层 (共9层) | 2005年 | 2室1厅 | 82.66平米 | 东 南,https://ke-image.ljcdn.com/110000-inspection/pc1_xRFBuIdFL.jpg!m_fill,w_280,h_210,f_jpg?from=ke.com
20231215,海淀,四季青,101120868042,美丽星苑 边户三居室 有一个明卫,1345万,105998元/平,高楼层 (共10层) 3室1厅 | 126.89平米 | 南 北,https://ke-image.ljcdn.com/110000-inspection/pc1_Kwme0RMYD.jpg!m_fill,w_280,h_210,f_jpg?from=ke.com
20231215,海淀,四季青,101120859649,五路居 带燃气 南北两居室 采光充足,650万,87413元/平,高楼层 (共16层) | 2020年 | 2室1厅 | 74.36平米 | 南 北,https://ke-image.ljcdn.com/110000-inspection/93b4d3d2-cce7-4d57-8a27-b3bdc02ac03d_1000.jpg!m_fill,w_280,h_210,f_jpg?from=ke.com
20231215,海淀,四季青,101120845699,京投银泰琨御府 西区 人车分流 车位充足 2016年小区,2138万,179861元/平,顶层 (共9层) | 2015年 | 2室1厅 | 118.87平米 | 南 北,https://ke-image.ljcdn.com/110000-inspection/e653bcfa-f86d-4479-b419-f5a29f20b1f9_1000.jpg!m_fill,w_280,h_210,f_jpg?from=ke.com
20231215,海淀,四季青,101120793853,诚品建筑 1室1厅 北,636万,109073元/平,中楼层 (共14层) | 2004年 | 1室1厅 | 58.31平米 | 北,https://ke-image.ljcdn.com/110000-inspection/pc1_QWCYNKooi.jpg!m_fill,w_280,h_210,f_jpg?from=ke.com
20231215,海淀,四季青,101120746535,三卧室朝南 精致装修 布局合理 适合居家换房,1090万,101217元/平,顶层 (共17层) 3室1厅 | 107.69平米 | 南 西,https://ke-image.ljcdn.com/110000-inspection/pc1_wFHXEsOQn.jpg!m_fill,w_280,h_210,f_jpg?from=ke.com
20231215,海淀,四季青,101120741067,曙光花园望塔园户型方正精装两居室房主自荐,840万,96697元/平,底层 (共17层) 2室1厅 | 86.87平米 | 北,https://ke-image.ljcdn.com/110000-inspection/pc1_7TqlvdvRX.jpg!m_fill,w_280,h_210,f_jpg?from=ke.com
20231215,海淀,四季青,101120718499,昆玉河畔    观澜国际    三居室,1580万,104886元/平,低楼层 (共17层) | 2003年 | 3室1厅 | 150.64平米 | 东 西,https://ke-image.ljcdn.com/110000-inspection/pc1_KHMECKN7b.jpg!m_fill,w_280,h_210,f_jpg?from=ke.com
20231215,海淀,四季青,101120675356,郦城二区 次顶层 南向大面宽 百万装修 有明卫,1608万,119368元/平,高楼层 (共12层) | 2002年 | 3室2厅 | 134.71平米 | 南 北,https://ke-image.ljcdn.com/110000-inspection/pc1_GLIRCPfUH.jpg!m_fill,w_280,h_210,f_jpg?from=ke.com
20231215,海淀,四季青,101120645332,郦城二区 树楼3居 南北通透 3个阳台 三面采光,1498万,114922元/平,低楼层 (共11层) | 2004年 | 3室2厅 | 130.35平米 | 南 西 北,https://ke-image.ljcdn.com/110000-inspection/b0ff9503-0f74-4367-b609-8e3360b949f0_1000.jpg!m_fill,w_280,h_210,f_jpg?from=ke.com
20231215,海淀,四季青,101120580214,五福玲珑居北区 低层洋房 地下车库,450万,86026元/平,高楼层 (共7层) 1室1厅 | 52.31平米 | 东 西,https://ke-image.ljcdn.com/110000-inspection/pc1_97Fi7dy90_2.jpg!m_fill,w_280,h_210,f_jpg?from=ke.com
20231215,海淀,四季青,101120545625,五福玲珑居南区海淀四环内三条地铁次新房,625万,84769元/平,高楼层 (共15层) | 2016年 | 2室1厅 | 73.73平米 | 南 北,https://ke-image.ljcdn.com/110000-inspection/pc1_iNXK8rMuK_2.jpg!m_fill,w_280,h_210,f_jpg?from=ke.com
20231215,海淀,四季青,101120512641,中间层 安静位置 产权清晰 业主诚心出售,675万,90751元/平,中楼层 (共16层) 2室2厅 | 74.38平米 | 南 北,https://ke-image.ljcdn.com/110000-inspection/pc1_fwIHp4klw.jpg!m_fill,w_280,h_210,f_jpg?from=ke.com
20231215,海淀,四季青,101120507899,五福玲珑居 次新房两居室 慈寿寺地铁,575万,78951元/平,顶层 (共7层) 2室1厅 | 72.83平米 | 东 西,https://ke-image.ljcdn.com/110000-inspection/pc1_RTke72YtC.jpg!m_fill,w_280,h_210,f_jpg?from=ke.com
20231215,海淀,四季青,101120397714,昆玉河畔 观澜国际 精装修 三居室,1750万,114898元/平,低楼层 (共17层) | 2003年 | 3室1厅 | 152.31平米 | 东南 西北,https://ke-image.ljcdn.com/110000-inspection/pc1_EDryiNyJb.jpg!m_fill,w_280,h_210,f_jpg?from=ke.com
20231215,海淀,四季青,101120371375,四季青商圈 低密纯商品房社区 人车分流 车位充足,1850万,127332元/平,中楼层 (共13层) | 2004年 | 3室1厅 | 145.29平米 | 南 北,https://ke-image.ljcdn.com/110000-inspection/pc1_ioP6B6CaF.jpg!m_fill,w_280,h_210,f_jpg?from=ke.com
20231215,海淀,四季青,101120332071,和泓四季 南北三居室 户型方正 诚意出售,819万,86311元/平,底层 (共16层) | 2016年 | 3室2厅 | 94.89平米 | 南 北,https://ke-image.ljcdn.com/110000-inspection/pc1_EKeJ0V2f1_2.jpg!m_fill,w_280,h_210,f_jpg?from=ke.com
20231215,海淀,四季青,101120187298,颐慧佳园B区 南北通透 电梯入库 一梯两户板楼,968万,100960元/平,底层 (共9层) | 2007年 | 1室1厅 | 95.88平米 | 南 北,https://ke-image.ljcdn.com/110000-inspection/pc1_jttY4oW7N.jpg!m_fill,w_280,h_210,f_jpg?from=ke.com
20231215,海淀,四季青,101120176553,美丽星苑全南格局中间层精装带钥匙,799万,103672元/平,中楼层 (共10层) 1室1厅 | 77.07平米 | 南,https://ke-image.ljcdn.com/110000-inspection/pc1_dfX4LJf5t.jpg!m_fill,w_280,h_210,f_jpg?from=ke.com
20231215,海淀,四季青,101120159942,曙光花园 高层西南大两居 满五年唯一 视野好,1130万,109880元/平,高楼层 (共17层) | 2000年 | 2室1厅 | 102.84平米 | 西南,https://ke-image.ljcdn.com/110000-inspection/7a6d05bd-aca8-4f45-8148-a255723ffed5_1000.jpg!m_fill,w_280,h_210,f_jpg?from=ke.com
20231215,海淀,四季青,101120121871,诚品建筑东向一居室满二低成本诚意出售,688万,109034元/平,中楼层 (共14层) | 2003年 | 1室1厅 | 63.1平米 | 东,https://ke-image.ljcdn.com/110000-inspection/pc1_9h5803yia.jpg!m_fill,w_280,h_210,f_jpg?from=ke.com
20231215,海淀,四季青,101120030393,曙光花园 05户型 主卧室客厅朝南 无遮挡,1160万,111218元/平,顶层 (共17层) 2室1厅 | 104.3平米 | 西南,https://ke-image.ljcdn.com/110000-inspection/pc1_sS0nXqnSh.jpg!m_fill,w_280,h_210,f_jpg?from=ke.com
20231215,海淀,四季青,101120015637,汤泉逸墅二期 南北通透大三居中间楼层 位置安静,1890万,117341元/平,低楼层 (共10层) | 2006年 | 3室1厅 | 161.07平米 | 南 北,https://ke-image.ljcdn.com/110000-inspection/pc1_vQzEmOZi2.jpg!m_fill,w_280,h_210,f_jpg?from=ke.com
20231215,海淀,四季青,101119936526,曙光花园 东南两居视野开阔采光好,1080万,105018元/平,中楼层 (共17层) | 2000年 | 2室1厅 | 102.84平米 | 东南,https://ke-image.ljcdn.com/110000-inspection/pc1_rBQk9pzMp.jpg!m_fill,w_280,h_210,f_jpg?from=ke.com
20231215,海淀,四季青,101119930970,五棵松26号院两居室  近地铁 交通便捷房主自荐,430万,70654元/平,高楼层 (共6层) 2室1厅 | 60.86平米 | 东,https://ke-image.ljcdn.com/110000-inspection/pc1_5gbSwIGhG.jpg!m_fill,w_280,h_210,f_jpg?from=ke.com
20231215,海淀,四季青,101119751161,五福玲珑居南区 慈寿寺 车道沟 四季青桥四环内 2015年,496万,86957元/平,中楼层 (共7层) | 2015年 | 1室1厅 | 57.04平米 | 东 西,https://ke-image.ljcdn.com/110000-inspection/pc1_Cfpw9sO5i.jpg!m_fill,w_280,h_210,f_jpg?from=ke.com
20231215,海淀,四季青,101119686451,农林科学院 南北小两居 满五唯一博洛尼精装 停车方便,599万,116537元/平,底层 (共4层) | 1991年 | 2室1厅 | 51.4平米 | 南 北,https://ke-image.ljcdn.com/110000-inspection/pc1_JIGnkelc3.jpg!m_fill,w_280,h_210,f_jpg?from=ke.com
20231215,海淀,四季青,101119681163,昆玉河畔人车分流层高2.95米慈寿寺中间C位。,1980万,126381元/平,中楼层 (共7层) | 2003年 | 3室2厅 | 156.67平米 | 南 北,https://ke-image.ljcdn.com/110000-inspection/pc1_JlwA67XX0.jpg!m_fill,w_280,h_210,f_jpg?from=ke.com
20231215,海淀,四季青,101119680153,观澜国际 正观园区花园 采光视野好房主自荐,1919万,120571元/平,中楼层 (共16层) | 2004年 | 3室2厅 | 159.16平米 | 南 北,https://ke-image.ljcdn.com/110000-inspection/pc1_UhaTh25EF_2.jpg!m_fill,w_280,h_210,f_jpg?from=ke.com
20231215,海淀,四季青,101119678322,中间楼层、采光好、上下方便、前后花园,430万,97950元/平,中楼层 (共4层) | 1991年 | 1室1厅 | 43.9平米 | 南,https://ke-image.ljcdn.com/110000-inspection/pc1_5WClVhW1C.jpg!m_fill,w_280,h_210,f_jpg?from=ke.com
20231215,海淀,四季青,101119673544,农林科学院宿舍全南向一居室 采光视野好,450万,98685元/平,顶层 (共5层) | 1993年 | 1室1厅 | 45.6平米 | 南,https://ke-image.ljcdn.com/110000-inspection/pc1_ldgIrlvta.jpg!m_fill,w_280,h_210,f_jpg?from=ke.com
20231215,海淀,四季青,101119644590,曙光花园望河园 精装修 商品房 视野好,1220万,86439元/平,高楼层 (共17层) 4室1厅 | 141.14平米 | 南 北,https://ke-image.ljcdn.com/110000-inspection/pc1_AkAgH4bKH.jpg!m_fill,w_280,h_210,f_jpg?from=ke.com
20231215,海淀,四季青,101119612531,南北通透板楼16年新房精装三居环境好看房随时房主自荐,1199万,89238元/平,高楼层 (共9层) | 2015年 | 3室2厅 | 134.36平米 | 南 北,https://ke-image.ljcdn.com/110000-inspection/pc1_dSgfHSto2.jpg!m_fill,w_280,h_210,f_jpg?from=ke.com
20231215,海淀,四季青,101119591056,颐慧佳园B区 登记两居室 光线好 满五年唯一 随时签,1460万,120333元/平,低楼层 (共9层) 2室1厅 | 121.33平米 | 南 北,https://ke-image.ljcdn.com/110000-inspection/pc1_N0DWc4lx8.jpg!m_fill,w_280,h_210,f_jpg?from=ke.com
20231215,海淀,四季青,101119545640,南北通透小两居室入住海淀西三环半停车便利,650万,87390元/平,中楼层 (共16层) | 2020年 | 2室1厅 | 74.38平米 | 南 北,https://ke-image.ljcdn.com/110000-inspection/pc1_EnZ7Xb0H3.jpg!m_fill,w_280,h_210,f_jpg?from=ke.com
20231215,海淀,四季青,101119511533,美丽园二期中间位置 电梯可直达地库 2002年电梯洋房,1340万,120841元/平,低楼层 (共6层) 2室1厅 | 110.89平米 | 南 北,https://ke-image.ljcdn.com/110000-inspection/pc1_YoHF6Y4Y4.jpg!m_fill,w_280,h_210,f_jpg?from=ke.com
20231215,海淀,四季青,101119466224,北京农科院宿舍 南北三居 满五年唯一 精装修,750万,104457元/平,顶层 (共4层) 3室1厅 | 71.8平米 | 南 北,https://ke-image.ljcdn.com/110000-inspection/pc1_wtHbPuvvY.jpg!m_fill,w_280,h_210,f_jpg?from=ke.com
20231215,海淀,四季青,101119445083,金雅园北区 2室1厅 南 北,878万,97665元/平,顶层 (共9层) 2室1厅 | 89.9平米 | 南 北,https://ke-image.ljcdn.com/110000-inspection/pc1_jkphFWZr0.jpg!m_fill,w_280,h_210,f_jpg?from=ke.com
20231215,海淀,四季青,101119410576,【店长推荐】满五唯一中间层两居室业主诚心出售,1460万,120652元/平,低楼层 (共6层) | 2005年 | 2室1厅 | 121.01平米 | 南 北,https://ke-image.ljcdn.com/110000-inspection/pc1_IJ6Dp0D8s.jpg!m_fill,w_280,h_210,f_jpg?from=ke.com
20231215,海淀,四季青,101119364032,美丽园南北通透三居高楼层带电梯近水系,2200万,143782元/平,高楼层 (共6层) | 2000年 | 3室1厅 | 153.01平米 | 南 北,https://ke-image.ljcdn.com/110000-inspection/7e46169e-7647-4ce2-817c-0df0eb484a23_1000.jpg!m_fill,w_280,h_210,f_jpg?from=ke.com
20231215,海淀,四季青,101119335670,六号线十号线高楼层采光好15年次新小区,666万,90330元/平,高楼层 (共15层) | 2016年 | 2室1厅 | 73.73平米 | 南 北,https://ke-image.ljcdn.com/110000-inspection/pc1_JxWZN1Fyw.jpg!m_fill,w_280,h_210,f_jpg?from=ke.com
20231215,海淀,四季青,101119314454,颐慧佳园A区 精装一居室中间楼层采光好视野好,660万,112609元/平,中楼层 (共9层) | 2005年 | 1室1厅 | 58.61平米 | 西,https://ke-image.ljcdn.com/110000-inspection/ad5f904c-eecf-4d16-bd3b-6ea2153c3159_1000.jpg!m_fill,w_280,h_210,f_jpg?from=ke.com
20231215,海淀,四季青,101119308540,观澜国际 高层三居室 视野好 正观西山山脉 采光无遮挡,1980万,116362元/平,高楼层 (共17层) | 2003年 | 3室2厅 | 170.16平米 | 南 北,https://ke-image.ljcdn.com/110000-inspection/pc1_Uwe5RAnzv.jpg!m_fill,w_280,h_210,f_jpg?from=ke.com
20231215,海淀,四季青,101119242734,和泓四季 房龄新 南北通透 户型方正,1000万,106463元/平,低楼层 (共14层) | 2015年 | 3室1厅 | 93.93平米 | 南 北,https://ke-image.ljcdn.com/110000-inspection/pc1_XlbL7BQlu.jpg!m_fill,w_280,h_210,f_jpg?from=ke.com
20231215,海淀,四季青,101119197309,五福玲珑居南区 一居室 诚意出售,508万,87753元/平,低楼层 (共15层) | 2015年 | 1室1厅 | 57.89平米 | 南,https://ke-image.ljcdn.com/110000-inspection/pc1_x1ltdRVJA_1.jpg!m_fill,w_280,h_210,f_jpg?from=ke.com
20231215,海淀,四季青,101119138997,昆玉河畔 观澜国际 精装修 南北通透三居室,1980万,117669元/平,低楼层 (共17层) | 2003年 | 3室1厅 | 168.27平米 | 南 北,https://ke-image.ljcdn.com/110000-inspection/pc1_42uBjBQE1.jpg!m_fill,w_280,h_210,f_jpg?from=ke.com
20231215,海淀,四季青,101119134448,四季青慈寿寺五路居五福玲珑居南区,693万,93171元/平,中楼层 (共16层) 2室1厅 | 74.38平米 | 南 北,https://ke-image.ljcdn.com/110000-inspection/pc1_eUn6axhE0.jpg!m_fill,w_280,h_210,f_jpg?from=ke.com
20231215,海淀,四季青,101119133684,五福高楼层开间视野开阔观电视塔,305万,75890元/平,顶层 (共16层) 1室0厅 | 40.19平米 | 南,https://ke-image.ljcdn.com/110000-inspection/pc1_T4zB5zUuO.jpg!m_fill,w_280,h_210,f_jpg?from=ke.com
20231215,海淀,四季青,101119076676,满五年 东南一居 小户型  业主诚意出售,360万,96775元/平,底层 (共4层) | 1984年 | 1室1厅 | 37.2平米 | 东南,https://ke-image.ljcdn.com/110000-inspection/pc1_BWFW6ZuAq.jpg!m_fill,w_280,h_210,f_jpg?from=ke.com
20231215,海淀,四季青,101118869684,2012年美丽星苑 中间楼层  仅契税  全南格局,795万,103153元/平,低楼层 (共10层) 1室1厅 | 77.07平米 | 南,https://ke-image.ljcdn.com/110000-inspection/6d7c5194-1d2f-4725-8532-f0f0e6a20e30_1000.jpg!m_fill,w_280,h_210,f_jpg?from=ke.com
20231215,海淀,四季青,101118819877,五福玲珑居南区五福玲珑居南区五福玲珑居南区,688万,93301元/平,高楼层 (共15层) 2室1厅 | 73.74平米 | 南 北,https://ke-image.ljcdn.com/110000-inspection/pc1_jmkgKzuZ5_2.jpg!m_fill,w_280,h_210,f_jpg?from=ke.com
20231215,海淀,四季青,101118818792,海淀四环6层洋房人车分流一梯两户明厨双明卫,2260万,134460元/平,中楼层 (共7层) | 2004年 | 3室2厅 | 168.08平米 | 南 北,https://ke-image.ljcdn.com/110000-inspection/pc1_DSLizNbLi.jpg!m_fill,w_280,h_210,f_jpg?from=ke.com
20231215,海淀,四季青,101118808179,颐慧佳园A区优质一室一厅精装采光好业主诚心出售房主自荐,690万,118091元/平,低楼层 (共9层) | 2005年 | 1室1厅 | 58.43平米 | 西,https://ke-image.ljcdn.com/110000-inspection/pc1_3xQWh1Wh9.jpg!m_fill,w_280,h_210,f_jpg?from=ke.com
20231215,海淀,四季青,101118740113,五福玲珑居南区 高楼层 南北通透板楼两居,655万,88062元/平,高楼层 (共16层) | 2020年 | 2室1厅 | 74.38平米 | 南 北,https://ke-image.ljcdn.com/110000-inspection/pc1_IHLVWywCo.jpg!m_fill,w_280,h_210,f_jpg?from=ke.com
20231215,海淀,四季青,101118739726,五福玲珑居2016年房龄两居室诚心出售看房提前约,499万,67735元/平,底层 (共7层) 2室1厅 | 73.67平米 | 东 西,https://ke-image.ljcdn.com/110000-inspection/pc1_Eev1kRwoK.jpg!m_fill,w_280,h_210,f_jpg?from=ke.com
20231215,海淀,四季青,101118716428,诚品建筑东北两居室满五唯一看房提前预约,1435万,115456元/平,高楼层 (共11层) 2室2厅 | 124.29平米 | 东 北,https://ke-image.ljcdn.com/110000-inspection/pc1_17DkxF0my.jpg!m_fill,w_280,h_210,f_jpg?from=ke.com
20231215,海淀,四季青,101118644676,农林南北三居 户型好 业主诚意出售 2002年房子,1190万,116189元/平,底层 (共6层) | 2002年 | 3室1厅 | 102.42平米 | 东 南 北,https://ke-image.ljcdn.com/110000-inspection/pc1_Txb55Uo9T.jpg!m_fill,w_280,h_210,f_jpg?from=ke.com
20231215,海淀,四季青,101118573071,郦城二区南北三居室落地飘窗采光好视线好户型好,1528万,117223元/平,低楼层 (共11层) | 2004年 | 3室1厅 | 130.35平米 | 南 北,https://ke-image.ljcdn.com/110000-inspection/pc1_QoJ1BEI15.jpg!m_fill,w_280,h_210,f_jpg?from=ke.com
20231215,海淀,四季青,101118541839,美丽西园商品房院南北两居室高楼层视野采光好,830万,88449元/平,顶层 (共6层) | 2002年 | 2室1厅 | 93.84平米 | 南 北,https://ke-image.ljcdn.com/110000-inspection/130bba1f-6ebb-407b-82ec-ceae45d68d73_1000.jpg!m_fill,w_280,h_210,f_jpg?from=ke.com
20231215,海淀,四季青,101118472444,美丽园南北两居室 中间位置不临街 有储物间有车位,1400万,126389元/平,低楼层 (共7层) 2室2厅 | 110.77平米 | 南 北,https://ke-image.ljcdn.com/110000-inspection/pc1_kRAci93Me.jpg!m_fill,w_280,h_210,f_jpg?from=ke.com
20231215,海淀,四季青,101118404454,曙光花园望山园 高楼层三居室 三个阳台,1518万,111733元/平,中楼层 (共17层) 3室1厅 | 135.86平米 | 东南,https://ke-image.ljcdn.com/110000-inspection/pc1_kJyJOCsPS.jpg!m_fill,w_280,h_210,f_jpg?from=ke.com
20231215,海淀,四季青,101118354613,美丽经典园二期水云居南北通透两居室,1330万,108078元/平,底层 (共7层) 2室1厅 | 123.06平米 | 南 北,https://ke-image.ljcdn.com/110000-inspection/481a4b4d-1d0c-4b6a-bd08-6a3669704ab9_1000.jpg!m_fill,w_280,h_210,f_jpg?from=ke.com
20231215,海淀,四季青,101118330842,南北通透户型方正无浪费面积满五唯一,640万,85107元/平,底层 (共5层) 2室1厅 | 75.2平米 | 南 北,https://ke-image.ljcdn.com/110000-inspection/pc1_H9z6t2pPg.jpg!m_fill,w_280,h_210,f_jpg?from=ke.com
20231215,海淀,四季青,101118273785,精装小户型有燃气小区有花园水系,425万,120671元/平,中楼层 (共14层) | 2011年 | 1室0厅 | 35.22平米 | 北,https://ke-image.ljcdn.com/110000-inspection/pc1_Dqx4BDfE2_2.jpg!m_fill,w_280,h_210,f_jpg?from=ke.com
20231215,海淀,四季青,101118156082,汤泉逸墅双明卫全明格局 有车位 近地铁 安静 满五唯一,2270万,123531元/平,低楼层 (共7层) | 2004年 | 4室2厅 | 183.76平米 | 南 北,https://ke-image.ljcdn.com/110000-inspection/pc1_pzDeMS663.jpg!m_fill,w_280,h_210,f_jpg?from=ke.com
20231215,海淀,四季青,101118130724,西四环内美丽西园 钢混带电梯  南北两居室,680万,83899元/平,高楼层 (共9层) 2室2厅 | 81.05平米 | 南 北,https://ke-image.ljcdn.com/110000-inspection/pc1_s0Ki2iHo8.jpg!m_fill,w_280,h_210,f_jpg?from=ke.com
20231215,海淀,四季青,101118013504,西南北三面采光户型方正无浪费面积,700万,93086元/平,底层 (共5层) 2室1厅 | 75.2平米 | 南 北,https://ke-image.ljcdn.com/110000-inspection/pc1_LbATWRjv3.jpg!m_fill,w_280,h_210,f_jpg?from=ke.com
20231215,海淀,四季青,101117669964,满五年唯一住房新楼可以直接下地库房子保养的很好,1090万,104577元/平,低楼层 (共17层) | 2001年 | 2室1厅 | 104.23平米 | 西南,https://ke-image.ljcdn.com/110000-inspection/pc1_MPH3FKgV4.jpg!m_fill,w_280,h_210,f_jpg?from=ke.com
20231215,海淀,四季青,101117624251,美丽西园 有电梯 位置安静  居家装修,709万,87477元/平,中楼层 (共9层) 3室2厅 | 81.05平米 | 东 西,https://ke-image.ljcdn.com/110000-inspection/pc1_M2jGUwg7h.jpg!m_fill,w_280,h_210,f_jpg?from=ke.com
20231215,海淀,四季青,101117623414,汤泉逸墅 南北通透 不临街 采光好 交通便利,1965万,117062元/平,底层 (共10层) | 2006年 | 3室2厅 | 167.86平米 | 南 北,https://ke-image.ljcdn.com/110000-inspection/pc1_3MTVCWNlF.jpg!m_fill,w_280,h_210,f_jpg?from=ke.com
20231215,海淀,四季青,101117539997,2015年次新房五福全南向开间,309万,80532元/平,中楼层 (共16层) 1室0厅 | 38.37平米 | 南,https://ke-image.ljcdn.com/110000-inspection/pc1_8rDCzp5cI.jpg!m_fill,w_280,h_210,f_jpg?from=ke.com
20231215,海淀,四季青,101117260042,诚品建筑南北通透四居室四面朝阳小区中间诚意出售,2550万,104913元/平,中楼层 (共11层) | 2004年 | 4室2厅 | 243.06平米 | 南 北,https://ke-image.ljcdn.com/110000-inspection/262e4c0d-dce7-439d-8cd8-82c0e6d7a923_1000.jpg!m_fill,w_280,h_210,f_jpg?from=ke.com
20231215,海淀,四季青,101117075580,曙光花园望河园正规大四居楼层不错位置好,1198万,84881元/平,中楼层 (共17层) 4室1厅 | 141.14平米 | 南 北,https://ke-image.ljcdn.com/110000-inspection/pc1_ARHOeO5v7.jpg!m_fill,w_280,h_210,f_jpg?from=ke.com
20231215,海淀,四季青,101116598316,美丽西园精装修满五唯一南北向交通便捷,533万,70234元/平,地下室 (共9层) | 2001年 | 2室1厅 | 75.89平米 | 南 北,https://ke-image.ljcdn.com/110000-inspection/9b26307c-afae-4278-89ca-24301ff2a155_1000.jpg!m_fill,w_280,h_210,f_jpg?from=ke.com
20231215,海淀,四季青,101116348717,金庄甲1号院  东南北三面采光  楼层好 采光棒,988万,90926元/平,中楼层 (共6层) 3室1厅 | 108.66平米 | 北 南,https://ke-image.ljcdn.com/110000-inspection/cefc3130-b2f5-4ef4-8e20-2529660d28e0_1000.jpg!m_fill,w_280,h_210,f_jpg?from=ke.com
20231215,海淀,四季青,101116175503,满五年唯一智业园高层四居南北通透视野开阔,1810万,93170元/平,高楼层 (共16层) | 2001年 | 4室1厅 | 194.27平米 | 南 北,https://ke-image.ljcdn.com/110000-inspection/pc1_aIvgK4mAm.jpg!m_fill,w_280,h_210,f_jpg?from=ke.com
20231215,海淀,四季青,101115706684,诚品建筑  南北通透两居 精装修 无遮挡 视野好,1599万,137466元/平,顶层 (共14层) | 2004年 | 2室2厅 | 116.32平米 | 南 北,https://ke-image.ljcdn.com/110000-inspection/53aef819-4dd2-4150-b59c-81a5aeb4b7c2_1000.jpg!m_fill,w_280,h_210,f_jpg?from=ke.com
20231215,海淀,四季青,101115678391,曙光花园望山园 满五年唯一 单价低不临街,1549万,85946元/平,低楼层 (共16层) | 2001年 | 4室1厅 | 180.23平米 | 东 南,https://ke-image.ljcdn.com/110000-inspection/pc1_KIsKx09kz.jpg!m_fill,w_280,h_210,f_jpg?from=ke.com
20231215,海淀,四季青,101115661222,本房满五年唯一双卧室客厅朝南视野采光都没问题,1495万,112797元/平,顶层 (共17层) | 1999年 | 3室1厅 | 132.54平米 | 东南,https://ke-image.ljcdn.com/110000-inspection/pc1_dllzYBY82_1.jpg!m_fill,w_280,h_210,f_jpg?from=ke.com
20231215,海淀,四季青,101122290332,五棵松路26号院带电梯两居室 采光好 观西山新上,520万,65172元/平,顶层 (共9层) 2室1厅 | 79.79平米 | 西,https://ke-image.ljcdn.com/110000-inspection/pc1_7GxAn48pg.jpg!m_fill,w_280,h_210,f_jpg?from=ke.com
20231215,海淀,四季青,101122280344,美丽园花园洋房南北通透楼间距大带储藏间车位！新上,1760万,115607元/平,低楼层 (共7层) 4室2厅 | 152.24平米 | 南 北,https://ke-image.ljcdn.com/110000-inspection/pc1_G8jDrEPku_2.jpg!m_fill,w_280,h_210,f_jpg?from=ke.com
20231215,海淀,四季青,101122188299,诚品建筑 精装修一居室 有燃气 户型方正房主自荐,550万,94324元/平,底层 (共14层) 1室1厅 | 58.31平米 | 北,https://ke-image.ljcdn.com/110000-inspection/pc1_oUR4Fo0QK.jpg!m_fill,w_280,h_210,f_jpg?from=ke.com
20231215,海淀,四季青,101122186472,曙光花园 3室1厅 南 北,1588万,84802元/平,顶层 (共16层) | 2001年 | 3室1厅 | 187.26平米 | 南 北,https://ke-image.ljcdn.com/110000-inspection/42055797-a10a-49a2-aab2-7c15ed52efe4_1000.jpg!m_fill,w_280,h_210,f_jpg?from=ke.com
20231215,海淀,四季青,101122178303,美丽西园外文局楼有电梯南北通透两室一厅采光好视野好,710万,104566元/平,中楼层 (共6层) 2室1厅 | 67.9平米 | 南 北,https://ke-image.ljcdn.com/110000-inspection/pc1_ZK3pw6WCz_2.jpg!m_fill,w_280,h_210,f_jpg?from=ke.com
20231215,海淀,四季青,101122169464,诸子阶 5室3厅 南 北,4300万,151153元/平,底层 (共3层) 5室3厅 | 284.48平米 | 南 北,https://ke-image.ljcdn.com/110000-inspection/f830cfd9-def6-4242-aeeb-1ca8a32e27d8_1000.jpg!m_fill,w_280,h_210,f_jpg?from=ke.com
20231215,海淀,四季青,101122156616,西四环内洋房社区 一梯两户 有地下产权车库,1145万,91316元/平,中楼层 (共7层) | 2002年 | 2室2厅 | 125.39平米 | 南 北,https://ke-image.ljcdn.com/110000-inspection/pc1_NhqUbpfhb.jpg!m_fill,w_280,h_210,f_jpg?from=ke.com
20231215,海淀,四季青,101122149350,昆玉河畔  临水大宅  观澜国际,2790万,96394元/平,高楼层 (共17层) | 2003年 | 5室2厅 | 289.44平米 | 东 南 西 北,https://ke-image.ljcdn.com/110000-inspection/pc1_tYa5GjONH_2.jpg!m_fill,w_280,h_210,f_jpg?from=ke.com
20231215,海淀,四季青,101122143595,和泓四季次顶层西南向两居室不临街房主自荐,748万,93841元/平,高楼层 (共8层) 2室1厅 | 79.71平米 | 西南,https://ke-image.ljcdn.com/110000-inspection/pc1_45RcE2oez_2.jpg!m_fill,w_280,h_210,f_jpg?from=ke.com
20231215,海淀,四季青,101122134942,曙光花园望福园 南北通透两居室 满五年唯一,1050万,111265元/平,底层 (共6层) | 2000年 | 2室1厅 | 94.37平米 | 南 北,https://ke-image.ljcdn.com/110000-inspection/pc1_pnapyEi4h.jpg!m_fill,w_280,h_210,f_jpg?from=ke.com
20231215,海淀,四季青,101122134311,南北通透双阳台业主诚意出售小区停车方便视野好,699万,89501元/平,低楼层 (共6层) | 1998年 | 2室2厅 | 78.1平米 | 南 北,https://ke-image.ljcdn.com/110000-inspection/pc1_Say6jQsXP_2.jpg!m_fill,w_280,h_210,f_jpg?from=ke.com
20231215,海淀,四季青,101122129919,满五年唯一  南北三居 中间楼层 诚意出售 视野好,1300万,114096元/平,中楼层 (共6层) 3室1厅 | 113.94平米 | 南 北,https://ke-image.ljcdn.com/110000-inspection/d3b504ba-10b8-4400-a0d2-d34f9aee00a4_1000.jpg!m_fill,w_280,h_210,f_jpg?from=ke.com
20231215,海淀,四季青,101122082500,新上 西四环内洋房社区 复式格局 低单价,1570万,71442元/平,高楼层 (共7层) | 2002年 | 4室2厅 | 219.76平米 | 南 北,https://ke-image.ljcdn.com/110000-inspection/8d838e49-c214-428b-a146-1128aad38758_1000.jpg!m_fill,w_280,h_210,f_jpg?from=ke.com
20231215,海淀,四季青,101122079077,五福玲珑居南区 特殊户型 全明格局一居室,460万,88292元/平,低楼层 (共16层) | 2016年 | 1室1厅 | 52.1平米 | 东 南,https://ke-image.ljcdn.com/110000-inspection/pc1_NkYKqZF4b.jpg!m_fill,w_280,h_210,f_jpg?from=ke.com
20231215,海淀,四季青,101122059069,得房率87% 曙光花园 置业园 南向大四居 诚心出售,1899万,90146元/平,高楼层 (共16层) | 2011年 | 4室2厅 | 210.66平米 | 西南,https://ke-image.ljcdn.com/110000-inspection/pc1_vz9qCQ9Sw.jpg!m_fill,w_280,h_210,f_jpg?from=ke.com
20231215,海淀,四季青,101122032072,曙光花园客厅和双卧室均朝南的两居高楼层采光好,1080万,106049元/平,高楼层 (共17层) | 2000年 | 2室1厅 | 101.84平米 | 西南,https://ke-image.ljcdn.com/110000-inspection/pc1_9win6cl1h.jpg!m_fill,w_280,h_210,f_jpg?from=ke.com
20231215,海淀,四季青,101121999912,昆玉河畔 观澜国际 南北通透 装修好三居房主自荐,1830万,106924元/平,中楼层 (共17层) | 2003年 | 3室1厅 | 171.15平米 | 南 北,https://ke-image.ljcdn.com/110000-inspection/pc1_LB7JPtCcc_2.jpg!m_fill,w_280,h_210,f_jpg?from=ke.com
20231215,海淀,四季青,101121977683,满五年单位分房 高楼层视野开阔 大三居 2002年,1300万,114116元/平,高楼层 (共6层) 3室1厅 | 113.92平米 | 南 北,https://ke-image.ljcdn.com/110000-inspection/e8c47059-84b8-47d3-a216-1e7b0f954d78_1000.jpg!m_fill,w_280,h_210,f_jpg?from=ke.com
20231215,海淀,四季青,101121969043,海淀西三环 人车分流 双地铁6和10号 慈寿寺 带庭院,1980万,127941元/平,底层 (共7层) | 2004年 | 3室1厅 | 154.76平米 | 南 北,https://ke-image.ljcdn.com/110000-inspection/pc1_UYoC14xCv.jpg!m_fill,w_280,h_210,f_jpg?from=ke.com
20231215,海淀,四季青,101121923365,绿波漫板 满五唯一 名厨明卫 人车分流 诚意出售,438万,99546元/平,中楼层 (共14层) | 2004年 | 1室0厅 | 44平米 | 西,https://ke-image.ljcdn.com/110000-inspection/ec08b70a-d86f-4806-965d-e643df63f1a1_1000.jpg!m_fill,w_280,h_210,f_jpg?from=ke.com
20231215,海淀,四季青,101121885054,海淀航天桥慈寿寺曙光花园四季青琨御府河马先生昆玉河,455万,79685元/平,中楼层 (共14层) | 2004年 | 1室1厅 | 57.1平米 | 东,https://ke-image.ljcdn.com/110000-inspection/pc1_yY2LPGKLN_2.jpg!m_fill,w_280,h_210,f_jpg?from=ke.com
20231215,海淀,四季青,101121884454,西三环半 花园洋房 厅挑高6米 南北4居 21年装 慈寿寺,1650万,99747元/平,顶层 (共4层) 4室2厅 | 165.42平米 | 南 北,https://ke-image.ljcdn.com/110000-inspection/5f936cea-e4af-4f18-87a4-d5e484388171_1000.jpg!m_fill,w_280,h_210,f_jpg?from=ke.com
20231215,海淀,四季青,101121849946,美丽西园精装小复式 楼层高无遮挡 采光好,740万,90355元/平,顶层 (共6层) | 1998年 | 3室2厅 | 81.9平米 | 东 西,https://ke-image.ljcdn.com/110000-inspection/pc1_YqzcXjbsK_2.jpg!m_fill,w_280,h_210,f_jpg?from=ke.com
20231215,海淀,四季青,101121814393,新 美丽园一期小三居 东南北三面采光,1710万,136811元/平,底层 (共6层) 3室2厅 | 124.99平米 | 东 南 北,https://ke-image.ljcdn.com/110000-inspection/pc1_Y9ZXy3mXq.jpg!m_fill,w_280,h_210,f_jpg?from=ke.com
20231215,海淀,四季青,101121795635,美丽经典二期 中间楼层 满五年唯一 诚意出售 视野好,425万,120739元/平,中楼层 (共14层) 1室0厅 | 35.2平米 | 北,https://ke-image.ljcdn.com/110000-inspection/pc1_uLge4aik5_2.jpg!m_fill,w_280,h_210,f_jpg?from=ke.com
20231215,海淀,四季青,101121787479,曙光花园水云天 南北一居室 满五年唯一 看房随时,639万,114496元/平,底层 (共16层) | 2002年 | 1室1厅 | 55.81平米 | 南 北,https://ke-image.ljcdn.com/110000-inspection/pc1_8KaUi6EGu.jpg!m_fill,w_280,h_210,f_jpg?from=ke.com
20231215,海淀,四季青,101121770839,美丽西园 高楼层两居 有电梯 满五年 看房随时,620万,91311元/平,高楼层 (共6层) 2室1厅 | 67.9平米 | 东 西,https://ke-image.ljcdn.com/110000-inspection/pc1_dxtCzziXq.jpg!m_fill,w_280,h_210,f_jpg?from=ke.com
20231215,海淀,四季青,101121768870,满五唯一 精装修 拎包入住 中间楼层,699万,92953元/平,中楼层 (共5层) | 1994年 | 2室1厅 | 75.2平米 | 西 南 北,https://ke-image.ljcdn.com/110000-inspection/pc1_mqiUSliz7_2.jpg!m_fill,w_280,h_210,f_jpg?from=ke.com
20231215,海淀,四季青,101121758425,美丽园二期 低密度洋房社区 高得房率房主自荐,1980万,137443元/平,中楼层 (共6层) 3室2厅 | 144.06平米 | 南 北,https://ke-image.ljcdn.com/110000-inspection/pc1_yUBJi9NJH_2.jpg!m_fill,w_280,h_210,f_jpg?from=ke.com
20231215,海淀,四季青,101121752274,成本低 三环半 户型方正 两居房主自荐,560万,85004元/平,底层 (共17层) | 2003年 | 1室1厅 | 65.88平米 | 东南,https://ke-image.ljcdn.com/110000-inspection/a3ad5d2a-fb59-426f-8695-cb151f727997_1000.jpg!m_fill,w_280,h_210,f_jpg?from=ke.com
20231215,海淀,四季青,101121711654,水云居 满五唯一 安静位置两居 车位充足,975万,103110元/平,低楼层 (共14层) | 2011年 | 2室2厅 | 94.56平米 | 东 南 北,https://ke-image.ljcdn.com/110000-inspection/pc1_iNuQQIzUB_2.jpg!m_fill,w_280,h_210,f_jpg?from=ke.com
20231215,海淀,四季青,101121707446,郦城二区 小区中间 南北通透复式满五年 安静不临街,2300万,122556元/平,中楼层 (共4层) | 2003年 | 3室2厅 | 187.67平米 | 南 北,https://ke-image.ljcdn.com/110000-inspection/pc1_Q5jomJ8jI_2.jpg!m_fill,w_280,h_210,f_jpg?from=ke.com
20231215,海淀,四季青,101121688737,曙光花园望河园正规精装一居室高楼层,615万,93055元/平,高楼层 (共17层) | 2002年 | 1室1厅 | 66.09平米 | 西南,https://ke-image.ljcdn.com/110000-inspection/pc1_SjAYd5g37.jpg!m_fill,w_280,h_210,f_jpg?from=ke.com
20231215,海淀,四季青,101121665689,诚品建筑 2室2厅 南 北,1500万,119656元/平,中楼层 (共12层) 2室2厅 | 125.36平米 | 南 北,https://ke-image.ljcdn.com/110000-inspection/pc1_5l0oiGkRJ.jpg!m_fill,w_280,h_210,f_jpg?from=ke.com
20231215,海淀,四季青,101121628322,水云居 安静社区 精装小户型 落地大窗,411万,116696元/平,底层 (共14层) | 2011年 | 1室0厅 | 35.22平米 | 北,https://ke-image.ljcdn.com/110000-inspection/pc1_9A9FiPMlc_2.jpg!m_fill,w_280,h_210,f_jpg?from=ke.com
20231215,海淀,四季青,101121595415,一亩地！私家院！海淀四环诸子阶市区的可传承别墅,6000万,147193元/平,底层 (共3层) 5室2厅 | 407.63平米 | 南 西 北,https://ke-image.ljcdn.com/110000-inspection/pc1_VYGAXafMr_2.jpg!m_fill,w_280,h_210,f_jpg?from=ke.com
20231215,海淀,四季青,101121577276,颐慧佳园B区 精装两居 南北通透 南侧无遮挡 满五唯一,1290万,106471元/平,底层 (共6层) 2室2厅 | 121.16平米 | 北 南,https://ke-image.ljcdn.com/110000-inspection/pc1_RyxZ96BAn_2.jpg!m_fill,w_280,h_210,f_jpg?from=ke.com
20231215,海淀,四季青,101121557410,高层小三居 能看电视塔 装修好 视野开阔 有车位,1420万,133698元/平,高楼层 (共10层) 3室1厅 | 106.21平米 | 东 南 北,https://ke-image.ljcdn.com/110000-inspection/c7462574-3dba-4a62-9195-d82a16bb0b1a_1000.jpg!m_fill,w_280,h_210,f_jpg?from=ke.com
20231215,海淀,四季青,101121557232,十号线六号线慈寿寺。南北三居板楼,1899万,121187元/平,低楼层 (共7层) | 2003年 | 3室1厅 | 156.7平米 | 南 北,https://ke-image.ljcdn.com/110000-inspection/ef188b66-d775-4705-ab0e-419e65a9393a_1000.jpg!m_fill,w_280,h_210,f_jpg?from=ke.com
20231215,海淀,四季青,101121544513,诚品建筑婚房精装修满五唯一两居室看房方便,1299万,111017元/平,低楼层 (共9层) 2室2厅 | 117.01平米 | 东 西,https://ke-image.ljcdn.com/110000-inspection/pc1_u9NO7YTQe_2.jpg!m_fill,w_280,h_210,f_jpg?from=ke.com
20231215,海淀,四季青,101121528920,美丽西园带电梯小复式精装修采光好视野好无遮挡,1099万,95301元/平,顶层 (共9层) 4室2厅 | 115.32平米 | 西南,https://ke-image.ljcdn.com/110000-inspection/4eb16847-d327-4c9d-b494-d86977a1e2be_1000.jpg!m_fill,w_280,h_210,f_jpg?from=ke.com
20231215,海淀,四季青,101121513104,南北通透顶层复式5居 50平多功能房！有车位和储物间！,2380万,125106元/平,顶层 (共6层) | 2001年 | 5室1厅 | 190.24平米 | 南 北,https://ke-image.ljcdn.com/110000-inspection/d59a8056-9030-4905-9f3f-75c275e1b941_1000.jpg!m_fill,w_280,h_210,f_jpg?from=ke.com
20231215,海淀,四季青,101121493177,新 美丽园全明格局小复式 东南北三面采光 诚意出售,2300万,114857元/平,顶层 (共6层) 4室2厅 | 200.25平米 | 东 南 北,https://ke-image.ljcdn.com/110000-inspection/pc1_6gHZ1MRch.jpg!m_fill,w_280,h_210,f_jpg?from=ke.com
20231215,海淀,四季青,101121476909,海淀五路居 美丽西园 带电梯 正规两居 中高楼层采光好,655万,85992元/平,中楼层 (共10层) 2室2厅 | 76.17平米 | 东,https://ke-image.ljcdn.com/110000-inspection/pc1_Jt5grooyU.jpg!m_fill,w_280,h_210,f_jpg?from=ke.com
20231215,海淀,四季青,101121452017,诚品建筑 边户四居室 满五唯一 户型好房主自荐,2360万,97068元/平,中楼层 (共8层) | 2003年 | 4室2厅 | 243.13平米 | 南 北,https://ke-image.ljcdn.com/110000-inspection/b73c4d3f-194f-4da7-a00b-7a327830a45c_1000.jpg!m_fill,w_280,h_210,f_jpg?from=ke.com
20231215,海淀,四季青,101121402476,和泓四季 采光好 视野开阔两居室房主自荐,655万,98645元/平,中楼层 (共16层) 2室1厅 | 66.4平米 | 东 南 北,https://ke-image.ljcdn.com/110000-inspection/pc1_7tji8hwPd.jpg!m_fill,w_280,h_210,f_jpg?from=ke.com
20231215,海淀,四季青,101121386687,汤泉观景大三居 双明卫 双卧南 落地窗 有两个地下车位房主自荐,1800万,111941元/平,低楼层 (共10层) 3室2厅 | 160.8平米 | 南 北,https://ke-image.ljcdn.com/110000-inspection/pc1_SSZASPNJl.jpg!m_fill,w_280,h_210,f_jpg?from=ke.com
20231215,海淀,四季青,101121342796,颐慧佳园南北两居满五年唯一诚意出售,1280万,106623元/平,底层 (共9层) | 2005年 | 2室2厅 | 120.05平米 | 南 北,https://ke-image.ljcdn.com/110000-inspection/fdddd338-436e-4295-b20b-883ed31e6ed9_1000.jpg!m_fill,w_280,h_210,f_jpg?from=ke.com
20231215,海淀,四季青,101121334984,2008年美丽经典园 平层大三居 全新装修 满两年 仅契税,2280万,146286元/平,低楼层 (共6层) | 2007年 | 3室2厅 | 155.86平米 | 南 北,https://ke-image.ljcdn.com/110000-inspection/c5027333-ad00-4eab-a814-04c8cf4ec63b_1000.jpg!m_fill,w_280,h_210,f_jpg?from=ke.com
20231215,海淀,四季青,101121296185,海淀四季青五路居美丽西园南北两居环境好,720万,106039元/平,底层 (共6层) 2室1厅 | 67.9平米 | 南 北,https://ke-image.ljcdn.com/110000-inspection/pc1_I2rlh6iHg.jpg!m_fill,w_280,h_210,f_jpg?from=ke.com
20231215,海淀,四季青,101121294981,美丽星苑有电梯双地铁南北通透两居室,839万,98602元/平,低楼层 (共10层) | 2007年 | 2室1厅 | 85.09平米 | 南 北,https://ke-image.ljcdn.com/110000-inspection/ace43f7d-f0ff-4c94-a489-4afa4d79cba8_1000.jpg!m_fill,w_280,h_210,f_jpg?from=ke.com
20231215,海淀,四季青,101121284616,此房满五年唯一  带2个租赁车位 东南北三面采光,715万,92021元/平,高楼层 (共6层) 2室1厅 | 77.7平米 | 东 南 北,https://ke-image.ljcdn.com/110000-inspection/687bfe77-dcc3-4d48-bd88-7d02996e5729_1000.jpg!m_fill,w_280,h_210,f_jpg?from=ke.com
20231215,海淀,四季青,101121283625,农林科学院宿舍 1室1厅 南,475万,108201元/平,中楼层 (共4层) | 1991年 | 1室1厅 | 43.9平米 | 南,https://ke-image.ljcdn.com/110000-inspection/pc1_SpaSLtR4Y.jpg!m_fill,w_280,h_210,f_jpg?from=ke.com
20231215,海淀,四季青,101121255668,海淀四季青1居室有地下储物间和车位,508万,90440元/平,低楼层 (共6层) 1室1厅 | 56.17平米 | 南 北,https://ke-image.ljcdn.com/110000-inspection/ddb88f0e-42b4-4b66-9162-7cb3e6d32960_1000.jpg!m_fill,w_280,h_210,f_jpg?from=ke.com
20231215,海淀,四季青,101121250676,此房满五年唯一户型方正采光好居住舒适,972万,102967元/平,中楼层 (共6层) 3室1厅 | 94.4平米 | 西南 北,https://ke-image.ljcdn.com/110000-inspection/pc1_SgXvhYF7A.jpg!m_fill,w_280,h_210,f_jpg?from=ke.com
20231215,海淀,四季青,101121248773,北京农科院宿舍南北通透两居室 满五唯一 采光视野好,660万,96210元/平,顶层 (共5层) 2室1厅 | 68.6平米 | 南 北,https://ke-image.ljcdn.com/110000-inspection/pc1_0mDQau8fi.jpg!m_fill,w_280,h_210,f_jpg?from=ke.com
20231215,海淀,四季青,101121243087,四季青一层有花园南北两居室满五年唯一住房,1395万,120571元/平,底层 (共12层) 2室1厅 | 115.7平米 | 南 北,https://ke-image.ljcdn.com/110000-inspection/pc1_MHzvh8V6g.jpg!m_fill,w_280,h_210,f_jpg?from=ke.com
20231215,海淀,四季青,101121174855,海淀慈寿寺河马鲜生绿波漫板（裕泽园）商品房人车分流,448万,97498元/平,中楼层 (共14层) | 2004年 | 1室0厅 | 45.95平米 | 西,https://ke-image.ljcdn.com/110000-inspection/c2fddfd3-2c88-49a8-83fc-42b52c981612_1000.jpg!m_fill,w_280,h_210,f_jpg?from=ke.com
20231215,海淀,四季青,101121170857,诚品建筑  精装两居室 高楼层 视野好可观西山,1285万,110329元/平,顶层 (共9层) | 2003年 | 2室1厅 | 116.47平米 | 西 东,https://ke-image.ljcdn.com/110000-inspection/pc1_PondB0LeW_2.jpg!m_fill,w_280,h_210,f_jpg?from=ke.com
20231215,海淀,四季青,101121141442,郦城二区 安静位置 居住舒适 业主诚意出售  看房方便,2150万,95116元/平,底层 (共4层) | 2003年 | 4室2厅 | 226.04平米 | 南 北,https://ke-image.ljcdn.com/110000-inspection/8e9aa573-09d6-4e75-b402-1e1621ed44bc_1000.jpg!m_fill,w_280,h_210,f_jpg?from=ke.com
20231215,海淀,四季青,101121132085,曙光花园望山园 精装修双卧客厅朝南 满五唯一,1460万,109949元/平,中楼层 (共17层) | 2001年 | 3室2厅 | 132.79平米 | 东南,https://ke-image.ljcdn.com/110000-inspection/5f83cd6f-9151-4c61-9d39-cc25e03b722c_1000.jpg!m_fill,w_280,h_210,f_jpg?from=ke.com
20231215,海淀,四季青,101121130808,商品房社区人车分流南北向格局好交通便利。,1300万,101089元/平,低楼层 (共17层) | 2000年 | 3室1厅 | 128.6平米 | 东 南 北,https://ke-image.ljcdn.com/110000-inspection/pc1_ViYUcvIkf_2.jpg!m_fill,w_280,h_210,f_jpg?from=ke.com
20231215,海淀,四季青,101121109352,曙光花园   精装修   大三居  中间楼层,1680万,93215元/平,低楼层 (共16层) | 2001年 | 3室2厅 | 180.23平米 | 西南,https://ke-image.ljcdn.com/110000-inspection/f47ce87a-21fa-4098-9625-b2d71627adc7_1000.jpg!m_fill,w_280,h_210,f_jpg?from=ke.com
20231215,海淀,四季青,101121107123,曙光花园 水云天8跃9层两室两卫复式,1250万,106911元/平,中楼层 (共16层) | 2002年 | 2室1厅 | 116.92平米 | 西南,https://ke-image.ljcdn.com/110000-inspection/8af88f94-669f-41ff-ba4f-2ce3f67cf607_1000.jpg!m_fill,w_280,h_210,f_jpg?from=ke.com
20231215,海淀,四季青,101121025466,新园区中间四居室电梯直达地下车库双车位,1850万,119672元/平,低楼层 (共6层) 4室2厅 | 154.59平米 | 南 北,https://ke-image.ljcdn.com/110000-inspection/pc1_VIURpuQWG.jpg!m_fill,w_280,h_210,f_jpg?from=ke.com
20231215,海淀,四季青,101121005321,玲珑花园 沿河低密度板楼 南北通透眼镜户型,2680万,140528元/平,底层 (共4层) 4室2厅 | 190.71平米 | 南 北,https://ke-image.ljcdn.com/110000-inspection/pc1_RIKtovKla_2.jpg!m_fill,w_280,h_210,f_jpg?from=ke.com
20231215,海淀,四季青,101121001667,望福园 带电梯  明厨明卫  全明格局,998万,105754元/平,中楼层 (共6层) | 2000年 | 2室2厅 | 94.37平米 | 南 北,https://ke-image.ljcdn.com/110000-inspection/pc1_tFdJm0pqY.jpg!m_fill,w_280,h_210,f_jpg?from=ke.com
20231215,海淀,四季青,101120908456,绿波漫板慈寿寺双地铁一居室精装修,600万,101747元/平,中楼层 (共14层) | 2004年 | 1室1厅 | 58.97平米 | 西北,https://ke-image.ljcdn.com/110000-inspection/9339e46f-73c2-49ab-910f-dbfe0919b6a7_1000.jpg!m_fill,w_280,h_210,f_jpg?from=ke.com
20231215,海淀,四季青,101120901229,美丽园 5室2厅 南 北,2778万,110348元/平,顶层 (共6层) | 2000年 | 5室2厅 | 251.75平米 | 南 北,https://ke-image.ljcdn.com/110000-inspection/pc1_hRxJs6kw9.jpg!m_fill,w_280,h_210,f_jpg?from=ke.com
20231215,海淀,四季青,101120871890,美丽经典园南北通透一层带南向大花园,1580万,145811元/平,底层 (共6层) | 2007年 | 2室2厅 | 108.36平米 | 南 北,https://ke-image.ljcdn.com/110000-inspection/pc1_q2atDlJlR_2.jpg!m_fill,w_280,h_210,f_jpg?from=ke.com
20231215,海淀,四季青,101120870678,绿波漫板 东向开间 诚意出售 看房提前沟通,500万,75415元/平,高楼层 (共14层) | 2004年 | 1室0厅 | 66.3平米 | 东,https://ke-image.ljcdn.com/110000-inspection/pc1_MFWPOVRB5.jpg!m_fill,w_280,h_210,f_jpg?from=ke.com
20231215,海淀,四季青,101120869383,美丽经典园二期水云居满五唯一东西通透大三居,1300万,106002元/平,底层 (共7层) | 2011年 | 3室1厅 | 122.64平米 | 东 南 西,https://ke-image.ljcdn.com/110000-inspection/3707d5dc-7fd7-48ae-8657-20205d728bd1_1000.jpg!m_fill,w_280,h_210,f_jpg?from=ke.com
20231215,海淀,四季青,101120859409,诚品建筑 中间楼层 通透两居室 博洛尼装修,1299万,111017元/平,中楼层 (共9层) | 2003年 | 2室1厅 | 117.01平米 | 东 西,https://ke-image.ljcdn.com/110000-inspection/pc1_3IyUbzCsG.jpg!m_fill,w_280,h_210,f_jpg?from=ke.com
20231215,海淀,四季青,101120849072,绿波漫板 普通住宅 东向 中高层 满二年 正对花园房主自荐,479万,74184元/平,中楼层 (共14层) | 2004年 | 1室1厅 | 64.57平米 | 东,https://ke-image.ljcdn.com/110000-inspection/pc1_sjRAn77ak.jpg!m_fill,w_280,h_210,f_jpg?from=ke.com
20231215,海淀,四季青,101120824272,新上 农林科学院 一层小两居 单位分房,559万,107089元/平,底层 (共4层) | 1984年 | 2室1厅 | 52.2平米 | 南 北,https://ke-image.ljcdn.com/110000-inspection/pc1_NjeNYHEHp.jpg!m_fill,w_280,h_210,f_jpg?from=ke.com
20231215,海淀,四季青,101120783426,曙光花园望河园高楼层精装修可以看房,605万,91542元/平,高楼层 (共17层) | 2003年 | 1室1厅 | 66.09平米 | 东南,https://ke-image.ljcdn.com/110000-inspection/pc1_J47m9GaqO.jpg!m_fill,w_280,h_210,f_jpg?from=ke.com
20231215,海淀,四季青,101120775169,郦城三区南向一居带一个平台视线开阔直观电视塔,770万,107422元/平,顶层 (共12层) 1室1厅 | 71.68平米 | 南,https://ke-image.ljcdn.com/110000-inspection/pc1_YkuRWgqkH_2.jpg!m_fill,w_280,h_210,f_jpg?from=ke.com
20231215,海淀,四季青,101120717776,颐慧佳园南北两居满五年唯一位置安静,1219万,109495元/平,底层 (共6层) | 2005年 | 2室2厅 | 111.33平米 | 南 北,https://ke-image.ljcdn.com/110000-inspection/a02151c3-03aa-4cb0-8aaa-dcd168f809f4_1000.jpg!m_fill,w_280,h_210,f_jpg?from=ke.com
20231215,海淀,四季青,101120702520,金雅园南区南北通透三居有电梯采光好满五年唯一,1530万,95673元/平,中楼层 (共7层) 3室2厅 | 159.92平米 | 南 北,https://ke-image.ljcdn.com/110000-inspection/pc1_Fiki5ou43.jpg!m_fill,w_280,h_210,f_jpg?from=ke.com
20231215,海淀,四季青,101120656527,绿波漫板 满五年唯一 人车分流 慈寿寺站,420万,74297元/平,中楼层 (共14层) 1室0厅 | 56.53平米 | 东,https://ke-image.ljcdn.com/110000-inspection/pc1_W2i6TXSGU.jpg!m_fill,w_280,h_210,f_jpg?from=ke.com
20231215,海淀,四季青,101120642504,西四环内洋房社区 双卫次顶层 近水系 安静不临街,1450万,132626元/平,高楼层 (共6层) 2室2厅 | 109.33平米 | 南 北,https://ke-image.ljcdn.com/110000-inspection/pc1_Jq296w4eY.jpg!m_fill,w_280,h_210,f_jpg?from=ke.com
20231215,海淀,四季青,101120615953,五棵松26号院 3室1厅 南 北,950万,72864元/平,高楼层 (共7层) 3室1厅 | 130.38平米 | 南 北,https://ke-image.ljcdn.com/110000-inspection/pc1_7KEFb1UGO.jpg!m_fill,w_280,h_210,f_jpg?from=ke.com
20231215,海淀,四季青,101120548238,农林科学院宿舍 中间层 满五唯一,565万,104321元/平,中楼层 (共6层) 1室1厅 | 54.16平米 | 南 北,https://ke-image.ljcdn.com/110000-inspection/3af34af4-091c-4034-88d9-cb79bc215efd_1000.jpg!m_fill,w_280,h_210,f_jpg?from=ke.com
20231215,海淀,四季青,101120317598,海淀西四环内两居室 南北通透 带电梯,730万,90068元/平,高楼层 (共9层) 2室1厅 | 81.05平米 | 南 北,https://ke-image.ljcdn.com/110000-inspection/pc1_QVwFRbku9.jpg!m_fill,w_280,h_210,f_jpg?from=ke.com
20231215,海淀,四季青,101120270658,美丽星苑 精装南北4居双卫跃层 满五唯一 业主诚售,1758万,112852元/平,高楼层 (共10层) 4室2厅 | 155.78平米 | 南 北,https://ke-image.ljcdn.com/110000-inspection/pc1_bC8LlVyeq.jpg!m_fill,w_280,h_210,f_jpg?from=ke.com
20231215,海淀,四季青,101120229593,美丽星苑 南北两居 满五唯一 商品房 有电梯房主自荐,919万,108004元/平,低楼层 (共10层) | 2007年 | 2室2厅 | 85.09平米 | 南 北,https://ke-image.ljcdn.com/110000-inspection/pc1_F8Q6eAzGl.jpg!m_fill,w_280,h_210,f_jpg?from=ke.com
20231215,海淀,四季青,101120184302,五福玲珑居南区 南北通透 板楼三居 视野开阔 无遮挡,930万,100781元/平,低楼层 (共16层) 3室1厅 | 92.28平米 | 南 北,https://ke-image.ljcdn.com/110000-inspection/pc1_n4uLdOaMo.jpg!m_fill,w_280,h_210,f_jpg?from=ke.com
20231215,海淀,四季青,101120145945,曙光花园望塔园西南向精装两居好户型,785万,96296元/平,底层 (共17层) | 2001年 | 2室1厅 | 81.52平米 | 西南,https://ke-image.ljcdn.com/110000-inspection/pc1_shwAOFdYD.jpg!m_fill,w_280,h_210,f_jpg?from=ke.com
20231215,海淀,四季青,101120133607,海淀四环内 海淀五路居 五棵松26号院 满五年唯一,650万,73563元/平,顶层 (共6层) 1室1厅 | 88.36平米 | 东 西,https://ke-image.ljcdn.com/110000-inspection/a8e20681-3907-4219-8d18-1895a01d2c31_1000.jpg!m_fill,w_280,h_210,f_jpg?from=ke.com
20231215,海淀,四季青,101120133159,观澜国际高楼层满五年唯一。房主自荐,1670万,110217元/平,中楼层 (共17层) | 2003年 | 3室2厅 | 151.52平米 | 东 西,https://ke-image.ljcdn.com/110000-inspection/pc1_EQR7f1noQ.jpg!m_fill,w_280,h_210,f_jpg?from=ke.com
20231215,海淀,四季青,101120133107,曙光花园望塔园商品房不临街大两居,808万,99117元/平,低楼层 (共17层) | 2001年 | 2室1厅 | 81.52平米 | 东南,https://ke-image.ljcdn.com/110000-inspection/pc1_6nY4iGjkl.jpg!m_fill,w_280,h_210,f_jpg?from=ke.com
20231215,海淀,四季青,101120099344,诚品建筑东西两居室远离马路满五年诚意出售,1250万,107324元/平,低楼层 (共9层) | 2003年 | 2室2厅 | 116.47平米 | 东 西,https://ke-image.ljcdn.com/110000-inspection/pc1_phQGXcafV.jpg!m_fill,w_280,h_210,f_jpg?from=ke.com
20231215,海淀,四季青,101120090750,郦城三区客厅双卧朝南不临街位置很安静有明卫房主自荐,1650万,114346元/平,低楼层 (共12层) 3室2厅 | 144.3平米 | 南 北,https://ke-image.ljcdn.com/110000-inspection/8c21880c-45f9-47b9-85a9-65a0400aa05e_1000.jpg!m_fill,w_280,h_210,f_jpg?from=ke.com
20231215,海淀,四季青,101120052357,农林科学院宿舍 2室1厅 南 北,688万,100292元/平,顶层 (共5层) | 1993年 | 2室1厅 | 68.6平米 | 南 北,https://ke-image.ljcdn.com/110000-inspection/pc1_RBefpjwAY.jpg!m_fill,w_280,h_210,f_jpg?from=ke.com
20231215,海淀,四季青,101120046681,观澜国际 边户三居室 明厨明卫 前后观景房主自荐,2230万,125989元/平,低楼层 (共17层) | 2003年 | 3室1厅 | 177平米 | 南 北,https://ke-image.ljcdn.com/110000-inspection/pc1_HHCnxCrEC.jpg!m_fill,w_280,h_210,f_jpg?from=ke.com
20231215,海淀,四季青,101120025823,曙光花园 园区中间位置 次顶层三居室 户型比较少,1600万,112907元/平,高楼层 (共16层) | 2002年 | 3室1厅 | 141.71平米 | 东南,https://ke-image.ljcdn.com/110000-inspection/pc1_nlXjEw267.jpg!m_fill,w_280,h_210,f_jpg?from=ke.com
20231215,海淀,四季青,101119975068,颐慧佳园A区 3室2厅 东 南 北,1760万,137780元/平,顶层 (共6层) | 2005年 | 3室2厅 | 127.74平米 | 东 南 北,https://ke-image.ljcdn.com/110000-inspection/3dc23e21-c3e8-4efb-be1c-d0d0b5ba9936_1000.jpg!m_fill,w_280,h_210,f_jpg?from=ke.com
20231215,海淀,四季青,101119960787,京投银泰琨御府 精装三居 南北通透  明厨明卫,2194万,179940元/平,底层 (共6层) | 2015年 | 3室1厅 | 121.93平米 | 南 北,https://ke-image.ljcdn.com/110000-inspection/pc1_x2tE6spWL.jpg!m_fill,w_280,h_210,f_jpg?from=ke.com
20231215,海淀,四季青,101119893100,海淀西四环Wehouse联排别墅 花园 车库 地下室 电梯,3500万,121003元/平,底层 (共3层) | 2005年 | 5室2厅 | 289.25平米 | 南 北,https://ke-image.ljcdn.com/110000-inspection/pc1_jEJvWH8yW.jpg!m_fill,w_280,h_210,f_jpg?from=ke.com
20231215,海淀,四季青,101119817897,郦城二区 云楼南北通透 平层四居室 大面款大客厅,2460万,120962元/平,中楼层 (共6层) | 2005年 | 4室2厅 | 203.37平米 | 南 北,https://ke-image.ljcdn.com/110000-inspection/23713408-387f-423f-b23d-74b05b04ae4b_1000.jpg!m_fill,w_280,h_210,f_jpg?from=ke.com
20231215,海淀,四季青,101119775540,汤泉逸墅 高层 大三居 新装修 有车位 可以看西山 明卫,2050万,119730元/平,高楼层 (共10层) | 2006年 | 3室2厅 | 171.22平米 | 南 北,https://ke-image.ljcdn.com/110000-inspection/pc1_alDj1eppm_1.jpg!m_fill,w_280,h_210,f_jpg?from=ke.com
20231215,海淀,四季青,101119670050,诚品建筑 1室1厅 东 西,738万,94483元/平,底层 (共9层) | 2003年 | 1室1厅 | 78.11平米 | 东 西,https://ke-image.ljcdn.com/110000-inspection/4b570c5b-063b-432b-ac02-584a8ebf43ed_1000.jpg!m_fill,w_280,h_210,f_jpg?from=ke.com
20231215,海淀,四季青,101119568646,曙光花园望山园 平层大三居 采光视野无遮挡,1638万,90884元/平,低楼层 (共16层) | 2001年 | 3室2厅 | 180.23平米 | 东南,https://ke-image.ljcdn.com/110000-inspection/65c192f5-ac84-4e5f-8169-7d762e811878_1000.jpg!m_fill,w_280,h_210,f_jpg?from=ke.com
20231215,海淀,四季青,101119562664,曙光花园 水云天 中高楼层 园区中心 诚心出售,1739万,110934元/平,中楼层 (共16层) | 2002年 | 3室2厅 | 156.76平米 | 东南,https://ke-image.ljcdn.com/110000-inspection/pc1_fdzF1a7et.jpg!m_fill,w_280,h_210,f_jpg?from=ke.com
20231215,海淀,四季青,101119482688,小区安静位置三居室南北双通透户型,1050万,95144元/平,顶层 (共6层) | 1997年 | 3室2厅 | 110.36平米 | 南 北,https://ke-image.ljcdn.com/110000-inspection/pc1_8jXI3te95_2.jpg!m_fill,w_280,h_210,f_jpg?from=ke.com
20231215,海淀,四季青,101119359586,曙光花园望山园西南向两居室   不临街   满五年唯一,1100万,97234元/平,低楼层 (共17层) | 1998年 | 2室2厅 | 113.13平米 | 西南,https://ke-image.ljcdn.com/110000-inspection/pc1_o4sSBALXr_2.jpg!m_fill,w_280,h_210,f_jpg?from=ke.com
20231215,海淀,四季青,101119332153,高楼层观景两居室商品房可节省14万购房成本,690万,92792元/平,高楼层 (共16层) | 2020年 | 2室1厅 | 74.36平米 | 南 北,https://ke-image.ljcdn.com/110000-inspection/pc1_QSfVl2SxI_2.jpg!m_fill,w_280,h_210,f_jpg?from=ke.com
20231215,海淀,四季青,101119278922,诚品建筑一层南北通透四居室满五唯一诚意出售,3050万,112867元/平,底层 (共15层) 5室2厅 | 270.23平米 | 南 北,https://ke-image.ljcdn.com/110000-inspection/pc1_6sr3LT69v.jpg!m_fill,w_280,h_210,f_jpg?from=ke.com
20231215,海淀,四季青,101119163610,美丽园3居室复式有固定车位带储物间,2296万,125266元/平,顶层 (共6层) | 2000年 | 3室2厅 | 183.29平米 | 南 北,https://ke-image.ljcdn.com/110000-inspection/pc1_zYKhWnCMv.jpg!m_fill,w_280,h_210,f_jpg?from=ke.com
20231215,海淀,四季青,101119153691,满五年唯一商品房带电梯中间楼层,950万,105768元/平,中楼层 (共10层) 2室2厅 | 89.82平米 | 南 北,https://ke-image.ljcdn.com/110000-inspection/pc1_m3cfHhx4w.jpg!m_fill,w_280,h_210,f_jpg?from=ke.com
20231215,海淀,四季青,101119126576,农林科学院 南北三居 高楼层 光线好 满五年唯一,1080万,103647元/平,顶层 (共6层) | 2004年 | 2室2厅 | 104.2平米 | 南 北,https://ke-image.ljcdn.com/110000-inspection/b627e66e-79e7-4ef5-8b9c-3d936994e752_1000.jpg!m_fill,w_280,h_210,f_jpg?from=ke.com
20231215,海淀,四季青,101118990701,汤泉逸墅一期 南北通透大两居 地下多功能间房主自荐,1650万,124745元/平,底层 (共7层) | 2005年 | 2室2厅 | 132.27平米 | 南 北,https://ke-image.ljcdn.com/110000-inspection/pc1_n1NWehvWG_2.jpg!m_fill,w_280,h_210,f_jpg?from=ke.com
20231215,海淀,四季青,101118978598,蓝靛厂南路59号  慈寿寺  西三环半,2500万,134539元/平,中楼层 (共4层) 5室2厅 | 185.82平米 | 南 北,https://ke-image.ljcdn.com/110000-inspection/pc1_Y0fAWQ7Rd_1.jpg!m_fill,w_280,h_210,f_jpg?from=ke.com
20231215,海淀,四季青,101118895997,西四环内海淀五路居地铁 美丽西园商品房小区带储物间,888万,94630元/平,底层 (共6层) | 2002年 | 2室1厅 | 93.84平米 | 南 北,https://ke-image.ljcdn.com/110000-inspection/pc1_RETTbVIeK.jpg!m_fill,w_280,h_210,f_jpg?from=ke.com
20231215,海淀,四季青,101118844182,和泓四季南北通透两居室高楼层采光和视野好房主自荐,715万,89499元/平,顶层 (共14层) | 2016年 | 2室1厅 | 79.89平米 | 南 北,https://ke-image.ljcdn.com/110000-inspection/pc1_LQCWZZonL.jpg!m_fill,w_280,h_210,f_jpg?from=ke.com
20231215,海淀,四季青,101118729445,金庄 3室2厅 南 北,920万,94166元/平,顶层 (共5层) 3室2厅 | 97.7平米 | 南 北,https://ke-image.ljcdn.com/110000-inspection/9369e4bc-168a-4c49-88e7-cb46e5e66145_1000.jpg!m_fill,w_280,h_210,f_jpg?from=ke.com
20231215,海淀,四季青,101118717521,美丽西园 电梯 三居室  有阳台,990万,90876元/平,中楼层 (共10层) 3室1厅 | 108.94平米 | 南 西 北,https://ke-image.ljcdn.com/110000-inspection/pc1_OfbqBCwp0.jpg!m_fill,w_280,h_210,f_jpg?from=ke.com
20231215,海淀,四季青,101118714936,美丽经典 下跃三居 南北通透 有花园 带电梯,1698万,158013元/平,底层 (共7层) 3室2厅 | 107.46平米 | 南 北,https://ke-image.ljcdn.com/110000-inspection/pc1_KBswGTxn8.jpg!m_fill,w_280,h_210,f_jpg?from=ke.com
20231215,海淀,四季青,101118617798,金庄1号院跃层大两居满五唯一精装修带租赁车位房主自荐,748万,89154元/平,顶层 (共6层) 3室1厅 | 83.9平米 | 南 北,https://ke-image.ljcdn.com/110000-inspection/pc1_nfSGR08v3.jpg!m_fill,w_280,h_210,f_jpg?from=ke.com
20231215,海淀,四季青,101118577929,海淀五路居地铁  房改房两居室多贷款,630万,85113元/平,低楼层 (共9层) | 2001年 | 2室1厅 | 74.02平米 | 东北,https://ke-image.ljcdn.com/110000-inspection/520f3215-90c6-479d-a8b5-d2b0c120c7d2_1000.jpg!m_fill,w_280,h_210,f_jpg?from=ke.com
20231215,海淀,四季青,101118530874,西四环边地铁口城市别墅 南北通透 可装电梯 双车库房主自荐,2750万,137783元/平,底层 (共3层) | 2005年 | 4室2厅 | 199.59平米 | 南 北,https://ke-image.ljcdn.com/110000-inspection/7f3c47b0-5182-4f7c-8f07-a887702ac41c_1000.jpg!m_fill,w_280,h_210,f_jpg?from=ke.com
20231215,海淀,四季青,101118455445,满五年唯一南北通透视野开阔带车位,1699万,87456元/平,顶层 (共16层) | 2001年 | 4室2厅 | 194.27平米 | 南 北,https://ke-image.ljcdn.com/110000-inspection/prod-87993d49-d927-4e94-8245-48542364f63c.jpg!m_fill,w_280,h_210,f_jpg?from=ke.com
20231215,海淀,四季青,101118448213,2011年电梯板楼 有车位 精装修 诚意出售 看房方便,920万,115044元/平,中楼层 (共7层) | 2011年 | 2室1厅 | 79.97平米 | 东 西 北,https://ke-image.ljcdn.com/110000-inspection/4f9b50d0-b422-402f-838d-0e767395dbf5_1000.jpg!m_fill,w_280,h_210,f_jpg?from=ke.com
20231215,海淀,四季青,101118379072,曙光花园望塔园 精装修两居室 商品房只有契税,710万,87096元/平,低楼层 (共17层) 2室1厅 | 81.52平米 | 东南,https://ke-image.ljcdn.com/110000-inspection/pc1_VycSu1JUF_2.jpg!m_fill,w_280,h_210,f_jpg?from=ke.com
20231215,海淀,四季青,101118328030,北京市海淀区四季青五棵松26号院小区全南两居室,575万,92281元/平,低楼层 (共6层) 2室1厅 | 62.31平米 | 南,https://ke-image.ljcdn.com/110000-inspection/4b01e5ce-4025-464d-8b5e-0404044e983a_1000.jpg!m_fill,w_280,h_210,f_jpg?from=ke.com
20231215,海淀,四季青,101118241380,美丽西园 南北通透两居室 满五年唯一,920万,98040元/平,高楼层 (共6层) | 2002年 | 2室1厅 | 93.84平米 | 南 北,https://ke-image.ljcdn.com/110000-inspection/pc1_xZBJunQBu.jpg!m_fill,w_280,h_210,f_jpg?from=ke.com
20231215,海淀,四季青,101118054599,曙光花园小区望山园高楼层大两居可看房,1080万,93930元/平,顶层 (共17层) 2室1厅 | 114.98平米 | 西南,https://ke-image.ljcdn.com/110000-inspection/cfaacce2-5966-406f-99ea-fc38c4cff6b3_1000.jpg!m_fill,w_280,h_210,f_jpg?from=ke.com
20231215,海淀,四季青,101118039522,海淀四环内 五棵松26号院 房改房两居室 1998年房龄,615万,88046元/平,底层 (共6层) | 1998年 | 2室1厅 | 69.85平米 | 东 西,https://ke-image.ljcdn.com/110000-inspection/pc1_46YE6kwjI_1.jpg!m_fill,w_280,h_210,f_jpg?from=ke.com
20231215,海淀,四季青,101117918700,农林科学院 大复式三居室 舒适三居室 带4个阳台房主自荐,1299万,86330元/平,顶层 (共6层) | 1997年 | 3室2厅 | 150.47平米 | 东 南 北,https://ke-image.ljcdn.com/110000-inspection/e924664c-4bbc-44eb-8b2b-7e1240688ff0_1000.jpg!m_fill,w_280,h_210,f_jpg?from=ke.com
20231215,海淀,四季青,101117871277,南北通透双阳台业主诚意出售小区停车方便视野好,700万,90091元/平,中楼层 (共6层) | 1998年 | 2室1厅 | 77.7平米 | 南 北,https://ke-image.ljcdn.com/110000-inspection/bd54d44f-b343-4227-b16b-cfb4b897c299_1000.jpg!m_fill,w_280,h_210,f_jpg?from=ke.com
20231215,海淀,四季青,101117828110,曙光花园望河园高楼层位置不错正规两居室房主自荐,805万,99102元/平,高楼层 (共17层) 2室1厅 | 81.23平米 | 东南,https://ke-image.ljcdn.com/110000-inspection/40080793-b736-4ca4-9eca-fc2d702b969c_1000.jpg!m_fill,w_280,h_210,f_jpg?from=ke.com
20231215,海淀,四季青,101117764020,绿波漫板大开间 慈寿寺旁双地铁,480万,72399元/平,中楼层 (共14层) 1室0厅 | 66.3平米 | 东,https://ke-image.ljcdn.com/110000-inspection/afc53540-3a15-4a17-b183-6652a1c79ec6_1000.jpg!m_fill,w_280,h_210,f_jpg?from=ke.com
20231215,海淀,四季青,101117708769,农林科学院宿舍全南向一居室 采光视野好,470万,104213元/平,顶层 (共4层) | 1992年 | 1室1厅 | 45.1平米 | 南,https://ke-image.ljcdn.com/110000-inspection/3ad474c2-b06b-41dd-ad68-97b0a04c3bce_1000.jpg!m_fill,w_280,h_210,f_jpg?from=ke.com
20231215,海淀,四季青,101116645170,汤泉逸墅 上中下三层 前后不临街 近水系,3998万,111589元/平,底层 (共4层) | 2004年 | 5室2厅 | 358.28平米 | 南 西 北,https://ke-image.ljcdn.com/110000-inspection/pc1_5WK3nfCqo_1.jpg!m_fill,w_280,h_210,f_jpg?from=ke.com
20231215,海淀,四季青,101115253821,郦城二区一层南北花园三居室 满五年唯一,2499万,108728元/平,底层 (共6层) | 2003年 | 3室2厅 | 229.84平米 | 南 北,https://ke-image.ljcdn.com/110000-inspection/pc1_Z63XBvgfI.jpg!m_fill,w_280,h_210,f_jpg?from=ke.com
20231215,海淀,四季青,101114695476,Wehouse 中间位置 双拼别墅 花园大,4500万,142726元/平,底层 (共3层) | 2005年 | 6室2厅 | 315.29平米 | 南 北,https://ke-image.ljcdn.com/110000-inspection/pc1_FQ3VCsreW_1.jpg!m_fill,w_280,h_210,f_jpg?from=ke.com
20231215,海淀,四季青,101114629480,Wehouse 双拼别墅 中间位置 交通便利 城市别墅,4500万,142726元/平,底层 (共3层) | 2005年 | 6室3厅 | 315.29平米 | 南 北,https://ke-image.ljcdn.com/110000-inspection/pc1_igjzU3hW0_1.jpg!m_fill,w_280,h_210,f_jpg?from=ke.com
20231215,海淀,四季青,101114627653,西三环城市叠墅一梯一户 2011年次新房房主自荐,2790万,104542元/平,高楼层 (共7层) | 2011年 | 8室2厅 | 266.88平米 | 东 南 北,https://ke-image.ljcdn.com/110000-inspection/pc1_5eRzZBAiU_1.jpg!m_fill,w_280,h_210,f_jpg?from=ke.com
20231215,海淀,四季青,101122273397,五棵松26号院南北向两居室两卧室客厅朝南精装修新上,680万,88095元/平,底层 (共9层) 2室1厅 | 77.19平米 | 南 北,https://s1.ljcdn.com/pegasus/redskull/images/common/default_house_list.png?_v=20231208163226
20231215,海淀,四季青,101122267934,农林科学院 满五年单位分房 高楼层 南向一居 小户型新上,440万,89069元/平,顶层 (共5层) 1室1厅 | 49.4平米 | 南,https://s1.ljcdn.com/pegasus/redskull/images/common/default_house_list.png?_v=20231208163226
20231215,海淀,四季青,101122236898,五福玲珑居南区 1室1厅 东南新上,550万,105567元/平,顶层 (共16层) | 2016年 | 1室1厅 | 52.1平米 | 东南,https://s1.ljcdn.com/pegasus/redskull/images/common/default_house_list.png?_v=20231208163226
20231215,海淀,四季青,101122230413,和泓四季纯东向正规一居室次次顶层采光和视野好新上,436万,86749元/平,高楼层 (共13层) | 2017年 | 1室1厅 | 50.26平米 | 东,https://s1.ljcdn.com/pegasus/redskull/images/common/default_house_list.png?_v=20231208163226
20231215,海淀,四季青,101122210543,农科院新楼大两居 南北通透 精装修 有车位 好楼层新上,860万,108641元/平,低楼层 (共6层) 2室1厅 | 79.16平米 | 南 北,https://s1.ljcdn.com/pegasus/redskull/images/common/default_house_list.png?_v=20231208163226
20231215,海淀,四季青,101122131513,五福玲珑居北区 南北向 电梯房,618万,84635元/平,高楼层 (共15层) 2室1厅 | 73.02平米 | 南 北,https://s1.ljcdn.com/pegasus/redskull/images/common/default_house_list.png?_v=20231208163226
20231215,海淀,四季青,101122111981,郦城果岭 2010年小区 正规三居 客厅双卧朝南,1080万,79518元/平,中楼层 (共11层) | 2010年 | 3室2厅 | 135.82平米 | 南 北,https://s1.ljcdn.com/pegasus/redskull/images/common/default_house_list.png?_v=20231208163226
20231215,海淀,四季青,101122076031,郦城工作区 3室2厅 北,490万,43134元/平,高楼层 (共8层) | 2007年 | 3室2厅 | 113.6平米 | 北,https://s1.ljcdn.com/pegasus/redskull/images/common/default_house_list.png?_v=20231208163226
20231215,海淀,四季青,101122059095,玲珑路9号院东区 琨御府东区 诚意出售 大户型 视野好,800万,77837元/平,低楼层 (共16层) 2室1厅 | 102.78平米 | 东北,https://s1.ljcdn.com/pegasus/redskull/images/common/default_house_list.png?_v=20231208163226
20231215,海淀,四季青,101122056537,四季青五路居 次新小区 有电梯,666万,93645元/平,低楼层 (共15层) 2室1厅 | 71.12平米 | 南 北,https://s1.ljcdn.com/pegasus/redskull/images/common/default_house_list.png?_v=20231208163226
20231215,海淀,四季青,101122056374,五福玲珑居南区 1室1厅 东南,450万,86373元/平,底层 (共16层) | 2016年 | 1室1厅 | 52.1平米 | 东南,https://s1.ljcdn.com/pegasus/redskull/images/common/default_house_list.png?_v=20231208163226
20231215,海淀,四季青,101122001857,南北大三居 高楼层 诚意出售 看房方便,1860万,95744元/平,高楼层 (共16层) | 2001年 | 3室1厅 | 194.27平米 | 南 北,https://s1.ljcdn.com/pegasus/redskull/images/common/default_house_list.png?_v=20231208163226
20231215,海淀,四季青,101121984664,鸿景家园 玫瑰御园 高楼层三居室,1890万,119590元/平,中楼层 (共11层) | 2005年 | 3室2厅 | 158.04平米 | 南 北,https://s1.ljcdn.com/pegasus/redskull/images/common/default_house_list.png?_v=20231208163226
20231215,海淀,四季青,101121961573,水云居 东南向 次顶层两居 满五唯一 诚意出售,1200万,110845元/平,高楼层 (共14层) 2室2厅 | 108.26平米 | 东南,https://s1.ljcdn.com/pegasus/redskull/images/common/default_house_list.png?_v=20231208163226
20231215,海淀,四季青,101121948175,五福玲珑居北区 南北通透 前后不临街 诚意出售房主自荐,630万,91278元/平,中楼层 (共15层) 2室1厅 | 69.02平米 | 南 北,https://s1.ljcdn.com/pegasus/redskull/images/common/default_house_list.png?_v=20231208163226
20231215,海淀,四季青,101121924185,板楼两居户型方正好用带电梯看房方便,635万,84826元/平,低楼层 (共16层) 2室2厅 | 74.86平米 | 南 西,https://s1.ljcdn.com/pegasus/redskull/images/common/default_house_list.png?_v=20231208163226
20231215,海淀,四季青,101121907975,五福玲珑居北区 高楼层 视野开阔 前后不临街 南北两居,618万,86664元/平,高楼层 (共16层) 2室1厅 | 71.31平米 | 南 北,https://s1.ljcdn.com/pegasus/redskull/images/common/default_house_list.png?_v=20231208163226
20231215,海淀,四季青,101121885155,郦城工作区 一层底商能办公 可注册,200万,40859元/平,底层 (共8层) | 2007年 | 1室1厅 | 48.95平米 | 东,https://s1.ljcdn.com/pegasus/redskull/images/common/default_house_list.png?_v=20231208163226
20231215,海淀,四季青,101121860216,美丽园平层4居室 诚心出售 满五年,1890万,125166元/平,低楼层 (共6层) | 2000年 | 4室2厅 | 151平米 | 南 北,https://s1.ljcdn.com/pegasus/redskull/images/common/default_house_list.png?_v=20231208163226
20231215,海淀,四季青,101121799262,和泓四季 南向一居室 低楼层出行方便,450万,90726元/平,低楼层 (共14层) | 2016年 | 1室1厅 | 49.6平米 | 南,https://s1.ljcdn.com/pegasus/redskull/images/common/default_house_list.png?_v=20231208163226
20231215,海淀,四季青,101121799194,户型格局方正楼层位置好无遮挡看房方便,688万,88535元/平,中楼层 (共9层) 2室2厅 | 77.71平米 | 南,https://s1.ljcdn.com/pegasus/redskull/images/common/default_house_list.png?_v=20231208163226
20231215,海淀,四季青,101121774680,郦城工作区中高层采光好视线好可以办公注册,360万,31691元/平,中楼层 (共8层) | 2007年 | 1室1厅 | 113.6平米 | 北,https://s1.ljcdn.com/pegasus/redskull/images/common/default_house_list.png?_v=20231208163226
20231215,海淀,四季青,101121735825,五福玲珑居南区 10号线6号线12号线 2016年三居室,880万,95362元/平,底层 (共16层) | 2015年 | 3室1厅 | 92.28平米 | 南 北,https://s1.ljcdn.com/pegasus/redskull/images/common/default_house_list.png?_v=20231208163226
20231215,海淀,四季青,101121597831,西荣阁 1室0厅 东,250万,37544元/平,顶层 (共13层) 1室0厅 | 66.59平米 | 东,https://s1.ljcdn.com/pegasus/redskull/images/common/default_house_list.png?_v=20231208163226
20231215,海淀,四季青,101121597612,西荣阁 2室1厅 东 东南,295万,32150元/平,顶层 (共13层) 2室1厅 | 91.76平米 | 东 东南,https://s1.ljcdn.com/pegasus/redskull/images/common/default_house_list.png?_v=20231208163226
20231215,海淀,四季青,101121474479,6号线海淀五路居五棵松26号院南北双线通透格局,755万,92040元/平,中楼层 (共7层) 2室1厅 | 82.03平米 | 南 北,https://s1.ljcdn.com/pegasus/redskull/images/common/default_house_list.png?_v=20231208163226
20231215,海淀,四季青,101121395381,四环内正规两居室南北通透带电梯的板楼,595万,77454元/平,高楼层 (共16层) | 2016年 | 2室1厅 | 76.82平米 | 南 北,https://s1.ljcdn.com/pegasus/redskull/images/common/default_house_list.png?_v=20231208163226
20231215,海淀,四季青,101121359780,京投银泰琨御府 西区 商办类 西北向 园区安静 物业好,420万,70875元/平,中楼层 (共10层) 2室1厅 | 59.26平米 | 西 北,https://s1.ljcdn.com/pegasus/redskull/images/common/default_house_list.png?_v=20231208163226
20231215,海淀,四季青,101121337056,新出 精装两居 东向两个大阳台 户型方正,980万,118558元/平,中楼层 (共9层) 2室1厅 | 82.66平米 | 东,https://s1.ljcdn.com/pegasus/redskull/images/common/default_house_list.png?_v=20231208163226
20231215,海淀,四季青,101121330906,美丽经典园小户型三居室 满五唯一 六层洋房带电梯,1890万,140364元/平,中楼层 (共7层) 3室2厅 | 134.65平米 | 南 北,https://s1.ljcdn.com/pegasus/redskull/images/common/default_house_list.png?_v=20231208163226
20231215,海淀,四季青,101121174258,西荣阁 1室1厅 南,148万,28473元/平,低楼层 (共13层) | 2010年 | 1室1厅 | 51.98平米 | 南,https://s1.ljcdn.com/pegasus/redskull/images/common/default_house_list.png?_v=20231208163226
20231215,海淀,四季青,101121169903,四季青金雅园南北三居室 户型方正采光好,1350万,94771元/平,低楼层 (共7层) | 2002年 | 4室2厅 | 142.45平米 | 南 北,https://s1.ljcdn.com/pegasus/redskull/images/common/default_house_list.png?_v=20231208163226
20231215,海淀,四季青,101121096702,京投银泰琨御府 西区 开间 诚意出售 看房方便 商办类,235万,55049元/平,中楼层 (共10层) 1室0厅 | 42.69平米 | 南,https://s1.ljcdn.com/pegasus/redskull/images/common/default_house_list.png?_v=20231208163226
20231215,海淀,四季青,101121026874,京投银泰琨御府 西区 开间 南向 看房方便,236万,54117元/平,中楼层 (共10层) | 2015年 | 1室0厅 | 43.61平米 | 南,https://s1.ljcdn.com/pegasus/redskull/images/common/default_house_list.png?_v=20231208163226
20231215,海淀,四季青,101120834257,慈寿寺航天桥四季青彰化南路次新京投银泰琨御府。,360万,59981元/平,中楼层 (共16层) 1室1厅 | 60.02平米 | 西,https://s1.ljcdn.com/pegasus/redskull/images/common/default_house_list.png?_v=20231208163226
20231215,海淀,四季青,101120789811,南北通透 高楼层 单价低 三居室 视野好 采光好有车位,1150万,101555元/平,顶层 (共6层) 3室1厅 | 113.24平米 | 南 北,https://ke-image.ljcdn.com/110000-inspection/rsp_pic_upload45967be0-dd31-4857-8126-d169d9374ce9.jpg!m_fill,w_280,h_210,f_jpg?from=ke.com
20231215,海淀,四季青,101120781479,西荣阁 两居室 东南向 视野好,298万,32477元/平,中楼层 (共13层) | 2010年 | 2室1厅 | 91.76平米 | 东南,https://s1.ljcdn.com/pegasus/redskull/images/common/default_house_list.png?_v=20231208163226
20231215,海淀,四季青,101120767881,京投银泰琨御府 商办类 可个人购买 紧靠地铁站 诚售,420万,69977元/平,高楼层 (共16层) | 2018年 | 1室0厅 | 60.02平米 | 东,https://s1.ljcdn.com/pegasus/redskull/images/common/default_house_list.png?_v=20231208163226
20231215,海淀,四季青,101120474284,西荣阁 1室0厅 西北,150万,34795元/平,高楼层 (共13层) 1室0厅 | 43.11平米 | 西北,https://s1.ljcdn.com/pegasus/redskull/images/common/default_house_list.png?_v=20231208163226
20231215,海淀,四季青,101120442933,京投银泰琨御府 1室0厅 南,220万,52022元/平,中楼层 (共10层) | 2015年 | 1室0厅 | 42.29平米 | 南,https://s1.ljcdn.com/pegasus/redskull/images/common/default_house_list.png?_v=20231208163226
20231215,海淀,四季青,101120417184,京投银泰琨御府 车位,45万,12265元/平,底层 (共1层) 1室0厅 | 36.69平米 | 北,https://s1.ljcdn.com/pegasus/redskull/images/common/default_house_list.png?_v=20231208163226
20231215,海淀,四季青,101120105954,曙光花园望塔园三卧朝南好户型三居房主自荐,1100万,106291元/平,高楼层 (共17层) | 2001年 | 3室1厅 | 103.49平米 | 东南,https://s1.ljcdn.com/pegasus/redskull/images/common/default_house_list.png?_v=20231208163226
20231215,海淀,四季青,101119946766,京投银泰琨御府 东区 高层 观河 视野开阔 楼下地铁站,360万,59981元/平,中楼层 (共16层) 1室0厅 | 60.02平米 | 东,https://s1.ljcdn.com/pegasus/redskull/images/common/default_house_list.png?_v=20231208163226
20231215,海淀,四季青,101119930083,户型方正实用视野开阔诚意出售,300万,57351元/平,高楼层 (共10层) | 2015年 | 2室1厅 | 52.31平米 | 北,https://s1.ljcdn.com/pegasus/redskull/images/common/default_house_list.png?_v=20231208163226
20231215,海淀,四季青,101119644606,京投银泰琨御府 商办类 可注册公司 50年产权 商水商电,265万,62427元/平,高楼层 (共11层) 1室0厅 | 42.45平米 | 南,https://s1.ljcdn.com/pegasus/redskull/images/common/default_house_list.png?_v=20231208163226
20231215,海淀,四季青,101119644498,京投银泰琨御府 商办类 南向 开间 保持的好 干净整洁,265万,62560元/平,高楼层 (共11层) 1室0厅 | 42.36平米 | 南,https://s1.ljcdn.com/pegasus/redskull/images/common/default_house_list.png?_v=20231208163226
20231215,海淀,四季青,101119644311,京投银泰琨御府 西区 东边户 南向视野开阔 装修好,650万,72063元/平,中楼层 (共11层) 2室1厅 | 90.2平米 | 东 南,https://s1.ljcdn.com/pegasus/redskull/images/common/default_house_list.png?_v=20231208163226
20231215,海淀,四季青,101119637862,西荣阁 2室1厅 南 北,330万,42802元/平,高楼层 (共13层) 2室1厅 | 77.1平米 | 南 北,https://s1.ljcdn.com/pegasus/redskull/images/common/default_house_list.png?_v=20231208163226
20231215,海淀,四季青,101119629203,京投银泰琨御府 小区环境优美 西北向 双地铁 临公园,420万,70875元/平,高楼层 (共10层) | 2015年 | 2室1厅 | 59.26平米 | 西 北,https://s1.ljcdn.com/pegasus/redskull/images/common/default_house_list.png?_v=20231208163226
20231215,海淀,四季青,101119530915,曙光花园望塔园 南北通透三居室,990万,89335元/平,中楼层 (共17层) 3室1厅 | 110.82平米 | 南 北,https://s1.ljcdn.com/pegasus/redskull/images/common/default_house_list.png?_v=20231208163226
20231215,海淀,四季青,101119422767,昆玉河畔琨御府业主诚意出全南房子小区环境优美,530万,61895元/平,中楼层 (共11层) 2室1厅 | 85.63平米 | 南,https://s1.ljcdn.com/pegasus/redskull/images/common/default_house_list.png?_v=20231208163226
20231215,海淀,四季青,101119260646,玫瑰御园 车位,80万,25617元/平,地下室 (共1层) 1室0厅 | 31.23平米 | 南 北,https://ke-image.ljcdn.com/110000-inspection/1fd220bd0bdac6ae4dd724336406e78e-097.jpg!m_fill,w_280,h_210,f_jpg?from=ke.com
20231215,海淀,四季青,101119015792,绿波漫板  东向开间 诚意出售,440万,67464元/平,中楼层 (共14层) | 2004年 | 1室0厅 | 65.22平米 | 东,https://s1.ljcdn.com/pegasus/redskull/images/common/default_house_list.png?_v=20231208163226
20231215,海淀,四季青,101118992182,京投银泰琨御府  户型方正 装修好 楼龄新 双线地铁,295万,56309元/平,中楼层 (共11层) 2室1厅 | 52.39平米 | 北,https://s1.ljcdn.com/pegasus/redskull/images/common/default_house_list.png?_v=20231208163226
20231215,海淀,四季青,101118242596,京投银泰琨御府 东区 商品房 朝南三间屋 2018年小区,500万,64021元/平,低楼层 (共16层) 2室1厅 | 78.1平米 | 南,https://s1.ljcdn.com/pegasus/redskull/images/common/default_house_list.png?_v=20231208163226
20231215,海淀,四季青,101118074259,京投银泰琨御府 慈寿寺 10号线,300万,57351元/平,高楼层 (共10层) | 2015年 | 2室1厅 | 52.31平米 | 北,https://s1.ljcdn.com/pegasus/redskull/images/common/default_house_list.png?_v=20231208163226
20231215,海淀,四季青,101117853923,京投银泰琨御府 东区 商办类 两间房 南向  采光无遮挡,566万,72472元/平,低楼层 (共16层) | 2018年 | 2室2厅 | 78.1平米 | 南,https://s1.ljcdn.com/pegasus/redskull/images/common/default_house_list.png?_v=20231208163226
20231215,海淀,四季青,101117606096,京投银泰琨御府东区 精装 商品房 直通车库,423万,63734元/平,中楼层 (共16层) 2室1厅 | 66.37平米 | 北,https://s1.ljcdn.com/pegasus/redskull/images/common/default_house_list.png?_v=20231208163226
20231215,海淀,四季青,101117516566,京投银泰琨御府   高楼层  可注册公司房主自荐,610万,67741元/平,顶层 (共10层) | 2015年 | 2室1厅 | 90.05平米 | 南 西,https://s1.ljcdn.com/pegasus/redskull/images/common/default_house_list.png?_v=20231208163226
20231215,海淀,四季青,101117197309,琨御府全南开间 采光好 开发商统一精装带阳台,255万,60199元/平,中楼层 (共11层) | 2015年 | 1室0厅 | 42.36平米 | 南,https://s1.ljcdn.com/pegasus/redskull/images/common/default_house_list.png?_v=20231208163226
20231215,海淀,四季青,101117046698,京投银泰琨御府东区 高楼层 可注册公司,380万,63313元/平,高楼层 (共16层) | 2018年 | 1室0厅 | 60.02平米 | 东,https://s1.ljcdn.com/pegasus/redskull/images/common/default_house_list.png?_v=20231208163226
20231215,海淀,四季青,101116921448,京投银泰琨御府 南向 高层 可注册,249万,57813元/平,顶层 (共10层) | 2015年 | 1室0厅 | 43.07平米 | 南,https://s1.ljcdn.com/pegasus/redskull/images/common/default_house_list.png?_v=20231208163226
20231215,海淀,四季青,101116724123,京投银泰琨御府 西区 商办类 边户 带窗 采光好,560万,73022元/平,中楼层 (共11层) 2室1厅 | 76.69平米 | 南 西 北,https://s1.ljcdn.com/pegasus/redskull/images/common/default_house_list.png?_v=20231208163226
20231215,海淀,四季青,101115616130,京投银泰琨御府新上南向开间通风好,230万,54361元/平,中楼层 (共11层) | 2015年 | 1室0厅 | 42.31平米 | 南,https://s1.ljcdn.com/pegasus/redskull/images/common/default_house_list.png?_v=20231208163226
20231215,海淀,四季青,101115083920,京投银泰琨御府 双地铁 次新房 地下车库,269万,53887元/平,中楼层 (共11层) | 2015年 | 1室0厅 | 49.92平米 | 南,https://s1.ljcdn.com/pegasus/redskull/images/common/default_house_list.png?_v=20231208163226
20231215,海淀,四季青,101114562213,郦城工作区 南北通透上复式8层中的6层,520万,45775元/平,中楼层 (共8层) | 2007年 | 4室2厅 | 113.6平米 | 南 北,https://s1.ljcdn.com/pegasus/redskull/images/common/default_house_list.png?_v=20231208163226
20231215,海淀,四季青,101114334137,京投银泰琨御府东区 东向 采光无遮挡 出行方便 诚意卖,360万,59981元/平,中楼层 (共16层) | 2018年 | 1室0厅 | 60.02平米 | 东,https://s1.ljcdn.com/pegasus/redskull/images/common/default_house_list.png?_v=20231208163226
20231215,海淀,四季青,101114251787,京投银泰琨御府 东区 2018年交房 开发商统一装修,450万,74976元/平,顶层 (共16层) | 2018年 | 1室0厅 | 60.02平米 | 东,https://s1.ljcdn.com/pegasus/redskull/images/common/default_house_list.png?_v=20231208163226
20231215,海淀,四季青,101113994763,京投银泰琨御府东区 朝东向 开间 层高310cm 商办类,380万,63313元/平,低楼层 (共16层) | 2018年 | 1室0厅 | 60.02平米 | 东,https://s1.ljcdn.com/pegasus/redskull/images/common/default_house_list.png?_v=20231208163226
20231215,海淀,四季青,101113857094,京投银泰琨御府  东南向 精装修,778万,75696元/平,中楼层 (共16层) | 2018年 | 2室1厅 | 102.78平米 | 东南,https://s1.ljcdn.com/pegasus/redskull/images/common/default_house_list.png?_v=20231208163226
20231215,海淀,四季青,101113490407,京投银泰琨御府 东区 商办类 高层视野开阔 可以注册,416万,69311元/平,顶层 (共16层) | 2018年 | 1室0厅 | 60.02平米 | 西,https://s1.ljcdn.com/pegasus/redskull/images/common/default_house_list.png?_v=20231208163226
20231215,海淀,四季青,101113462813,京投银泰琨御府 东区 商业办公类 2018年交房 环境好,800万,77837元/平,顶层 (共16层) | 2018年 | 2室1厅 | 102.78平米 | 东南,https://s1.ljcdn.com/pegasus/redskull/images/common/default_house_list.png?_v=20231208163226
20231215,海淀,四季青,101113110927,京投银泰琨御府 东区 朝西向 开间 商业办公类 诚意卖,380万,63313元/平,高楼层 (共16层) | 2018年 | 1室0厅 | 60.02平米 | 西,https://s1.ljcdn.com/pegasus/redskull/images/common/default_house_list.png?_v=20231208163226
20231215,海淀,四季青,101112783944,郦城工作区 可以注册办公 复式结构 北向 采光亮,460万,40493元/平,低楼层 (共8层) | 2007年 | 1室1厅 | 113.6平米 | 北,https://s1.ljcdn.com/pegasus/redskull/images/common/default_house_list.png?_v=20231208163226
20231215,海淀,四季青,101110864310,京投银泰琨御府 南北东向 一层 交通方便,578万,73500元/平,底层 (共10层) | 2015年 | 2室1厅 | 78.64平米 | 南 北 东,https://s1.ljcdn.com/pegasus/redskull/images/common/default_house_list.png?_v=20231208163226
20231215,海淀,四季青,101110679559,郦城工作区 一层底商办公超市蔬菜等,255万,26200元/平,底层 (共1层) 1室0厅 | 97.33平米 | 南,https://s1.ljcdn.com/pegasus/redskull/images/common/default_house_list.png?_v=20231208163226
20231215,海淀,四季青,101109843101,京投银泰琨御府 诚意出售 看房方便,205万,148551元/平,高楼层 (共10层) | 2015年 | 1室1厅 | 13.8平米 | 北,https://s1.ljcdn.com/pegasus/redskull/images/common/default_house_list.png?_v=20231208163226
20231215,海淀,四季青,101108872825,正南向  高楼层 采光和视野好,260万,60466元/平,中楼层 (共10层) | 2015年 | 1室0厅 | 43平米 | 南,https://s1.ljcdn.com/pegasus/redskull/images/common/default_house_list.png?_v=20231208163226
20231215,海淀,四季青,101108770985,京投银泰琨御府 东区 北向 随时看房,520万,78349元/平,低楼层 (共16层) | 2018年 | 2室1厅 | 66.37平米 | 北,https://s1.ljcdn.com/pegasus/redskull/images/common/default_house_list.png?_v=20231208163226
20231215,海淀,四季青,101108221611,郦城工作区 一层底商 业主诚意出售 看房方便,425万,36223元/平,底层 (共8层) | 2007年 | 1室0厅 | 117.33平米 | 南,https://s1.ljcdn.com/pegasus/redskull/images/common/default_house_list.png?_v=20231208163226
20231215,海淀,四季青,101105074840,南向户型地铁6号线和10号线交汇处房主自荐,255万,60932元/平,高楼层 (共10层) | 2015年 | 1室0厅 | 41.85平米 | 南,https://s1.ljcdn.com/pegasus/redskull/images/common/default_house_list.png?_v=20231208163226
20231215,海淀,四季青,101104811981,琨御府、可以注册办公、位置安静房主自荐,390万,64979元/平,低楼层 (共16层) | 2018年 | 1室0厅 | 60.02平米 | 西,https://s1.ljcdn.com/pegasus/redskull/images/common/default_house_list.png?_v=20231208163226
20231215,海淀,四季青,101101887938,此房朝向是南向户型为商办类项目可注册办公,216万,54204元/平,中楼层 (共10层) | 2015年 | 1室0厅 | 39.85平米 | 南,https://s1.ljcdn.com/pegasus/redskull/images/common/default_house_list.png?_v=20231208163226
