20230709,丰台,蒲黄榆,101119786579,蒲安东里 精装修一居室 有车位有大客厅 户型方正必看好房,299万,60872元/平,底层 (共18层) 1室1厅 | 49.12平米 | 南,https://ke-image.ljcdn.com/110000-inspection/c410e474-650a-4178-9e35-68af066ba9be_1000.jpg!m_fill,w_280,h_210,f_jpg?from=ke.com
20230709,丰台,蒲黄榆,101119589717,刘家窑南里新上的南北通透低楼层两居室。必看好房,288万,50830元/平,低楼层 (共6层) | 1991年建 | 2室1厅 | 56.66平米 | 南 北,https://ke-image.ljcdn.com/110000-inspection/pc1_bcFHnUG2k_1.jpg!m_fill,w_280,h_210,f_jpg?from=ke.com
20230709,丰台,蒲黄榆,101119577142,蒲黄榆刘家窑北里南向三居室满五年唯一采光好必看好房,340万,55088元/平,中楼层 (共6层) | 1984年建 | 3室1厅 | 61.72平米 | 南,https://ke-image.ljcdn.com/110000-inspection/pc1_iEU0RbbEv_2.jpg!m_fill,w_280,h_210,f_jpg?from=ke.com
20230709,丰台,蒲黄榆,101119330505,南二环 电梯直达 南向一室一厅 采光好 视野好必看好房,320万,65147元/平,高楼层 (共18层) 1室1厅 | 49.12平米 | 南,https://ke-image.ljcdn.com/110000-inspection/408cd387-9458-4037-9424-a8cc22b86729_1000.jpg!m_fill,w_280,h_210,f_jpg?from=ke.com
20230709,丰台,蒲黄榆,101118817470,南二环边 有电梯 南向一室一厅 采光好 视野好必看好房,260万,59784元/平,高楼层 (共12层) | 1980年建 | 1室1厅 | 43.49平米 | 南,https://ke-image.ljcdn.com/110000-inspection/1d7fd259-3aba-4876-8e1b-b29e8c4888e6_1000.jpg!m_fill,w_280,h_210,f_jpg?from=ke.com
20230709,丰台,蒲黄榆,101119999533,二环外 蒲黄榆地铁站 满五唯一 小区里+11㎡得房率95%新上,341万,62858元/平,底层 (共6层) 2室1厅 | 54.25平米 | 南 北,https://ke-image.ljcdn.com/110000-inspection/pc1_qYb4ZFJ4n_1.jpg!m_fill,w_280,h_210,f_jpg?from=ke.com
20230709,丰台,蒲黄榆,101119802104,店长推荐 天坛南门 中高楼层  正规一居室房主自荐,218万,60657元/平,高楼层 (共6层) | 1989年建 | 1室1厅 | 35.94平米 | 南,https://ke-image.ljcdn.com/110000-inspection/3cc8bc64-fa5c-4d0a-986a-29fd4c115231_1000.jpg!m_fill,w_280,h_210,f_jpg?from=ke.com
20230709,丰台,蒲黄榆,101119591766,二环 满五唯一 中纺家属楼 有管理 小区中间位置 安静,405万,62646元/平,低楼层 (共6层) | 1992年建 | 2室1厅 | 64.65平米 | 南 北,https://ke-image.ljcdn.com/110000-inspection/5b3ecdfa-5783-40e5-ab17-755a482887c7_1000.jpg!m_fill,w_280,h_210,f_jpg?from=ke.com
20230709,丰台,蒲黄榆,101119556697,小区环境好能停车 有地铁  门口有保安,376万,55911元/平,高楼层 (共6层) 3室1厅 | 67.25平米 | 东 南 北,https://ke-image.ljcdn.com/110000-inspection/161e12e0-3dd5-491d-8c63-c06cb0814b5b_1000.jpg!m_fill,w_280,h_210,f_jpg?from=ke.com
20230709,丰台,蒲黄榆,101119193667,蒲安东里 2室1厅 东南房主自荐,429万,61488元/平,底层 (共18层) | 2002年建 | 2室1厅 | 69.77平米 | 东南,https://ke-image.ljcdn.com/110000-inspection/pc1_bcqCtD2FY.jpg!m_fill,w_280,h_210,f_jpg?from=ke.com
20230709,丰台,蒲黄榆,101118985214,蒲黄榆五巷朝南精装两室一厅家具家电可沟通,459万,66311元/平,高楼层 (共17层) 2室1厅 | 69.22平米 | 南,https://ke-image.ljcdn.com/110000-inspection/pc1_u4XUmmYio_2.jpg!m_fill,w_280,h_210,f_jpg?from=ke.com
20230709,丰台,蒲黄榆,101118824659,三环里 蒲黄榆 小区中间 满五年 1991年建成 看房方便,458万,62740元/平,底层 (共6层) 3室1厅 | 73平米 | 南 北,https://ke-image.ljcdn.com/110000-inspection/aadefa08-4691-49a7-8ef3-8fd14d967668_1000.jpg!m_fill,w_280,h_210,f_jpg?from=ke.com
20230709,丰台,蒲黄榆,101118776192,三环里 电梯房 高楼层 地铁刘家窑 满五年 唯一,348万,62366元/平,高楼层 (共16层) | 1989年建 | 2室1厅 | 55.8平米 | 西南,https://ke-image.ljcdn.com/110000-inspection/2149e65f-50e1-4665-9ad7-4082e45fa294_1000.jpg!m_fill,w_280,h_210,f_jpg?from=ke.com
20230709,丰台,蒲黄榆,101118578374,三环里  蒲黄榆双地铁 小区中间 精装修 全明格局房主自荐,368万,56791元/平,低楼层 (共6层) | 1991年建 | 2室1厅 | 64.8平米 | 东,https://ke-image.ljcdn.com/110000-inspection/pc1_1bVE8nB4S_2.jpg!m_fill,w_280,h_210,f_jpg?from=ke.com
20230709,丰台,蒲黄榆,101118409637,三环里 满五年 中间层 诚心出售  无遮挡,319万,59184元/平,中楼层 (共6层) | 1992年建 | 2室1厅 | 53.9平米 | 东 南,https://ke-image.ljcdn.com/110000-inspection/pc1_8oBH4CcpM_1.jpg!m_fill,w_280,h_210,f_jpg?from=ke.com
20230709,丰台,蒲黄榆,101118328882,恒松园 高层视野好 客厅正对小区安静 满五唯一可看房,546万,66888元/平,高楼层 (共22层) 2室1厅 | 81.63平米 | 西南,https://ke-image.ljcdn.com/110000-inspection/pc1_YtnSWZQGO_2.jpg!m_fill,w_280,h_210,f_jpg?from=ke.com
20230709,丰台,蒲黄榆,101118306491,刘家窑东里双朝南电梯房无遮挡小区安静必看好房,348万,61823元/平,低楼层 (共18层) 2室1厅 | 56.29平米 | 南,https://ke-image.ljcdn.com/110000-inspection/cc2cd60c-bd34-4670-acae-c72d48976bf3_1000.jpg!m_fill,w_280,h_210,f_jpg?from=ke.com
20230709,丰台,蒲黄榆,101118053986,温泉入户东南两居室户型格局好配套齐全交通便利,560万,62879元/平,低楼层 (共24层) 2室1厅 | 89.06平米 | 东南,https://ke-image.ljcdn.com/110000-inspection/pc1_p0p1wCsLm_1.jpg!m_fill,w_280,h_210,f_jpg?from=ke.com
20230709,丰台,蒲黄榆,101118008787,二环外 蒲黄榆地铁站 1层使用面积大 满五唯一 采光好房主自荐,369万,68019元/平,底层 (共6层) 2室1厅 | 54.25平米 | 南 北,https://ke-image.ljcdn.com/110000-inspection/e5d2e4cc-f610-40f3-b275-1d516c41fb78_1000.jpg!m_fill,w_280,h_210,f_jpg?from=ke.com
20230709,丰台,蒲黄榆,101117968643,二环 蒲黄榆地铁 满五唯一 环境好 可见西山 优质好房房主自荐,365万,59690元/平,低楼层 (共18层) 2室1厅 | 61.15平米 | 南 西南,https://ke-image.ljcdn.com/110000-inspection/8d07a03f-b22f-41f9-aa0e-a055284bc1bf_1000.jpg!m_fill,w_280,h_210,f_jpg?from=ke.com
20230709,丰台,蒲黄榆,101117965930,丰台区 蒲安西里 满五唯一 精装修 带车位必看好房,433万,53843元/平,中楼层 (共6层) 3室1厅 | 80.42平米 | 东 西,https://ke-image.ljcdn.com/110000-inspection/pc1_LZMqHxAvw_2.jpg!m_fill,w_280,h_210,f_jpg?from=ke.com
20230709,丰台,蒲黄榆,101117808843,二环外 蒲黄榆地铁站 净高2.7米 采光好 贷款年限长必看好房,412万,59111元/平,高楼层 (共15层) | 1994年建 | 2室1厅 | 69.7平米 | 东南,https://ke-image.ljcdn.com/110000-inspection/pc1_1lcGC4tge_1.jpg!m_fill,w_280,h_210,f_jpg?from=ke.com
20230709,丰台,蒲黄榆,101117696596,二环外 蒲黄榆 小区中间 不临街 看房方便,298万,53025元/平,顶层 (共6层) | 1990年建 | 2室1厅 | 56.2平米 | 南 北,https://ke-image.ljcdn.com/110000-inspection/pc1_pnqB0qKo8_2.jpg!m_fill,w_280,h_210,f_jpg?from=ke.com
20230709,丰台,蒲黄榆,101117597008,1994年铁路宿舍楼质量好配套全出行方便,325万,59091元/平,中楼层 (共6层) | 1994年建 | 2室1厅 | 55平米 | 南 北,https://ke-image.ljcdn.com/110000-inspection/04ebc441-7271-45d0-85ee-f1c2473e7c5e_1000.jpg!m_fill,w_280,h_210,f_jpg?from=ke.com
20230709,丰台,蒲黄榆,101116826580,蒲黄榆二里小两居南北通透地铁514号线必看好房,330万,63744元/平,低楼层 (共12层) | 1980年建 | 2室1厅 | 51.77平米 | 南 北,https://ke-image.ljcdn.com/110000-inspection/c0180119-2105-4f7c-9e87-7a8fb9c77ea0_1000.jpg!m_fill,w_280,h_210,f_jpg?from=ke.com
20230709,丰台,蒲黄榆,101119564432,二环外 蒲黄榆地铁站 单价5.1万 净高2.7米 有物业管理,320万,51949元/平,中楼层 (共16层) 2室1厅 | 61.6平米 | 西北,https://ke-image.ljcdn.com/110000-inspection/pc1_EBfom5UtT_1.jpg!m_fill,w_280,h_210,f_jpg?from=ke.com
20230709,丰台,蒲黄榆,101119549806,南三环 刘家窑 定安东里 中楼层 南北 三居室,322万,52104元/平,中楼层 (共6层) | 1980年建 | 3室1厅 | 61.8平米 | 南 西 北,https://ke-image.ljcdn.com/110000-inspection/d515b2a3-bd20-4e23-bcf0-6144b11deadf_1000.jpg!m_fill,w_280,h_210,f_jpg?from=ke.com
20230709,丰台,蒲黄榆,101119350858,天坛南门 蒲安里 地铁蒲黄榆站 采光充足 满五年唯一必看好房,305万,57875元/平,高楼层 (共6层) | 1989年建 | 2室1厅 | 52.7平米 | 南,https://ke-image.ljcdn.com/110000-inspection/67d994f1-5286-4efa-82ca-2a53279bb267_1000.jpg!m_fill,w_280,h_210,f_jpg?from=ke.com
20230709,丰台,蒲黄榆,101119099971,二环外 明厨明卫 南向两居 停车方便 小区环境好必看好房,275万,44935元/平,顶层 (共6层) 2室1厅 | 61.2平米 | 南,https://ke-image.ljcdn.com/110000-inspection/pc1_Bo5wK0Xsm_1.jpg!m_fill,w_280,h_210,f_jpg?from=ke.com
20230709,丰台,蒲黄榆,101118819527,二环天坛南门外蒲黄榆三里中间层南北三居有车位必看好房,365万,61970元/平,中楼层 (共6层) 3室1厅 | 58.9平米 | 南 西 北,https://ke-image.ljcdn.com/110000-inspection/9919092d-514f-48e1-9560-1b8f6cc0cef6_1000.jpg!m_fill,w_280,h_210,f_jpg?from=ke.com
20230709,丰台,蒲黄榆,101118630705,三环里 5号线地铁站 2层 不临街 无遮挡 很安静 户型好房主自荐,344万,63120元/平,低楼层 (共6层) 2室1厅 | 54.5平米 | 南 北,https://ke-image.ljcdn.com/110000-inspection/pc1_0h2NePdMB_2.jpg!m_fill,w_280,h_210,f_jpg?from=ke.com
20230709,丰台,蒲黄榆,101118087951,南二环旁 蒲安西里 南北两居室 采光无遮挡 房龄新必看好房,290万,44616元/平,顶层 (共6层) 2室1厅 | 65平米 | 南,https://ke-image.ljcdn.com/110000-inspection/pc1_jybDH7s7R_1.jpg!m_fill,w_280,h_210,f_jpg?from=ke.com
20230709,丰台,蒲黄榆,101117627348,蒲黄榆地铁570米 南北通透 前后百米无高层 采光好,418万,61138元/平,顶层 (共12层) 3室1厅 | 68.37平米 | 南 北,https://ke-image.ljcdn.com/110000-inspection/49e003b7-5a23-4728-826b-5bd87a88d352_1000.jpg!m_fill,w_280,h_210,f_jpg?from=ke.com
20230709,丰台,蒲黄榆,101117618807,二环 满五唯一 明厨明卫 3居+大客厅实用 适合6口人住房主自荐,396万,57811元/平,中楼层 (共6层) | 1991年建 | 3室1厅 | 68.5平米 | 东 南 北,https://ke-image.ljcdn.com/110000-inspection/pc1_nFVc4qylV_1.jpg!m_fill,w_280,h_210,f_jpg?from=ke.com
20230709,丰台,蒲黄榆,101120007215,方庄 蒲黄榆 蒲华园 电梯一居室新上,380万,66399元/平,高楼层 (共24层) | 2002年建 | 1室1厅 | 57.23平米 | 西,https://ke-image.ljcdn.com/110000-inspection/pc1_PrsdAalRB_1.jpg!m_fill,w_280,h_210,f_jpg?from=ke.com
20230709,丰台,蒲黄榆,101119949788,天坛南门 中间楼层 蒲黄榆地铁 工商银行家属楼,385万,61482元/平,中楼层 (共6层) | 1992年建 | 2室1厅 | 62.62平米 | 东 南,https://ke-image.ljcdn.com/110000-inspection/c6a4e707-b49d-45b5-8f5d-809adf90958b_1000.jpg!m_fill,w_280,h_210,f_jpg?from=ke.com
20230709,丰台,蒲黄榆,101119938730,三环里 蒲黄榆 双地铁 精装修 中间层 采光好,278万,65893元/平,中楼层 (共6层) 1室1厅 | 42.19平米 | 南,https://ke-image.ljcdn.com/110000-inspection/eb5ea343-e9c8-4269-940c-6499f04900f5_1000.jpg!m_fill,w_280,h_210,f_jpg?from=ke.com
20230709,丰台,蒲黄榆,101119926654,南二环东城区景泰东里精装朝南两居户型好楼龄新,630万,83323元/平,中楼层 (共6层) | 1994年建 | 2室1厅 | 75.61平米 | 东 南,https://ke-image.ljcdn.com/110000-inspection/pc1_FbCHJJOWC_1.jpg!m_fill,w_280,h_210,f_jpg?from=ke.com
20230709,丰台,蒲黄榆,101119914902,三环里 楼下是地铁采光无遮挡 三居户型方正房主自荐,321万,57322元/平,中楼层 (共6层) | 1979年建 | 3室1厅 | 56平米 | 南 北 东,https://ke-image.ljcdn.com/110000-inspection/ba75103b-b96c-4b68-8db4-6e1271e88077_1000.jpg!m_fill,w_280,h_210,f_jpg?from=ke.com
20230709,丰台,蒲黄榆,101119876147,91年房子三环里环境好 视野好 保安管理,369万,56927元/平,顶层 (共6层) | 1991年建 | 2室1厅 | 64.82平米 | 南,https://ke-image.ljcdn.com/110000-inspection/pc1_VQYKdOo2c_2.jpg!m_fill,w_280,h_210,f_jpg?from=ke.com
20230709,丰台,蒲黄榆,101119848860,丰台 建行家属院 精装修 有车位 南北通透 随时可看,385万,69570元/平,高楼层 (共6层) 2室1厅 | 55.34平米 | 南 北,https://ke-image.ljcdn.com/110000-inspection/pc1_VNukyqAeH_2.jpg!m_fill,w_280,h_210,f_jpg?from=ke.com
20230709,丰台,蒲黄榆,101119843805,方庄 蒲黄榆 电梯楼三居 户型方正,480万,69869元/平,高楼层 (共18层) | 1994年建 | 3室1厅 | 68.7平米 | 东 北,https://ke-image.ljcdn.com/110000-inspection/pc1_QvVJM5diU_1.jpg!m_fill,w_280,h_210,f_jpg?from=ke.com
20230709,丰台,蒲黄榆,101119817719,三环内 恒松园西南2居 温泉入户 地铁5号线刘家窑,570万,69828元/平,底层 (共22层) | 1998年建 | 2室1厅 | 81.63平米 | 西南,https://ke-image.ljcdn.com/110000-inspection/pc1_oFg2XfUex_2.jpg!m_fill,w_280,h_210,f_jpg?from=ke.com
20230709,丰台,蒲黄榆,101119794954,三环里 双地铁 蒲安西里 采光视野好配套齐生活方便,485万,70886元/平,中楼层 (共16层) | 1992年建 | 3室1厅 | 68.42平米 | 西北,https://ke-image.ljcdn.com/110000-inspection/pc1_yvt1hb35E_1.jpg!m_fill,w_280,h_210,f_jpg?from=ke.com
20230709,丰台,蒲黄榆,101119779967,蒲安里双地铁换乘中间层采光好,339万,64327元/平,中楼层 (共6层) | 1980年建 | 2室1厅 | 52.7平米 | 南,https://ke-image.ljcdn.com/110000-inspection/c930e35c-b63c-44f6-98e6-d1a24d2ee96c_1000.jpg!m_fill,w_280,h_210,f_jpg?from=ke.com
20230709,丰台,蒲黄榆,101119776303,方庄 蒲黄榆 天坛南门 电梯直达两居,438万,62877元/平,中楼层 (共17层) 2室1厅 | 69.66平米 | 东南,https://ke-image.ljcdn.com/110000-inspection/pc1_Z1xLo7EB5_2.jpg!m_fill,w_280,h_210,f_jpg?from=ke.com
20230709,丰台,蒲黄榆,101119776214,集中供暖、生活便利、出行方便、诚心出售,550万,70378元/平,高楼层 (共18层) 3室1厅 | 78.15平米 | 东南 北,https://ke-image.ljcdn.com/110000-inspection/32efc920-eee4-4675-9d69-29f962f5a1df_1000.jpg!m_fill,w_280,h_210,f_jpg?from=ke.com
20230709,丰台,蒲黄榆,101119773719,永外蒲黄榆刘家窑东里住宅带电梯精装修中高楼层两居室,388万,63451元/平,中楼层 (共18层) 2室1厅 | 61.15平米 | 西南,https://ke-image.ljcdn.com/110000-inspection/fd7ff7d1-d04a-4465-8c09-12308b7659d7_1000.jpg!m_fill,w_280,h_210,f_jpg?from=ke.com
20230709,丰台,蒲黄榆,101119749152,蒲黄榆四里生活便利、出行方便、诚心出售,330万,57492元/平,高楼层 (共6层) | 1970年建 | 2室1厅 | 57.4平米 | 南 北,https://ke-image.ljcdn.com/110000-inspection/5369dc14-2f15-44c4-a3b7-41af8361cf9f_1000.jpg!m_fill,w_280,h_210,f_jpg?from=ke.com
20230709,丰台,蒲黄榆,101119746801,方庄 蒲安东里 电梯楼两居 采光好 视野不错,398万,64194元/平,中楼层 (共18层) 2室1厅 | 62平米 | 西南,https://ke-image.ljcdn.com/110000-inspection/pc1_AvMTzmgXP_2.jpg!m_fill,w_280,h_210,f_jpg?from=ke.com
20230709,丰台,蒲黄榆,101119730639,金容苑东向两居室近地铁交通便捷楼层好视野开阔房主自荐,558万,62014元/平,中楼层 (共16层) | 2003年建 | 2室1厅 | 89.98平米 | 东,https://ke-image.ljcdn.com/110000-inspection/pc1_kVrOjRwQb_1.jpg!m_fill,w_280,h_210,f_jpg?from=ke.com
20230709,丰台,蒲黄榆,101119723346,此房满五唯一采光好有物业管理有车位,338万,61781元/平,底层 (共16层) | 1985年建 | 2室1厅 | 54.71平米 | 南,https://ke-image.ljcdn.com/110000-inspection/pc1_ldrb9B1l3_1.jpg!m_fill,w_280,h_210,f_jpg?from=ke.com
20230709,丰台,蒲黄榆,101119707502,蒲华园2002年社区双地铁封闭式管理,520万,62179元/平,低楼层 (共18层) | 2002年建 | 2室1厅 | 83.63平米 | 东,https://ke-image.ljcdn.com/110000-inspection/pc1_luVGRw9P3_1.jpg!m_fill,w_280,h_210,f_jpg?from=ke.com
20230709,丰台,蒲黄榆,101119705373,蒲安北里生活便利、出行方便、诚心出售,535万,68293元/平,低楼层 (共18层) 3室1厅 | 78.34平米 | 东 南 北,https://ke-image.ljcdn.com/110000-inspection/pc1_Odh5EHVmi_2.jpg!m_fill,w_280,h_210,f_jpg?from=ke.com
20230709,丰台,蒲黄榆,101119696755,二环半 蒲黄榆地铁 满五年 南北通透  优质2居,370万,63794元/平,底层 (共6层) 2室1厅 | 58平米 | 南 北,https://ke-image.ljcdn.com/110000-inspection/pc1_Z29wTF9SS_1.jpg!m_fill,w_280,h_210,f_jpg?from=ke.com
20230709,丰台,蒲黄榆,101119688091,南二环 刘家窑北里 南北三居 看房随时,388万,63921元/平,顶层 (共6层) | 1980年建 | 3室1厅 | 60.7平米 | 南 北,https://ke-image.ljcdn.com/110000-inspection/pc1_3fh0sjTyI_1.jpg!m_fill,w_280,h_210,f_jpg?from=ke.com
20230709,丰台,蒲黄榆,101119683035,总监推荐满五唯一精装修采光视野好,235万,80535元/平,高楼层 (共6层) 1室1厅 | 29.18平米 | 南,https://ke-image.ljcdn.com/110000-inspection/pc1_GrzOhx1ds_1.jpg!m_fill,w_280,h_210,f_jpg?from=ke.com
20230709,丰台,蒲黄榆,101119677707,二环蒲黄榆地铁口前后不临街一层带院南向一居室,260万,69149元/平,底层 (共6层) | 1991年建 | 1室1厅 | 37.6平米 | 南,https://ke-image.ljcdn.com/110000-inspection/pc1_8r9XAPrgN_1.jpg!m_fill,w_280,h_210,f_jpg?from=ke.com
20230709,丰台,蒲黄榆,101119667240,店长推荐 蒲黄榆地铁 精装修 南北朝向 看房方便,319万,58640元/平,高楼层 (共6层) 2室1厅 | 54.4平米 | 南 北,https://ke-image.ljcdn.com/110000-inspection/234c53d4-1a1c-46c2-bea2-9af5d98e8a2d_1000.jpg!m_fill,w_280,h_210,f_jpg?from=ke.com
20230709,丰台,蒲黄榆,101119665639,恒松园   温泉入户小区24小时温泉热水  楼层高视野好,555万,67990元/平,高楼层 (共22层) | 1998年建 | 2室1厅 | 81.63平米 | 西南,https://ke-image.ljcdn.com/110000-inspection/pc1_hf8uj4aIX.jpg!m_fill,w_280,h_210,f_jpg?from=ke.com
20230709,丰台,蒲黄榆,101119648224,华体物业西南向两居室近地铁交通方便采光视野好房主自荐,616万,71620元/平,中楼层 (共18层) 2室2厅 | 86.01平米 | 西南,https://ke-image.ljcdn.com/110000-inspection/2d6c1c78-0f22-4a46-b10c-8975e85d3ed9_1000.jpg!m_fill,w_280,h_210,f_jpg?from=ke.com
20230709,丰台,蒲黄榆,101119627455,三环里电梯直达满五年 楼层好看房方便,399万,60446元/平,中楼层 (共14层) 3室1厅 | 66.01平米 | 东 北 西,https://ke-image.ljcdn.com/110000-inspection/pc1_yPTh3yJE4_1.jpg!m_fill,w_280,h_210,f_jpg?from=ke.com
20230709,丰台,蒲黄榆,101119623633,中间层 朝南 精装修 一居 近地铁 诚心出售随时签约。房主自荐,245万,66217元/平,中楼层 (共6层) | 1980年建 | 1室1厅 | 37平米 | 南,https://ke-image.ljcdn.com/110000-inspection/b355f117-a426-4188-9014-67211e9345fe_1000.jpg!m_fill,w_280,h_210,f_jpg?from=ke.com
20230709,丰台,蒲黄榆,101119598796,蒲黄榆十一巷 精装修 南北向 两居室 带客厅 诚心出售,340万,62963元/平,中楼层 (共6层) 2室1厅 | 54平米 | 南 北,https://ke-image.ljcdn.com/110000-inspection/502d0593-ca16-47de-8422-25af943a886c_1000.jpg!m_fill,w_280,h_210,f_jpg?from=ke.com
20230709,丰台,蒲黄榆,101119597633,蒲安东里 2室1厅 南,530万,71247元/平,底层 (共24层) | 2002年建 | 2室1厅 | 74.39平米 | 南,https://ke-image.ljcdn.com/110000-inspection/9faab885-7b04-46b9-a0e2-cec2b90c5c52_1000.jpg!m_fill,w_280,h_210,f_jpg?from=ke.com
20230709,丰台,蒲黄榆,101119584683,蒲安北里 2室1厅 东南,450万,65964元/平,低楼层 (共18层) 2室1厅 | 68.22平米 | 东南,https://ke-image.ljcdn.com/110000-inspection/pc1_KYUYInduZ_1.jpg!m_fill,w_280,h_210,f_jpg?from=ke.com
20230709,丰台,蒲黄榆,101119570090,三环里 地铁5/14号线 户型方正,392万,54144元/平,高楼层 (共6层) 3室1厅 | 72.4平米 | 东 西,https://ke-image.ljcdn.com/110000-inspection/c2786a40-4a94-4e2d-8fa0-819467c90b84_1000.jpg!m_fill,w_280,h_210,f_jpg?from=ke.com
20230709,丰台,蒲黄榆,101119528558,店长推荐 三环里 双地铁 看房方便 随时签约,280万,52239元/平,高楼层 (共6层) 2室1厅 | 53.6平米 | 南 北,https://ke-image.ljcdn.com/110000-inspection/2148a66c-da8a-4467-9cf8-3349d98ac451_1000.jpg!m_fill,w_280,h_210,f_jpg?from=ke.com
20230709,丰台,蒲黄榆,101119513024,南二环外  蒲黄榆五巷 高楼层南北三居室 装修好采光好房主自荐,415万,57202元/平,高楼层 (共6层) 3室1厅 | 72.55平米 | 南 北,https://ke-image.ljcdn.com/110000-inspection/c9bb47f4-f272-4a5e-9ff8-7068e07fce80_1000.jpg!m_fill,w_280,h_210,f_jpg?from=ke.com
20230709,丰台,蒲黄榆,101119511584,定安东里 满五年 精装修 视野开阔 采光好,290万,54105元/平,顶层 (共6层) 2室1厅 | 53.6平米 | 东 西,https://ke-image.ljcdn.com/110000-inspection/8de29254-ce33-4b2f-9f13-0aeb5dfb9ab3_1000.jpg!m_fill,w_280,h_210,f_jpg?from=ke.com
20230709,丰台,蒲黄榆,101119476360,刘家窑南里南北通透两居诚意出售,330万,52298元/平,高楼层 (共6层) 2室1厅 | 63.1平米 | 南 西 北,https://ke-image.ljcdn.com/110000-inspection/pc1_pSomkSq9R_1.jpg!m_fill,w_280,h_210,f_jpg?from=ke.com
20230709,丰台,蒲黄榆,101119459456,地铁400米南北通透高楼层无遮挡满五唯一,300万,51090元/平,顶层 (共6层) 2室1厅 | 58.72平米 | 南 北,https://ke-image.ljcdn.com/110000-inspection/pc1_t9ntZaOf4_1.jpg!m_fill,w_280,h_210,f_jpg?from=ke.com
20230709,丰台,蒲黄榆,101119458890,永外蒲黄榆刘家窑东里住宅南北两居房主自荐,339万,57732元/平,低楼层 (共6层) 2室1厅 | 58.72平米 | 南 北,https://ke-image.ljcdn.com/110000-inspection/ab54bc86-9fc2-4b32-a977-9632db98f6b6_1000.jpg!m_fill,w_280,h_210,f_jpg?from=ke.com
20230709,丰台,蒲黄榆,101119458647,景泰东里东城区 朝西格局好 视野开阔中间层精装修房主自荐,465万,89890元/平,中楼层 (共6层) | 1994年建 | 1室1厅 | 51.73平米 | 西,https://ke-image.ljcdn.com/110000-inspection/12868dc2-db2c-4a0c-956a-23c95455fd23_1000.jpg!m_fill,w_280,h_210,f_jpg?from=ke.com
20230709,丰台,蒲黄榆,101119419796,万事吉公寓 刘家窑 蒲黄榆 南三环 南北通透三居,935万,65684元/平,低楼层 (共15层) | 1997年建 | 3室1厅 | 142.35平米 | 南 北,https://ke-image.ljcdn.com/110000-inspection/2a3f1553-f01e-4a75-8ff1-709a2426ced1_1000.jpg!m_fill,w_280,h_210,f_jpg?from=ke.com
20230709,丰台,蒲黄榆,101119417330,蒲黄榆地铁 朝南一居 管理好 楼道干净 诚意出售,260万,76247元/平,底层 (共15层) | 1980年建 | 1室1厅 | 34.1平米 | 南,https://ke-image.ljcdn.com/110000-inspection/6e0f73f4-d4b2-434c-80b4-1758eee2eaf7_1000.jpg!m_fill,w_280,h_210,f_jpg?from=ke.com
20230709,丰台,蒲黄榆,101119410524,东城区精装一居室近地铁独门独院管理房主自荐,500万,104516元/平,底层 (共6层) | 1970年建 | 2室1厅 | 47.84平米 | 南,https://ke-image.ljcdn.com/110000-inspection/153eac9a-7f6f-4102-858e-596eda09b51a_1000.jpg!m_fill,w_280,h_210,f_jpg?from=ke.com
20230709,丰台,蒲黄榆,101119406907,地铁5 14号线南北通透三居室诚心出售,385万,64274元/平,低楼层 (共6层) | 1986年建 | 3室1厅 | 59.9平米 | 南 北,https://ke-image.ljcdn.com/110000-inspection/dbb73cb9-aa30-4c4d-836f-54552420ea2f_1000.jpg!m_fill,w_280,h_210,f_jpg?from=ke.com
20230709,丰台,蒲黄榆,101119396006,店长推荐 蒲黄榆 精装修 满五年 看房方便,275万,54348元/平,顶层 (共6层) 2室1厅 | 50.6平米 | 南,https://ke-image.ljcdn.com/110000-inspection/55a742e2-5515-46fd-865a-9ca8781b3075_1000.jpg!m_fill,w_280,h_210,f_jpg?from=ke.com
20230709,丰台,蒲黄榆,101119374521,永外蒲黄榆刘家窑东里住宅两居室,326万,52923元/平,中楼层 (共16层) 2室1厅 | 61.6平米 | 西北,https://ke-image.ljcdn.com/110000-inspection/pc1_z2cALiZso_1.jpg!m_fill,w_280,h_210,f_jpg?from=ke.com
20230709,丰台,蒲黄榆,101119360300,东城 永外 94年 正规客厅 南北通透两居室 景泰东里,600万,90992元/平,高楼层 (共6层) | 1994年建 | 2室1厅 | 65.94平米 | 南 北,https://ke-image.ljcdn.com/110000-inspection/36d7c318-a758-4e89-b7c7-27fdf6367ab9_1000.jpg!m_fill,w_280,h_210,f_jpg?from=ke.com
20230709,丰台,蒲黄榆,101119354087,店长推荐  小区中间 低楼层 满五年 看房方便,268万,68718元/平,底层 (共6层) 1室1厅 | 39平米 | 东南,https://ke-image.ljcdn.com/110000-inspection/pc1_3ibGwrrLR_1.jpg!m_fill,w_280,h_210,f_jpg?from=ke.com
20230709,丰台,蒲黄榆,101119353244,蒲黄榆十一巷 低楼层 三居室 看房有钥匙 诚心出售,383万,62176元/平,低楼层 (共6层) 3室1厅 | 61.6平米 | 南 西 北,https://ke-image.ljcdn.com/110000-inspection/pc1_FYq9VoM94_1.jpg!m_fill,w_280,h_210,f_jpg?from=ke.com
20230709,丰台,蒲黄榆,101119348926,景泰东里满五年唯一有电梯有装修配套齐全房主自荐,484万,94680元/平,中楼层 (共9层) | 1994年建 | 2室1厅 | 51.12平米 | 西,https://ke-image.ljcdn.com/110000-inspection/02b6905f-26d1-4fca-bb7e-421a284bda23_1000.jpg!m_fill,w_280,h_210,f_jpg?from=ke.com
20230709,丰台,蒲黄榆,101119312205,精装修拎包入住三居室中间楼层房主自荐,350万,56434元/平,中楼层 (共7层) 3室1厅 | 62.02平米 | 西南,https://ke-image.ljcdn.com/110000-inspection/cb50fe79-687d-4269-94b5-148bd51779e8_1000.jpg!m_fill,w_280,h_210,f_jpg?from=ke.com
20230709,丰台,蒲黄榆,101119288854,刘家窑北里 2室1厅 南 北,330万,61225元/平,高楼层 (共6层) 2室1厅 | 53.9平米 | 南 北,https://ke-image.ljcdn.com/110000-inspection/6d018123-c8f6-4469-b87d-e72617b7761b_1000.jpg!m_fill,w_280,h_210,f_jpg?from=ke.com
20230709,丰台,蒲黄榆,101119287515,刘家窑地铁正规两居室南北通透带电梯看房方便,355万,56955元/平,中楼层 (共14层) | 1992年建 | 2室1厅 | 62.33平米 | 南 北,https://ke-image.ljcdn.com/110000-inspection/pc1_dBSqtnFZv_1.jpg!m_fill,w_280,h_210,f_jpg?from=ke.com
20230709,丰台,蒲黄榆,101119286949,丰台区 万事吉公寓 南向 三居室 满五唯一,750万,64992元/平,低楼层 (共12层) 3室1厅 | 115.4平米 | 南,https://ke-image.ljcdn.com/110000-inspection/pc1_mXIsluW4Y_1.jpg!m_fill,w_280,h_210,f_jpg?from=ke.com
20230709,丰台,蒲黄榆,101119285678,蒲安东里02年社区有管理有产权车位、近地铁满五年,718万,62462元/平,低楼层 (共24层) | 2002年建 | 3室2厅 | 114.95平米 | 东 北,https://ke-image.ljcdn.com/110000-inspection/acddc282-92ba-4092-b9e0-f3c3bb1e65df_1000.jpg!m_fill,w_280,h_210,f_jpg?from=ke.com
20230709,丰台,蒲黄榆,101119277822,天坛南门 蒲黄榆二里 双南两居室 户型方正好利用,325万,63676元/平,中楼层 (共6层) 2室1厅 | 51.04平米 | 南,https://ke-image.ljcdn.com/110000-inspection/714db915-1a15-4940-98b2-3af4c243b774_1000.jpg!m_fill,w_280,h_210,f_jpg?from=ke.com
20230709,丰台,蒲黄榆,101119266053,工行单位 低楼层 南北向两居 精装修,339万,59831元/平,低楼层 (共6层) | 1985年建 | 2室1厅 | 56.66平米 | 南 北,https://ke-image.ljcdn.com/110000-inspection/pc1_HdZA59mNT_1.jpg!m_fill,w_280,h_210,f_jpg?from=ke.com
20230709,丰台,蒲黄榆,101119263882,东城 安乐林路南向正规小两居室 楼层低 无遮挡 精装修房主自荐,415万,86315元/平,低楼层 (共6层) | 1970年建 | 2室1厅 | 48.08平米 | 南,https://ke-image.ljcdn.com/110000-inspection/9e7b6f0c-5dee-4899-a5b7-4d88b8f25b7b_1000.jpg!m_fill,w_280,h_210,f_jpg?from=ke.com
20230709,丰台,蒲黄榆,101119261477,蒲安里 中间层三居室 西北向 满五年唯一 上下水管已换房主自荐,408万,58286元/平,中楼层 (共6层) | 1989年建 | 3室1厅 | 70平米 | 西北,https://ke-image.ljcdn.com/110000-inspection/19336a74-6571-4be6-9f38-ab83f111fe29_1000.jpg!m_fill,w_280,h_210,f_jpg?from=ke.com
20230709,丰台,蒲黄榆,101119258056,蒲安北里生活便利、出行方便、诚心出售,330万,58761元/平,顶层 (共6层) 2室1厅 | 56.16平米 | 东 西,https://ke-image.ljcdn.com/110000-inspection/ec4da0f5-52fa-4955-89e8-39f1266b15e1_1000.jpg!m_fill,w_280,h_210,f_jpg?from=ke.com
20230709,丰台,蒲黄榆,101119244946,工商银行家属院双地铁满五年钢混结构,455万,59782元/平,中楼层 (共17层) 3室1厅 | 76.11平米 | 东 北,https://ke-image.ljcdn.com/110000-inspection/pc1_CCOHBCxLz_1.jpg!m_fill,w_280,h_210,f_jpg?from=ke.com
20230709,丰台,蒲黄榆,101119237969,店长推荐 天坛南门 电梯直达 满五唯一 采光充足,447万,73593元/平,中楼层 (共18层) 2室1厅 | 60.74平米 | 东南,https://ke-image.ljcdn.com/110000-inspection/pc1_vHRwfKvOe_1.jpg!m_fill,w_280,h_210,f_jpg?from=ke.com
20230709,丰台,蒲黄榆,101119225415,店长推荐 精装修 高楼层 电梯房 满五年 双地铁蒲黄榆,268万,72238元/平,高楼层 (共15层) | 1980年建 | 1室1厅 | 37.1平米 | 南,https://ke-image.ljcdn.com/110000-inspection/ade1a1c4-675f-443d-a588-a4483ec4c9fc_1000.jpg!m_fill,w_280,h_210,f_jpg?from=ke.com
20230709,丰台,蒲黄榆,101119193499,景泰东里电梯楼95年社区较新楼龄业主诚意出售房主自荐,466万,88392元/平,低楼层 (共9层) | 1994年建 | 1室1厅 | 52.72平米 | 南,https://ke-image.ljcdn.com/110000-inspection/pc1_cSRy4KU2U_1.jpg!m_fill,w_280,h_210,f_jpg?from=ke.com
20230709,丰台,蒲黄榆,101119180725,集中供暖、生活便利、出行方便、诚心出售,358万,60740元/平,中楼层 (共6层) | 1994年建 | 2室1厅 | 58.94平米 | 东 西,https://ke-image.ljcdn.com/110000-inspection/4e10f848-9a77-4bd0-a2b8-8a69069bc244_1000.jpg!m_fill,w_280,h_210,f_jpg?from=ke.com
20230709,丰台,蒲黄榆,101119174661,二环外 商务部管理 上下水管道已换 满五唯一 精装修,370万,63227元/平,顶层 (共6层) | 1986年建 | 2室1厅 | 58.52平米 | 南,https://ke-image.ljcdn.com/110000-inspection/pc1_EY8GDtVh7_2.jpg!m_fill,w_280,h_210,f_jpg?from=ke.com
20230709,丰台,蒲黄榆,101119172834,安定东里 满五年 两居半 一层 诚心出售 价格可谈,282万,51839元/平,底层 (共6层) 2室1厅 | 54.4平米 | 东 西,https://ke-image.ljcdn.com/110000-inspection/5143a671-3f71-4f1c-a7e6-eaa019941e5c_1000.jpg!m_fill,w_280,h_210,f_jpg?from=ke.com
20230709,丰台,蒲黄榆,101119170288,丰台区 蒲安西里 建行院 单独管理 南北通透 中楼层,379万,68486元/平,中楼层 (共6层) 2室1厅 | 55.34平米 | 南 北,https://ke-image.ljcdn.com/110000-inspection/d851ae76-4a17-4b35-9b94-e6be072f08c4_1000.jpg!m_fill,w_280,h_210,f_jpg?from=ke.com
20230709,丰台,蒲黄榆,101119169955,精装修   中间层    地铁近   小区环境好,259万,61389元/平,中楼层 (共6层) 1室1厅 | 42.19平米 | 南,https://ke-image.ljcdn.com/110000-inspection/ebab3af0-825c-45aa-8fc3-81f4122b794d_1000.jpg!m_fill,w_280,h_210,f_jpg?from=ke.com
20230709,丰台,蒲黄榆,101119167462,刘家窑东里 2室1厅 南,419万,56868元/平,低楼层 (共18层) 2室1厅 | 73.68平米 | 南,https://ke-image.ljcdn.com/110000-inspection/pc1_Hi3AQXtpA_1.jpg!m_fill,w_280,h_210,f_jpg?from=ke.com
20230709,丰台,蒲黄榆,101119157283,蒲黄榆二里 南北向两居室 看房方便 满五年唯一有车位,338万,60956元/平,顶层 (共12层) | 1980年建 | 2室1厅 | 55.45平米 | 南 北,https://ke-image.ljcdn.com/110000-inspection/e9dc2f0f-f85e-4785-906d-a1fd464ed731_1000.jpg!m_fill,w_280,h_210,f_jpg?from=ke.com
20230709,丰台,蒲黄榆,101119144126,天坛南门 南向两室一厅 户型方正 采光好房主自荐,290万,57943元/平,顶层 (共6层) | 1990年建 | 2室1厅 | 50.05平米 | 南,https://ke-image.ljcdn.com/110000-inspection/b51388bc-17fa-4215-952a-b5846d3f8601_1000.jpg!m_fill,w_280,h_210,f_jpg?from=ke.com
20230709,丰台,蒲黄榆,101119142573,丰台区 蒲安西里  95年 满五唯一 南北通透,348万,56157元/平,高楼层 (共6层) | 1995年建 | 2室1厅 | 61.97平米 | 南 北,https://ke-image.ljcdn.com/110000-inspection/pc1_I5XVrh6Ne_1.jpg!m_fill,w_280,h_210,f_jpg?from=ke.com
20230709,丰台,蒲黄榆,101119131988,地铁5/14号线蒲黄榆南北两居室 电梯楼,345万,61062元/平,中楼层 (共12层) | 1985年建 | 2室1厅 | 56.5平米 | 南 北,https://ke-image.ljcdn.com/110000-inspection/5f1040b7-26c8-401e-8023-53c00b1f163e_1000.jpg!m_fill,w_280,h_210,f_jpg?from=ke.com
20230709,丰台,蒲黄榆,101119127461,南三环中路15号院 2室2厅 西南,585万,68016元/平,高楼层 (共22层) | 1997年建 | 2室2厅 | 86.01平米 | 西南,https://ke-image.ljcdn.com/110000-inspection/16c6a627-838c-4ce3-9c8b-87f3820a2cdb_1000.jpg!m_fill,w_280,h_210,f_jpg?from=ke.com
20230709,丰台,蒲黄榆,101119101747,天坛南门 方庄 蒲安东里 电梯楼两居房主自荐,450万,76078元/平,高楼层 (共18层) 2室1厅 | 59.15平米 | 西北,https://ke-image.ljcdn.com/110000-inspection/88a4927b-1c57-41ec-a978-ffe15854b814_1000.jpg!m_fill,w_280,h_210,f_jpg?from=ke.com
20230709,丰台,蒲黄榆,101119093958,刘家窑地铁口精装修两居室 全南向无遮挡房主自荐,392万,61308元/平,中楼层 (共14层) 2室1厅 | 63.94平米 | 南 北,https://ke-image.ljcdn.com/110000-inspection/78adbe27-5ae3-4ce0-8390-60ea41397342_1000.jpg!m_fill,w_280,h_210,f_jpg?from=ke.com
20230709,丰台,蒲黄榆,101119075184,蒲黄榆三里 中间楼层一居室 小区安静 满五年,230万,64716元/平,中楼层 (共6层) | 1985年建 | 1室1厅 | 35.54平米 | 南,https://ke-image.ljcdn.com/110000-inspection/8900423f-76e4-4da7-85e7-ffb21479c52a_1000.jpg!m_fill,w_280,h_210,f_jpg?from=ke.com
20230709,丰台,蒲黄榆,101119058508,地铁5/14号线蒲黄榆南向电梯楼一居室满五唯一,325万,66476元/平,高楼层 (共18层) 1室1厅 | 48.89平米 | 南,https://ke-image.ljcdn.com/110000-inspection/c99889c7-e43b-495c-88f2-0d213991def8_1000.jpg!m_fill,w_280,h_210,f_jpg?from=ke.com
20230709,丰台,蒲黄榆,101119039139,满五唯一 商品房 大一居 电梯直达 1998年建成教师楼,376万,50288元/平,低楼层 (共18层) | 1998年建 | 1室1厅 | 74.77平米 | 南,https://ke-image.ljcdn.com/110000-inspection/7a717a70-e43b-4c92-b6fc-c62deef0674a_1000.jpg!m_fill,w_280,h_210,f_jpg?from=ke.com
20230709,丰台,蒲黄榆,101119021695,蒲安北里 明厨明卫南北 两居室 近地铁 满五唯一,299万,60429元/平,中楼层 (共5层) | 1976年建 | 2室1厅 | 49.48平米 | 北 南,https://ke-image.ljcdn.com/110000-inspection/cc3dde44-ca19-4d28-8d83-e78412b31d14_1000.jpg!m_fill,w_280,h_210,f_jpg?from=ke.com
20230709,丰台,蒲黄榆,101119014337,蒲黄榆地铁 建行家属院 管理好 满五唯一 精装修 大厅房主自荐,369万,63698元/平,中楼层 (共6层) 2室1厅 | 57.93平米 | 南 北,https://ke-image.ljcdn.com/110000-inspection/pc1_xUvIqzJbb_1.jpg!m_fill,w_280,h_210,f_jpg?from=ke.com
20230709,丰台,蒲黄榆,101118999792,三环里 地铁400米 新华社宿舍 电梯房 总价合适2居,313万,61373元/平,低楼层 (共15层) | 1980年建 | 2室1厅 | 51平米 | 南,https://ke-image.ljcdn.com/110000-inspection/5c895841-b01b-4a5f-af8a-6f8c3482b7d7_1000.jpg!m_fill,w_280,h_210,f_jpg?from=ke.com
20230709,丰台,蒲黄榆,101118982805,蒲安西里 南北两居室 采光无遮挡 房龄新 小区安静,320万,49231元/平,顶层 (共6层) 2室1厅 | 65平米 | 南 北,https://ke-image.ljcdn.com/110000-inspection/9b87e4b6-630e-48e3-b0b9-72b4608d86f7_1000.jpg!m_fill,w_280,h_210,f_jpg?from=ke.com
20230709,丰台,蒲黄榆,101118924591,蒲黄榆五巷 地铁5和14号线双线 南北通透精装修,440万,60648元/平,高楼层 (共6层) 3室1厅 | 72.55平米 | 南 北,https://ke-image.ljcdn.com/110000-inspection/pc1_PvRminO34_1.jpg!m_fill,w_280,h_210,f_jpg?from=ke.com
20230709,丰台,蒲黄榆,101118896149,二环外 蒲黄榆地铁 正规1居 明厨明卫 价格面谈有空间,265万,57360元/平,底层 (共6层) | 1991年建 | 1室1厅 | 46.2平米 | 南,https://ke-image.ljcdn.com/110000-inspection/be3f62fb-5194-4738-baed-4683d73e33ea_1000.jpg!m_fill,w_280,h_210,f_jpg?from=ke.com
20230709,丰台,蒲黄榆,101118888070,地铁5/14号线朝南电梯楼一居室满五唯一,325万,67921元/平,低楼层 (共18层) 1室1厅 | 47.85平米 | 南,https://ke-image.ljcdn.com/110000-inspection/eb414cdf-3569-440b-bcef-e75bef5404e7_1000.jpg!m_fill,w_280,h_210,f_jpg?from=ke.com
20230709,丰台,蒲黄榆,101118846183,地铁5和14号线双线 电梯房看房方便诚心出售,330万,56672元/平,低楼层 (共17层) 2室1厅 | 58.23平米 | 西北,https://ke-image.ljcdn.com/110000-inspection/pc1_KgZZBhMDQ_1.jpg!m_fill,w_280,h_210,f_jpg?from=ke.com
20230709,丰台,蒲黄榆,101118840221,店长推荐 电梯房南北朝向 楼道都是瓷砖 地铁5号线,408万,58706元/平,低楼层 (共15层) | 1980年建 | 2室1厅 | 69.5平米 | 南 北,https://ke-image.ljcdn.com/110000-inspection/pc1_93iKUCjsA_2.jpg!m_fill,w_280,h_210,f_jpg?from=ke.com
20230709,丰台,蒲黄榆,101118837320,满五唯一 两居 南北通透 明厨明卫 低楼层 环境优美房主自荐,405万,62665元/平,低楼层 (共6层) 2室1厅 | 64.63平米 | 南 北,https://ke-image.ljcdn.com/110000-inspection/686dfd1a-b0db-4656-80a5-f8e868a38dd7_1000.jpg!m_fill,w_280,h_210,f_jpg?from=ke.com
20230709,丰台,蒲黄榆,101118821629,刘家窑南里满五唯一电梯房近地铁采光好,345万,60955元/平,高楼层 (共16层) 2室1厅 | 56.6平米 | 南,https://ke-image.ljcdn.com/110000-inspection/pc1_YTGVX81zD_1.jpg!m_fill,w_280,h_210,f_jpg?from=ke.com
20230709,丰台,蒲黄榆,101118814425,满五年全南全明格局地铁5号线刘家窑房主自荐,241万,48133元/平,中楼层 (共5层) 2室1厅 | 50.07平米 | 南,https://ke-image.ljcdn.com/110000-inspection/5f2622c8-1422-4c07-b202-a3e5bf9f8bd9_1000.jpg!m_fill,w_280,h_210,f_jpg?from=ke.com
20230709,丰台,蒲黄榆,101118812553,满五唯一格局好交通便利购物方便,260万,72283元/平,低楼层 (共7层) 1室1厅 | 35.97平米 | 东南,https://ke-image.ljcdn.com/110000-inspection/pc1_mGoHurAd5.jpg!m_fill,w_280,h_210,f_jpg?from=ke.com
20230709,丰台,蒲黄榆,101118803422,蒲安东里2室2厅双阳台带双卫蒲黄榆双地铁换乘,690万,68426元/平,低楼层 (共18层) | 2002年建 | 3室2厅 | 100.84平米 | 西南,https://ke-image.ljcdn.com/110000-inspection/pc1_KURvURTag_1.jpg!m_fill,w_280,h_210,f_jpg?from=ke.com
20230709,丰台,蒲黄榆,101118800234,三环外 蒲黄榆 看房方便 满五年,405万,52077元/平,顶层 (共6层) | 1985年建 | 3室1厅 | 77.77平米 | 南 西 北,https://ke-image.ljcdn.com/110000-inspection/c873396d-6cde-4e5f-92c1-241c8e9d7667_1000.jpg!m_fill,w_280,h_210,f_jpg?from=ke.com
20230709,丰台,蒲黄榆,101118784743,店长推荐  蒲华园  西南电梯房  满五年唯一商品房,730万,74255元/平,低楼层 (共24层) | 2002年建 | 2室2厅 | 98.31平米 | 西南,https://ke-image.ljcdn.com/110000-inspection/pc1_0UuVHw6sI_1.jpg!m_fill,w_280,h_210,f_jpg?from=ke.com
20230709,丰台,蒲黄榆,101118758354,三环内 明厨明卫两居室 南北通透 满五唯一 地铁700米,407万,62138元/平,底层 (共6层) | 1991年建 | 2室1厅 | 65.5平米 | 南 北,https://ke-image.ljcdn.com/110000-inspection/pc1_daERvU9CS_2.jpg!m_fill,w_280,h_210,f_jpg?from=ke.com
20230709,丰台,蒲黄榆,101118676601,南二环 天坛南门1km 诚心出售 看房有钥匙 正规两居室,288万,56805元/平,中楼层 (共6层) 2室1厅 | 50.7平米 | 东北,https://ke-image.ljcdn.com/110000-inspection/2f943f1d-46cc-45a0-a804-8e199fb83dc4_1000.jpg!m_fill,w_280,h_210,f_jpg?from=ke.com
20230709,丰台,蒲黄榆,101118670258,店长推荐 电梯房 采光好 小区环境好 能停车,375万,57978元/平,中楼层 (共16层) | 1990年建 | 2室1厅 | 64.68平米 | 西南,https://ke-image.ljcdn.com/110000-inspection/pc1_Y7qK7MRGP_1.jpg!m_fill,w_280,h_210,f_jpg?from=ke.com
20230709,丰台,蒲黄榆,101118669094,店长推荐 方庄蒲黄榆 中间层 满五年唯一,330万,56199元/平,中楼层 (共6层) 2室1厅 | 58.72平米 | 南 北,https://ke-image.ljcdn.com/110000-inspection/91d9aacf-5654-4f17-ba00-404a3ad25b7c_1000.jpg!m_fill,w_280,h_210,f_jpg?from=ke.com
20230709,丰台,蒲黄榆,101118664821,2002年小区 2室2厅1厨2卫  精装修 拎包入住,685万,69678元/平,低楼层 (共24层) | 2002年建 | 2室2厅 | 98.31平米 | 南 西,https://ke-image.ljcdn.com/110000-inspection/d487b4de-b0df-49f6-a91f-7eeb3c03d603_1000.jpg!m_fill,w_280,h_210,f_jpg?from=ke.com
20230709,丰台,蒲黄榆,101118638852,东城 永外 景泰东里 钢混 可组合贷,599万,84106元/平,顶层 (共9层) | 1994年建 | 2室1厅 | 71.22平米 | 南 北,https://ke-image.ljcdn.com/110000-inspection/pc1_kZCBlL3NQ_1.jpg!m_fill,w_280,h_210,f_jpg?from=ke.com
20230709,丰台,蒲黄榆,101118631967,婚房精装修的好楼层采光好满五唯一商品房,590万,72429元/平,中楼层 (共24层) | 1998年建 | 2室1厅 | 81.46平米 | 东 南,https://ke-image.ljcdn.com/110000-inspection/c2593383-5302-498f-97f0-514d242f8a44_1000.jpg!m_fill,w_280,h_210,f_jpg?from=ke.com
20230709,丰台,蒲黄榆,101118629920,店长推荐 环境好能停车户型好门口有公交房主自荐,275万,53607元/平,顶层 (共6层) | 1990年建 | 2室1厅 | 51.3平米 | 南 北,https://ke-image.ljcdn.com/110000-inspection/9ef740b0-d7c4-4336-8728-982bb8a32d47_1000.jpg!m_fill,w_280,h_210,f_jpg?from=ke.com
20230709,丰台,蒲黄榆,101118617845,1990年天坛南门生活便利、出行方便、诚心出售,408万,73250元/平,中楼层 (共6层) | 1990年建 | 3室1厅 | 55.7平米 | 南 北 西,https://ke-image.ljcdn.com/110000-inspection/c1f1614c-6d9c-4f14-83c4-a3664dcef413_1000.jpg!m_fill,w_280,h_210,f_jpg?from=ke.com
20230709,丰台,蒲黄榆,101118617127,三环内 5号线刘家窑地铁站 南向 电梯房 1998年建成,359万,60418元/平,高楼层 (共18层) | 1998年建 | 1室1厅 | 59.42平米 | 南,https://ke-image.ljcdn.com/110000-inspection/pc1_F4ufdswYL_2.jpg!m_fill,w_280,h_210,f_jpg?from=ke.com
20230709,丰台,蒲黄榆,101118600152,蒲安里 南北通透两居室 中间楼层 满五年唯一,352万,63185元/平,中楼层 (共6层) | 1993年建 | 2室1厅 | 55.71平米 | 南 北,https://ke-image.ljcdn.com/110000-inspection/90fdab87-5a80-4108-9b50-d4325c5e40ca_1000.jpg!m_fill,w_280,h_210,f_jpg?from=ke.com
20230709,丰台,蒲黄榆,101118594019,金容苑 2室1厅 南,720万,68742元/平,中楼层 (共16层) | 2003年建 | 2室1厅 | 104.74平米 | 南,https://ke-image.ljcdn.com/110000-inspection/pc1_sabrmuuGG_2.jpg!m_fill,w_280,h_210,f_jpg?from=ke.com
20230709,丰台,蒲黄榆,101118566163,刘家窑 赵公口 定安东里小区 中间楼层东向两居 满五年,289万,57800元/平,中楼层 (共6层) | 1988年建 | 2室1厅 | 50平米 | 东,https://ke-image.ljcdn.com/110000-inspection/pc1_frK6lMnG0_1.jpg!m_fill,w_280,h_210,f_jpg?from=ke.com
20230709,丰台,蒲黄榆,101118554172,南北通透两居室满五唯一板楼带电梯地铁350米房主自荐,352万,56474元/平,高楼层 (共14层) 2室1厅 | 62.33平米 | 南 北,https://ke-image.ljcdn.com/110000-inspection/pc1_khnPFIPzI_2.jpg!m_fill,w_280,h_210,f_jpg?from=ke.com
20230709,丰台,蒲黄榆,101118549932,蒲安北里 地铁5号线和14号线 中间层 三居室 装修好,477万,64019元/平,中楼层 (共6层) | 1988年建 | 3室1厅 | 74.51平米 | 南 北,https://ke-image.ljcdn.com/110000-inspection/bec2ed1f-fc71-48ec-99ab-030994db4781_1000.jpg!m_fill,w_280,h_210,f_jpg?from=ke.com
20230709,丰台,蒲黄榆,101118542177,蒲黄榆二里生活便利、出行方便、诚心出售,328万,64441元/平,顶层 (共12层) | 1989年建 | 2室1厅 | 50.9平米 | 南,https://ke-image.ljcdn.com/110000-inspection/pc1_msT5wr0zW_2.jpg!m_fill,w_280,h_210,f_jpg?from=ke.com
20230709,丰台,蒲黄榆,101118506785,1997年铁路宿舍楼质量好配套全出行方便,392万,62680元/平,中楼层 (共6层) 2室1厅 | 62.54平米 | 南 北,https://ke-image.ljcdn.com/110000-inspection/pc1_RsJpYbc03_1.jpg!m_fill,w_280,h_210,f_jpg?from=ke.com
20230709,丰台,蒲黄榆,101118496989,南二环半 蒲黄榆地铁站 南北向三居 90年,373万,52610元/平,顶层 (共6层) 3室1厅 | 70.9平米 | 南 北,https://ke-image.ljcdn.com/110000-inspection/f6f1e7f2-180c-4a4e-a131-78356486c1be_1000.jpg!m_fill,w_280,h_210,f_jpg?from=ke.com
20230709,丰台,蒲黄榆,101118496788,蒲黄榆二巷生活便利、出行方便、诚心出售,339万,67530元/平,中楼层 (共6层) | 1989年建 | 2室1厅 | 50.2平米 | 南,https://ke-image.ljcdn.com/110000-inspection/5231e647-ec7c-4cb6-b6f0-28fdef5a0eab_1000.jpg!m_fill,w_280,h_210,f_jpg?from=ke.com
20230709,丰台,蒲黄榆,101118484173,地铁5/14号线南北通透两居室采光视野好,348万,58984元/平,高楼层 (共6层) 2室1厅 | 59平米 | 南 北,https://ke-image.ljcdn.com/110000-inspection/pc1_4fg7Vgo7v_1.jpg!m_fill,w_280,h_210,f_jpg?from=ke.com
20230709,丰台,蒲黄榆,101118483622,蒲黄榆三里 钢混结构 电梯房 中高层 5号14号双线地铁,328万,64441元/平,高楼层 (共12层) 2室1厅 | 50.9平米 | 南,https://ke-image.ljcdn.com/110000-inspection/09564f10-dbee-4a0c-ae2d-f7b47d083279_1000.jpg!m_fill,w_280,h_210,f_jpg?from=ke.com
20230709,丰台,蒲黄榆,101118476615,蒲黄榆五巷工行宿舍楼精装修配套全出行方便,385万,65880元/平,高楼层 (共17层) | 1990年建 | 1室1厅 | 58.44平米 | 南,https://ke-image.ljcdn.com/110000-inspection/pc1_bMrBD2nxu_1.jpg!m_fill,w_280,h_210,f_jpg?from=ke.com
20230709,丰台,蒲黄榆,101118472072,蒲华园精装高楼层两居室看房方便诚心出售,535万,63973元/平,高楼层 (共18层) | 2002年建 | 2室1厅 | 83.63平米 | 西南,https://ke-image.ljcdn.com/110000-inspection/2252c5b5-01ef-4a83-9fad-4f8ee5f35905_1000.jpg!m_fill,w_280,h_210,f_jpg?from=ke.com
20230709,丰台,蒲黄榆,101118466514,店长推荐蒲黄榆四里正规一居室地铁514号线！,255万,68365元/平,高楼层 (共6层) | 1985年建 | 1室1厅 | 37.3平米 | 南,https://ke-image.ljcdn.com/110000-inspection/8c280879-4eb8-49f6-aa5c-999a2145f2d6_1000.jpg!m_fill,w_280,h_210,f_jpg?from=ke.com
20230709,丰台,蒲黄榆,101118463538,蒲黄榆路 1室1厅 南房主自荐,249万,66224元/平,低楼层 (共15层) | 1980年建 | 1室1厅 | 37.6平米 | 南,https://ke-image.ljcdn.com/110000-inspection/pc1_8P0Hwr43J.jpg!m_fill,w_280,h_210,f_jpg?from=ke.com
20230709,丰台,蒲黄榆,101118458164,蒲安里 近地铁 南北通透 有客厅  满五唯一房主自荐,316万,56733元/平,顶层 (共6层) 2室1厅 | 55.7平米 | 南 北,https://ke-image.ljcdn.com/110000-inspection/4fc37e9c-00e7-42a0-8c28-27fef511485e_1000.jpg!m_fill,w_280,h_210,f_jpg?from=ke.com
20230709,丰台,蒲黄榆,101118435683,城市印象三居室户型方正落地飘窗视野好交通方便,760万,62403元/平,中楼层 (共23层) 3室2厅 | 121.79平米 | 西北,https://ke-image.ljcdn.com/110000-inspection/pc1_sgebg1MsM_1.jpg!m_fill,w_280,h_210,f_jpg?from=ke.com
20230709,丰台,蒲黄榆,101118411079,刘家窑北里南北通透中间层精装修环境好 近地铁,345万,62728元/平,中楼层 (共6层) | 1980年建 | 2室1厅 | 55平米 | 南 北,https://ke-image.ljcdn.com/110000-inspection/pc1_Li9WG8C6o_2.jpg!m_fill,w_280,h_210,f_jpg?from=ke.com
20230709,丰台,蒲黄榆,101118409829,南三环中路南向一居室精装修采光视野好交通便捷房主自荐,298万,66637元/平,中楼层 (共14层) | 1992年建 | 1室1厅 | 44.72平米 | 南,https://ke-image.ljcdn.com/110000-inspection/a7aadeb9-ea22-45c1-95c2-4cc16080e508_1000.jpg!m_fill,w_280,h_210,f_jpg?from=ke.com
20230709,丰台,蒲黄榆,101118387820,店长推荐 蒲黄榆 中间层 南北通透 不临街 采光好房主自荐,299万,55577元/平,中楼层 (共6层) | 1990年建 | 2室1厅 | 53.8平米 | 南 北,https://ke-image.ljcdn.com/110000-inspection/8795a410-5530-4843-ab48-b9e105d12fcb_1000.jpg!m_fill,w_280,h_210,f_jpg?from=ke.com
20230709,丰台,蒲黄榆,101118378345,刘家窑南里电梯房交通便利配套齐全,322万,58653元/平,底层 (共16层) | 1980年建 | 2室1厅 | 54.9平米 | 东,https://ke-image.ljcdn.com/110000-inspection/pc1_Evl2JJr6W.jpg!m_fill,w_280,h_210,f_jpg?from=ke.com
20230709,丰台,蒲黄榆,101118377853,南向满五唯一户型方正刘家窑地铁口交通便利。房主自荐,278万,58974元/平,中楼层 (共14层) 1室1厅 | 47.14平米 | 南,https://ke-image.ljcdn.com/110000-inspection/pc1_hTJ5WHrMI_1.jpg!m_fill,w_280,h_210,f_jpg?from=ke.com
20230709,丰台,蒲黄榆,101118338668,满五唯一 诚心出售 蒲黄榆地铁310米（百度地图测距）房主自荐,295万,51171元/平,顶层 (共6层) | 1993年建 | 2室1厅 | 57.65平米 | 南 北,https://ke-image.ljcdn.com/110000-inspection/c25df281-a143-44f6-9700-76665333f49b_1000.jpg!m_fill,w_280,h_210,f_jpg?from=ke.com
20230709,丰台,蒲黄榆,101118334666,蒲安西里 明厨明卫无遮挡 1995年冬暖夏凉房主自荐,308万,55030元/平,高楼层 (共6层) 2室1厅 | 55.97平米 | 东 西,https://ke-image.ljcdn.com/110000-inspection/pc1_2idRhlEU0_1.jpg!m_fill,w_280,h_210,f_jpg?from=ke.com
20230709,丰台,蒲黄榆,101118331660,东城区 永外 景泰东里 新小区 中间层 南向 满五唯一,599万,88623元/平,中楼层 (共6层) | 1994年建 | 2室1厅 | 67.59平米 | 南,https://ke-image.ljcdn.com/110000-inspection/82077bea-50c4-41e3-9408-6fde26032ee6_1000.jpg!m_fill,w_280,h_210,f_jpg?from=ke.com
20230709,丰台,蒲黄榆,101118320937,三环里南向两居无遮挡采光好交通便利,289万,57342元/平,低楼层 (共6层) | 1989年建 | 2室1厅 | 50.4平米 | 南,https://ke-image.ljcdn.com/110000-inspection/pc1_Qpsekh9Mc.jpg!m_fill,w_280,h_210,f_jpg?from=ke.com
20230709,丰台,蒲黄榆,101118311182,刘家窑南里精装修一居室朝南无遮挡小区安静房主自荐,275万,60573元/平,低楼层 (共6层) 1室1厅 | 45.4平米 | 南 北,https://ke-image.ljcdn.com/110000-inspection/5d526891-a8b6-463c-87ea-6d8d5fb5ef99_1000.jpg!m_fill,w_280,h_210,f_jpg?from=ke.com
20230709,丰台,蒲黄榆,101118308733,采光好二环外精装修户型方正,273万,54167元/平,顶层 (共6层) | 1970年建 | 2室1厅 | 50.4平米 | 南,https://ke-image.ljcdn.com/110000-inspection/6a02c565-3963-46db-8d2a-06610bb28e21_1000.jpg!m_fill,w_280,h_210,f_jpg?from=ke.com
20230709,丰台,蒲黄榆,101118290153,三居室 楼层低 前后不临街看房有钥匙比较方便房主自荐,376万,55696元/平,低楼层 (共6层) 3室1厅 | 67.51平米 | 东南,https://ke-image.ljcdn.com/110000-inspection/0e01269b-d35c-4fb4-8279-51074eb6860e_1000.jpg!m_fill,w_280,h_210,f_jpg?from=ke.com
20230709,丰台,蒲黄榆,101118270456,三环里明厨明卫两居室全南向采光好交通便利房主自荐,355万,60684元/平,顶层 (共6层) | 1991年建 | 2室1厅 | 58.5平米 | 南,https://ke-image.ljcdn.com/110000-inspection/pc1_TzyEsVIGp_1.jpg!m_fill,w_280,h_210,f_jpg?from=ke.com
20230709,丰台,蒲黄榆,101118241004,满五唯一 三环内 西南无遮挡有电梯交通便利房主自荐,599万,68302元/平,顶层 (共18层) | 1980年建 | 3室1厅 | 87.7平米 | 西南,https://ke-image.ljcdn.com/110000-inspection/2e8d4189-b189-470d-9597-7202dc42e854_1000.jpg!m_fill,w_280,h_210,f_jpg?from=ke.com
20230709,丰台,蒲黄榆,101118230587,此房视野开阔交通便利购物方便,608万,68139元/平,低楼层 (共22层) 2室1厅 | 89.23平米 | 东南,https://ke-image.ljcdn.com/110000-inspection/60bff21c-2f0f-4aa6-b692-5e4cd3f991ea_1000.jpg!m_fill,w_280,h_210,f_jpg?from=ke.com
20230709,丰台,蒲黄榆,101118161897,蒲安里 东西通透两居室 精装修 高楼层 采光好,320万,60038元/平,高楼层 (共6层) | 1989年建 | 2室1厅 | 53.3平米 | 东 西,https://ke-image.ljcdn.com/110000-inspection/9db5da7b-be13-418f-89d7-d1c0f89a1239_1000.jpg!m_fill,w_280,h_210,f_jpg?from=ke.com
20230709,丰台,蒲黄榆,101118157094,地铁5和14号线双线 看房方便诚心出售,315万,52888元/平,高楼层 (共6层) 2室1厅 | 59.56平米 | 南 北,https://ke-image.ljcdn.com/110000-inspection/cac1f252-9e56-4db9-a6c1-b1acb9c50439_1000.jpg!m_fill,w_280,h_210,f_jpg?from=ke.com
20230709,丰台,蒲黄榆,101118156690,店长推荐一层南北两居室地铁514号线,352万,64826元/平,底层 (共6层) | 1970年建 | 2室1厅 | 54.3平米 | 南 北,https://ke-image.ljcdn.com/110000-inspection/81a8fd24-822b-480f-a67a-b68d588e71e9_1000.jpg!m_fill,w_280,h_210,f_jpg?from=ke.com
20230709,丰台,蒲黄榆,101118107998,三环里 距离地铁近 小区里安静 南北两居 采光通风好,330万,56199元/平,顶层 (共6层) 2室1厅 | 58.72平米 | 南 北,https://ke-image.ljcdn.com/110000-inspection/pc1_ZtXX2AMtd_1.jpg!m_fill,w_280,h_210,f_jpg?from=ke.com
20230709,丰台,蒲黄榆,101118094557,蒲黄榆二里 3室1厅 南 北,438万,68642元/平,顶层 (共12层) 3室1厅 | 63.81平米 | 南 北,https://ke-image.ljcdn.com/110000-inspection/25c42df4-752e-4012-8611-1a2bdf35ee82_1000.jpg!m_fill,w_280,h_210,f_jpg?from=ke.com
20230709,丰台,蒲黄榆,101118070012,蒲安里 南向两居室 高楼层采光好 满五年唯一商品房房主自荐,325万,62142元/平,高楼层 (共6层) | 1991年建 | 2室1厅 | 52.3平米 | 南,https://ke-image.ljcdn.com/110000-inspection/pc1_FeafItEle_1.jpg!m_fill,w_280,h_210,f_jpg?from=ke.com
20230709,丰台,蒲黄榆,101118055816,天坛南门外二环边电梯直达精装两居双地铁换乘。房主自荐,405万,52232元/平,高楼层 (共16层) | 1986年建 | 2室1厅 | 77.54平米 | 南 北,https://ke-image.ljcdn.com/110000-inspection/41833497-48f7-4c5b-8dbd-3a7614132cfd_1000.jpg!m_fill,w_280,h_210,f_jpg?from=ke.com
20230709,丰台,蒲黄榆,101118045424,满五年唯一产权清晰92年近地铁 不临街  随时签约,246万,53006元/平,低楼层 (共6层) 1室1厅 | 46.41平米 | 西南,https://ke-image.ljcdn.com/110000-inspection/pc1_5ptJ2CxFG.jpg!m_fill,w_280,h_210,f_jpg?from=ke.com
20230709,丰台,蒲黄榆,101118033851,南二环 精装修 满五唯一 随时签约,295万,52370元/平,顶层 (共6层) 2室1厅 | 56.33平米 | 南 北,https://ke-image.ljcdn.com/110000-inspection/be86b456-ceeb-4b08-a3e2-31e80f5ee713_1000.jpg!m_fill,w_280,h_210,f_jpg?from=ke.com
20230709,丰台,蒲黄榆,101118021664,店长推荐 三环里 小区环境好 地铁近房主自荐,290万,49387元/平,顶层 (共6层) 2室1厅 | 58.72平米 | 南 北,https://ke-image.ljcdn.com/110000-inspection/ca882412-bcfd-432e-a107-2aa33c183e25_1000.jpg!m_fill,w_280,h_210,f_jpg?from=ke.com
20230709,丰台,蒲黄榆,101117973251,蒲黄榆三里 满五唯一 三居室 高楼层 近地铁 钢混结构,405万,65482元/平,高楼层 (共12层) 3室1厅 | 61.85平米 | 南 北,https://ke-image.ljcdn.com/110000-inspection/pc1_qGIOI811i_1.jpg!m_fill,w_280,h_210,f_jpg?from=ke.com
20230709,丰台,蒲黄榆,101117972599,地铁5/14号线半地下一居室窗户在地上 随时签约,170万,43291元/平,地下室 (共4层) 1室1厅 | 39.27平米 | 南 北,https://ke-image.ljcdn.com/110000-inspection/389b0074-2b53-4f77-9fbd-b7c2e113564d_1000.jpg!m_fill,w_280,h_210,f_jpg?from=ke.com
20230709,丰台,蒲黄榆,101117938806,城市印象 2室1厅 东 西,549万,64604元/平,高楼层 (共13层) 2室1厅 | 84.98平米 | 东 西,https://ke-image.ljcdn.com/110000-inspection/pc1_AHkNS0voj_1.jpg!m_fill,w_280,h_210,f_jpg?from=ke.com
20230709,丰台,蒲黄榆,101117938359,蒲黄榆蒲安里南北两居室诚心出售看房方便,285万,54390元/平,顶层 (共6层) | 1991年建 | 2室1厅 | 52.4平米 | 南 北,https://ke-image.ljcdn.com/110000-inspection/e899bb36-77f6-4d80-a6a1-944b349410b9_1000.jpg!m_fill,w_280,h_210,f_jpg?from=ke.com
20230709,丰台,蒲黄榆,101117932337,万事吉公寓 南北通透 三居室 中间楼层 格局方正,1250万,84437元/平,中楼层 (共15层) 3室1厅 | 148.04平米 | 南 北,https://ke-image.ljcdn.com/110000-inspection/fa036dc5-3c0c-414b-850a-dbd88c6b22e6_1000.jpg!m_fill,w_280,h_210,f_jpg?from=ke.com
20230709,丰台,蒲黄榆,101117925381,东城 天坛南门  景泰东里 西南两居 有电梯 近地铁房主自荐,490万,95331元/平,中楼层 (共9层) | 1994年建 | 2室1厅 | 51.4平米 | 西南,https://ke-image.ljcdn.com/110000-inspection/pc1_MnIpokkLU_2.jpg!m_fill,w_280,h_210,f_jpg?from=ke.com
20230709,丰台,蒲黄榆,101117917430,南二环  景泰东里 精装电梯楼 满五年唯一,490万,95331元/平,顶层 (共9层) | 1994年建 | 2室1厅 | 51.4平米 | 西南,https://ke-image.ljcdn.com/110000-inspection/pc1_dD64WsLmB_2.jpg!m_fill,w_280,h_210,f_jpg?from=ke.com
20230709,丰台,蒲黄榆,101117907055,此房满五年v一南北通透两居室户型方正。楼层适合房主自荐,620万,91581元/平,中楼层 (共9层) | 1994年建 | 2室1厅 | 67.7平米 | 南 北,https://ke-image.ljcdn.com/110000-inspection/3225a2d5-b5e1-4165-83b6-baf76e042bec_1000.jpg!m_fill,w_280,h_210,f_jpg?from=ke.com
20230709,丰台,蒲黄榆,101117866514,三环里南向两居无遮挡采光好满五唯一交通便利,300万,59524元/平,中楼层 (共5层) 2室1厅 | 50.4平米 | 南,https://ke-image.ljcdn.com/110000-inspection/a679e642-9768-4995-ba26-4fbb5942536e_1000.jpg!m_fill,w_280,h_210,f_jpg?from=ke.com
20230709,丰台,蒲黄榆,101117840305,蒲安东里 步行地铁400米 满五唯一 诚心出售 随时看房,406万,64537元/平,高楼层 (共18层) | 2002年建 | 1室1厅 | 62.91平米 | 东,https://ke-image.ljcdn.com/110000-inspection/e43515b0-d667-4fde-9773-d9b97deccf0c_1000.jpg!m_fill,w_280,h_210,f_jpg?from=ke.com
20230709,丰台,蒲黄榆,101117828812,此房满五年南北通透三居室户型好面积没有浪费。,320万,54330元/平,顶层 (共6层) 3室1厅 | 58.9平米 | 南 北,https://ke-image.ljcdn.com/110000-inspection/8a3e0ff8-472c-48fb-a9c1-f4d7f394ecb5_1000.jpg!m_fill,w_280,h_210,f_jpg?from=ke.com
20230709,丰台,蒲黄榆,101117770765,二环蒲黄榆地铁口附近南北通透精装两居前后不临街房主自荐,308万,56000元/平,顶层 (共6层) | 1997年建 | 2室1厅 | 55平米 | 南 北,https://ke-image.ljcdn.com/110000-inspection/3b0c947a-a942-4dfd-b040-ef479b87e303_1000.jpg!m_fill,w_280,h_210,f_jpg?from=ke.com
20230709,丰台,蒲黄榆,101117769179,建设银行宿舍院 南北通透 此房满五唯一,198万,38165元/平,地下室 (共6层) 2室1厅 | 51.88平米 | 南 北,https://ke-image.ljcdn.com/110000-inspection/pc1_00WL39Mtn_1.jpg!m_fill,w_280,h_210,f_jpg?from=ke.com
20230709,丰台,蒲黄榆,101117671213,朝南两居室满五年名下一套房有车位精装修无遮挡房主自荐,378万,58316元/平,高楼层 (共6层) | 1991年建 | 2室1厅 | 64.82平米 | 南,https://ke-image.ljcdn.com/110000-inspection/4261325d-072b-4e8c-a7ff-46ed8836b8f5_1000.jpg!m_fill,w_280,h_210,f_jpg?from=ke.com
20230709,丰台,蒲黄榆,101117665995,南二环旁 蒲安西里 南北通透 房龄新 小区安静,560万,66281元/平,中楼层 (共5层) 3室1厅 | 84.49平米 | 南 北,https://ke-image.ljcdn.com/110000-inspection/pc1_M8mbD2beJ_2.jpg!m_fill,w_280,h_210,f_jpg?from=ke.com
20230709,丰台,蒲黄榆,101117650531,蒲黄榆二里 电梯房 满五年唯一 近地铁 随时签约,410万,60607元/平,低楼层 (共12层) 3室1厅 | 67.65平米 | 南 北,https://ke-image.ljcdn.com/110000-inspection/8d70848f-edfc-41e3-b302-05e827e001e6_1000.jpg!m_fill,w_280,h_210,f_jpg?from=ke.com
20230709,丰台,蒲黄榆,101117625400,东城区 永外 94年 电梯直达 精装修 交通方便 钢混,512万,98216元/平,中楼层 (共9层) | 1994年建 | 2室1厅 | 52.13平米 | 东,https://ke-image.ljcdn.com/110000-inspection/pc1_BxMTfu5J9_2.jpg!m_fill,w_280,h_210,f_jpg?from=ke.com
20230709,丰台,蒲黄榆,101117597967,蒲黄榆二里 电梯两居  近地铁 产权清晰 随时签约房主自荐,300万,68729元/平,低楼层 (共12层) 2室1厅 | 43.65平米 | 南,https://ke-image.ljcdn.com/110000-inspection/8a499886-1f95-459a-8668-35582f7c8279_1000.jpg!m_fill,w_280,h_210,f_jpg?from=ke.com
20230709,丰台,蒲黄榆,101117549677,南二环外 蒲安里 南北通透两居室 高楼层采光好房主自荐,320万,61186元/平,高楼层 (共6层) | 1991年建 | 2室1厅 | 52.3平米 | 南 北,https://ke-image.ljcdn.com/110000-inspection/pc1_0l40bg5xO_1.jpg!m_fill,w_280,h_210,f_jpg?from=ke.com
20230709,丰台,蒲黄榆,101117403818,蒲安北里生活便利、出行方便、诚心出售,234万,47991元/平,地下室 (共6层) | 1988年建 | 2室1厅 | 48.76平米 | 南 北,https://ke-image.ljcdn.com/110000-inspection/e1b599e9-7779-41b1-9aa2-a96efdc8be1f_1000.jpg!m_fill,w_280,h_210,f_jpg?from=ke.com
20230709,丰台,蒲黄榆,101117396083,蒲黄榆三里生活便利、出行方便、诚心出售,338万,63439元/平,高楼层 (共12层) | 1984年建 | 2室1厅 | 53.28平米 | 南 北,https://ke-image.ljcdn.com/110000-inspection/f3895bfc-83d5-4917-8491-bde8d3e72386_1000.jpg!m_fill,w_280,h_210,f_jpg?from=ke.com
20230709,丰台,蒲黄榆,101117353396,推荐房源天坛南门精装修双地铁有电梯钢混无遮挡房主自荐,280万,64383元/平,中楼层 (共12层) | 1980年建 | 1室1厅 | 43.49平米 | 南,https://ke-image.ljcdn.com/110000-inspection/48eda9d8-06b3-4c67-9538-590025b1c7d5_1000.jpg!m_fill,w_280,h_210,f_jpg?from=ke.com
20230709,丰台,蒲黄榆,101117291982,安乐林路满五唯一正规朝南一居室,449万,93387元/平,顶层 (共6层) | 1970年建 | 2室1厅 | 48.08平米 | 南,https://ke-image.ljcdn.com/110000-inspection/745274f2-1284-47b8-858c-4c05b3f15ade_1000.jpg!m_fill,w_280,h_210,f_jpg?from=ke.com
20230709,丰台,蒲黄榆,101117180432,地铁5/14号线朝南一居室精装修,195万,57252元/平,地下室 (共6层) | 1988年建 | 1室1厅 | 34.06平米 | 南 北,https://ke-image.ljcdn.com/110000-inspection/pc1_tDZw0uu7R_2.jpg!m_fill,w_280,h_210,f_jpg?from=ke.com
20230709,丰台,蒲黄榆,101117167055,蒲黄榆三环内定安东里南北通透三居室,375万,55771元/平,中楼层 (共6层) 3室1厅 | 67.24平米 | 南 北,https://ke-image.ljcdn.com/110000-inspection/25958aac-a028-4c00-b57e-5be3c12e369f_1000.jpg!m_fill,w_280,h_210,f_jpg?from=ke.com
20230709,丰台,蒲黄榆,101117150501,近地铁 明厨明卫 格局三居室 南北通透,490万,65763元/平,中楼层 (共6层) 3室1厅 | 74.51平米 | 南 北,https://ke-image.ljcdn.com/110000-inspection/pc1_iftegZr3a_1.jpg!m_fill,w_280,h_210,f_jpg?from=ke.com
20230709,丰台,蒲黄榆,101117140291,距离蒲黄榆地铁428米（百度地图测距）南北通透三居,390万,56440元/平,顶层 (共6层) 3室1厅 | 69.1平米 | 南 北,https://ke-image.ljcdn.com/110000-inspection/d56fc6c0-0240-4f2f-a754-056c861f7f44_1000.jpg!m_fill,w_280,h_210,f_jpg?from=ke.com
20230709,丰台,蒲黄榆,101117016197,蒲黄榆四里 东南北三居室 高楼层采光好 满五年唯一,330万,58408元/平,顶层 (共6层) | 1970年建 | 3室1厅 | 56.5平米 | 东 南 北,https://ke-image.ljcdn.com/110000-inspection/c29e4e8b-6fc6-4ea9-af3a-a2e445baa423_1000.jpg!m_fill,w_280,h_210,f_jpg?from=ke.com
20230709,丰台,蒲黄榆,101116904365,丰台区 定安东里 南北四居室 诚心出售。,1280万,70338元/平,底层 (共12层) | 1998年建 | 4室1厅 | 181.98平米 | 南 北,https://ke-image.ljcdn.com/110000-inspection/pc1_1B0ecy2nE_2.jpg!m_fill,w_280,h_210,f_jpg?from=ke.com
20230709,丰台,蒲黄榆,101116847509,三环里 中间层 南北通透全明格局 满五年,380万,61360元/平,中楼层 (共6层) | 1984年建 | 2室1厅 | 61.93平米 | 南 北,https://ke-image.ljcdn.com/110000-inspection/1e96a082-a360-40c1-b39a-02fc40fe60d3_1000.jpg!m_fill,w_280,h_210,f_jpg?from=ke.com
20230709,丰台,蒲黄榆,101116827338,东城 安乐林路南向正规一居室 视野好 无遮挡 精装修,405万,96544元/平,顶层 (共6层) | 1980年建 | 1室1厅 | 41.95平米 | 南,https://ke-image.ljcdn.com/110000-inspection/3719eb0d-7eaf-4bb2-a7ea-f1af1d369afe_1000.jpg!m_fill,w_280,h_210,f_jpg?from=ke.com
20230709,丰台,蒲黄榆,101116819529,天坛公园刘家窑地铁附近双阳台电梯两居室,470万,67822元/平,高楼层 (共18层) | 1989年建 | 2室1厅 | 69.3平米 | 南,https://ke-image.ljcdn.com/110000-inspection/2d17de31-9385-43ab-b219-218902890291_1000.jpg!m_fill,w_280,h_210,f_jpg?from=ke.com
20230709,丰台,蒲黄榆,101116790395,景泰东里南向一居 满五一套 诚售,485万,93757元/平,顶层 (共6层) | 1994年建 | 1室1厅 | 51.73平米 | 南,https://ke-image.ljcdn.com/110000-inspection/pc1_QcywmdffO_2.jpg!m_fill,w_280,h_210,f_jpg?from=ke.com
20230709,丰台,蒲黄榆,101116753012,刘家窑南里 1居室 南向 采光好 随时签约房主自荐,240万,56339元/平,高楼层 (共6层) | 1983年建 | 1室1厅 | 42.6平米 | 南,https://ke-image.ljcdn.com/110000-inspection/330a4dc6-3955-4f54-a5c9-70d0c4bf3db4_1000.jpg!m_fill,w_280,h_210,f_jpg?from=ke.com
20230709,丰台,蒲黄榆,101116695004,三环内 电梯大三居室 南北通透 户型好,850万,51027元/平,顶层 (共15层) 3室1厅 | 166.58平米 | 南 北,https://ke-image.ljcdn.com/110000-inspection/pc1_CTeJ4LMg1_1.jpg!m_fill,w_280,h_210,f_jpg?from=ke.com
20230709,丰台,蒲黄榆,101116685675,三环里  地铁5号线 电梯房 中间层 满五年 房改房,320万,64517元/平,中楼层 (共15层) | 1980年建 | 2室1厅 | 49.6平米 | 南 北,https://ke-image.ljcdn.com/110000-inspection/2d3bead9-29be-4ee2-9c3f-ebf62fc5c3db_1000.jpg!m_fill,w_280,h_210,f_jpg?from=ke.com
20230709,丰台,蒲黄榆,101116643846,店长推荐满五年三环里地铁5号线刘家窑看房方便,244万,60010元/平,高楼层 (共6层) | 1991年建 | 1室1厅 | 40.66平米 | 南,https://ke-image.ljcdn.com/110000-inspection/pc1_6RjdFiZrd_1.jpg!m_fill,w_280,h_210,f_jpg?from=ke.com
20230709,丰台,蒲黄榆,101116642839,南二环边 电梯直达 精装修 采光好 停车方便,385万,70307元/平,低楼层 (共16层) | 1985年建 | 1室1厅 | 54.76平米 | 南,https://ke-image.ljcdn.com/110000-inspection/a4a44d90-c92c-4694-bbff-7a46701a05eb_1000.jpg!m_fill,w_280,h_210,f_jpg?from=ke.com
20230709,丰台,蒲黄榆,101116553552,店长推荐二环外蒲黄榆双地铁5/14号线,228万,60963元/平,底层 (共16层) 1室1厅 | 37.4平米 | 西,https://ke-image.ljcdn.com/110000-inspection/712b06c5-e3d7-42f6-9fe2-b5eb01146ac2_1000.jpg!m_fill,w_280,h_210,f_jpg?from=ke.com
20230709,丰台,蒲黄榆,101116551366,蒲安北里 南向两居室 有电梯 采光好,470万,66385元/平,中楼层 (共18层) | 1994年建 | 2室1厅 | 70.8平米 | 南,https://ke-image.ljcdn.com/110000-inspection/pc1_YRLimiCC3_1.jpg!m_fill,w_280,h_210,f_jpg?from=ke.com
20230709,丰台,蒲黄榆,101116409063,南二环外 景泰地铁口 南北通透三居室 精装修,466万,66763元/平,中楼层 (共6层) | 1980年建 | 3室1厅 | 69.8平米 | 南 北,https://ke-image.ljcdn.com/110000-inspection/pc1_DVAz9zKPq_2.jpg!m_fill,w_280,h_210,f_jpg?from=ke.com
20230709,丰台,蒲黄榆,101116312024,东城区 景泰东里 南向两居室 采光视野无遮挡 诚心出售房主自荐,566万,83741元/平,顶层 (共6层) | 1994年建 | 2室1厅 | 67.59平米 | 南,https://ke-image.ljcdn.com/110000-inspection/79901ed4-4ea7-4cf3-afa1-052ab816e7bf_1000.jpg!m_fill,w_280,h_210,f_jpg?from=ke.com
20230709,丰台,蒲黄榆,101116307402,南二环 精装修 复式结构 电梯直达 视野好,545万,68502元/平,高楼层 (共24层) | 2002年建 | 2室1厅 | 79.56平米 | 东 西 北,https://ke-image.ljcdn.com/110000-inspection/pc1_1Sfj3fzxW_2.jpg!m_fill,w_280,h_210,f_jpg?from=ke.com
20230709,丰台,蒲黄榆,101116300903,5/14号线蒲黄榆 南北通透两居室 业主诚心出售,350万,58814元/平,顶层 (共6层) | 1989年建 | 2室1厅 | 59.51平米 | 南 北,https://ke-image.ljcdn.com/110000-inspection/pc1_ECLUepgBO.jpg!m_fill,w_280,h_210,f_jpg?from=ke.com
20230709,丰台,蒲黄榆,101116065927,景泰东里 东西两居室 看房方便 随时约 通透采光好东城,588万,95115元/平,高楼层 (共6层) | 1994年建 | 2室1厅 | 61.82平米 | 东 西,https://ke-image.ljcdn.com/110000-inspection/pc1_fjLSLeLFG_2.jpg!m_fill,w_280,h_210,f_jpg?from=ke.com
20230709,丰台,蒲黄榆,101115894433,刘家窑南里南北三居室中间层无遮挡,509万,65916元/平,中楼层 (共6层) | 1991年建 | 3室1厅 | 77.22平米 | 南 北,https://ke-image.ljcdn.com/110000-inspection/aa18e1d3-c08d-4fbe-a28b-d1dacd7667e9_1000.jpg!m_fill,w_280,h_210,f_jpg?from=ke.com
20230709,丰台,蒲黄榆,101115131000,蒲安西里 满五年 中间楼层 全明格局 简单装修,398万,68633元/平,中楼层 (共6层) 2室1厅 | 57.99平米 | 南 北,https://ke-image.ljcdn.com/110000-inspection/pc1_6TXCjvPHW_1.jpg!m_fill,w_280,h_210,f_jpg?from=ke.com
20230709,丰台,蒲黄榆,101114967017,城市印象2002年商品房小区近地铁。,670万,61632元/平,底层 (共23层) | 2002年建 | 2室1厅 | 108.71平米 | 西南,https://ke-image.ljcdn.com/110000-inspection/a1d774d4-a098-4c87-ac6e-42f171dcaff4_1000.jpg!m_fill,w_280,h_210,f_jpg?from=ke.com
20230709,丰台,蒲黄榆,101114857333,天坛公园南满五年南北通透精装修。,350万,64767元/平,高楼层 (共6层) 2室1厅 | 54.04平米 | 南 北,https://ke-image.ljcdn.com/110000-inspection/pc1_9ibJ3R0SW_1.jpg!m_fill,w_280,h_210,f_jpg?from=ke.com
20230709,丰台,蒲黄榆,101114708091,赵公口 刘家窑 木樨园 景泰 满五  南北通透 两居,335万,61232元/平,中楼层 (共6层) 2室1厅 | 54.71平米 | 南 北,https://ke-image.ljcdn.com/110000-inspection/pc1_1mWtBg0zl_1.jpg!m_fill,w_280,h_210,f_jpg?from=ke.com
20230709,丰台,蒲黄榆,101114688122,蒲安西里位于天坛南门 电梯直达视野采光好 配套齐全,449万,67682元/平,高楼层 (共16层) 3室1厅 | 66.34平米 | 东北,https://ke-image.ljcdn.com/110000-inspection/pc1_2Xqji3K0r_1.jpg!m_fill,w_280,h_210,f_jpg?from=ke.com
20230709,丰台,蒲黄榆,101120049697,总监推荐刘家窑东里满五唯一精装修楼龄新新上,358万,60250元/平,顶层 (共18层) | 1998年建 | 1室1厅 | 59.42平米 | 南,https://ke-image.ljcdn.com/110000-inspection/pc1_r6dSsPfaz_2.jpg!m_fill,w_280,h_210,f_jpg?from=ke.com
20230709,丰台,蒲黄榆,101120021318,天坛南门 蒲黄榆 蒲安里 户型方正三居室新上,405万,57447元/平,高楼层 (共6层) | 1989年建 | 3室1厅 | 70.5平米 | 南 北,https://ke-image.ljcdn.com/110000-inspection/df670e26-61cb-4639-8d22-129741292615_1000.jpg!m_fill,w_280,h_210,f_jpg?from=ke.com
20230709,丰台,蒲黄榆,101119998641,天坛南门 蒲黄榆 电梯楼 精装两居新上,350万,60107元/平,高楼层 (共17层) 2室1厅 | 58.23平米 | 西 北,https://ke-image.ljcdn.com/110000-inspection/e211e090-4c60-4bb9-ba35-e8e59d6f6559_1000.jpg!m_fill,w_280,h_210,f_jpg?from=ke.com
20230709,丰台,蒲黄榆,101119988152,东城 永定门 景泰东里 电梯钢混 明厨明卫 1994年新上,680万,82746元/平,中楼层 (共9层) | 1994年建 | 3室1厅 | 82.18平米 | 南 北,https://ke-image.ljcdn.com/110000-inspection/pc1_kzEWYPEge_2.jpg!m_fill,w_280,h_210,f_jpg?from=ke.com
20230709,丰台,蒲黄榆,101119987372,蒲黄榆地铁 一层精装修 满五年 90年新上,360万,57934元/平,底层 (共17层) 2室1厅 | 62.14平米 | 西北,https://ke-image.ljcdn.com/110000-inspection/pc1_xLPo9L7rD_1.jpg!m_fill,w_280,h_210,f_jpg?from=ke.com
20230709,丰台,蒲黄榆,101119958847,刘家窑南里 3室1厅 南 西 北新上,334万,59220元/平,低楼层 (共6层) 3室1厅 | 56.4平米 | 南 西 北,https://ke-image.ljcdn.com/110000-inspection/6e4c1997-6105-4175-ad17-fa15a807ab4f_1000.jpg!m_fill,w_280,h_210,f_jpg?from=ke.com
20230709,丰台,蒲黄榆,101119956291,天坛南门 蒲黄榆五巷小区 看房方便,308万,54360元/平,高楼层 (共6层) 2室1厅 | 56.66平米 | 南 北,https://ke-image.ljcdn.com/110000-inspection/ec977a77-7a3c-4fe5-9520-4c4d26517468_1000.jpg!m_fill,w_280,h_210,f_jpg?from=ke.com
20230709,丰台,蒲黄榆,101119886444,定安东里 2室1厅 南 西,353万,58348元/平,低楼层 (共18层) | 1980年建 | 2室1厅 | 60.5平米 | 南 西,https://ke-image.ljcdn.com/110000-inspection/pc1_O3eoz20ty_1.jpg!m_fill,w_280,h_210,f_jpg?from=ke.com
20230709,丰台,蒲黄榆,101119859449,地铁 三环里 户型好 通透 视野好,312万,57248元/平,顶层 (共6层) 2室1厅 | 54.5平米 | 南 北,https://ke-image.ljcdn.com/110000-inspection/pc1_aj8CxtSKY_1.jpg!m_fill,w_280,h_210,f_jpg?from=ke.com
20230709,丰台,蒲黄榆,101119856898,天坛南门 蒲黄榆 蒲安里 朝南两居室,325万,60297元/平,高楼层 (共6层) | 1991年建 | 2室1厅 | 53.9平米 | 南,https://ke-image.ljcdn.com/110000-inspection/eb46dc42-c02c-48d8-b850-e38d29a00e4d_1000.jpg!m_fill,w_280,h_210,f_jpg?from=ke.com
20230709,丰台,蒲黄榆,101119855468,二环外新华社宿舍管理好电梯楼次顶层通透户型,415万,59541元/平,高楼层 (共15层) | 1980年建 | 2室1厅 | 69.7平米 | 南 北,https://ke-image.ljcdn.com/110000-inspection/fcf21206-f522-42b4-b696-c32498d1a702_1000.jpg!m_fill,w_280,h_210,f_jpg?from=ke.com
20230709,丰台,蒲黄榆,101119855084,二环外 蒲黄榆 满五唯一 明厨明卫 不临街 无遮挡 大院,336万,57832元/平,顶层 (共6层) | 1990年建 | 2室1厅 | 58.1平米 | 南,https://ke-image.ljcdn.com/110000-inspection/pc1_KZ9rLn4Yz.jpg!m_fill,w_280,h_210,f_jpg?from=ke.com
20230709,丰台,蒲黄榆,101119852452,蒲黄榆路 满五年 刘家窑地铁站 东西通透,349万,60908元/平,顶层 (共5层) 2室1厅 | 57.3平米 | 东 西,https://ke-image.ljcdn.com/110000-inspection/pc1_W2hWn7UkJ_1.jpg!m_fill,w_280,h_210,f_jpg?from=ke.com
20230709,丰台,蒲黄榆,101119789145,二环蒲黄榆地铁口南北通透三居双地铁换乘,336万,54546元/平,顶层 (共6层) | 1989年建 | 3室1厅 | 61.6平米 | 南 北,https://ke-image.ljcdn.com/110000-inspection/pc1_vWVpN9vKs_1.jpg!m_fill,w_280,h_210,f_jpg?from=ke.com
20230709,丰台,蒲黄榆,101119777141,蒲黄榆三里生活便利、出行方便、诚心出售,318万,57735元/平,顶层 (共12层) 2室1厅 | 55.08平米 | 南 北,https://ke-image.ljcdn.com/110000-inspection/46012137-16a2-40c9-917f-f4ff8dbe0d38_1000.jpg!m_fill,w_280,h_210,f_jpg?from=ke.com
20230709,丰台,蒲黄榆,101119664835,总监推荐刘家窑南里一层交通便利精装修,268万,56422元/平,底层 (共5层) 2室1厅 | 47.5平米 | 南,https://ke-image.ljcdn.com/110000-inspection/68bde7db-9df2-4be5-b8d3-5fcd93a9ab1e_1000.jpg!m_fill,w_280,h_210,f_jpg?from=ke.com
20230709,丰台,蒲黄榆,101119653535,有车位 中间层 满五唯一 精装修 南北通透 近地铁,345万,62957元/平,中楼层 (共6层) 2室1厅 | 54.8平米 | 南 北,https://ke-image.ljcdn.com/110000-inspection/fe23e5d0-ba1c-4244-a44b-9f97925a68b9_1000.jpg!m_fill,w_280,h_210,f_jpg?from=ke.com
20230709,丰台,蒲黄榆,101119594866,蒲安北里生活便利、出行方便、诚心出售,455万,66696元/平,低楼层 (共18层) 2室1厅 | 68.22平米 | 南,https://ke-image.ljcdn.com/110000-inspection/833f4890-0c68-4501-a95a-7f4218e00eca_1000.jpg!m_fill,w_280,h_210,f_jpg?from=ke.com
20230709,丰台,蒲黄榆,101119558999,二环蒲黄榆地铁口东南向电梯两居对面物美大卖场,450万,65426元/平,低楼层 (共18层) | 1990年建 | 2室1厅 | 68.78平米 | 东 南,https://ke-image.ljcdn.com/110000-inspection/df77f9cf-918f-4ded-867e-941528d02984_1000.jpg!m_fill,w_280,h_210,f_jpg?from=ke.com
20230709,丰台,蒲黄榆,101119544942,店长推荐 光线足户型好 地铁5/14号线房主自荐,317万,56406元/平,低楼层 (共6层) | 1989年建 | 2室1厅 | 56.2平米 | 南 北,https://ke-image.ljcdn.com/110000-inspection/1281e801-ebd3-4d62-a6c1-20a974ed3cc1_1000.jpg!m_fill,w_280,h_210,f_jpg?from=ke.com
20230709,丰台,蒲黄榆,101119520373,南三环中路15号院 地铁近 看房随时 诚心出售 满五年房主自荐,243万,49623元/平,顶层 (共6层) 2室1厅 | 48.97平米 | 西南,https://ke-image.ljcdn.com/110000-inspection/88d1485e-48d4-4f8e-8122-f38f51a1596e_1000.jpg!m_fill,w_280,h_210,f_jpg?from=ke.com
20230709,丰台,蒲黄榆,101119463601,二环半 南北3居 精装修双卫 满五唯一 小区规整、干净,458万,63348元/平,高楼层 (共6层) | 1980年建 | 3室1厅 | 72.3平米 | 南 北,https://ke-image.ljcdn.com/110000-inspection/pc1_TFxKeJ8tX_2.jpg!m_fill,w_280,h_210,f_jpg?from=ke.com
20230709,丰台,蒲黄榆,101119448380,东城区中间层两居蒲黄榆双地铁换乘看房方便。,480万,82745元/平,中楼层 (共6层) | 1986年建 | 2室1厅 | 58.01平米 | 东 西,https://ke-image.ljcdn.com/110000-inspection/039a291b-ba68-437a-b6bc-63a37f447564_1000.jpg!m_fill,w_280,h_210,f_jpg?from=ke.com
20230709,丰台,蒲黄榆,101119441629,蒲安西里满五年户型好 楼龄新 近地铁 交通便利,388万,50357元/平,顶层 (共6层) | 1996年建 | 2室1厅 | 77.05平米 | 东南,https://ke-image.ljcdn.com/110000-inspection/pc1_fqjx94tDi.jpg!m_fill,w_280,h_210,f_jpg?from=ke.com
20230709,丰台,蒲黄榆,101119424031,总监推荐低楼层户型好近地铁房主自荐,288万,57486元/平,低楼层 (共6层) 2室1厅 | 50.1平米 | 东 北,https://ke-image.ljcdn.com/110000-inspection/29086353-f17f-43dd-866f-d4df80d4ea64_1000.jpg!m_fill,w_280,h_210,f_jpg?from=ke.com
20230709,丰台,蒲黄榆,101119403914,蒲安北里生活便利、出行方便、诚心出售,262万,63012元/平,顶层 (共4层) 1室1厅 | 41.58平米 | 南 北,https://ke-image.ljcdn.com/110000-inspection/d9905c9b-c651-4dba-bb71-da936af1a0de_1000.jpg!m_fill,w_280,h_210,f_jpg?from=ke.com
20230709,丰台,蒲黄榆,101119395040,三环内 刘家窑 南三环中路15号院,335万,70750元/平,底层 (共7层) 2室1厅 | 47.35平米 | 西南,https://ke-image.ljcdn.com/110000-inspection/pc1_sAuOWUuaP_1.jpg!m_fill,w_280,h_210,f_jpg?from=ke.com
20230709,丰台,蒲黄榆,101119391101,总监推荐刘家窑东里满五唯一精装修楼龄新电梯房房主自荐,475万,63385元/平,低楼层 (共18层) | 1998年建 | 2室1厅 | 74.94平米 | 南 西,https://ke-image.ljcdn.com/110000-inspection/pc1_sYIQy7RGW_1.jpg!m_fill,w_280,h_210,f_jpg?from=ke.com
20230709,丰台,蒲黄榆,101119367473,天坛南门 蒲黄榆地铁 满五年 全南两居室 采光充足,288万,58100元/平,中楼层 (共6层) | 1975年建 | 2室1厅 | 49.57平米 | 南,https://ke-image.ljcdn.com/110000-inspection/c3936a12-0b36-4671-ad0c-405ce14c4349_1000.jpg!m_fill,w_280,h_210,f_jpg?from=ke.com
20230709,丰台,蒲黄榆,101119366510,刘家窑东里 1室1厅 南,370万,62269元/平,中楼层 (共18层) | 1998年建 | 1室1厅 | 59.42平米 | 南,https://ke-image.ljcdn.com/110000-inspection/bd378137-2137-441e-a705-beb016c75414_1000.jpg!m_fill,w_280,h_210,f_jpg?from=ke.com
20230709,丰台,蒲黄榆,101119320726,刘家窑赵公口蒲黄榆定安东里中间楼层两居室,315万,55458元/平,中楼层 (共6层) | 1989年建 | 2室1厅 | 56.8平米 | 东 西,https://ke-image.ljcdn.com/110000-inspection/b24ef24c-083e-409c-b846-c8130c27a041_1000.jpg!m_fill,w_280,h_210,f_jpg?from=ke.com
20230709,丰台,蒲黄榆,101119311594,刘家窑南向精装一居室户型方正空间好利用。,255万,67283元/平,高楼层 (共6层) | 1980年建 | 1室1厅 | 37.9平米 | 南,https://ke-image.ljcdn.com/110000-inspection/1050d986-1c50-403a-959f-79fa45ced12b_1000.jpg!m_fill,w_280,h_210,f_jpg?from=ke.com
20230709,丰台,蒲黄榆,101119256524,此房是中间楼层不临街安静宜人方便看房,279万,58442元/平,中楼层 (共7层) 2室1厅 | 47.74平米 | 西南,https://ke-image.ljcdn.com/110000-inspection/9ac7c795-32fa-4f62-964e-fc293b778a27_1000.jpg!m_fill,w_280,h_210,f_jpg?from=ke.com
20230709,丰台,蒲黄榆,101119242639,有管理高楼层、产权清晰有钥匙、随时签约,360万,66226元/平,高楼层 (共16层) | 1986年建 | 1室1厅 | 54.36平米 | 南,https://ke-image.ljcdn.com/110000-inspection/pc1_shKas2x8h_1.jpg!m_fill,w_280,h_210,f_jpg?from=ke.com
20230709,丰台,蒲黄榆,101119228721,三环里南北通透无遮挡采光好满五唯一交通便利,288万,53137元/平,顶层 (共5层) 2室1厅 | 54.2平米 | 南 北,https://ke-image.ljcdn.com/110000-inspection/pc1_4l2IzSKNF_1.jpg!m_fill,w_280,h_210,f_jpg?from=ke.com
20230709,丰台,蒲黄榆,101119221500,此房满五年唯一有电梯精装修配套齐全,482万,93775元/平,中楼层 (共9层) | 1994年建 | 1室1厅 | 51.4平米 | 西,https://ke-image.ljcdn.com/110000-inspection/pc1_3fwMwTwoo_1.jpg!m_fill,w_280,h_210,f_jpg?from=ke.com
20230709,丰台,蒲黄榆,101119137702,三环里 5号线刘家窑地铁站 电梯房 单价5万多 随时看房,410万,50932元/平,低楼层 (共16层) 3室1厅 | 80.5平米 | 东 北,https://ke-image.ljcdn.com/110000-inspection/ae098eb8-4eef-4e1d-8c39-4701094def67_1000.jpg!m_fill,w_280,h_210,f_jpg?from=ke.com
20230709,丰台,蒲黄榆,101119102934,刘家窑 赵公口 三环内 中间楼层 全南两居,320万,59702元/平,中楼层 (共6层) | 1980年建 | 2室1厅 | 53.6平米 | 南,https://ke-image.ljcdn.com/110000-inspection/086caec1-8b34-4f68-8280-e1f2368f03fc_1000.jpg!m_fill,w_280,h_210,f_jpg?from=ke.com
20230709,丰台,蒲黄榆,101119096335,天坛南门 方庄 蒲黄榆三里 南北通透两居室,362万,60831元/平,高楼层 (共6层) 2室1厅 | 59.51平米 | 南 北,https://ke-image.ljcdn.com/110000-inspection/8342142e-0a55-492a-995b-ce4fc73d7704_1000.jpg!m_fill,w_280,h_210,f_jpg?from=ke.com
20230709,丰台,蒲黄榆,101119079333,南二环有电梯户型方正明厨明卫精装修,380万,59403元/平,低楼层 (共17层) | 1990年建 | 2室1厅 | 63.97平米 | 东 北,https://ke-image.ljcdn.com/110000-inspection/pc1_ifdpPN9p8_2.jpg!m_fill,w_280,h_210,f_jpg?from=ke.com
20230709,丰台,蒲黄榆,101119069063,蒲黄榆二里 东南三居室 精装修 有电梯 出行方便,560万,69497元/平,底层 (共16层) | 1985年建 | 3室1厅 | 80.58平米 | 南 北,https://ke-image.ljcdn.com/110000-inspection/e8f1aa5f-3be4-44af-8b35-8ea1ec78c2e0_1000.jpg!m_fill,w_280,h_210,f_jpg?from=ke.com
20230709,丰台,蒲黄榆,101119066622,南二环 低楼层 南北通透两居室 精装修,359万,64919元/平,低楼层 (共6层) | 1997年建 | 2室1厅 | 55.3平米 | 南 北,https://ke-image.ljcdn.com/110000-inspection/pc1_0Fq7PYPNg_1.jpg!m_fill,w_280,h_210,f_jpg?from=ke.com
20230709,丰台,蒲黄榆,101119048423,刘家窑东里楼龄新高楼新精装修电梯房环境好,446万,65435元/平,高楼层 (共18层) | 1998年建 | 2室1厅 | 68.16平米 | 东,https://ke-image.ljcdn.com/110000-inspection/pc1_2BXoamYRd_1.jpg!m_fill,w_280,h_210,f_jpg?from=ke.com
20230709,丰台,蒲黄榆,101119028442,三环内15号院电梯直达朝南小两居。房主自荐,339万,57644元/平,低楼层 (共14层) 2室1厅 | 58.81平米 | 南 北,https://ke-image.ljcdn.com/110000-inspection/pc1_itdanz3jm_1.jpg!m_fill,w_280,h_210,f_jpg?from=ke.com
20230709,丰台,蒲黄榆,101119009554,三环里近地铁南北通透中间楼层满五年房主自荐,293万,51712元/平,中楼层 (共6层) | 1991年建 | 2室1厅 | 56.66平米 | 南 北,https://ke-image.ljcdn.com/110000-inspection/pc1_kBnXoAhk6_2.jpg!m_fill,w_280,h_210,f_jpg?from=ke.com
20230709,丰台,蒲黄榆,101118995997,蒲黄榆二里南北通透三居室地铁514号线,406万,60015元/平,中楼层 (共12层) 3室1厅 | 67.65平米 | 南 北,https://ke-image.ljcdn.com/110000-inspection/ce1e9631-3f12-4a0f-9930-095404810086_1000.jpg!m_fill,w_280,h_210,f_jpg?from=ke.com
20230709,丰台,蒲黄榆,101118989063,东城 次顶层、视野采光好！满五唯一 电梯直达 不临街,818万,84461元/平,高楼层 (共9层) | 1994年建 | 3室1厅 | 96.85平米 | 东 东南 南,https://ke-image.ljcdn.com/110000-inspection/42a591a5-c1e3-4ebd-aae6-036c75eb0c19_1000.jpg!m_fill,w_280,h_210,f_jpg?from=ke.com
20230709,丰台,蒲黄榆,101118986064,蒲黄榆五巷工行宿舍楼精装修配套全出行方便,365万,62458元/平,高楼层 (共17层) 1室1厅 | 58.44平米 | 南,https://ke-image.ljcdn.com/110000-inspection/1dc95f5c-4edf-4525-8413-0055cdd3a034_1000.jpg!m_fill,w_280,h_210,f_jpg?from=ke.com
20230709,丰台,蒲黄榆,101118983725,赵公口 刘家窑 三环内 定安东里 全南两居,325万,61091元/平,中楼层 (共6层) | 1980年建 | 2室1厅 | 53.2平米 | 南,https://ke-image.ljcdn.com/110000-inspection/ccf57d90-82da-4540-bfdb-130f7f189377_1000.jpg!m_fill,w_280,h_210,f_jpg?from=ke.com
20230709,丰台,蒲黄榆,101118977229,三环内 电梯楼 南向精装一居室 有钥匙看房随时,278万,60567元/平,低楼层 (共18层) | 1986年建 | 1室1厅 | 45.9平米 | 南,https://ke-image.ljcdn.com/110000-inspection/2fc1a88b-221a-43e8-959a-cee29d25c40e_1000.jpg!m_fill,w_280,h_210,f_jpg?from=ke.com
20230709,丰台,蒲黄榆,101118973645,南二环外+刘家窑地铁+电梯直达+视野采光好！真实！房主自荐,265万,59258元/平,顶层 (共14层) | 1990年建 | 1室1厅 | 44.72平米 | 南,https://ke-image.ljcdn.com/110000-inspection/pc1_sEjfXeuls_2.jpg!m_fill,w_280,h_210,f_jpg?from=ke.com
20230709,丰台,蒲黄榆,101118967656,蒲黄榆地铁站 低楼层 南北向 有固定租赁车位,357万,58144元/平,低楼层 (共6层) | 1991年建 | 2室1厅 | 61.4平米 | 南 北,https://ke-image.ljcdn.com/110000-inspection/32f44d20-f533-4ed4-982a-cc6ca41c7dbb_1000.jpg!m_fill,w_280,h_210,f_jpg?from=ke.com
20230709,丰台,蒲黄榆,101118965523,中间层 朝南向  精装修 一居室 近地铁房主自荐,253万,67829元/平,中楼层 (共6层) | 1985年建 | 1室1厅 | 37.3平米 | 南,https://ke-image.ljcdn.com/110000-inspection/7982c5dc-2516-4e79-b175-6db0256662a4_1000.jpg!m_fill,w_280,h_210,f_jpg?from=ke.com
20230709,丰台,蒲黄榆,101118964311,东城区 景泰东里 有电梯 诚心出售,475万,92413元/平,高楼层 (共9层) | 1994年建 | 1室1厅 | 51.4平米 | 西,https://ke-image.ljcdn.com/110000-inspection/24d88a2c-f9b5-459b-ae9f-9eae0c01e7fd_1000.jpg!m_fill,w_280,h_210,f_jpg?from=ke.com
20230709,丰台,蒲黄榆,101118927874,东城区景泰东里 全明格局精装修 满五唯一拎包入住,489万,95359元/平,高楼层 (共6层) | 1994年建 | 1室1厅 | 51.28平米 | 东 北,https://ke-image.ljcdn.com/110000-inspection/pc1_g0k7pJf2e_1.jpg!m_fill,w_280,h_210,f_jpg?from=ke.com
20230709,丰台,蒲黄榆,101118919346,南三环中路15号院 2室1厅 南,349.5万,55983元/平,低楼层 (共14层) | 1990年建 | 2室1厅 | 62.43平米 | 南,https://ke-image.ljcdn.com/110000-inspection/pc1_eoesRQYUc_1.jpg!m_fill,w_280,h_210,f_jpg?from=ke.com
20230709,丰台,蒲黄榆,101118872783,景泰东里 三居室看房方便采光好,778万,81766元/平,中楼层 (共9层) | 1994年建 | 3室2厅 | 95.15平米 | 东 西,https://ke-image.ljcdn.com/110000-inspection/2fd1913f-a13b-487c-bbfa-ecfb07aef68e_1000.jpg!m_fill,w_280,h_210,f_jpg?from=ke.com
20230709,丰台,蒲黄榆,101118826708,天坛南门 蒲安里 南北通透三居室 采光充足满五年唯一,398万,56295元/平,顶层 (共6层) | 1980年建 | 2室1厅 | 70.7平米 | 南 北,https://ke-image.ljcdn.com/110000-inspection/pc1_Va207n7WS_1.jpg!m_fill,w_280,h_210,f_jpg?from=ke.com
20230709,丰台,蒲黄榆,101118825566,丰台区 满五年 南北三居室 诚心出售 价格可谈,318万,47294元/平,顶层 (共6层) 3室1厅 | 67.24平米 | 南 北,https://ke-image.ljcdn.com/110000-inspection/c9309601-e627-42aa-bb43-44d993d19c8c_1000.jpg!m_fill,w_280,h_210,f_jpg?from=ke.com
20230709,丰台,蒲黄榆,101118823358,南二环 户型方正 精装修 采光好,315万,62750元/平,高楼层 (共6层) | 1989年建 | 2室1厅 | 50.2平米 | 东,https://ke-image.ljcdn.com/110000-inspection/pc1_myybOW6lI_1.jpg!m_fill,w_280,h_210,f_jpg?from=ke.com
20230709,丰台,蒲黄榆,101118823349,刘家窑东里满五唯一交通便利小区中间位置,300万,51090元/平,顶层 (共6层) | 1986年建 | 2室1厅 | 58.72平米 | 南 北,https://ke-image.ljcdn.com/110000-inspection/pc1_Efd4J1xhm_1.jpg!m_fill,w_280,h_210,f_jpg?from=ke.com
20230709,丰台,蒲黄榆,101118809150,此房是一层的三居不临街安静宜人方便看房房主自荐,368万,55523元/平,底层 (共6层) 3室1厅 | 66.28平米 | 西南,https://ke-image.ljcdn.com/110000-inspection/efe5ed6b-8e17-42f6-a8ad-804a473228f6_1000.jpg!m_fill,w_280,h_210,f_jpg?from=ke.com
20230709,丰台,蒲黄榆,101118807633,东城区1994年 景泰东里 中间层精装修满五唯一,490万,94723元/平,中楼层 (共6层) | 1994年建 | 1室1厅 | 51.73平米 | 南,https://ke-image.ljcdn.com/110000-inspection/c8409851-13cb-47bc-a483-e90556916e33_1000.jpg!m_fill,w_280,h_210,f_jpg?from=ke.com
20230709,丰台,蒲黄榆,101118806479,蒲黄榆三里生活便利、出行方便、诚心出售,242万,67335元/平,中楼层 (共6层) | 1980年建 | 1室1厅 | 35.94平米 | 南,https://ke-image.ljcdn.com/110000-inspection/pc1_ZAE3FdlX9_1.jpg!m_fill,w_280,h_210,f_jpg?from=ke.com
20230709,丰台,蒲黄榆,101118795809,南二环半 南北通透 交通便利 诚心出售,248万,44847元/平,地下室 (共6层) 2室1厅 | 55.3平米 | 南 北,https://ke-image.ljcdn.com/110000-inspection/7f2e2a5a-8f59-44c8-b6a6-cc4d7542a5dc_1000.jpg!m_fill,w_280,h_210,f_jpg?from=ke.com
20230709,丰台,蒲黄榆,101118786247,距离蒲黄榆地铁457米（百度地图测距）南北通透三居室,413万,58252元/平,高楼层 (共6层) | 1993年建 | 3室1厅 | 70.9平米 | 南 北,https://ke-image.ljcdn.com/110000-inspection/d18e823b-95e5-43e1-a722-25d44323870f_1000.jpg!m_fill,w_280,h_210,f_jpg?from=ke.com
20230709,丰台,蒲黄榆,101118782018,蒲安里 西南北三居室 满五年唯一 干干净净 小区安静,380万,62194元/平,中楼层 (共6层) | 1989年建 | 3室1厅 | 61.1平米 | 西南 北,https://ke-image.ljcdn.com/110000-inspection/05a1f07c-ccbc-4725-a527-a5c2b3c1666f_1000.jpg!m_fill,w_280,h_210,f_jpg?from=ke.com
20230709,丰台,蒲黄榆,101118779077,不临街2居带客厅很划算使用面积大交通便利房主自荐,247万,49970元/平,顶层 (共7层) | 1992年建 | 2室1厅 | 49.43平米 | 东南,https://ke-image.ljcdn.com/110000-inspection/90db51a3-6196-4da1-88fd-7862f86c3b9b_1000.jpg!m_fill,w_280,h_210,f_jpg?from=ke.com
20230709,丰台,蒲黄榆,101118738381,三环内 满五唯一精装修 户型好利用 小区规整 配套好,395万,58606元/平,中楼层 (共18层) | 1980年建 | 3室1厅 | 67.4平米 | 东 南 北,https://ke-image.ljcdn.com/110000-inspection/pc1_r0Fm6sh7D_2.jpg!m_fill,w_280,h_210,f_jpg?from=ke.com
20230709,丰台,蒲黄榆,101118737192,蒲黄榆 5号线、14号线 车位 刘家窑北里 精装修,279万,56974元/平,高楼层 (共6层) | 1984年建 | 2室1厅 | 48.97平米 | 东南,https://ke-image.ljcdn.com/110000-inspection/pc1_IsoRmCoa1_1.jpg!m_fill,w_280,h_210,f_jpg?from=ke.com
20230709,丰台,蒲黄榆,101118736485,地铁5/14号线蒲黄榆三里南北双阳台诚心出售,353万,62478元/平,顶层 (共12层) | 1987年建 | 2室1厅 | 56.5平米 | 南 北,https://ke-image.ljcdn.com/110000-inspection/edd07472-a4e3-4c0e-987a-85bda3f9cc45_1000.jpg!m_fill,w_280,h_210,f_jpg?from=ke.com
20230709,丰台,蒲黄榆,101118735357,满二年商品房景泰东里 东南朝向明厨明卫。房主自荐,599万,79223元/平,高楼层 (共6层) | 1994年建 | 2室1厅 | 75.61平米 | 东南,https://ke-image.ljcdn.com/110000-inspection/6df76bf9-1097-4dba-90ce-9cebd0cb482f_1000.jpg!m_fill,w_280,h_210,f_jpg?from=ke.com
20230709,丰台,蒲黄榆,101118713672,蒲安西里 南北通透 两居室 看房提前约 采光好,358万,62218元/平,高楼层 (共6层) | 2001年建 | 2室1厅 | 57.54平米 | 南 北,https://ke-image.ljcdn.com/110000-inspection/7e17de4f-4209-45a7-852f-22b864f445d4_1000.jpg!m_fill,w_280,h_210,f_jpg?from=ke.com
20230709,丰台,蒲黄榆,101118712554,景泰东里 2室1厅 南 北,590万,97425元/平,底层 (共6层) | 1994年建 | 2室1厅 | 60.56平米 | 南 北,https://ke-image.ljcdn.com/110000-inspection/b6390424-7859-4d74-99d1-f06a3d0cbce1_1000.jpg!m_fill,w_280,h_210,f_jpg?from=ke.com
20230709,丰台,蒲黄榆,101118692427,小区中间位置安静不临街南向一居室采光通风好,240万,61069元/平,高楼层 (共6层) 1室1厅 | 39.3平米 | 南,https://ke-image.ljcdn.com/110000-inspection/4f4a8ddb-fa4f-4468-9787-64f079b9ddbf_1000.jpg!m_fill,w_280,h_210,f_jpg?from=ke.com
20230709,丰台,蒲黄榆,101118691707,刘家窑东里 中间层 1998年建成楼龄新 东向无遮挡,429万,62941元/平,中楼层 (共18层) | 1998年建 | 2室1厅 | 68.16平米 | 东,https://ke-image.ljcdn.com/110000-inspection/2f05132d-e1b0-4325-bc9c-dbc8590c6308_1000.jpg!m_fill,w_280,h_210,f_jpg?from=ke.com
20230709,丰台,蒲黄榆,101118691324,蒲黄榆地铁150米 1层 满五唯一 产权清晰 随时可签约,279万,57173元/平,底层 (共6层) 2室1厅 | 48.8平米 | 东,https://ke-image.ljcdn.com/110000-inspection/d376d274-2a85-45ba-8c50-4effe0a72afc_1000.jpg!m_fill,w_280,h_210,f_jpg?from=ke.com
20230709,丰台,蒲黄榆,101118679455,景泰东里满五年唯一商品房东南朝向采光通风好,638万,81638元/平,顶层 (共9层) | 1994年建 | 3室1厅 | 78.15平米 | 东 南,https://ke-image.ljcdn.com/110000-inspection/1ddd5363-1321-4fdf-a7ef-b1b0a21e8cf1_1000.jpg!m_fill,w_280,h_210,f_jpg?from=ke.com
20230709,丰台,蒲黄榆,101118675814,此房满五唯一商品房朝南向无遮挡采光通风好。,440万,61591元/平,顶层 (共6层) | 1997年建 | 2室1厅 | 71.44平米 | 南 北,https://ke-image.ljcdn.com/110000-inspection/pc1_IfghBD5DM_2.jpg!m_fill,w_280,h_210,f_jpg?from=ke.com
20230709,丰台,蒲黄榆,101118675151,三环内 精装修基本没住  电梯南向 大两居室 小区规整,442万,62254元/平,高楼层 (共18层) | 1980年建 | 2室1厅 | 71平米 | 南,https://ke-image.ljcdn.com/110000-inspection/pc1_p3xymFLmf_1.jpg!m_fill,w_280,h_210,f_jpg?from=ke.com
20230709,丰台,蒲黄榆,101118649083,丰台区 万事吉公寓 封闭小区 南向电梯房,430万,62392元/平,低楼层 (共15层) 2室1厅 | 68.92平米 | 南,https://ke-image.ljcdn.com/110000-inspection/pc1_HaFwXvyVy.jpg!m_fill,w_280,h_210,f_jpg?from=ke.com
20230709,丰台,蒲黄榆,101118648654,满五唯一成本价低楼层户型方正业主诚心出售,235万,70784元/平,底层 (共6层) | 1980年建 | 1室1厅 | 33.2平米 | 南,https://ke-image.ljcdn.com/110000-inspection/f522ba09-b691-495c-bcd0-bcbfbfcffa60_1000.jpg!m_fill,w_280,h_210,f_jpg?from=ke.com
20230709,丰台,蒲黄榆,101118645207,恒松园 2室1厅 南,640万,60111元/平,中楼层 (共23层) | 1998年建 | 2室1厅 | 106.47平米 | 南,https://ke-image.ljcdn.com/110000-inspection/pc1_hke01hbA9_1.jpg!m_fill,w_280,h_210,f_jpg?from=ke.com
20230709,丰台,蒲黄榆,101118602611,刘家窑 三环内 次顶层 南北通透两居 满五年唯一,275万,51692元/平,高楼层 (共6层) | 1980年建 | 2室1厅 | 53.2平米 | 南 北,https://ke-image.ljcdn.com/110000-inspection/c9954858-908b-48d7-a272-3967f619c0d6_1000.jpg!m_fill,w_280,h_210,f_jpg?from=ke.com
20230709,丰台,蒲黄榆,101118587030,三环内 电梯两居 满五一套 诚售,333万,57315元/平,低楼层 (共18层) 2室1厅 | 58.1平米 | 西北,https://ke-image.ljcdn.com/110000-inspection/pc1_4JL4u9dH5_1.jpg!m_fill,w_280,h_210,f_jpg?from=ke.com
20230709,丰台,蒲黄榆,101118575250,店长推荐三环里 刘家窑地铁 电梯房 看房方便,309万,55676元/平,中楼层 (共16层) | 1989年建 | 2室1厅 | 55.5平米 | 东,https://ke-image.ljcdn.com/110000-inspection/9c5092da-b191-4d44-8395-cf59fa6165fd_1000.jpg!m_fill,w_280,h_210,f_jpg?from=ke.com
20230709,丰台,蒲黄榆,101118537613,蒲黄榆五巷诚心出售全南一居室看房随时房主自荐,272万,59170元/平,中楼层 (共6层) 1室1厅 | 45.97平米 | 南,https://ke-image.ljcdn.com/110000-inspection/0fe7e7e2-bfa1-458b-ab8f-5ec161a65615_1000.jpg!m_fill,w_280,h_210,f_jpg?from=ke.com
20230709,丰台,蒲黄榆,101118531763,三环里南北通透三居做两居带大客厅地铁200米房主自荐,368万,53026元/平,顶层 (共6层) 3室1厅 | 69.4平米 | 南 北,https://ke-image.ljcdn.com/110000-inspection/pc1_2O6Gxyhxu_1.jpg!m_fill,w_280,h_210,f_jpg?from=ke.com
20230709,丰台,蒲黄榆,101118489135,店长推荐  蒲华园  东南电梯房  满五年唯一 产权车位,745万,75781元/平,高楼层 (共24层) | 2002年建 | 2室2厅 | 98.31平米 | 东 南,https://ke-image.ljcdn.com/110000-inspection/pc1_EhRzwHzzL_2.jpg!m_fill,w_280,h_210,f_jpg?from=ke.com
20230709,丰台,蒲黄榆,101118448866,蒲黄榆二里精装修配套全出行方便房主自荐,468万,51770元/平,中楼层 (共16层) | 1985年建 | 3室1厅 | 90.4平米 | 北 东,https://ke-image.ljcdn.com/110000-inspection/30c26923-da25-40fc-9228-32f572f905b1_1000.jpg!m_fill,w_280,h_210,f_jpg?from=ke.com
20230709,丰台,蒲黄榆,101118448129,满五唯一商品房正规全南向两居室带一弧形阳台,635万,59692元/平,中楼层 (共25层) | 1998年建 | 2室1厅 | 106.38平米 | 南,https://ke-image.ljcdn.com/110000-inspection/41d37a04-95a5-438d-9a4e-11bd02c68030_1000.jpg!m_fill,w_280,h_210,f_jpg?from=ke.com
20230709,丰台,蒲黄榆,101118379402,刘家窑北里 南向两居室 近地铁  无遮放,350万,67205元/平,顶层 (共6层) | 1982年建 | 2室1厅 | 52.08平米 | 南 北,https://ke-image.ljcdn.com/110000-inspection/8c72588f-d6c4-4704-8adf-d6d66ce36771_1000.jpg!m_fill,w_280,h_210,f_jpg?from=ke.com
20230709,丰台,蒲黄榆,101118240851,二环蒲黄榆地铁口精装修南北两居看房方便,355万,57837元/平,顶层 (共6层) | 1993年建 | 2室1厅 | 61.38平米 | 南 北,https://ke-image.ljcdn.com/110000-inspection/pc1_3wgEXs6zR_2.jpg!m_fill,w_280,h_210,f_jpg?from=ke.com
20230709,丰台,蒲黄榆,101118237013,东城区永定门天坛南二环满五年唯一商品房精装修,470万,91923元/平,高楼层 (共6层) | 1994年建 | 1室0厅 | 51.13平米 | 南 北,https://ke-image.ljcdn.com/110000-inspection/pc1_VZnLRUjLn_2.jpg!m_fill,w_280,h_210,f_jpg?from=ke.com
20230709,丰台,蒲黄榆,101118227286,南二环外 蒲安西里 东西通透两居室业主诚心出售,325万,59644元/平,高楼层 (共6层) 2室1厅 | 54.49平米 | 东 西,https://ke-image.ljcdn.com/110000-inspection/e7eed0f4-1d2d-410e-a69e-b582891daf99_1000.jpg!m_fill,w_280,h_210,f_jpg?from=ke.com
20230709,丰台,蒲黄榆,101118226845,蒲安北里生活便利、出行方便、诚心出售,320万,58395元/平,高楼层 (共6层) 2室1厅 | 54.8平米 | 南 北,https://ke-image.ljcdn.com/110000-inspection/a54e42b1-dbd0-4db2-82d3-b7ee4a330313_1000.jpg!m_fill,w_280,h_210,f_jpg?from=ke.com
20230709,丰台,蒲黄榆,101118205305,二环外 蒲黄榆地铁站 满五唯一 小区环境好 采光好,324万,59537元/平,中楼层 (共18层) 2室1厅 | 54.42平米 | 东,https://ke-image.ljcdn.com/110000-inspection/pc1_DRKI2dMxU_1.jpg!m_fill,w_280,h_210,f_jpg?from=ke.com
20230709,丰台,蒲黄榆,101118154080,南二环半5号线蒲黄榆站蒲安西里优质价格三居诚心卖,445万,52669元/平,顶层 (共5层) 3室1厅 | 84.49平米 | 南 北,https://ke-image.ljcdn.com/110000-inspection/pc1_LMrEAImGl_2.jpg!m_fill,w_280,h_210,f_jpg?from=ke.com
20230709,丰台,蒲黄榆,101118151948,南北通透一居 小区门口地铁蒲黄榆站 交通生活便利,275万,66027元/平,中楼层 (共6层) 1室1厅 | 41.65平米 | 南 北,https://ke-image.ljcdn.com/110000-inspection/pc1_7WuTicKEm_1.jpg!m_fill,w_280,h_210,f_jpg?from=ke.com
20230709,丰台,蒲黄榆,101118096180,南二环旁 蒲安西里 南北两居室 采光无遮挡  小区安静,350万,48815元/平,顶层 (共6层) | 1997年建 | 2室1厅 | 71.7平米 | 南 北,https://ke-image.ljcdn.com/110000-inspection/46262872-d3e8-4330-87ae-4b57506239f9_1000.jpg!m_fill,w_280,h_210,f_jpg?from=ke.com
20230709,丰台,蒲黄榆,101118092393,东城区 景泰东里 全明格局 近地铁,479万,93409元/平,中楼层 (共6层) | 1994年建 | 1室1厅 | 51.28平米 | 东 北,https://ke-image.ljcdn.com/110000-inspection/pc1_9h5PY6bZm_1.jpg!m_fill,w_280,h_210,f_jpg?from=ke.com
20230709,丰台,蒲黄榆,101118021123,丰台区 刘家窑 赵公口 东西通透 田字格三居室 高楼层,358万,52570元/平,高楼层 (共6层) 3室1厅 | 68.1平米 | 东 西,https://ke-image.ljcdn.com/110000-inspection/28d56df5-77e6-4c4e-b906-1db5b548200a_1000.jpg!m_fill,w_280,h_210,f_jpg?from=ke.com
20230709,丰台,蒲黄榆,101118020905,蒲黄榆二巷生活便利、出行方便、诚心出售,330万,60886元/平,高楼层 (共6层) | 1989年建 | 2室1厅 | 54.2平米 | 南 北,https://ke-image.ljcdn.com/110000-inspection/578e8b89-38bd-4533-981e-12ee76f21e7e_1000.jpg!m_fill,w_280,h_210,f_jpg?from=ke.com
20230709,丰台,蒲黄榆,101117985642,东城区永定门 南北通透 两居 景泰东里小区有电梯,640万,89336元/平,顶层 (共9层) | 1994年建 | 2室1厅 | 71.64平米 | 南 北,https://ke-image.ljcdn.com/110000-inspection/pc1_naINbj7DY_1.jpg!m_fill,w_280,h_210,f_jpg?from=ke.com
20230709,丰台,蒲黄榆,101117983442,满五唯一南北通透户型好前后无遮挡封闭小区房主自荐,830万,66844元/平,底层 (共12层) | 1998年建 | 2室1厅 | 124.17平米 | 南 北,https://ke-image.ljcdn.com/110000-inspection/pc1_s4MvTBGVk_1.jpg!m_fill,w_280,h_210,f_jpg?from=ke.com
20230709,丰台,蒲黄榆,101117922186,蒲安东里 东向两居室  精装修 交易只有契税 诚心出售,555万,66364元/平,中楼层 (共18层) | 2002年建 | 2室1厅 | 83.63平米 | 东,https://ke-image.ljcdn.com/110000-inspection/7a58dd6f-48b7-4b82-aa22-b98fed9876fe_1000.jpg!m_fill,w_280,h_210,f_jpg?from=ke.com
20230709,丰台,蒲黄榆,101117896783,三环里 近地铁 电梯房 中间层 精装小两居 拎包入住,329万,66198元/平,中楼层 (共15层) | 1980年建 | 2室1厅 | 49.7平米 | 南 北,https://ke-image.ljcdn.com/110000-inspection/pc1_1Wg3x0iWO.jpg!m_fill,w_280,h_210,f_jpg?from=ke.com
20230709,丰台,蒲黄榆,101117881091,刘家窑中间层两居室户型方正朝南。房主自荐,293万,55242元/平,中楼层 (共6层) | 1988年建 | 2室1厅 | 53.04平米 | 南,https://ke-image.ljcdn.com/110000-inspection/prod-1f726028-412d-496a-af04-67ee26708c1a.jpg!m_fill,w_280,h_210,f_jpg?from=ke.com
20230709,丰台,蒲黄榆,101117880415,蒲黄榆地铁口南北通透精装修前后不临街。房主自荐,406万,57264元/平,顶层 (共6层) | 1993年建 | 3室1厅 | 70.9平米 | 南 北,https://ke-image.ljcdn.com/110000-inspection/f3effa48-383d-4fe1-ace5-726b5b8ade1f_1000.jpg!m_fill,w_280,h_210,f_jpg?from=ke.com
20230709,丰台,蒲黄榆,101117873532,三环里 店长推荐 刘家窑地铁 低楼层 南北通透看房方便,320万,61503元/平,底层 (共6层) | 1991年建 | 2室1厅 | 52.03平米 | 南 北,https://ke-image.ljcdn.com/110000-inspection/pc1_lykCz6j6w_1.jpg!m_fill,w_280,h_210,f_jpg?from=ke.com
20230709,丰台,蒲黄榆,101117854537,东城  天坛南门  景泰东里 中间层 满五年南向一居室,446万,86217元/平,中楼层 (共6层) | 1994年建 | 1室1厅 | 51.73平米 | 南,https://ke-image.ljcdn.com/110000-inspection/e18a5438-27c6-40e5-b3d0-239e8e440f0b_1000.jpg!m_fill,w_280,h_210,f_jpg?from=ke.com
20230709,丰台,蒲黄榆,101117849408,南二环外 刘家窑南里小区 精装修 南北通透两居 采光好房主自荐,309万,57542元/平,高楼层 (共6层) | 1989年建 | 2室1厅 | 53.7平米 | 南 北,https://ke-image.ljcdn.com/110000-inspection/pc1_ycB4mVHYj_1.jpg!m_fill,w_280,h_210,f_jpg?from=ke.com
20230709,丰台,蒲黄榆,101117843300,刘家窑南里朝南大阳台双朝南两居室视野好,426万,57960元/平,高楼层 (共16层) | 1980年建 | 2室1厅 | 73.5平米 | 南,https://ke-image.ljcdn.com/110000-inspection/be147cb2-85e0-4d0b-9c32-7d24f9b8a84f_1000.jpg!m_fill,w_280,h_210,f_jpg?from=ke.com
20230709,丰台,蒲黄榆,101117839436,三环里四层满五唯一近地铁不临街,300万,56402元/平,中楼层 (共6层) | 1992年建 | 2室1厅 | 53.19平米 | 西南,https://ke-image.ljcdn.com/110000-inspection/5e6f8f7a-6fc7-4eec-9d9e-f5772d79608d_1000.jpg!m_fill,w_280,h_210,f_jpg?from=ke.com
20230709,丰台,蒲黄榆,101117828478,天坛南门 南北三居 精装修 看房方便,349万,61111元/平,高楼层 (共6层) | 1985年建 | 3室1厅 | 57.11平米 | 东 南 北,https://ke-image.ljcdn.com/110000-inspection/pc1_iixFzlVYm.jpg!m_fill,w_280,h_210,f_jpg?from=ke.com
20230709,丰台,蒲黄榆,101117781807,店长推荐 满五唯一 视野好 小区环境好房主自荐,369万,56813元/平,高楼层 (共6层) | 1991年建 | 2室1厅 | 64.95平米 | 南,https://ke-image.ljcdn.com/110000-inspection/pc1_IpjCobTMe_1.jpg!m_fill,w_280,h_210,f_jpg?from=ke.com
20230709,丰台,蒲黄榆,101117723576,1层 首付少 位置好 地铁近 拎包入住 生活方便 安静,268万,55950元/平,底层 (共6层) | 1992年建 | 2室1厅 | 47.9平米 | 东,https://ke-image.ljcdn.com/110000-inspection/14d2c998-5a79-49fd-9abf-7217bd5f931a_1000.jpg!m_fill,w_280,h_210,f_jpg?from=ke.com
20230709,丰台,蒲黄榆,101117716307,南二环边 低楼层 南北通透三居室,392万,58316元/平,低楼层 (共12层) | 1980年建 | 3室1厅 | 67.22平米 | 南 北,https://ke-image.ljcdn.com/110000-inspection/1b0cbf91-824e-457c-845d-35bbff102a41_1000.jpg!m_fill,w_280,h_210,f_jpg?from=ke.com
20230709,丰台,蒲黄榆,101117702821,丰台区 蒲安西里 4居室 板楼 南北通透,698万,59289元/平,低楼层 (共6层) 4室2厅 | 117.73平米 | 南 北,https://ke-image.ljcdn.com/110000-inspection/7401a0ce-4ec1-46e8-89de-17257f8d8e56_1000.jpg!m_fill,w_280,h_210,f_jpg?from=ke.com
20230709,丰台,蒲黄榆,101117702679,刘家窑南里1992年 满五年 一手业主 精装 有电梯,318万,50477元/平,低楼层 (共16层) 2室1厅 | 63平米 | 西北,https://ke-image.ljcdn.com/110000-inspection/pc1_ZQrdHFimK_1.jpg!m_fill,w_280,h_210,f_jpg?from=ke.com
20230709,丰台,蒲黄榆,101117695866,蒲安西里天坛南门楼龄新双地铁 有电梯适合公积金贷款,259万,59445元/平,底层 (共16层) 1室1厅 | 43.57平米 | 东 南,https://ke-image.ljcdn.com/110000-inspection/943d428c-8135-44d3-81e7-4e997ae5c52e_1000.jpg!m_fill,w_280,h_210,f_jpg?from=ke.com
20230709,丰台,蒲黄榆,101117656614,满五年唯一南北通透全明格局地铁5号线刘家窑。,252万,53402元/平,顶层 (共5层) 2室1厅 | 47.19平米 | 南 北,https://ke-image.ljcdn.com/110000-inspection/d32871f7-9255-4567-8e45-955264a52337_1000.jpg!m_fill,w_280,h_210,f_jpg?from=ke.com
20230709,丰台,蒲黄榆,101117527697,蒲安东里 1室1厅 精装修 南北通透 近地铁 不临街房主自荐,266万,64174元/平,顶层 (共6层) 1室1厅 | 41.45平米 | 南 北,https://ke-image.ljcdn.com/110000-inspection/7a832fa0-dd9b-4622-824a-670faf72d2a6_1000.jpg!m_fill,w_280,h_210,f_jpg?from=ke.com
20230709,丰台,蒲黄榆,101117248828,工行宿舍蒲黄榆五巷南北通透两居满五年唯一,300万,48996元/平,顶层 (共6层) 2室1厅 | 61.23平米 | 南 北,https://ke-image.ljcdn.com/110000-inspection/d5e7fe87-d641-4f81-8e64-c4700f4911e5_1000.jpg!m_fill,w_280,h_210,f_jpg?from=ke.com
20230709,丰台,蒲黄榆,101116093893,丰台区蒲安西里低楼层南北三居户型好小区环境好,508万,60126元/平,中楼层 (共5层) 3室1厅 | 84.49平米 | 南 北,https://ke-image.ljcdn.com/110000-inspection/pc1_B6QZhlDnw_1.jpg!m_fill,w_280,h_210,f_jpg?from=ke.com
20230709,丰台,蒲黄榆,101120074346,小铁匠营 2室1厅 南,240万,47933元/平,顶层 (共5层) 2室1厅 | 50.07平米 | 南,https://s1.ljcdn.com/pegasus/redskull/images/common/default_house_list.png?_v=20230627184713780
20230709,丰台,蒲黄榆,101120052506,天坛南门 蒲黄榆 蒲黄榆四里 低楼层三居新上,459万,62196元/平,底层 (共6层) | 1992年建 | 3室1厅 | 73.8平米 | 南 北,https://s1.ljcdn.com/pegasus/redskull/images/common/default_house_list.png?_v=20230627184713780
20230709,丰台,蒲黄榆,101120034688,刘家窑东里 3室1厅 东北新上,436万,54582元/平,中楼层 (共16层) 3室1厅 | 79.88平米 | 东北,https://s1.ljcdn.com/pegasus/redskull/images/common/default_house_list.png?_v=20230627184713780
20230709,丰台,蒲黄榆,101120032402,恒松园 温泉入户 精装修拎包入住 5号线刘家窑地铁口.新上,670万,52344元/平,高楼层 (共24层) 3室1厅 | 128平米 | 西北,https://s1.ljcdn.com/pegasus/redskull/images/common/default_house_list.png?_v=20230627184713780
20230709,丰台,蒲黄榆,101120012335,店长推荐 二环外 蒲黄榆 中间层 精装修 满五年新上,336万,57221元/平,中楼层 (共6层) 2室1厅 | 58.72平米 | 南 北,https://s1.ljcdn.com/pegasus/redskull/images/common/default_house_list.png?_v=20230627184713780
20230709,丰台,蒲黄榆,101119984794,蒲安北里 1室1厅 南新上,245万,67014元/平,中楼层 (共5层) 1室1厅 | 36.56平米 | 南,https://s1.ljcdn.com/pegasus/redskull/images/common/default_house_list.png?_v=20230627184713780
20230709,丰台,蒲黄榆,101119935909,近地铁楼层低三居室南北通透全明格局,439万,59908元/平,底层 (共6层) | 1991年建 | 3室1厅 | 73.28平米 | 南 西 北,https://s1.ljcdn.com/pegasus/redskull/images/common/default_house_list.png?_v=20230627184713780
20230709,丰台,蒲黄榆,101119913386,三环里 双地铁 5号线 小区中间 西南向,380万,58751元/平,顶层 (共16层) 2室1厅 | 64.68平米 | 西南,https://s1.ljcdn.com/pegasus/redskull/images/common/default_house_list.png?_v=20230627184713780
20230709,丰台,蒲黄榆,101119870765,蒲黄榆路5号楼3居室东西向优质房源,430万,60225元/平,中楼层 (共6层) 3室1厅 | 71.4平米 | 东,https://ke-image.ljcdn.com/110000-inspection/ab9e2554-d753-4ff3-bfed-0549042702bb.jpg!m_fill,w_280,h_210,f_jpg?from=ke.com
20230709,丰台,蒲黄榆,101119801155,南二环 方庄 蒲黄榆五巷 南北通透 三居室,325万,57933元/平,中楼层 (共6层) 3室1厅 | 56.1平米 | 东 南 北,https://s1.ljcdn.com/pegasus/redskull/images/common/default_house_list.png?_v=20230627184713780
20230709,丰台,蒲黄榆,101119794134,丰台 建行家属院 中间楼层 南北通透 厨房朝南满五唯一,360万,64842元/平,中楼层 (共6层) | 1994年建 | 2室1厅 | 55.52平米 | 南 北,https://s1.ljcdn.com/pegasus/redskull/images/common/default_house_list.png?_v=20230627184713780
20230709,丰台,蒲黄榆,101119717380,刘家窑南里 3室1厅 东 南 北,326万,57802元/平,高楼层 (共6层) | 1970年建 | 3室1厅 | 56.4平米 | 东 南 北,https://s1.ljcdn.com/pegasus/redskull/images/common/default_house_list.png?_v=20230627184713780
20230709,丰台,蒲黄榆,101119715119,二环外电梯楼中间楼层通透户型采光通风好,400万,57389元/平,中楼层 (共15层) | 1980年建 | 2室1厅 | 69.7平米 | 南 北,https://s1.ljcdn.com/pegasus/redskull/images/common/default_house_list.png?_v=20230627184713780
20230709,丰台,蒲黄榆,101119481529,三环里 方正一居室 地铁5/14号线,239万,61283元/平,中楼层 (共6层) 1室1厅 | 39平米 | 东,https://s1.ljcdn.com/pegasus/redskull/images/common/default_house_list.png?_v=20230627184713780
20230709,丰台,蒲黄榆,101119440998,刘家窑东里 满五年 塔楼有电梯 南向大两居,408万,56675元/平,低楼层 (共16层) 2室1厅 | 71.99平米 | 南,https://s1.ljcdn.com/pegasus/redskull/images/common/default_house_list.png?_v=20230627184713780
20230709,丰台,蒲黄榆,101119296335,刘家窑蒲黄榆5号线14号线诚意出售,238万,70207元/平,底层 (共5层) | 1983年建 | 1室1厅 | 33.9平米 | 东,https://s1.ljcdn.com/pegasus/redskull/images/common/default_house_list.png?_v=20230627184713780
20230709,丰台,蒲黄榆,101119222946,总监推荐满五唯一户型好交通便利楼龄新,665万,52678元/平,顶层 (共6层) 4室2厅 | 126.24平米 | 东 南 北,https://s1.ljcdn.com/pegasus/redskull/images/common/default_house_list.png?_v=20230627184713780
20230709,丰台,蒲黄榆,101118699558,明厨卧室有阳台有电梯2室1厅1卫房主自荐,382万,65749元/平,高楼层 (共18层) 2室1厅 | 58.1平米 | 西北,https://ke-image.ljcdn.com/110000-inspection/1a88db70-ff26-4d45-8305-36990600b5ed.jpg!m_fill,w_280,h_210,f_jpg?from=ke.com
20230709,丰台,蒲黄榆,101118502164,高楼层三居室东南朝向交通便利诚心出售。,688万,47775元/平,高楼层 (共23层) | 1998年建 | 3室1厅 | 144.01平米 | 东南,https://s1.ljcdn.com/pegasus/redskull/images/common/default_house_list.png?_v=20230627184713780
20230709,丰台,蒲黄榆,101118407452,刘家窑北里小区 南向三居室 满五年,366万,60237元/平,中楼层 (共6层) | 1982年建 | 3室1厅 | 60.76平米 | 南 西,https://s1.ljcdn.com/pegasus/redskull/images/common/default_house_list.png?_v=20230627184713780
