20230628,朝阳,健翔桥,101119758891,中科院 电梯高楼层 视野好 出行方便必看好房,560万,87487元/平,中楼层 (共12层) | 1994年建 | 2室1厅 | 64.01平米 | 南 北 西,https://ke-image.ljcdn.com/110000-inspection/pc1_nJ3UqcPbr.jpg!m_fill,w_280,h_210,f_jpg?from=ke.com
20230628,朝阳,健翔桥,101118888020,华严北里小区 全明格局 满五年商品房 诚意出售必看好房,459万,89860元/平,中楼层 (共18层) | 1992年建 | 2室1厅 | 51.08平米 | 东,https://ke-image.ljcdn.com/110000-inspection/6466aa45-3c9b-4636-b395-f28f50b65e4d_1000.jpg!m_fill,w_280,h_210,f_jpg?from=ke.com
20230628,朝阳,健翔桥,101118585346,全明格局套内20平明厅有电梯精装修高楼层必看好房,668万,97519元/平,高楼层 (共18层) 2室1厅 | 68.5平米 | 西南,https://ke-image.ljcdn.com/110000-inspection/pc1_t4LSZMX02.jpg!m_fill,w_280,h_210,f_jpg?from=ke.com
20230628,朝阳,健翔桥,101114558230,安翔里小区  南北两居室  采光好无遮挡必看好房,458万,75292元/平,中楼层 (共6层) | 1992年建 | 2室1厅 | 60.83平米 | 南 北,https://ke-image.ljcdn.com/110000-inspection/pc1_QQg9oFH04_1.jpg!m_fill,w_280,h_210,f_jpg?from=ke.com
20230628,朝阳,健翔桥,101119677451,华严北里9号院上下两层带电梯单价合适诚意售必看好房,990万,58539元/平,高楼层 (共11层) | 1993年建 | 4室1厅 | 169.12平米 | 东 西,https://ke-image.ljcdn.com/110000-inspection/pc1_n3VDXBcjg.jpg!m_fill,w_280,h_210,f_jpg?from=ke.com
20230628,朝阳,健翔桥,101119702976,华严北里小区满五唯一中间层两居室满五唯一,475万,80605元/平,中楼层 (共6层) | 1989年建 | 2室1厅 | 58.93平米 | 南 北,https://ke-image.ljcdn.com/110000-inspection/337d7ed7-fd4e-4fd2-ad40-a93e9629d0a2_1000.jpg!m_fill,w_280,h_210,f_jpg?from=ke.com
20230628,朝阳,健翔桥,101119686557,华严北里中石油  西南全明格局三居室 物业好 采光好,628万,78285元/平,中楼层 (共18层) | 1995年建 | 3室1厅 | 80.22平米 | 南 西 北,https://ke-image.ljcdn.com/110000-inspection/b4a95a2e-e945-4c6f-a303-570e553bcaad_1000.jpg!m_fill,w_280,h_210,f_jpg?from=ke.com
20230628,朝阳,健翔桥,101119653024,健翔桥安翔南里中间楼层全明格局田字格把边三居室,640万,79336元/平,中楼层 (共6层) | 1981年建 | 3室1厅 | 80.67平米 | 南 北 东,https://ke-image.ljcdn.com/110000-inspection/effdbe7f-c9d6-4dcb-acca-9c931fc710f2_1000.jpg!m_fill,w_280,h_210,f_jpg?from=ke.com
20230628,朝阳,健翔桥,101119641901,中科院小区一层南北两居室前后不临街,675万,110349元/平,底层 (共6层) | 1988年建 | 2室1厅 | 61.17平米 | 南 北,https://ke-image.ljcdn.com/110000-inspection/pc1_6adTzyRtM_1.jpg!m_fill,w_280,h_210,f_jpg?from=ke.com
20230628,朝阳,健翔桥,101119357433,南向采光好一居室 1202印刷厂宿舍,398万,89580元/平,高楼层 (共6层) | 1986年建 | 1室1厅 | 44.43平米 | 南,https://ke-image.ljcdn.com/110000-inspection/pc1_fJsPo9KaG.jpg!m_fill,w_280,h_210,f_jpg?from=ke.com
20230628,朝阳,健翔桥,101119191572,安翔里小区 满五 唯一  南北通透  视野好 无遮挡,770万,81698元/平,中楼层 (共12层) | 2001年建 | 2室2厅 | 94.25平米 | 南 北 西,https://ke-image.ljcdn.com/110000-inspection/pc1_Eecm7rqJZ.jpg!m_fill,w_280,h_210,f_jpg?from=ke.com
20230628,朝阳,健翔桥,101119045025,安翔里小区西院安翔里社区 经典两居室房主自荐,485万,85103元/平,中楼层 (共6层) | 1990年建 | 2室1厅 | 56.99平米 | 南 北,https://ke-image.ljcdn.com/110000-inspection/pc1_74pZ7ZoyC.jpg!m_fill,w_280,h_210,f_jpg?from=ke.com
20230628,朝阳,健翔桥,101118915350,94年钢混采光好不临街。双卧朝南,439万,79602元/平,高楼层 (共6层) | 1994年建 | 2室1厅 | 55.15平米 | 南,https://ke-image.ljcdn.com/110000-inspection/pc1_TWM6YU9Vu.jpg!m_fill,w_280,h_210,f_jpg?from=ke.com
20230628,朝阳,健翔桥,101118872353,安翔里小区+安静不临街+满五唯 一+南北通透户型好,525万,81383元/平,高楼层 (共6层) | 1994年建 | 2室1厅 | 64.51平米 | 南 北,https://ke-image.ljcdn.com/110000-inspection/pc1_Vz2GRgGYb.jpg!m_fill,w_280,h_210,f_jpg?from=ke.com
20230628,朝阳,健翔桥,101118767357,中石油干部学院家属楼92年钢混精装修全明格局房主自荐,438万,85748元/平,低楼层 (共18层) | 1992年建 | 2室0厅 | 51.08平米 | 东,https://ke-image.ljcdn.com/110000-inspection/pc1_byp5XqROW_1.jpg!m_fill,w_280,h_210,f_jpg?from=ke.com
20230628,朝阳,健翔桥,101118481870,单价6.8万小区内不临街精装修东南向满五唯一房主自荐,318万,66835元/平,高楼层 (共6层) | 1992年建 | 1室1厅 | 47.58平米 | 东南,https://ke-image.ljcdn.com/110000-inspection/pc1_OxY7kuu3k.jpg!m_fill,w_280,h_210,f_jpg?from=ke.com
20230628,朝阳,健翔桥,101118002388,石油家属楼94年钢混电梯直达全窗户对外采光好房主自荐,668万,90885元/平,高楼层 (共18层) | 1994年建 | 2室1厅 | 73.5平米 | 西南,https://ke-image.ljcdn.com/110000-inspection/pc1_ElqYmfnTu_1.jpg!m_fill,w_280,h_210,f_jpg?from=ke.com
20230628,朝阳,健翔桥,101117967709,军工厂家属院板楼中间层双南向精装修满五唯一房主自荐,460万,81895元/平,中楼层 (共6层) | 1983年建 | 2室1厅 | 56.17平米 | 南,https://ke-image.ljcdn.com/110000-inspection/861648d0-2925-4fca-812f-97f1c487a1ed_1000.jpg!m_fill,w_280,h_210,f_jpg?from=ke.com
20230628,朝阳,健翔桥,101117787673,亚奥阳光 2004年 精装修40万 鸟巢水立方西侧 小区中间,880万,81256元/平,低楼层 (共12层) | 2004年建 | 2室1厅 | 108.3平米 | 北 南,https://ke-image.ljcdn.com/110000-inspection/708d00cf-60be-492f-9ac6-2304f98f9ebb_1000.jpg!m_fill,w_280,h_210,f_jpg?from=ke.com
20230628,朝阳,健翔桥,101117767761,华亭嘉园新上明卫3居人车分流有水系,1280万,82875元/平,中楼层 (共32层) | 2000年建 | 3室1厅 | 154.45平米 | 东南 北,https://ke-image.ljcdn.com/110000-inspection/d00ba98f-d72d-4582-b4d3-0669494a2fc8_1000.jpg!m_fill,w_280,h_210,f_jpg?from=ke.com
20230628,朝阳,健翔桥,101117673267,华严北里小区 中间楼层 明厨明卫双阳台房主自荐,373万,66229元/平,中楼层 (共6层) 1室1厅 | 56.32平米 | 西南,https://ke-image.ljcdn.com/110000-inspection/05c1005e-18a2-4e1a-809d-4a3a156eee8a_1000.jpg!m_fill,w_280,h_210,f_jpg?from=ke.com
20230628,朝阳,健翔桥,101117117106,华严里此房满五年央产房精装修房主自荐,500万,71470元/平,中楼层 (共5层) | 1959年建 | 2室1厅 | 69.96平米 | 东,https://ke-image.ljcdn.com/110000-inspection/pc1_DjXSeKNQn.jpg!m_fill,w_280,h_210,f_jpg?from=ke.com
20230628,朝阳,健翔桥,101116874109,社科院 东南向三居室 高楼层 无遮挡 满五唯一,749万,75156元/平,中楼层 (共14层) | 1995年建 | 3室1厅 | 99.66平米 | 东南 西,https://ke-image.ljcdn.com/110000-inspection/pc1_BRsRSQ6cr.jpg!m_fill,w_280,h_210,f_jpg?from=ke.com
20230628,朝阳,健翔桥,101116737211,华严北里2号院精装修小3居室 诚心出售,450万,79859元/平,顶层 (共5层) | 1981年建 | 3室1厅 | 56.35平米 | 南 北,https://ke-image.ljcdn.com/110000-inspection/1b8b85c0-bb15-47f9-81c9-7633c2c35e89_1000.jpg!m_fill,w_280,h_210,f_jpg?from=ke.com
20230628,朝阳,健翔桥,101114652049,满五年唯一99年建成电梯房单独物业管理~,1050万,67364元/平,低楼层 (共22层) | 2000年建 | 3室2厅 | 155.87平米 | 西北,https://ke-image.ljcdn.com/110000-inspection/6d7d2e37-dcde-48e0-a148-9139bb9f6049_1000.jpg!m_fill,w_280,h_210,f_jpg?from=ke.com
20230628,朝阳,健翔桥,101119754116,满五唯一三梯六户视野采光无遮挡看房随时必看好房,1450万,76985元/平,高楼层 (共32层) | 2000年建 | 3室2厅 | 188.35平米 | 东南 北,https://ke-image.ljcdn.com/110000-inspection/pc1_E87nTCGWR.jpg!m_fill,w_280,h_210,f_jpg?from=ke.com
20230628,朝阳,健翔桥,101119638190,航天家属院管理环境好板楼加电梯全明格局精装房主自荐,403万,96551元/平,顶层 (共6层) | 1983年建 | 1室1厅 | 41.74平米 | 南,https://ke-image.ljcdn.com/110000-inspection/pc1_OSuEWeKTy.jpg!m_fill,w_280,h_210,f_jpg?from=ke.com
20230628,朝阳,健翔桥,101119623563,供电局南北通透精装修附储物间安静满五唯一房主自荐,493万,90046元/平,高楼层 (共6层) | 1986年建 | 2室1厅 | 54.75平米 | 南 北,https://ke-image.ljcdn.com/110000-inspection/3e520184-3d04-41b5-882a-208e4e7c01bf_1000.jpg!m_fill,w_280,h_210,f_jpg?from=ke.com
20230628,朝阳,健翔桥,101118794194,此房满五年南北通透视野宽阔采光优秀。,420万,74337元/平,高楼层 (共6层) | 1989年建 | 2室1厅 | 56.5平米 | 南 北,https://ke-image.ljcdn.com/110000-inspection/pc1_DdpyjFL1I.jpg!m_fill,w_280,h_210,f_jpg?from=ke.com
20230628,朝阳,健翔桥,101118001880,央企单位家属楼独栋管理95年钢混双南电梯直达房主自荐,575万,85198元/平,高楼层 (共18层) | 1995年建 | 2室1厅 | 67.49平米 | 南,https://ke-image.ljcdn.com/110000-inspection/3256fdf4-5fa8-42f9-8cf2-8863781a708a_1000.jpg!m_fill,w_280,h_210,f_jpg?from=ke.com
20230628,朝阳,健翔桥,101118001154,央产家属楼单价7.1万94年钢混有电梯诚意卖房主自荐,538万,71363元/平,高楼层 (共18层) | 1993年建 | 3室1厅 | 75.39平米 | 西南,https://ke-image.ljcdn.com/110000-inspection/pc1_rdgUO4TmO.jpg!m_fill,w_280,h_210,f_jpg?from=ke.com
20230628,朝阳,健翔桥,101115294079,华亭嘉园满五年 直观小区花园全景的户型 不临街,1705万,84654元/平,低楼层 (共32层) | 2002年建 | 3室1厅 | 201.41平米 | 西南 西,https://ke-image.ljcdn.com/110000-inspection/d463153e-2fc2-4ec7-9b0b-b646399dddcc_1000.jpg!m_fill,w_280,h_210,f_jpg?from=ke.com
20230628,朝阳,健翔桥,101118860045,华亭嘉园F座高楼层挑高3米,1610万,79937元/平,高楼层 (共32层) | 2002年建 | 3室1厅 | 201.41平米 | 西南,https://s1.ljcdn.com/pegasus/redskull/images/common/default_house_list.png?_v=20230627184713780
20230628,朝阳,健翔桥,101119810911,华盛乐章高层观景满五年唯一精装修大两居室,670万,77898元/平,顶层 (共23层) | 2001年建 | 2室1厅 | 86.01平米 | 东南,https://ke-image.ljcdn.com/110000-inspection/pc1_xs4QOZdTP.jpg!m_fill,w_280,h_210,f_jpg?from=ke.com
20230628,朝阳,健翔桥,101119788680,安翔里独院管理少有南北三居室满五年一套精装修,598万,85405元/平,顶层 (共6层) | 1990年建 | 3室1厅 | 70.02平米 | 南 北,https://ke-image.ljcdn.com/110000-inspection/f7f6e4aa-3e26-43cf-bcd6-10e487acb5d5_1000.jpg!m_fill,w_280,h_210,f_jpg?from=ke.com
20230628,朝阳,健翔桥,101119774525,近三甲医院建筑盘古水立方奥森,1050万,67997元/平,中楼层 (共23层) | 2000年建 | 3室2厅 | 154.42平米 | 东南,https://ke-image.ljcdn.com/110000-inspection/pc1_PhYmjGA67.jpg!m_fill,w_280,h_210,f_jpg?from=ke.com
20230628,朝阳,健翔桥,101119763925,华严北里小区精装修两居室明厨明卫房主自荐,595万,90426元/平,中楼层 (共18层) | 1993年建 | 2室1厅 | 65.8平米 | 西北,https://ke-image.ljcdn.com/110000-inspection/pc1_vSAKdRRlY.jpg!m_fill,w_280,h_210,f_jpg?from=ke.com
20230628,朝阳,健翔桥,101119713408,华严北里小区 高楼层采光好 电梯南向两居室 明厨明卫,630万,90648元/平,高楼层 (共18层) | 1993年建 | 2室1厅 | 69.5平米 | 南 东,https://ke-image.ljcdn.com/110000-inspection/pc1_ABkh5Elcf.jpg!m_fill,w_280,h_210,f_jpg?from=ke.com
20230628,朝阳,健翔桥,101119711026,华严北里单位分房 低楼层 满五年 近地铁交通便利,310万,65154元/平,低楼层 (共6层) | 1992年建 | 1室1厅 | 47.58平米 | 东南,https://ke-image.ljcdn.com/110000-inspection/pc1_MNR8sl2p0.jpg!m_fill,w_280,h_210,f_jpg?from=ke.com
20230628,朝阳,健翔桥,101119710210,华严北里小区 东南两居室 少有户型 诚意出售 看房方便,540万,85013元/平,底层 (共6层) | 1989年建 | 2室1厅 | 63.52平米 | 东南 北,https://ke-image.ljcdn.com/110000-inspection/pc1_xNXEh7vkB_1.jpg!m_fill,w_280,h_210,f_jpg?from=ke.com
20230628,朝阳,健翔桥,101119704147,华严北里4号院 满5年 中间层 南北通透,530万,86334元/平,中楼层 (共6层) 2室1厅 | 61.39平米 | 南 北,https://ke-image.ljcdn.com/110000-inspection/pc1_WECfa3HBo_1.jpg!m_fill,w_280,h_210,f_jpg?from=ke.com
20230628,朝阳,健翔桥,101119672573,鸟巢+水立方西侧安翔里小区精装南北通透全明格局,510万,78850元/平,中楼层 (共5层) | 1982年建 | 2室1厅 | 64.68平米 | 南 北,https://ke-image.ljcdn.com/110000-inspection/pc1_MQRjTUTyE_1.jpg!m_fill,w_280,h_210,f_jpg?from=ke.com
20230628,朝阳,健翔桥,101119670240,华严北里精装南向一居室  满五唯一  电梯直达,440万,92554元/平,低楼层 (共18层) | 1995年建 | 1室1厅 | 47.54平米 | 南,https://ke-image.ljcdn.com/110000-inspection/pc1_KtOWVow8j.jpg!m_fill,w_280,h_210,f_jpg?from=ke.com
20230628,朝阳,健翔桥,101119644254,满五年不临街  楼层好 采光好 格局好 客厅大,809万,102005元/平,中楼层 (共16层) | 1991年建 | 3室1厅 | 79.31平米 | 南 西 北,https://ke-image.ljcdn.com/110000-inspection/pc1_rYnB7ZA0u_1.jpg!m_fill,w_280,h_210,f_jpg?from=ke.com
20230628,朝阳,健翔桥,101119625124,华严里 双南两居 满五年唯一 采光好 低楼层  看房方便,475万,92001元/平,低楼层 (共6层) 2室1厅 | 51.63平米 | 南 北,https://ke-image.ljcdn.com/110000-inspection/pc1_sBQnqzsme.jpg!m_fill,w_280,h_210,f_jpg?from=ke.com
20230628,朝阳,健翔桥,101119617821,华严北里2号院 东西通透 有钥匙随时看房,505万,87811元/平,中楼层 (共11层) | 1994年建 | 2室1厅 | 57.51平米 | 东 西 北,https://ke-image.ljcdn.com/110000-inspection/7c3f11f3-45e7-42cf-bfac-09ea4741bc22_1000.jpg!m_fill,w_280,h_210,f_jpg?from=ke.com
20230628,朝阳,健翔桥,101119605760,健翔桥四环里满五年唯一中间楼层全明三居室！,650万,73372元/平,中楼层 (共6层) 3室1厅 | 88.59平米 | 东 南 西,https://ke-image.ljcdn.com/110000-inspection/pc1_HcsgovzGV_1.jpg!m_fill,w_280,h_210,f_jpg?from=ke.com
20230628,朝阳,健翔桥,101119554251,华严北里中科院 南北通透 全明格局 方正户型  中间层,798万,104711元/平,中楼层 (共6层) | 1987年建 | 3室1厅 | 76.21平米 | 南 北,https://ke-image.ljcdn.com/110000-inspection/pc1_wS6nUvAfK.jpg!m_fill,w_280,h_210,f_jpg?from=ke.com
20230628,朝阳,健翔桥,101119551564,安翔南里独门独院南北通透交通方便,415万,73452元/平,高楼层 (共6层) | 1989年建 | 2室1厅 | 56.5平米 | 南 北,https://ke-image.ljcdn.com/110000-inspection/d50c3e5b-bf0f-415e-a224-b34e7ab7e4ad_1000.jpg!m_fill,w_280,h_210,f_jpg?from=ke.com
20230628,朝阳,健翔桥,101119535474,华严北里 95年钢混 电梯直达 精装两居 朝南采光佳房主自荐,610万,91702元/平,中楼层 (共16层) | 1995年建 | 2室1厅 | 66.52平米 | 西南,https://ke-image.ljcdn.com/110000-inspection/pc1_7uBtoiU0k.jpg!m_fill,w_280,h_210,f_jpg?from=ke.com
20230628,朝阳,健翔桥,101119486196,华严北里中科院 2室1厅 南 北,656万,100046元/平,低楼层 (共12层) | 1994年建 | 2室1厅 | 65.57平米 | 南 北,https://ke-image.ljcdn.com/110000-inspection/aee05534-6b0e-4a74-aec7-5562ad7664ea_1000.jpg!m_fill,w_280,h_210,f_jpg?from=ke.com
20230628,朝阳,健翔桥,101119455568,华严里中层南北两居室户型好利用,520万,95677元/平,中楼层 (共6层) | 1981年建 | 2室1厅 | 54.35平米 | 南 北,https://ke-image.ljcdn.com/110000-inspection/9cbfdbc0-0ae8-45fe-b672-c6eaeecfbca8_1000.jpg!m_fill,w_280,h_210,f_jpg?from=ke.com
20230628,朝阳,健翔桥,101119420419,中石油干部管理学院住宅楼满五年唯一二居带客厅,621万,101339元/平,高楼层 (共18层) | 1992年建 | 2室1厅 | 61.28平米 | 东南,https://ke-image.ljcdn.com/110000-inspection/pc1_iEYq5NdTK.jpg!m_fill,w_280,h_210,f_jpg?from=ke.com
20230628,朝阳,健翔桥,101119417451,华严北里1号院没有遮挡正规三居室,1025万,91039元/平,低楼层 (共14层) 3室1厅 | 112.59平米 | 东 西,https://ke-image.ljcdn.com/110000-inspection/pc1_gWfIwBF1T_1.jpg!m_fill,w_280,h_210,f_jpg?from=ke.com
20230628,朝阳,健翔桥,101119388740,华严北里电梯直达、全明格局、93年钢混、明厅带阳台,580万,92756元/平,高楼层 (共18层) | 1993年建 | 2室1厅 | 62.53平米 | 西南,https://ke-image.ljcdn.com/110000-inspection/pc1_iGibrYFBm.jpg!m_fill,w_280,h_210,f_jpg?from=ke.com
20230628,朝阳,健翔桥,101119378556,丝竹园小区南北把边三居室中间三层随时签约,548万,80684元/平,中楼层 (共6层) | 1984年建 | 3室1厅 | 67.92平米 | 东 南 北,https://ke-image.ljcdn.com/110000-inspection/pc1_KTP9QMHIA.jpg!m_fill,w_280,h_210,f_jpg?from=ke.com
20230628,朝阳,健翔桥,101119375557,安翔南里 全明格局三居室 中楼层,703万,92197元/平,中楼层 (共6层) | 1989年建 | 3室1厅 | 76.25平米 | 东 南 北,https://ke-image.ljcdn.com/110000-inspection/6a722803-de68-4a29-8680-5d1b9fd45ab0_1000.jpg!m_fill,w_280,h_210,f_jpg?from=ke.com
20230628,朝阳,健翔桥,101119367162,华亭嘉园不临街 户型方正三居 精装 三面朝南！,1690万,94966元/平,低楼层 (共32层) | 2000年建 | 3室2厅 | 177.96平米 | 西南,https://ke-image.ljcdn.com/110000-inspection/c1f6850f-6b37-4cd2-901e-56f4e2281a29_1000.jpg!m_fill,w_280,h_210,f_jpg?from=ke.com
20230628,朝阳,健翔桥,101119366114,丝竹园新上一居。业主诚意出售有钥匙看房方便,335万,75129元/平,中楼层 (共9层) | 1994年建 | 1室1厅 | 44.59平米 | 西,https://ke-image.ljcdn.com/110000-inspection/pc1_BpHvVvJLU.jpg!m_fill,w_280,h_210,f_jpg?from=ke.com
20230628,朝阳,健翔桥,101119350503,此房满五年唯一中间楼层进出方便光线充足,380万,77869元/平,中楼层 (共6层) | 1992年建 | 1室1厅 | 48.8平米 | 西,https://ke-image.ljcdn.com/110000-inspection/pc1_DQ4tdtA5s_1.jpg!m_fill,w_280,h_210,f_jpg?from=ke.com
20230628,朝阳,健翔桥,101119345884,民族园9号院 2000年楼龄 近地铁 满五唯一央产 随时看,1040万,105756元/平,高楼层 (共6层) 3室1厅 | 98.34平米 | 南 北,https://ke-image.ljcdn.com/110000-inspection/pc1_Oti7jA0ej.jpg!m_fill,w_280,h_210,f_jpg?from=ke.com
20230628,朝阳,健翔桥,101119344251,亚奥阳光  高楼层 两居室  04年商品房,860万,79410元/平,高楼层 (共12层) 2室1厅 | 108.3平米 | 南 北,https://ke-image.ljcdn.com/110000-inspection/pc1_lWnX2H9lb_1.jpg!m_fill,w_280,h_210,f_jpg?from=ke.com
20230628,朝阳,健翔桥,101119305327,华严北里2号院精装修2居室带一个车位,455万,87366元/平,低楼层 (共6层) | 1990年建 | 2室1厅 | 52.08平米 | 西南,https://ke-image.ljcdn.com/110000-inspection/pc1_tsOZrpdRM_1.jpg!m_fill,w_280,h_210,f_jpg?from=ke.com
20230628,朝阳,健翔桥,101119294080,北四环外国zhuanjia大厦满五V1带电梯大两居采光好,860万,95175元/平,低楼层 (共28层) | 1999年建 | 2室1厅 | 90.36平米 | 西南 北,https://ke-image.ljcdn.com/110000-inspection/pc1_MMsb4w85s.jpg!m_fill,w_280,h_210,f_jpg?from=ke.com
20230628,朝阳,健翔桥,101119275490,华严里 南向 总价不高 两居室 诚意出售,436万,84448元/平,高楼层 (共6层) 2室1厅 | 51.63平米 | 东南,https://ke-image.ljcdn.com/110000-inspection/pc1_HfBkI3NHs_1.jpg!m_fill,w_280,h_210,f_jpg?from=ke.com
20230628,朝阳,健翔桥,101119240278,华严北里钢混 带电梯 方正格局 中间楼层 满五唯一,438万,96711元/平,中楼层 (共16层) | 1995年建 | 1室1厅 | 45.29平米 | 南,https://ke-image.ljcdn.com/110000-inspection/pc1_7EYWYdGPO_1.jpg!m_fill,w_280,h_210,f_jpg?from=ke.com
20230628,朝阳,健翔桥,101119230816,央产房社区 经典小两居 靠谱卖 中间层,450万,87159元/平,中楼层 (共6层) 2室1厅 | 51.63平米 | 南 北,https://ke-image.ljcdn.com/110000-inspection/07eedd07-0b72-443b-8eeb-a5ce85dfade6_1000.jpg!m_fill,w_280,h_210,f_jpg?from=ke.com
20230628,朝阳,健翔桥,101119205125,民政局单位分房南北通透有物业管理满五年唯一,780万,94340元/平,中楼层 (共11层) | 1994年建 | 3室1厅 | 82.68平米 | 南 北,https://ke-image.ljcdn.com/110000-inspection/ccd86ca9-e166-4e08-b5cd-cbef829ac9ae_1000.jpg!m_fill,w_280,h_210,f_jpg?from=ke.com
20230628,朝阳,健翔桥,101119197115,华严北里4号院 全南向 全明格局 户型方正 满五唯一,486万,87363元/平,底层 (共6层) | 1982年建 | 2室1厅 | 55.63平米 | 南,https://ke-image.ljcdn.com/110000-inspection/pc1_l6etd0LBR_1.jpg!m_fill,w_280,h_210,f_jpg?from=ke.com
20230628,朝阳,健翔桥,101119170045,华严北里中科院 南北通透三居室  94年钢混结构 带电梯,830万,102255元/平,高楼层 (共12层) | 1994年建 | 3室1厅 | 81.17平米 | 南 北,https://ke-image.ljcdn.com/110000-inspection/pc1_Yi8Q1dby6.jpg!m_fill,w_280,h_210,f_jpg?from=ke.com
20230628,朝阳,健翔桥,101119152908,华严北里全明1居室看房有钥匙,319万,65369元/平,高楼层 (共6层) | 1992年建 | 1室1厅 | 48.8平米 | 东南,https://ke-image.ljcdn.com/110000-inspection/pc1_WtoAw6qGH.jpg!m_fill,w_280,h_210,f_jpg?from=ke.com
20230628,朝阳,健翔桥,101119128899,大学校园里  满五年唯一  田字格  全明格局 低楼层,690万,84736元/平,低楼层 (共6层) | 1987年建 | 3室1厅 | 81.43平米 | 南 北,https://ke-image.ljcdn.com/110000-inspection/pc1_ZyzmAlxVn.jpg!m_fill,w_280,h_210,f_jpg?from=ke.com
20230628,朝阳,健翔桥,101119110348,华严北里满五年唯一不临街 中间层 随时签约,318万,66835元/平,中楼层 (共6层) | 1992年建 | 1室1厅 | 47.58平米 | 东南,https://ke-image.ljcdn.com/110000-inspection/c452a9ac-327e-460d-b26c-6eb1c4f684c5_1000.jpg!m_fill,w_280,h_210,f_jpg?from=ke.com
20230628,朝阳,健翔桥,101119098733,3层三居室东西通透满五唯一诚意出售,665万,81227元/平,中楼层 (共6层) | 1989年建 | 3室1厅 | 81.87平米 | 东 西,https://ke-image.ljcdn.com/110000-inspection/pc1_KFw8jd9IW.jpg!m_fill,w_280,h_210,f_jpg?from=ke.com
20230628,朝阳,健翔桥,101119098640,丝竹园  改造小区 94年钢混 低楼层 一居室,380万,77111元/平,底层 (共9层) | 1994年建 | 1室1厅 | 49.28平米 | 西,https://ke-image.ljcdn.com/110000-inspection/pc1_lBZ1v0Ig0_1.jpg!m_fill,w_280,h_210,f_jpg?from=ke.com
20230628,朝阳,健翔桥,101119072603,丝竹园1994年钢混边户三面采光不临街楼层低房主自荐,465万,85667元/平,低楼层 (共6层) | 1994年建 | 2室0厅 | 54.28平米 | 东南 北,https://ke-image.ljcdn.com/110000-inspection/b00852b0-f9dc-4cf7-ad7b-78028719057f_1000.jpg!m_fill,w_280,h_210,f_jpg?from=ke.com
20230628,朝阳,健翔桥,101119045811,中科院单位分房央企自管电梯直达  采光无遮挡,610万,98150元/平,中楼层 (共16层) | 1988年建 | 2室1厅 | 62.15平米 | 南,https://ke-image.ljcdn.com/110000-inspection/pc1_AezqZbuKr.jpg!m_fill,w_280,h_210,f_jpg?from=ke.com
20230628,朝阳,健翔桥,101119043834,亚奥人家精装修东南大两居满五年唯一看房方便房主自荐,960万,78779元/平,中楼层 (共22层) 2室1厅 | 121.86平米 | 东南,https://ke-image.ljcdn.com/110000-inspection/pc1_OVFRHEV9d.jpg!m_fill,w_280,h_210,f_jpg?from=ke.com
20230628,朝阳,健翔桥,101119009278,华严北里1号院   满五年   南北通透   有电梯,1498万,103211元/平,顶层 (共14层) 4室2厅 | 145.14平米 | 南 北,https://ke-image.ljcdn.com/110000-inspection/pc1_peXpe3sTe.jpg!m_fill,w_280,h_210,f_jpg?from=ke.com
20230628,朝阳,健翔桥,101118981687,95年楼龄公积金贷款可满贷精装修电梯直达,370万,81787元/平,中楼层 (共16层) | 1995年建 | 1室1厅 | 45.24平米 | 东,https://ke-image.ljcdn.com/110000-inspection/pc1_lnS2iq5t7.jpg!m_fill,w_280,h_210,f_jpg?from=ke.com
20230628,朝阳,健翔桥,101118979221,丝竹园小区 精装两居 电梯房 拎包入住 随时面谈,578万,86269元/平,高楼层 (共9层) | 1994年建 | 2室1厅 | 67平米 | 南 北,https://ke-image.ljcdn.com/110000-inspection/pc1_bwYNuZJL0.jpg!m_fill,w_280,h_210,f_jpg?from=ke.com
20230628,朝阳,健翔桥,101118969890,华严里电梯直达两梯八户小区环境好,777万,98906元/平,低楼层 (共16层) | 1992年建 | 3室1厅 | 78.56平米 | 东南 南,https://ke-image.ljcdn.com/110000-inspection/pc1_IJMVw8AUu_1.jpg!m_fill,w_280,h_210,f_jpg?from=ke.com
20230628,朝阳,健翔桥,101118963909,丝竹园小区不临街1994年钢混中间层,439万,79602元/平,中楼层 (共6层) | 1994年建 | 2室1厅 | 55.15平米 | 南,https://ke-image.ljcdn.com/110000-inspection/4599367d-f6c3-4797-bfe3-0a9c76d67849_1000.jpg!m_fill,w_280,h_210,f_jpg?from=ke.com
20230628,朝阳,健翔桥,101118956401,红冶钢厂单位分房+鸟巢水立方西600米+宜老人一层两居,468万,76936元/平,底层 (共6层) | 1992年建 | 2室1厅 | 60.83平米 | 南 北,https://ke-image.ljcdn.com/110000-inspection/pc1_d5TNtsTDq.jpg!m_fill,w_280,h_210,f_jpg?from=ke.com
20230628,朝阳,健翔桥,101118944689,华严北里 东向全明格局两居 电梯直达 满五年唯一,459万,87613元/平,中楼层 (共18层) | 1993年建 | 2室1厅 | 52.39平米 | 东,https://ke-image.ljcdn.com/110000-inspection/pc1_4HJNPbF96.jpg!m_fill,w_280,h_210,f_jpg?from=ke.com
20230628,朝阳,健翔桥,101118920440,安翔南里 南北通透 有钥匙随时看房 随时签约房主自荐,398万,79936元/平,中楼层 (共5层) | 1976年建 | 2室1厅 | 49.79平米 | 南 北,https://ke-image.ljcdn.com/110000-inspection/2a2d09d5-585e-4e6e-9701-29eda0a5d307_1000.jpg!m_fill,w_280,h_210,f_jpg?from=ke.com
20230628,朝阳,健翔桥,101118915645,健翔桥丝竹园满五年正南向中间楼层温馨一居！,315万,78067元/平,中楼层 (共6层) 1室1厅 | 40.35平米 | 南,https://ke-image.ljcdn.com/110000-inspection/b84a4b1b-f9b5-4bd2-8731-f80f7abdc34b_1000.jpg!m_fill,w_280,h_210,f_jpg?from=ke.com
20230628,朝阳,健翔桥,101118895555,鸟巢西侧 音乐学院教师宿舍 2001年 两梯六户 精装修房主自荐,1230万,81393元/平,高楼层 (共20层) | 2001年建 | 3室2厅 | 151.12平米 | 东南,https://ke-image.ljcdn.com/110000-inspection/pc1_6CAznafba.jpg!m_fill,w_280,h_210,f_jpg?from=ke.com
20230628,朝阳,健翔桥,101118891918,华严北里小区 2室1厅 南 北房主自荐,565万,85464元/平,底层 (共6层) | 2000年建 | 2室1厅 | 66.11平米 | 南 北,https://ke-image.ljcdn.com/110000-inspection/pc1_VFkBOcfhF.jpg!m_fill,w_280,h_210,f_jpg?from=ke.com
20230628,朝阳,健翔桥,101118890396,华严北里2号院  带电梯优质两居室  随时可看,529万,79585元/平,中楼层 (共11层) | 1994年建 | 2室1厅 | 66.47平米 | 西,https://ke-image.ljcdn.com/110000-inspection/pc1_rHoko8X3p.jpg!m_fill,w_280,h_210,f_jpg?from=ke.com
20230628,朝阳,健翔桥,101118859722,华严北里小区全明格局采光无遮挡,600万,89260元/平,中楼层 (共18层) | 1993年建 | 2室1厅 | 67.22平米 | 东 北,https://ke-image.ljcdn.com/110000-inspection/pc1_5QsTDlDeL.jpg!m_fill,w_280,h_210,f_jpg?from=ke.com
20230628,朝阳,健翔桥,101118843921,华严北里3号院 供电局宿舍 双南两居室 满五年唯一,450万,83784元/平,高楼层 (共6层) | 1986年建 | 2室1厅 | 53.71平米 | 东 南,https://ke-image.ljcdn.com/110000-inspection/pc1_MsdQuVRJV_1.jpg!m_fill,w_280,h_210,f_jpg?from=ke.com
20230628,朝阳,健翔桥,101118831975,经典一居 地震局央产房社区 户型少有,389万,91854元/平,中楼层 (共6层) | 1981年建 | 1室1厅 | 42.35平米 | 东南,https://ke-image.ljcdn.com/110000-inspection/pc1_g2PD2xc10.jpg!m_fill,w_280,h_210,f_jpg?from=ke.com
20230628,朝阳,健翔桥,101118800662,华严北里小区 户型南北通透明厨明卫装修好。房主自荐,535万,88066元/平,中楼层 (共6层) | 1989年建 | 2室1厅 | 60.75平米 | 南 北,https://ke-image.ljcdn.com/110000-inspection/pc1_oUwg8RQkY.jpg!m_fill,w_280,h_210,f_jpg?from=ke.com
20230628,朝阳,健翔桥,101118785940,里边楼座安静南北通透全明格局户型方正精装修,535万,87148元/平,顶层 (共6层) | 1988年建 | 2室1厅 | 61.39平米 | 南 北,https://ke-image.ljcdn.com/110000-inspection/pc1_U9XKXczKP.jpg!m_fill,w_280,h_210,f_jpg?from=ke.com
20230628,朝阳,健翔桥,101118763363,华亭嘉园精装修三居室落地窗景观好房主自荐,1500万,79639元/平,低楼层 (共32层) | 2000年建 | 3室2厅 | 188.35平米 | 西南 北,https://ke-image.ljcdn.com/110000-inspection/4f3b8768-366c-4164-8e99-df949760daed_1000.jpg!m_fill,w_280,h_210,f_jpg?from=ke.com
20230628,朝阳,健翔桥,101118757067,华严北里小区精装修两居室20平米大客厅可以签约,588万,87959元/平,高楼层 (共18层) | 1994年建 | 2室1厅 | 66.85平米 | 西南 北,https://ke-image.ljcdn.com/110000-inspection/pc1_gzKE7zdH2.jpg!m_fill,w_280,h_210,f_jpg?from=ke.com
20230628,朝阳,健翔桥,101118723793,华严北里小区   满五年唯一   精装修,429万,90622元/平,高楼层 (共18层) | 1995年建 | 1室1厅 | 47.34平米 | 南,https://ke-image.ljcdn.com/110000-inspection/pc1_urMnHgFbW.jpg!m_fill,w_280,h_210,f_jpg?from=ke.com
20230628,朝阳,健翔桥,101118713593,东南向两居室大客厅视野采光好电梯直达,575万,92907元/平,中楼层 (共18层) | 1993年建 | 2室1厅 | 61.89平米 | 东南,https://ke-image.ljcdn.com/110000-inspection/pc1_F73eIL0RG.jpg!m_fill,w_280,h_210,f_jpg?from=ke.com
20230628,朝阳,健翔桥,101118696419,丝竹园 文化部 干部楼 南北双通透 三年不出一套,699万,82081元/平,高楼层 (共6层) 3室1厅 | 85.16平米 | 南 北,https://ke-image.ljcdn.com/110000-inspection/pc1_ByNFUCyD3.jpg!m_fill,w_280,h_210,f_jpg?from=ke.com
20230628,朝阳,健翔桥,101118667474,阳光北向方方正正可拎包入住满五年唯一,666万,79713元/平,低楼层 (共12层) | 2004年建 | 2室1厅 | 83.55平米 | 北,https://ke-image.ljcdn.com/110000-inspection/57777bd0-f655-4e07-8d69-e4ce8cdaa5e1_1000.jpg!m_fill,w_280,h_210,f_jpg?from=ke.com
20230628,朝阳,健翔桥,101118661018,56.32平米大一居功能性强居住舒适看房方便,385万,68360元/平,高楼层 (共6层) | 1990年建 | 1室1厅 | 56.32平米 | 西南,https://ke-image.ljcdn.com/110000-inspection/pc1_jFQQNaFdK.jpg!m_fill,w_280,h_210,f_jpg?from=ke.com
20230628,朝阳,健翔桥,101118659337,丝竹园一室带客厅  全南向 不临街无遮挡 满五唯一,395万,81900元/平,中楼层 (共6层) 2室1厅 | 48.23平米 | 南,https://ke-image.ljcdn.com/110000-inspection/pc1_V4XYtGrfn.jpg!m_fill,w_280,h_210,f_jpg?from=ke.com
20230628,朝阳,健翔桥,101118652902,华严北里 精装两居室   通透户型  明厨明卫,498万,76264元/平,顶层 (共6层) | 1989年建 | 2室1厅 | 65.3平米 | 南 北 东,https://ke-image.ljcdn.com/110000-inspection/pc1_HSbRiNpkC.jpg!m_fill,w_280,h_210,f_jpg?from=ke.com
20230628,朝阳,健翔桥,101118652114,华严北里 中间层 总价不高 精装修,319万,67258元/平,中楼层 (共6层) | 1992年建 | 1室1厅 | 47.43平米 | 西南,https://ke-image.ljcdn.com/110000-inspection/pc1_EulADOU81.jpg!m_fill,w_280,h_210,f_jpg?from=ke.com
20230628,朝阳,健翔桥,101118645063,华严北里 有电梯直达 客厅有阳台 不临街 无遮挡,560万,89558元/平,低楼层 (共18层) | 1993年建 | 2室1厅 | 62.53平米 | 西南,https://ke-image.ljcdn.com/110000-inspection/pc1_9fewT8BFY.jpg!m_fill,w_280,h_210,f_jpg?from=ke.com
20230628,朝阳,健翔桥,101118641764,马甸经典家园高层观景一居 满五唯一房主自荐,565万,86924元/平,中楼层 (共24层) 1室1厅 | 65平米 | 东 北,https://ke-image.ljcdn.com/110000-inspection/pc1_UMHAKZegX.jpg!m_fill,w_280,h_210,f_jpg?from=ke.com
20230628,朝阳,健翔桥,101118632102,华严北里西南全明2居 电梯直达 采光视野开阔,680万,96073元/平,中楼层 (共18层) | 1993年建 | 2室1厅 | 70.78平米 | 西南,https://ke-image.ljcdn.com/110000-inspection/f34a5b8e-5cd4-4d99-91aa-79db728ef2ca_1000.jpg!m_fill,w_280,h_210,f_jpg?from=ke.com
20230628,朝阳,健翔桥,101118626319,华严北里院中院 西南向 全明格局 满五唯一 诚意卖,420万,75202元/平,底层 (共6层) | 1991年建 | 1室1厅 | 55.85平米 | 西南,https://ke-image.ljcdn.com/110000-inspection/pc1_6TrxP4ofT.jpg!m_fill,w_280,h_210,f_jpg?from=ke.com
20230628,朝阳,健翔桥,101118623599,印刷厂宿舍 满五年 高楼层 采光视野棒 南北通透,685万,94994元/平,顶层 (共6层) | 1983年建 | 3室1厅 | 72.11平米 | 南 北,https://ke-image.ljcdn.com/110000-inspection/pc1_mxchpwcMw_1.jpg!m_fill,w_280,h_210,f_jpg?from=ke.com
20230628,朝阳,健翔桥,101118616157,房子满五年且唯一带电梯有大客厅正规两居,605万,90434元/平,低楼层 (共18层) | 1995年建 | 2室1厅 | 66.9平米 | 西南,https://ke-image.ljcdn.com/110000-inspection/pc1_NgmgJYIXg.jpg!m_fill,w_280,h_210,f_jpg?from=ke.com
20230628,朝阳,健翔桥,101118594086,华严北里中科院新上二层南北双阳台大三居看房方便,880万,105012元/平,低楼层 (共6层) | 1987年建 | 3室1厅 | 83.8平米 | 南 北,https://ke-image.ljcdn.com/110000-inspection/pc1_h78DK0l9D.jpg!m_fill,w_280,h_210,f_jpg?from=ke.com
20230628,朝阳,健翔桥,101118513592,华严北里 全明格局 13平客厅有窗户 楼道已铺地砖房主自荐,666万,71729元/平,高楼层 (共18层) | 1993年建 | 3室1厅 | 92.85平米 | 东南 北,https://ke-image.ljcdn.com/110000-inspection/pc1_bfllWT3fu.jpg!m_fill,w_280,h_210,f_jpg?from=ke.com
20230628,朝阳,健翔桥,101118475314,华严北里 全明格局 新风系统精装大2居 满五年唯一房主自荐,780万,85762元/平,中楼层 (共11层) | 1993年建 | 2室1厅 | 90.95平米 | 东 西,https://ke-image.ljcdn.com/110000-inspection/pc1_rnFLefYQF_1.jpg!m_fill,w_280,h_210,f_jpg?from=ke.com
20230628,朝阳,健翔桥,101118464663,华严北里小区中间楼层把边户型南北通透,880万,101888元/平,中楼层 (共6层) | 1991年建 | 3室1厅 | 86.37平米 | 南 北,https://ke-image.ljcdn.com/110000-inspection/pc1_OELxKvSyN.jpg!m_fill,w_280,h_210,f_jpg?from=ke.com
20230628,朝阳,健翔桥,101118449612,华严北里2号院近地铁干净卫生,449万,89944元/平,顶层 (共5层) | 1981年建 | 2室1厅 | 49.92平米 | 南,https://ke-image.ljcdn.com/110000-inspection/pc1_tk4VFkGkX.jpg!m_fill,w_280,h_210,f_jpg?from=ke.com
20230628,朝阳,健翔桥,101118447032,安翔里小区  南北通透 正规客厅 楼龄新,500万,79771元/平,高楼层 (共6层) | 1992年建 | 2室1厅 | 62.68平米 | 南 北,https://ke-image.ljcdn.com/110000-inspection/pc1_BFTyaHK3v.jpg!m_fill,w_280,h_210,f_jpg?from=ke.com
20230628,朝阳,健翔桥,101118446198,中石油单位分房 华严北里 满五唯一 安静南北通透 自管,1100万,99647元/平,中楼层 (共6层) | 1995年建 | 3室1厅 | 110.39平米 | 南 北,https://ke-image.ljcdn.com/110000-inspection/7979805f-d776-44a6-b22f-752c1e7a88cb_1000.jpg!m_fill,w_280,h_210,f_jpg?from=ke.com
20230628,朝阳,健翔桥,101118405913,丝竹园南向精装小两居 改造小区 临近鸟巢水立方,410万,72260元/平,高楼层 (共6层) 2室1厅 | 56.74平米 | 南,https://ke-image.ljcdn.com/110000-inspection/pc1_XuG2EMhnU.jpg!m_fill,w_280,h_210,f_jpg?from=ke.com
20230628,朝阳,健翔桥,101118401996,健翔桥 电梯三居室 小区管理好 精装修拎包入住,870万,73036元/平,中楼层 (共14层) | 1995年建 | 3室1厅 | 119.12平米 | 东 西,https://ke-image.ljcdn.com/110000-inspection/5b6ed8b8-dbf8-426b-8cef-01fd5e20eb76_1000.jpg!m_fill,w_280,h_210,f_jpg?from=ke.com
20230628,朝阳,健翔桥,101118394633,田字格三居  南北四个阳台  居家精装修拎包即住,930万,101022元/平,高楼层 (共6层) | 1995年建 | 3室1厅 | 92.06平米 | 南 北,https://ke-image.ljcdn.com/110000-inspection/70b131b7-67b5-49fe-bf42-6b7a166ae047_1000.jpg!m_fill,w_280,h_210,f_jpg?from=ke.com
20230628,朝阳,健翔桥,101118379577,华盛乐章 落地飘窗 满五年唯一 鸟巢水立方一路之隔房主自荐,1090万,70587元/平,高楼层 (共23层) | 2000年建 | 3室2厅 | 154.42平米 | 西南,https://ke-image.ljcdn.com/110000-inspection/pc1_fB8WY3sFK.jpg!m_fill,w_280,h_210,f_jpg?from=ke.com
20230628,朝阳,健翔桥,101118378441,安翔里一层老人方便+楼龄新南北通透+维护人单线联系,613万,82227元/平,底层 (共6层) | 1997年建 | 2室1厅 | 74.55平米 | 南 北,https://ke-image.ljcdn.com/110000-inspection/pc1_JuE868yBQ.jpg!m_fill,w_280,h_210,f_jpg?from=ke.com
20230628,朝阳,健翔桥,101118378179,丝竹园小区 南向带电梯 采光好视野开阔,430万,74113元/平,中楼层 (共16层) | 1987年建 | 1室1厅 | 58.02平米 | 南,https://ke-image.ljcdn.com/110000-inspection/pc1_eYFUXpOL7.jpg!m_fill,w_280,h_210,f_jpg?from=ke.com
20230628,朝阳,健翔桥,101118349944,马甸经典家园 1室1厅 北,625万,96855元/平,中楼层 (共24层) | 2001年建 | 1室1厅 | 64.53平米 | 北,https://ke-image.ljcdn.com/110000-inspection/pc1_vEUpKNKM1.jpg!m_fill,w_280,h_210,f_jpg?from=ke.com
20230628,朝阳,健翔桥,101118349340,华严北里小区 满五唯一 首付120万正规一居室,325万,68523元/平,高楼层 (共6层) | 1992年建 | 1室1厅 | 47.43平米 | 东南,https://ke-image.ljcdn.com/110000-inspection/pc1_vxoPVxIAF.jpg!m_fill,w_280,h_210,f_jpg?from=ke.com
20230628,朝阳,健翔桥,101118269910,亚奥人家 1999年钢混结构 高层电梯直达 满五年可贷款,695万,75841元/平,中楼层 (共22层) 2室1厅 | 91.64平米 | 西北,https://ke-image.ljcdn.com/110000-inspection/pc1_SbHMC705D.jpg!m_fill,w_280,h_210,f_jpg?from=ke.com
20230628,朝阳,健翔桥,101118237172,安翔里西院  南北通透 安静不临街单独物业及管理,500万,87735元/平,中楼层 (共6层) | 1990年建 | 2室1厅 | 56.99平米 | 南 北,https://ke-image.ljcdn.com/110000-inspection/d7ad5834-855a-4c39-b47d-8b69a32308ab_1000.jpg!m_fill,w_280,h_210,f_jpg?from=ke.com
20230628,朝阳,健翔桥,101118229195,国家地震局住宅楼保障处管理满五年唯一全明,505万,83541元/平,高楼层 (共6层) | 1988年建 | 2室1厅 | 60.45平米 | 南,https://ke-image.ljcdn.com/110000-inspection/pc1_amZViyPUP.jpg!m_fill,w_280,h_210,f_jpg?from=ke.com
20230628,朝阳,健翔桥,101118198398,中科院局长楼中间层三居室满五年央产不临街,782万,102558元/平,中楼层 (共6层) | 1988年建 | 3室1厅 | 76.25平米 | 南 北,https://ke-image.ljcdn.com/110000-inspection/037a8222-10f8-4cb9-a1a2-f51895433189_1000.jpg!m_fill,w_280,h_210,f_jpg?from=ke.com
20230628,朝阳,健翔桥,101118163781,安翔里南北带客厅 院中间 采光通风好 楼间距宽,495万,76733元/平,顶层 (共6层) | 1994年建 | 2室1厅 | 64.51平米 | 南 北,https://ke-image.ljcdn.com/110000-inspection/pc1_8Iuh4DIlc.jpg!m_fill,w_280,h_210,f_jpg?from=ke.com
20230628,朝阳,健翔桥,101118154139,200米三甲医院高层满五唯一实用两居福利房,628万,78579元/平,高楼层 (共23层) | 2001年建 | 2室1厅 | 79.92平米 | 东,https://ke-image.ljcdn.com/110000-inspection/pc1_gkMbQHoSN_1.jpg!m_fill,w_280,h_210,f_jpg?from=ke.com
20230628,朝阳,健翔桥,101118147677,华严北里1号院新楼精装修可拎包入住价格可商量房主自荐,1520万,101707元/平,底层 (共14层) | 2004年建 | 3室1厅 | 149.45平米 | 东 西,https://ke-image.ljcdn.com/110000-inspection/9dcaf3d7-305a-4150-89c8-6cacf04d981a_1000.jpg!m_fill,w_280,h_210,f_jpg?from=ke.com
20230628,朝阳,健翔桥,101118143692,安翔里小区 格局方正客厅可放沙发电视 低楼层出入方便,460万,79297元/平,低楼层 (共6层) | 1992年建 | 2室1厅 | 58.01平米 | 东 西,https://ke-image.ljcdn.com/110000-inspection/pc1_i3Rn99Y53.jpg!m_fill,w_280,h_210,f_jpg?from=ke.com
20230628,朝阳,健翔桥,101118137485,满五年唯一楼层好电梯直达无遮挡,530万,75628元/平,中楼层 (共16层) | 1984年建 | 2室1厅 | 70.08平米 | 南,https://ke-image.ljcdn.com/110000-inspection/4c215f13-3201-44ba-bb0d-2240798618d2_1000.jpg!m_fill,w_280,h_210,f_jpg?from=ke.com
20230628,朝阳,健翔桥,101118130772,北四环健翔桥 安翔南里 中间层 明厨明卫 价格可商量房主自荐,388万,82889元/平,中楼层 (共6层) | 1987年建 | 1室1厅 | 46.81平米 | 南 北,https://ke-image.ljcdn.com/110000-inspection/pc1_RQF4phV9E.jpg!m_fill,w_280,h_210,f_jpg?from=ke.com
20230628,朝阳,健翔桥,101118123439,高层东向99年建成电梯房单独物业管理~房主自荐,1020万,65440元/平,高楼层 (共22层) | 1999年建 | 3室2厅 | 155.87平米 | 东北,https://ke-image.ljcdn.com/110000-inspection/pc1_uMsj4IxeU.jpg!m_fill,w_280,h_210,f_jpg?from=ke.com
20230628,朝阳,健翔桥,101118106757,四环里 1202工厂家属楼 正规一居室 社区管理好,350万,80000元/平,高楼层 (共6层) | 1986年建 | 1室1厅 | 43.75平米 | 南,https://ke-image.ljcdn.com/110000-inspection/b7ed58d4-8c62-42cc-8dc6-947ee350b623_1000.jpg!m_fill,w_280,h_210,f_jpg?from=ke.com
20230628,朝阳,健翔桥,101118084686,步行地铁330米双东向无遮挡 高楼层价格可商量,425万,83976元/平,顶层 (共6层) 2室1厅 | 50.61平米 | 东,https://ke-image.ljcdn.com/110000-inspection/pc1_SWdj3UzTZ.jpg!m_fill,w_280,h_210,f_jpg?from=ke.com
20230628,朝阳,健翔桥,101118071802,丝竹园小区 产权满5年 南北通透  随时签约,460万,72476元/平,顶层 (共6层) 2室1厅 | 63.47平米 | 南 北,https://ke-image.ljcdn.com/110000-inspection/pc1_BGczBAqpA.jpg!m_fill,w_280,h_210,f_jpg?from=ke.com
20230628,朝阳,健翔桥,101118060262,华严北里 满五年唯一 视野开阔 采光充足随时签约,425万,71925元/平,顶层 (共6层) | 1989年建 | 2室1厅 | 59.09平米 | 东南 西北,https://ke-image.ljcdn.com/110000-inspection/060aae53-63f8-451c-8e96-7dcf83b7ac5a_1000.jpg!m_fill,w_280,h_210,f_jpg?from=ke.com
20230628,朝阳,健翔桥,101118051168,北四环华严北里小区 南北通透 满五年唯一精装修三居室,691万,81256元/平,中楼层 (共6层) | 1989年建 | 3室1厅 | 85.04平米 | 南 北,https://ke-image.ljcdn.com/110000-inspection/pc1_yfs4xmIrL.jpg!m_fill,w_280,h_210,f_jpg?from=ke.com
20230628,朝阳,健翔桥,101118047677,全明格局 双东小两居 业主随时签 经典户型房主自荐,466万,91194元/平,中楼层 (共18层) | 1994年建 | 2室0厅 | 51.1平米 | 东,https://ke-image.ljcdn.com/110000-inspection/575cecc2-7d66-46c3-a9e1-df6ffebcbe9a_1000.jpg!m_fill,w_280,h_210,f_jpg?from=ke.com
20230628,朝阳,健翔桥,101118041208,华严北里4号院   满五年     南北通透  不临街,530万,86334元/平,高楼层 (共6层) | 1988年建 | 2室1厅 | 61.39平米 | 南 北,https://ke-image.ljcdn.com/110000-inspection/3e11819d-89a0-4371-89fe-7e910da7544f_1000.jpg!m_fill,w_280,h_210,f_jpg?from=ke.com
20230628,朝阳,健翔桥,101118026976,中科院单位分房华严里小区南北通透两居室,408万,88504元/平,顶层 (共4层) 2室1厅 | 46.1平米 | 南 北,https://ke-image.ljcdn.com/110000-inspection/pc1_gkaKic7mR.jpg!m_fill,w_280,h_210,f_jpg?from=ke.com
20230628,朝阳,健翔桥,101118013822,华严北里1号院明厨明卫南向一居室板楼有电梯房主自荐,410万,98228元/平,中楼层 (共6层) 1室1厅 | 41.74平米 | 南,https://ke-image.ljcdn.com/110000-inspection/6ddbf98c-0667-4494-85f6-d7872a15b81c_1000.jpg!m_fill,w_280,h_210,f_jpg?from=ke.com
20230628,朝阳,健翔桥,101117997057,华严北里小区     低楼层  东向 无遮挡,339万,78075元/平,底层 (共6层) | 1991年建 | 1室1厅 | 43.42平米 | 东,https://ke-image.ljcdn.com/110000-inspection/pc1_va6cjA5BR.jpg!m_fill,w_280,h_210,f_jpg?from=ke.com
20230628,朝阳,健翔桥,101117972731,华严北里中科院一居中间楼层南向业主诚意出售,438万,98075元/平,中楼层 (共6层) | 1987年建 | 1室1厅 | 44.66平米 | 南,https://ke-image.ljcdn.com/110000-inspection/9b05c709-42a6-438c-9760-c670c9c03fda_1000.jpg!m_fill,w_280,h_210,f_jpg?from=ke.com
20230628,朝阳,健翔桥,101117965766,华亭嘉园高层观景方正一居直观整个奥运场馆房主自荐,718万,82719元/平,中楼层 (共32层) | 2000年建 | 1室1厅 | 86.8平米 | 东北,https://ke-image.ljcdn.com/110000-inspection/pc1_Q4J45owpA.jpg!m_fill,w_280,h_210,f_jpg?from=ke.com
20230628,朝阳,健翔桥,101117924331,安翔里社区  两居室 满五唯一 小区管理好,500万,87735元/平,顶层 (共6层) | 1990年建 | 2室1厅 | 56.99平米 | 南 北,https://ke-image.ljcdn.com/110000-inspection/pc1_9Efl2JiqC_1.jpg!m_fill,w_280,h_210,f_jpg?from=ke.com
20230628,朝阳,健翔桥,101117920277,丝竹园 改造小区 满五年唯一 有电梯 94年钢混,415万,69643元/平,中楼层 (共9层) | 1994年建 | 2室1厅 | 59.59平米 | 东 西,https://ke-image.ljcdn.com/110000-inspection/ab0fd561-0073-452a-a99e-7d82732925f7_1000.jpg!m_fill,w_280,h_210,f_jpg?from=ke.com
20230628,朝阳,健翔桥,101117903238,华严北里9号院   满五年唯一   1993年 楼龄  带电梯,930万,94054元/平,中楼层 (共11层) | 1993年建 | 3室1厅 | 98.88平米 | 南 北,https://ke-image.ljcdn.com/110000-inspection/pc1_xUbqDCHZL.jpg!m_fill,w_280,h_210,f_jpg?from=ke.com
20230628,朝阳,健翔桥,101117893251,华严北里3号院   精装修    南北通透  两居室,505万,92917元/平,高楼层 (共6层) | 1986年建 | 2室1厅 | 54.35平米 | 南 北,https://ke-image.ljcdn.com/110000-inspection/c5897684-784c-4246-95aa-e98bd3bc5a91_1000.jpg!m_fill,w_280,h_210,f_jpg?from=ke.com
20230628,朝阳,健翔桥,101117864300,华严北里4号院南北通透经典户型两居,480万,75854元/平,顶层 (共6层) | 1982年建 | 2室1厅 | 63.28平米 | 南 北,https://ke-image.ljcdn.com/110000-inspection/pc1_nLB5tz6En_1.jpg!m_fill,w_280,h_210,f_jpg?from=ke.com
20230628,朝阳,健翔桥,101117854013,华严里 双南向精装修小两居 全天采光 近地铁健德门站,480万,94843元/平,高楼层 (共6层) 2室1厅 | 50.61平米 | 南,https://ke-image.ljcdn.com/110000-inspection/03492201-be30-4344-9735-ac27794a9766_1000.jpg!m_fill,w_280,h_210,f_jpg?from=ke.com
20230628,朝阳,健翔桥,101117853845,安翔里小区 2室1厅 南 北,510万,78850元/平,中楼层 (共5层) | 1982年建 | 2室1厅 | 64.68平米 | 南 北,https://ke-image.ljcdn.com/110000-inspection/pc1_UB5bt39kZ.jpg!m_fill,w_280,h_210,f_jpg?from=ke.com
20230628,朝阳,健翔桥,101117853792,北交集团明客厅朝北带窗户明厨明卫1993年建成,355万,80572元/平,高楼层 (共6层) | 1993年建 | 1室1厅 | 44.06平米 | 西 北,https://ke-image.ljcdn.com/110000-inspection/pc1_ZrwnP7ei5.jpg!m_fill,w_280,h_210,f_jpg?from=ke.com
20230628,朝阳,健翔桥,101117812545,97年楼龄积水潭福利房采光好视野开阔,740万,89372元/平,顶层 (共6层) | 1997年建 | 2室1厅 | 82.8平米 | 南 北,https://ke-image.ljcdn.com/110000-inspection/33b00703-ca75-476c-812c-75f7653eda6f_1000.jpg!m_fill,w_280,h_210,f_jpg?from=ke.com
20230628,朝阳,健翔桥,101117811445,五年唯一 临近鸟巢水立方 南北通透 精装两居,395万,88665元/平,顶层 (共6层) | 1994年建 | 2室1厅 | 44.55平米 | 南 北,https://ke-image.ljcdn.com/110000-inspection/9ff6e923-0b8c-425a-bc60-7496daf350e7_1000.jpg!m_fill,w_280,h_210,f_jpg?from=ke.com
20230628,朝阳,健翔桥,101117807879,华严里2号院 东西通透两居室 临近地铁 配套齐全,465万,71199元/平,顶层 (共6层) | 1992年建 | 2室1厅 | 65.31平米 | 西 东,https://ke-image.ljcdn.com/110000-inspection/pc1_ptmC1uBeA.jpg!m_fill,w_280,h_210,f_jpg?from=ke.com
20230628,朝阳,健翔桥,101117786387,华严里南北通透270度采光单独管理带车位使用面积大,470万,97309元/平,底层 (共5层) | 1976年建 | 2室1厅 | 48.3平米 | 东南 北,https://ke-image.ljcdn.com/110000-inspection/pc1_BVgxw51dx.jpg!m_fill,w_280,h_210,f_jpg?from=ke.com
20230628,朝阳,健翔桥,101117781028,安翔里小区南北通透满五唯一紧挨鸟巢水立方,440万,71129元/平,顶层 (共6层) | 1990年建 | 2室1厅 | 61.86平米 | 南 北,https://ke-image.ljcdn.com/110000-inspection/pc1_2dmcGDX3Y_1.jpg!m_fill,w_280,h_210,f_jpg?from=ke.com
20230628,朝阳,健翔桥,101117767468,华严北里小区 西南向 大两居 精装修 诚意出售,566万,87562元/平,低楼层 (共18层) | 1993年建 | 2室1厅 | 64.64平米 | 西南,https://ke-image.ljcdn.com/110000-inspection/pc1_0hNvIgzsY.jpg!m_fill,w_280,h_210,f_jpg?from=ke.com
20230628,朝阳,健翔桥,101117752763,安翔南里全明格局两居室小区中间不临街,520万,76348元/平,高楼层 (共6层) | 1987年建 | 2室1厅 | 68.11平米 | 南 北,https://ke-image.ljcdn.com/110000-inspection/pc1_Cky3Ji5Mj.jpg!m_fill,w_280,h_210,f_jpg?from=ke.com
20230628,朝阳,健翔桥,101117747897,华严里地震局 南北通透三居室  不临街 近地铁 有车位,539万,92279元/平,顶层 (共5层) | 1979年建 | 3室1厅 | 58.41平米 | 南 北,https://ke-image.ljcdn.com/110000-inspection/pc1_XujXxDycS.jpg!m_fill,w_280,h_210,f_jpg?from=ke.com
20230628,朝阳,健翔桥,101117737360,婚房2居 产权清晰 临中轴路 出行方便房主自荐,527万,84714元/平,高楼层 (共6层) | 1990年建 | 2室1厅 | 62.21平米 | 东 西,https://ke-image.ljcdn.com/110000-inspection/afd48d3b-619f-4c10-bc25-a80580b27f02_1000.jpg!m_fill,w_280,h_210,f_jpg?from=ke.com
20230628,朝阳,健翔桥,101117680025,华严北里带电梯优质的一套一居室靠谱签约,450万,99360元/平,中楼层 (共16层) | 1995年建 | 1室1厅 | 45.29平米 | 南,https://ke-image.ljcdn.com/110000-inspection/219b08b9-4982-4109-aca3-582c96401baa_1000.jpg!m_fill,w_280,h_210,f_jpg?from=ke.com
20230628,朝阳,健翔桥,101117648297,自住精装修边户客厅带窗中间楼层采光好房主自荐,520万,87661元/平,中楼层 (共6层) | 1992年建 | 2室1厅 | 59.32平米 | 南,https://ke-image.ljcdn.com/110000-inspection/pc1_66sGZsvHd_1.jpg!m_fill,w_280,h_210,f_jpg?from=ke.com
20230628,朝阳,健翔桥,101117615770,四环内 居家装修 满五年央产房 明厨明卫 改善随时签约,668万,89665元/平,中楼层 (共5层) | 1989年建 | 3室1厅 | 74.5平米 | 南 北 东,https://ke-image.ljcdn.com/110000-inspection/e96acef8-e595-4857-a6ba-4aa373d17435_1000.jpg!m_fill,w_280,h_210,f_jpg?from=ke.com
20230628,朝阳,健翔桥,101117548848,单价6万 小区地板价 北四环健翔桥 55.85平米 全明格局房主自荐,345万,61773元/平,顶层 (共6层) | 1991年建 | 1室1厅 | 55.85平米 | 西南,https://ke-image.ljcdn.com/110000-inspection/pc1_G63FkE8V6.jpg!m_fill,w_280,h_210,f_jpg?from=ke.com
20230628,朝阳,健翔桥,101117523258,精装修 便宜2居 安静宜居 近地铁超市 奥体 鸟巢,435万,73817元/平,顶层 (共6层) | 1989年建 | 2室1厅 | 58.93平米 | 南 北,https://ke-image.ljcdn.com/110000-inspection/333bc2b0-fd95-4f7c-b658-a79d391737da_1000.jpg!m_fill,w_280,h_210,f_jpg?from=ke.com
20230628,朝阳,健翔桥,101117517338,华严北里小区 东南向一居室 满两年商品房 诚意出售房主自荐,323万,68101元/平,顶层 (共6层) | 1992年建 | 1室1厅 | 47.43平米 | 东南,https://ke-image.ljcdn.com/110000-inspection/11d3a792-be3a-433b-a0f8-99156eb9d564_1000.jpg!m_fill,w_280,h_210,f_jpg?from=ke.com
20230628,朝阳,健翔桥,101117512465,峻峰华亭平层两居室停车方便楼龄新,645万,67237元/平,中楼层 (共11层) | 2004年建 | 3室1厅 | 95.93平米 | 西,https://ke-image.ljcdn.com/110000-inspection/70235d6e-6bd9-4a57-beb8-f60931e89940_1000.jpg!m_fill,w_280,h_210,f_jpg?from=ke.com
20230628,朝阳,健翔桥,101117484182,华严里 地震局家属院 双南向两居室 满五年唯一央产房,439万,86062元/平,顶层 (共5层) | 1979年建 | 2室1厅 | 51.01平米 | 南,https://ke-image.ljcdn.com/110000-inspection/pc1_mmeNpUQ9y.jpg!m_fill,w_280,h_210,f_jpg?from=ke.com
20230628,朝阳,健翔桥,101117474490,满五年唯一不临街无遮挡电梯直达中石油物业房主自荐,535万,82258元/平,低楼层 (共18层) | 1995年建 | 3室0厅 | 65.04平米 | 东南,https://ke-image.ljcdn.com/110000-inspection/pc1_MijPvGvUF.jpg!m_fill,w_280,h_210,f_jpg?from=ke.com
20230628,朝阳,健翔桥,101117466545,华严北里3号院 3层精装修 南北无遮挡,515万,94064元/平,中楼层 (共6层) | 1986年建 | 2室1厅 | 54.75平米 | 南 北,https://ke-image.ljcdn.com/110000-inspection/ed114f1b-b93f-455c-b848-2af75f6f7efb_1000.jpg!m_fill,w_280,h_210,f_jpg?from=ke.com
20230628,朝阳,健翔桥,101117462651,改造 满五年 全明南向 采光好 靠谱卖,415万,92800元/平,高楼层 (共6层) | 1988年建 | 1室1厅 | 44.72平米 | 南,https://ke-image.ljcdn.com/110000-inspection/pc1_r0DL2l78n.jpg!m_fill,w_280,h_210,f_jpg?from=ke.com
20230628,朝阳,健翔桥,101117456352,本房满五年西侧眺望香山。视野开阔 近三甲医院房主自荐,1020万,66054元/平,中楼层 (共23层) | 2000年建 | 3室2厅 | 154.42平米 | 西南,https://ke-image.ljcdn.com/110000-inspection/pc1_vqayrpEEk.jpg!m_fill,w_280,h_210,f_jpg?from=ke.com
20230628,朝阳,健翔桥,101117429009,丝竹园小区 全明格局 采光好 无遮挡,376万,83686元/平,中楼层 (共6层) 1室1厅 | 44.93平米 | 南,https://ke-image.ljcdn.com/110000-inspection/pc1_6D95tnCHW.jpg!m_fill,w_280,h_210,f_jpg?from=ke.com
20230628,朝阳,健翔桥,101117373782,华严里地震局小区南北向通透全明格局358万两居,358万,74121元/平,顶层 (共5层) | 1976年建 | 2室1厅 | 48.3平米 | 南 北,https://ke-image.ljcdn.com/110000-inspection/5d0f1053-1d09-4d37-b6c5-325db9cccdb0_1000.jpg!m_fill,w_280,h_210,f_jpg?from=ke.com
20230628,朝阳,健翔桥,101117294694,华亭嘉园 东南向 三居 精装修 诚意卖,1238万,78147元/平,底层 (共32层) | 2000年建 | 3室2厅 | 158.42平米 | 东南,https://ke-image.ljcdn.com/110000-inspection/a87e7bae-308b-4811-8f3b-a8714a473932_1000.jpg!m_fill,w_280,h_210,f_jpg?from=ke.com
20230628,朝阳,健翔桥,101117290969,自住精装修+高层+满五年+双卫设计+100米三甲医院,958万,74230元/平,高楼层 (共23层) | 2001年建 | 3室2厅 | 129.06平米 | 东,https://ke-image.ljcdn.com/110000-inspection/pc1_lkK6u7xfk.jpg!m_fill,w_280,h_210,f_jpg?from=ke.com
20230628,朝阳,健翔桥,101117268170,音乐学院教师宿舍+电梯直达+精装修,1115万,86048元/平,低楼层 (共20层) | 2001年建 | 2室2厅 | 129.58平米 | 东北,https://ke-image.ljcdn.com/110000-inspection/cfbf2ee1-c1c5-4af7-9f3f-90362287a413_1000.jpg!m_fill,w_280,h_210,f_jpg?from=ke.com
20230628,朝阳,健翔桥,101117180728,华严北里8号院不临街楼住高楼层视野好无遮挡,860万,95291元/平,中楼层 (共28层) | 1999年建 | 2室1厅 | 90.25平米 | 西南 北,https://ke-image.ljcdn.com/110000-inspection/pc1_6arpUUL21_1.jpg!m_fill,w_280,h_210,f_jpg?from=ke.com
20230628,朝阳,健翔桥,101117169646,华亭嘉园三居落地窗无遮挡满五唯一看房方便,1195万,77372元/平,低楼层 (共32层) | 2000年建 | 3室1厅 | 154.45平米 | 西南 北,https://ke-image.ljcdn.com/110000-inspection/pc1_oJ2USuT2s_1.jpg!m_fill,w_280,h_210,f_jpg?from=ke.com
20230628,朝阳,健翔桥,101117141742,阳光型南北通透三居 大客厅 70万精装 2000年 停车方便房主自荐,956万,98456元/平,顶层 (共6层) | 1999年建 | 3室1厅 | 97.1平米 | 南 北 西,https://ke-image.ljcdn.com/110000-inspection/7dc75b0a-1941-425b-8d22-731241c4d82e_1000.jpg!m_fill,w_280,h_210,f_jpg?from=ke.com
20230628,朝阳,健翔桥,101117081701,凌云名苑 北四环2013年楼龄 全明格局南向精装 两居室,1220万,125541元/平,中楼层 (共11层) 2室1厅 | 97.18平米 | 东南,https://ke-image.ljcdn.com/110000-inspection/pc1_OjD6sdBOy.jpg!m_fill,w_280,h_210,f_jpg?from=ke.com
20230628,朝阳,健翔桥,101117077989,华严北里小区 方正三居室 诚意出售 随时签约,660万,81947元/平,顶层 (共6层) | 1990年建 | 3室1厅 | 80.54平米 | 东 西,https://ke-image.ljcdn.com/110000-inspection/pc1_75yVwXmLx_1.jpg!m_fill,w_280,h_210,f_jpg?from=ke.com
20230628,朝阳,健翔桥,101117053430,华严里 一层两居室  近地铁 精装修 看房随时,408万,82176元/平,底层 (共6层) | 1980年建 | 2室1厅 | 49.65平米 | 西 北,https://ke-image.ljcdn.com/110000-inspection/pc1_INOsxLBlo.jpg!m_fill,w_280,h_210,f_jpg?from=ke.com
20230628,朝阳,健翔桥,101117046114,华严北里2号院满5年成本价电梯房 东西通透,538万,83684元/平,中楼层 (共11层) | 1994年建 | 2室1厅 | 64.29平米 | 东 西,https://ke-image.ljcdn.com/110000-inspection/pc1_bJwNzoxVG.jpg!m_fill,w_280,h_210,f_jpg?from=ke.com
20230628,朝阳,健翔桥,101117041900,亚奥阳光2004年板楼+电梯直达+高层观景+近鸟巢水立方,690万,82586元/平,高楼层 (共12层) | 2004年建 | 2室1厅 | 83.55平米 | 北,https://ke-image.ljcdn.com/110000-inspection/pc1_qGZR8Xkq7_1.jpg!m_fill,w_280,h_210,f_jpg?from=ke.com
20230628,朝阳,健翔桥,101117010365,安翔南里 双南两居室 大学环境采光好配套齐全,386万,76862元/平,顶层 (共5层) | 1976年建 | 2室1厅 | 50.22平米 | 南,https://ke-image.ljcdn.com/110000-inspection/pc1_8qY7s8vzl.jpg!m_fill,w_280,h_210,f_jpg?from=ke.com
20230628,朝阳,健翔桥,101117006163,华严北里 航天央产房 中间楼层 精装修一居 诚意出售,325万,68307元/平,中楼层 (共6层) | 1993年建 | 1室1厅 | 47.58平米 | 东南,https://ke-image.ljcdn.com/110000-inspection/ff89b8d1-09a2-4314-b5c1-3511285d7aa0_1000.jpg!m_fill,w_280,h_210,f_jpg?from=ke.com
20230628,朝阳,健翔桥,101116992139,中国音乐学院 高层无遮挡两居 视野开阔 管理好房主自荐,829万,79300元/平,高楼层 (共20层) | 2001年建 | 3室2厅 | 104.54平米 | 西 北,https://ke-image.ljcdn.com/110000-inspection/pc1_xyHyi9Zes.jpg!m_fill,w_280,h_210,f_jpg?from=ke.com
20230628,朝阳,健翔桥,101116984478,华严北里4号院 南向全明精装一居 户型方正 满五唯一房主自荐,415万,105170元/平,底层 (共6层) | 1982年建 | 1室1厅 | 39.46平米 | 南,https://ke-image.ljcdn.com/110000-inspection/pc1_RyP9gG6B4.jpg!m_fill,w_280,h_210,f_jpg?from=ke.com
20230628,朝阳,健翔桥,101116968464,华严北里8号院 南向全明两居 方正户型 光线好 2000年,900万,107759元/平,中楼层 (共28层) | 1999年建 | 2室1厅 | 83.52平米 | 南,https://ke-image.ljcdn.com/110000-inspection/ec975d62-f7c7-449d-afc4-69a057fd954a_1000.jpg!m_fill,w_280,h_210,f_jpg?from=ke.com
20230628,朝阳,健翔桥,101116930602,楼龄新 位置好 近地铁 公园 户型方正好利用,495万,90000元/平,低楼层 (共24层) 1室1厅 | 55平米 | 西南,https://ke-image.ljcdn.com/110000-inspection/aa93f963-6e62-4b46-8ccb-422d26e2f139_1000.jpg!m_fill,w_280,h_210,f_jpg?from=ke.com
20230628,朝阳,健翔桥,101116902594,小区管理好 近地铁 方便停车 楼龄新,635万,96696元/平,高楼层 (共6层) | 1998年建 | 2室1厅 | 65.67平米 | 南,https://ke-image.ljcdn.com/110000-inspection/a8edf813-7df7-44f7-9031-9550f2510c1a_1000.jpg!m_fill,w_280,h_210,f_jpg?from=ke.com
20230628,朝阳,健翔桥,101116893572,华严北里9号院南北向大两居室满五变现诚意出售,485万,76656元/平,顶层 (共5层) | 1992年建 | 2室1厅 | 63.27平米 | 南 北,https://ke-image.ljcdn.com/110000-inspection/pc1_ECKR63RJE.jpg!m_fill,w_280,h_210,f_jpg?from=ke.com
20230628,朝阳,健翔桥,101116892631,新上一居诚意出售。可领包入住。房主自荐,381万,86473元/平,高楼层 (共6层) | 1993年建 | 1室1厅 | 44.06平米 | 东北,https://ke-image.ljcdn.com/110000-inspection/pc1_N36TJj14m.jpg!m_fill,w_280,h_210,f_jpg?from=ke.com
20230628,朝阳,健翔桥,101116865940,华严北里小区中间位置 不临街  满五年央产,320万,67256元/平,高楼层 (共6层) | 1991年建 | 1室1厅 | 47.58平米 | 东 南,https://ke-image.ljcdn.com/110000-inspection/94e8bfd2-9a8a-4cda-98e1-c5ab5a016a4d_1000.jpg!m_fill,w_280,h_210,f_jpg?from=ke.com
20230628,朝阳,健翔桥,101116750280,华严北里 积水潭医院分房正南正北精装修拎包入住,740万,89372元/平,高楼层 (共6层) | 1997年建 | 2室2厅 | 82.8平米 | 南 北,https://ke-image.ljcdn.com/110000-inspection/pc1_BGmL7cvmK.jpg!m_fill,w_280,h_210,f_jpg?from=ke.com
20230628,朝阳,健翔桥,101116669220,亚奥阳光2004年高板楼+电梯直达+满五唯一+带固定车位,870万,83446元/平,低楼层 (共12层) | 2004年建 | 2室1厅 | 104.26平米 | 南 北,https://ke-image.ljcdn.com/110000-inspection/489bd5b7-5057-46e9-8d4f-f741ebe1d23f_1000.jpg!m_fill,w_280,h_210,f_jpg?from=ke.com
20230628,朝阳,健翔桥,101116632783,中间楼层。格局方正进出方便光线充足,430万,77186元/平,中楼层 (共6层) | 1992年建 | 2室1厅 | 55.71平米 | 东 西,https://ke-image.ljcdn.com/110000-inspection/6666b4cc-f147-41c5-90ab-a0d92eb96f1a_1000.jpg!m_fill,w_280,h_210,f_jpg?from=ke.com
20230628,朝阳,健翔桥,101116575479,满五年唯一低楼层南北通透户型方正房主自荐,465万,75170元/平,底层 (共6层) | 1989年建 | 2室1厅 | 61.86平米 | 南 北,https://ke-image.ljcdn.com/110000-inspection/pc1_WlG0Rpjhv_1.jpg!m_fill,w_280,h_210,f_jpg?from=ke.com
20230628,朝阳,健翔桥,101116564177,华严北里小区航天五院家属院 满5年央产房,1100万,109639元/平,高楼层 (共6层) | 1999年建 | 3室2厅 | 100.33平米 | 东 西,https://ke-image.ljcdn.com/110000-inspection/pc1_DtWTznmb3.jpg!m_fill,w_280,h_210,f_jpg?from=ke.com
20230628,朝阳,健翔桥,101116523958,华严北里南向两居室钢混结构建成电梯直达带车位,560万,89903元/平,中楼层 (共14层) | 1986年建 | 2室1厅 | 62.29平米 | 南,https://ke-image.ljcdn.com/110000-inspection/a6442629-46d2-42cd-b3db-6aeeb1d07aad_1000.jpg!m_fill,w_280,h_210,f_jpg?from=ke.com
20230628,朝阳,健翔桥,101116485890,2004年 高板楼 有电梯南北向两居室采光好无遮挡,810万,76423元/平,中楼层 (共12层) 2室1厅 | 105.99平米 | 南 北,https://ke-image.ljcdn.com/110000-inspection/pc1_cRsXw48K6.jpg!m_fill,w_280,h_210,f_jpg?from=ke.com
20230628,朝阳,健翔桥,101116484145,华严北里9号院。1202印刷厂宿舍新上两居诚意出售,448万,77362元/平,顶层 (共6层) | 1986年建 | 2室1厅 | 57.91平米 | 南 北,https://ke-image.ljcdn.com/110000-inspection/pc1_hrjNNE0GH.jpg!m_fill,w_280,h_210,f_jpg?from=ke.com
20230628,朝阳,健翔桥,101116459097,华严北里中科院 满五唯一 双卧朝南 电梯房 采光很棒房主自荐,576万,92680元/平,低楼层 (共16层) | 1988年建 | 2室1厅 | 62.15平米 | 南,https://ke-image.ljcdn.com/110000-inspection/pc1_K67TZBpTG.jpg!m_fill,w_280,h_210,f_jpg?from=ke.com
20230628,朝阳,健翔桥,101116457416,安翔里小区南北向三居室户型方正,565万,73683元/平,中楼层 (共6层) | 1992年建 | 3室1厅 | 76.68平米 | 南 北,https://ke-image.ljcdn.com/110000-inspection/pc1_GrnNgZZX5.jpg!m_fill,w_280,h_210,f_jpg?from=ke.com
20230628,朝阳,健翔桥,101116432017,华严北里小区 精装修 东向一居室,375万,87332元/平,顶层 (共6层) | 1993年建 | 1室1厅 | 42.94平米 | 东,https://ke-image.ljcdn.com/110000-inspection/1213fd61-f27e-457b-912c-0c9cbbececf5_1000.jpg!m_fill,w_280,h_210,f_jpg?from=ke.com
20230628,朝阳,健翔桥,101116152399,此房南北通透 视野宽阔 采光充足 满五年央产房房主自荐,828万,98807元/平,高楼层 (共6层) | 1987年建 | 3室1厅 | 83.8平米 | 南 北,https://ke-image.ljcdn.com/110000-inspection/28b595ee-1909-4721-9675-ae41ce1649af_1000.jpg!m_fill,w_280,h_210,f_jpg?from=ke.com
20230628,朝阳,健翔桥,101116147866,社科院经典三居 客卧分离 互不打扰 满五年央产方便看,699万,62051元/平,底层 (共14层) | 1995年建 | 3室1厅 | 112.65平米 | 东 西,https://ke-image.ljcdn.com/110000-inspection/pc1_KQzsDTh0L.jpg!m_fill,w_280,h_210,f_jpg?from=ke.com
20230628,朝阳,健翔桥,101115858041,华严北里中科院小区 南北通透三居室  满五唯一 成本低,745万,91670元/平,顶层 (共6层) | 1987年建 | 3室1厅 | 81.27平米 | 南 北,https://ke-image.ljcdn.com/110000-inspection/pc1_Qf6UkdCXy.jpg!m_fill,w_280,h_210,f_jpg?from=ke.com
20230628,朝阳,健翔桥,101115772253,华严里2号院 低楼层一居室 近地铁10号线健德门站,398万,81558元/平,低楼层 (共6层) | 1992年建 | 1室1厅 | 48.8平米 | 西,https://ke-image.ljcdn.com/110000-inspection/pc1_0xWri2TiD.jpg!m_fill,w_280,h_210,f_jpg?from=ke.com
20230628,朝阳,健翔桥,101115763277,客厅明窗+600米水立方+盘古大观+200米三甲306医院,605万,70341元/平,低楼层 (共23层) | 2001年建 | 2室1厅 | 86.01平米 | 西南,https://ke-image.ljcdn.com/110000-inspection/pc1_5WjOoB14j.jpg!m_fill,w_280,h_210,f_jpg?from=ke.com
20230628,朝阳,健翔桥,101115754583,华严北里钢混2居 带明厅 格局全对外 电梯直达,688万,99136元/平,高楼层 (共18层) | 1993年建 | 2室1厅 | 69.4平米 | 南 西南,https://ke-image.ljcdn.com/110000-inspection/4920d33a-f67e-42f1-a65f-9026009d7dfd_1000.jpg!m_fill,w_280,h_210,f_jpg?from=ke.com
20230628,朝阳,健翔桥,101115669655,丝竹园 南北 带客厅两居室 不临街,505万,79278元/平,中楼层 (共6层) | 1989年建 | 2室1厅 | 63.7平米 | 南 北,https://ke-image.ljcdn.com/110000-inspection/pc1_5zyvq57Im.jpg!m_fill,w_280,h_210,f_jpg?from=ke.com
20230628,朝阳,健翔桥,101115613038,国家地震局住宅区1999年建成车位充足能看能签,610万,100017元/平,低楼层 (共6层) | 1999年建 | 1室2厅 | 60.99平米 | 南 北,https://ke-image.ljcdn.com/110000-inspection/57b288b5-18d3-45c1-89ca-7b553833b070_1000.jpg!m_fill,w_280,h_210,f_jpg?from=ke.com
20230628,朝阳,健翔桥,101115582193,满五唯一 经典1居室 小区中间位置 安静安全,350万,73793元/平,顶层 (共6层) | 1992年建 | 1室1厅 | 47.43平米 | 东 南,https://ke-image.ljcdn.com/110000-inspection/pc1_qfot0En8r.jpg!m_fill,w_280,h_210,f_jpg?from=ke.com
20230628,朝阳,健翔桥,101115505647,单价八万板楼中间层南北通透小区内安静不临街房主自荐,675万,80732元/平,中楼层 (共6层) | 1989年建 | 3室1厅 | 83.61平米 | 南 北,https://ke-image.ljcdn.com/110000-inspection/pc1_l49eR92x1_1.jpg!m_fill,w_280,h_210,f_jpg?from=ke.com
20230628,朝阳,健翔桥,101115494941,丝竹园 94年钢混 带电梯  视野好  楼龄新,450万,75517元/平,中楼层 (共9层) | 1994年建 | 2室1厅 | 59.59平米 | 东 西,https://ke-image.ljcdn.com/110000-inspection/d68ff07a-835f-454f-862b-7216b70b26a8_1000.jpg!m_fill,w_280,h_210,f_jpg?from=ke.com
20230628,朝阳,健翔桥,101115440453,健翔国际公寓诚意出售靠谱签约,280万,65945元/平,顶层 (共13层) | 2007年建 | 1室1厅 | 42.46平米 | 东,https://ke-image.ljcdn.com/110000-inspection/99c220c5-e4ed-48e3-82de-cd2d6e9b38ad_1000.jpg!m_fill,w_280,h_210,f_jpg?from=ke.com
20230628,朝阳,健翔桥,101115070165,精装修两居室拎包入住满五年唯一采光好,460万,78059元/平,顶层 (共6层) | 1989年建 | 2室1厅 | 58.93平米 | 南 北,https://ke-image.ljcdn.com/110000-inspection/pc1_M909W0Sgm.jpg!m_fill,w_280,h_210,f_jpg?from=ke.com
20230628,朝阳,健翔桥,101115059553,亚奥阳光 南北通透 自住精装两居室,850万,81527元/平,低楼层 (共12层) | 2004年建 | 2室1厅 | 104.26平米 | 南 北,https://ke-image.ljcdn.com/110000-inspection/080d8651-90b8-4c4a-ba74-181d6f586d30_1000.jpg!m_fill,w_280,h_210,f_jpg?from=ke.com
20230628,朝阳,健翔桥,101114960103,全明格局 板楼一层 附套内16.8平米餐厅阳台  满五年房主自荐,448万,79546元/平,底层 (共6层) | 2000年建 | 1室2厅 | 56.32平米 | 西南,https://ke-image.ljcdn.com/110000-inspection/prod-8acdc1a5-8111-4cfa-9a34-010afe11eab8.jpg!m_fill,w_280,h_210,f_jpg?from=ke.com
20230628,朝阳,健翔桥,101114875815,华严北里大客厅全明格局两居 婚房精装 满五唯一房主自荐,623万,94109元/平,高楼层 (共18层) | 1993年建 | 2室1厅 | 66.2平米 | 东北,https://ke-image.ljcdn.com/110000-inspection/pc1_yI5hdEw38_1.jpg!m_fill,w_280,h_210,f_jpg?from=ke.com
20230628,朝阳,健翔桥,101114754261,四环内 双阳台精装两居 安静不临街 采光好房主自荐,429万,72799元/平,顶层 (共6层) | 1989年建 | 2室1厅 | 58.93平米 | 东 西,https://ke-image.ljcdn.com/110000-inspection/pc1_q4uhwNAgA_1.jpg!m_fill,w_280,h_210,f_jpg?from=ke.com
20230628,朝阳,健翔桥,101114656607,丝竹园精装修三居室 南边通透 一层无遮挡 随时签约,580万,85395元/平,底层 (共6层) | 1984年建 | 3室1厅 | 67.92平米 | 东 南 北,https://ke-image.ljcdn.com/110000-inspection/6870b10a-7214-43d2-ac04-de5cd9f4d737_1000.jpg!m_fill,w_280,h_210,f_jpg?from=ke.com
20230628,朝阳,健翔桥,101114624628,2000年地震局央产有车位南北通透三居室大客厅,1080万,109824元/平,中楼层 (共6层) | 2000年建 | 3室1厅 | 98.34平米 | 南 北,https://ke-image.ljcdn.com/110000-inspection/pc1_hqMcdZhbs.jpg!m_fill,w_280,h_210,f_jpg?from=ke.com
20230628,朝阳,健翔桥,101114607650,东西通透钢混结构中楼层有电梯满五唯一,535万,69735元/平,中楼层 (共9层) | 1994年建 | 3室1厅 | 76.72平米 | 东 西,https://ke-image.ljcdn.com/110000-inspection/pc1_OVlSmL5Vm_1.jpg!m_fill,w_280,h_210,f_jpg?from=ke.com
20230628,朝阳,健翔桥,101114552622,1992年建成距离10号线健德门站458米房主自荐,316万,74705元/平,顶层 (共6层) | 1992年建 | 1室1厅 | 42.3平米 | 东,https://ke-image.ljcdn.com/110000-inspection/pc1_wVPj6ZtQm_1.jpg!m_fill,w_280,h_210,f_jpg?from=ke.com
20230628,朝阳,健翔桥,101114443875,华严北里2号院南北通透两居室满五年精装修,508万,91433元/平,中楼层 (共6层) | 1983年建 | 2室1厅 | 55.56平米 | 南 北,https://ke-image.ljcdn.com/110000-inspection/pc1_dHTl4tee8.jpg!m_fill,w_280,h_210,f_jpg?from=ke.com
20230628,朝阳,健翔桥,101113992834,单价7.3万 全明格局 多储物间 小区内不临街 诚意卖,365万,73902元/平,顶层 (共6层) | 1990年建 | 1室1厅 | 49.39平米 | 东南,https://ke-image.ljcdn.com/110000-inspection/83803892-a2f1-472d-ad32-db84cd83c4c0_1000.jpg!m_fill,w_280,h_210,f_jpg?from=ke.com
20230628,朝阳,健翔桥,101113957340,华严北里9号院93年钢混结构 电梯房 复式 看能方便,1160万,70078元/平,顶层 (共11层) | 1993年建 | 4室2厅 | 165.53平米 | 南 北,https://ke-image.ljcdn.com/110000-inspection/ad5e3893-bf75-448e-8697-a481dd457c22_1000.jpg!m_fill,w_280,h_210,f_jpg?from=ke.com
20230628,朝阳,健翔桥,101113503021,华盛乐章电梯直达+直观鸟巢水立方视野开阔业主急售,849万,71118元/平,高楼层 (共23层) | 2001年建 | 2室1厅 | 119.38平米 | 东 北,https://ke-image.ljcdn.com/110000-inspection/pc1_Y5UmKxP3K_1.jpg!m_fill,w_280,h_210,f_jpg?from=ke.com
20230628,朝阳,健翔桥,101113336635,安翔里 南北 全明格局两居室 窗户大 采光好房主自荐,485万,74985元/平,顶层 (共5层) | 1982年建 | 2室1厅 | 64.68平米 | 南 北,https://ke-image.ljcdn.com/110000-inspection/pc1_QaQ3DnSyC.jpg!m_fill,w_280,h_210,f_jpg?from=ke.com
20230628,朝阳,健翔桥,101113102988,华严北里南北通透全明格局一居无遮挡不临街诚售,425万,79723元/平,顶层 (共6层) | 1989年建 | 1室1厅 | 53.31平米 | 南 北,https://ke-image.ljcdn.com/110000-inspection/pc1_qbl0TeRcG_1.jpg!m_fill,w_280,h_210,f_jpg?from=ke.com
20230628,朝阳,健翔桥,101113078289,安翔南里 南北明厨明卫一居室 精装修 换房诚心卖房主自荐,424万,89812元/平,底层 (共6层) | 1987年建 | 1室1厅 | 47.21平米 | 南 北,https://ke-image.ljcdn.com/110000-inspection/pc1_yx3pZZUyA_1.jpg!m_fill,w_280,h_210,f_jpg?from=ke.com
20230628,朝阳,健翔桥,101112730047,华严北里2号院电梯直达南向一居室业主诚心出售,420万,87246元/平,中楼层 (共14层) | 1990年建 | 1室1厅 | 48.14平米 | 南,https://ke-image.ljcdn.com/110000-inspection/pc1_rvk1Dbxgt.jpg!m_fill,w_280,h_210,f_jpg?from=ke.com
20230628,朝阳,健翔桥,101119725218,华亭嘉园 高层直观西山 大面宽5米 满五唯一 诚心出售,1280万,83448元/平,高楼层 (共32层) | 2000年建 | 2室2厅 | 153.39平米 | 西南,https://ke-image.ljcdn.com/110000-inspection/d924536c-8475-4aea-9ace-a292310346c9_1000.jpg!m_fill,w_280,h_210,f_jpg?from=ke.com
20230628,朝阳,健翔桥,101119713437,民政局3层2居 精装修 近地铁 有车位 北盛管理房主自荐,486万,87474元/平,中楼层 (共6层) | 1990年建 | 2室1厅 | 55.56平米 | 东 西,https://ke-image.ljcdn.com/110000-inspection/dcf90418-7b76-4e1a-b68c-d2eb2c9ad14e_1000.jpg!m_fill,w_280,h_210,f_jpg?from=ke.com
20230628,朝阳,健翔桥,101119598936,健翔国际公寓2007年建成电梯直达房主自荐,220万,68049元/平,顶层 (共13层) | 2007年建 | 1室1厅 | 32.33平米 | 西,https://ke-image.ljcdn.com/110000-inspection/b528769b-eb75-4360-9846-79e2296ddb34_1000.jpg!m_fill,w_280,h_210,f_jpg?from=ke.com
20230628,朝阳,健翔桥,101119594878,双卧朝南双阳台 南北通透 满五年唯一 精装修不临街,670万,102181元/平,底层 (共12层) | 1994年建 | 2室1厅 | 65.57平米 | 南 北,https://ke-image.ljcdn.com/110000-inspection/pc1_1ZRnjKpY1_1.jpg!m_fill,w_280,h_210,f_jpg?from=ke.com
20230628,朝阳,健翔桥,101119584213,北四环健翔桥 满五唯一 中间楼层 双南向 无遮挡,430万,79660元/平,中楼层 (共6层) | 1984年建 | 2室1厅 | 53.98平米 | 南,https://ke-image.ljcdn.com/110000-inspection/pc1_Lx70cebaS.jpg!m_fill,w_280,h_210,f_jpg?from=ke.com
20230628,朝阳,健翔桥,101119583670,明厨卧室朝南有电梯3室2厅2卫,1612万,99963元/平,中楼层 (共14层) 3室2厅 | 161.26平米 | 西南,https://ke-image.ljcdn.com/110000-inspection/d5ea515e-89a4-45dc-8391-2be25dad8932_1000.jpg!m_fill,w_280,h_210,f_jpg?from=ke.com
20230628,朝阳,健翔桥,101119582714,华严北里3号院 视野高楼层 电梯直达南向一居室,386万,81469元/平,中楼层 (共14层) | 1986年建 | 1室1厅 | 47.38平米 | 南,https://ke-image.ljcdn.com/110000-inspection/a8853ece-11f1-473a-be28-29738c8eb7d3_1000.jpg!m_fill,w_280,h_210,f_jpg?from=ke.com
20230628,朝阳,健翔桥,101119533826,华亭嘉园 双阳台 三卧朝南 落地窗 仅契税 有固定车位房主自荐,1850万,95821元/平,低楼层 (共32层) | 2000年建 | 3室2厅 | 193.07平米 | 南 西,https://ke-image.ljcdn.com/110000-inspection/pc1_gA632Gw6P_1.jpg!m_fill,w_280,h_210,f_jpg?from=ke.com
20230628,朝阳,健翔桥,101119528487,中石油自管楼南向两居精装修有电梯1995年楼龄房主自荐,575万,97425元/平,高楼层 (共18层) | 1995年建 | 2室1厅 | 59.02平米 | 南,https://ke-image.ljcdn.com/110000-inspection/pc1_koyWfrDCX.jpg!m_fill,w_280,h_210,f_jpg?from=ke.com
20230628,朝阳,健翔桥,101119450692,安翔里小区 南北通透 一层半两居室 适合老人住,465万,75170元/平,底层 (共6层) | 1989年建 | 2室1厅 | 61.86平米 | 南 北,https://ke-image.ljcdn.com/110000-inspection/cd4b29b2-fb69-4fdd-9285-d1ac73fe53dc_1000.jpg!m_fill,w_280,h_210,f_jpg?from=ke.com
20230628,朝阳,健翔桥,101119383791,华严北里全明两居精装修拎包入住,496万,83883元/平,高楼层 (共6层) | 1989年建 | 2室1厅 | 59.13平米 | 南 北,https://ke-image.ljcdn.com/110000-inspection/1d736152-56f5-480b-8668-f17f96594efa_1000.jpg!m_fill,w_280,h_210,f_jpg?from=ke.com
20230628,朝阳,健翔桥,101119376368,华亭嘉园大三居室满五年唯一落地窗诚意出售,1500万,79639元/平,中楼层 (共32层) | 2000年建 | 3室1厅 | 188.35平米 | 南 北,https://ke-image.ljcdn.com/110000-inspection/pc1_2ZXq3g002.jpg!m_fill,w_280,h_210,f_jpg?from=ke.com
20230628,朝阳,健翔桥,101119304758,安翔里南北高楼层大两居室满五年一套多贷款仅契税,600万,80365元/平,高楼层 (共6层) | 1997年建 | 2室1厅 | 74.66平米 | 南 北,https://ke-image.ljcdn.com/110000-inspection/dce9d7dc-1175-42eb-b06c-a4464032c32e_1000.jpg!m_fill,w_280,h_210,f_jpg?from=ke.com
20230628,朝阳,健翔桥,101119270546,华严北里小区 带电梯直达满五年唯一业主诚意出售,365万,81784元/平,中楼层 (共16层) | 1995年建 | 1室1厅 | 44.63平米 | 西南,https://ke-image.ljcdn.com/110000-inspection/092cceea-8d84-40e5-bb19-51d80c1fc12f_1000.jpg!m_fill,w_280,h_210,f_jpg?from=ke.com
20230628,朝阳,健翔桥,101119257989,满五唯一 可用公积金组合贷 南北通透大两居 无遮挡,556万,74471元/平,顶层 (共6层) | 1997年建 | 2室1厅 | 74.66平米 | 南 北,https://ke-image.ljcdn.com/110000-inspection/pc1_ZfQSeuwYZ.jpg!m_fill,w_280,h_210,f_jpg?from=ke.com
20230628,朝阳,健翔桥,101119222555,华严北里小区 1室1厅 东,338万,77845元/平,高楼层 (共6层) | 1993年建 | 1室1厅 | 43.42平米 | 东,https://ke-image.ljcdn.com/110000-inspection/pc1_sut5SjEzB_1.jpg!m_fill,w_280,h_210,f_jpg?from=ke.com
20230628,朝阳,健翔桥,101119202968,动静分离格局设计观小区绿化格局使用率高采光好房主自荐,1350万,80305元/平,低楼层 (共32层) | 2000年建 | 3室2厅 | 168.11平米 | 西南,https://ke-image.ljcdn.com/110000-inspection/pc1_SagzkylLi_1.jpg!m_fill,w_280,h_210,f_jpg?from=ke.com
20230628,朝阳,健翔桥,101119131253,华严北里9号院 满五年唯一南北向钢混带电梯,570万,84171元/平,中楼层 (共11层) | 1993年建 | 2室1厅 | 67.72平米 | 南 北,https://ke-image.ljcdn.com/110000-inspection/pc1_uio6msaga.jpg!m_fill,w_280,h_210,f_jpg?from=ke.com
20230628,朝阳,健翔桥,101119117705,华亭嘉园 婚房装修三居室  拎包入住 满五唯一 诚售房主自荐,1326万,83702元/平,低楼层 (共32层) | 2000年建 | 3室1厅 | 158.42平米 | 东南 北,https://ke-image.ljcdn.com/110000-inspection/pc1_wx3BBkRxq.jpg!m_fill,w_280,h_210,f_jpg?from=ke.com
20230628,朝阳,健翔桥,101119030755,北四环内 华亭嘉园 满五唯一 观小区花园 安静不临街,630万,82246元/平,低楼层 (共32层) | 2000年建 | 1室1厅 | 76.6平米 | 东北,https://ke-image.ljcdn.com/110000-inspection/8ed2a7fa-5c0a-4743-8810-9c2ebf936d94_1000.jpg!m_fill,w_280,h_210,f_jpg?from=ke.com
20230628,朝阳,健翔桥,101119002190,华严里西南全明两居室满五年唯一央产房随时签约。,718万,105217元/平,中楼层 (共16层) | 1992年建 | 2室1厅 | 68.24平米 | 南 西,https://ke-image.ljcdn.com/110000-inspection/pc1_L1I8kAZs5_1.jpg!m_fill,w_280,h_210,f_jpg?from=ke.com
20230628,朝阳,健翔桥,101118973024,丝竹园小区 双南向采光好 格局方正 可贷款产权清晰,438万,77195元/平,顶层 (共6层) | 1989年建 | 2室1厅 | 56.74平米 | 南,https://ke-image.ljcdn.com/110000-inspection/pc1_A5SWM1v98.jpg!m_fill,w_280,h_210,f_jpg?from=ke.com
20230628,朝阳,健翔桥,101118944429,华严北里9号院 精装修中间层南北通透随时签约,408万,88831元/平,中楼层 (共6层) | 1986年建 | 1室0厅 | 45.93平米 | 南 北,https://ke-image.ljcdn.com/110000-inspection/pc1_SXnyLRXa2.jpg!m_fill,w_280,h_210,f_jpg?from=ke.com
20230628,朝阳,健翔桥,101118916223,鸟巢水立方首付97万 70年产权,230万,70080元/平,中楼层 (共13层) | 2007年建 | 1室0厅 | 32.82平米 | 西,https://ke-image.ljcdn.com/110000-inspection/329893ff-f6e6-48f2-98c1-a67a4ac8756c_1000.jpg!m_fill,w_280,h_210,f_jpg?from=ke.com
20230628,朝阳,健翔桥,101118906395,华严北里精装两居婚房装修满五唯一产权清晰,588万,88822元/平,低楼层 (共18层) | 1993年建 | 2室1厅 | 66.2平米 | 西北,https://ke-image.ljcdn.com/110000-inspection/pc1_hbjzXftbj.jpg!m_fill,w_280,h_210,f_jpg?from=ke.com
20230628,朝阳,健翔桥,101118877624,满二年分房 次顶层 带电梯 正规客厅 精装修 随时看房,550万,87012元/平,高楼层 (共18层) | 1993年建 | 2室1厅 | 63.21平米 | 西南,https://ke-image.ljcdn.com/110000-inspection/f07497bf-e065-4938-8671-1fe4f6304059_1000.jpg!m_fill,w_280,h_210,f_jpg?from=ke.com
20230628,朝阳,健翔桥,101118843478,南北通透两居室  满五唯一  业主诚意出售 方便看房,445万,75514元/平,顶层 (共6层) | 1989年建 | 2室1厅 | 58.93平米 | 南 北,https://ke-image.ljcdn.com/110000-inspection/pc1_Q4WISCOt5.jpg!m_fill,w_280,h_210,f_jpg?from=ke.com
20230628,朝阳,健翔桥,101118842502,四环内楼龄新单价低高楼层视野好户型方正,520万,64790元/平,中楼层 (共11层) | 2004年建 | 1室1厅 | 80.26平米 | 西北,https://ke-image.ljcdn.com/110000-inspection/pc1_FRC9P7m2w.jpg!m_fill,w_280,h_210,f_jpg?from=ke.com
20230628,朝阳,健翔桥,101118793892,北四环华盛乐章 全南向三居精装修电梯直达采光好,1300万,78784元/平,低楼层 (共23层) | 2001年建 | 3室1厅 | 165.01平米 | 南,https://ke-image.ljcdn.com/110000-inspection/fea5bb0b-ddc5-4e87-89d5-e5645f1f6e25_1000.jpg!m_fill,w_280,h_210,f_jpg?from=ke.com
20230628,朝阳,健翔桥,101118772580,华亭嘉园高层 客厅带落地阳台客厅面宽宽格局规整房主自荐,728万,83871元/平,中楼层 (共32层) | 2000年建 | 2室1厅 | 86.8平米 | 东北,https://ke-image.ljcdn.com/110000-inspection/pc1_zY27bMIJW.jpg!m_fill,w_280,h_210,f_jpg?from=ke.com
20230628,朝阳,健翔桥,101118711794,满五唯一大阳台居住舒适高楼层视野好房主自荐,928万,85633元/平,低楼层 (共32层) | 2000年建 | 2室1厅 | 108.37平米 | 北,https://ke-image.ljcdn.com/110000-inspection/pc1_XALTjyWZj.jpg!m_fill,w_280,h_210,f_jpg?from=ke.com
20230628,朝阳,健翔桥,101118701235,健翔国际公寓70年产权高楼层满五唯一业主诚意出售房主自荐,305万,66493元/平,高楼层 (共13层) | 2007年建 | 1室1厅 | 45.87平米 | 东,https://ke-image.ljcdn.com/110000-inspection/pc1_TXVLVgcFb.jpg!m_fill,w_280,h_210,f_jpg?from=ke.com
20230628,朝阳,健翔桥,101118679176,四环内近地铁健翔国际公寓 1-0-1-1,252万,71959元/平,高楼层 (共13层) | 2007年建 | 1室0厅 | 35.02平米 | 西,https://ke-image.ljcdn.com/110000-inspection/pc1_akvqvVBJL.jpg!m_fill,w_280,h_210,f_jpg?from=ke.com
20230628,朝阳,健翔桥,101118649983,健翔国际满五唯一诚意出售临近地铁站随时签约,230万,72350元/平,中楼层 (共13层) | 2007年建 | 1室0厅 | 31.79平米 | 西,https://ke-image.ljcdn.com/110000-inspection/pc1_g5WrMIdJb.jpg!m_fill,w_280,h_210,f_jpg?from=ke.com
20230628,朝阳,健翔桥,101118626620,华亭东南两居客厅带落地阳台观奥运场馆高层采光好房主自荐,1280万,83996元/平,高楼层 (共32层) | 2000年建 | 2室2厅 | 152.39平米 | 东南,https://ke-image.ljcdn.com/110000-inspection/pc1_riMaLjGGj.jpg!m_fill,w_280,h_210,f_jpg?from=ke.com
20230628,朝阳,健翔桥,101118609084,1202印刷厂宿舍 南北通透三居室,688万,93011元/平,中楼层 (共6层) | 1986年建 | 3室1厅 | 73.97平米 | 南 北,https://ke-image.ljcdn.com/110000-inspection/pc1_PSXoSLdOp.jpg!m_fill,w_280,h_210,f_jpg?from=ke.com
20230628,朝阳,健翔桥,101118584988,谈价空间大 峻峰华亭  观鸟巢水立方 东南上跃 落地窗,1200万,59761元/平,顶层 (共11层) | 2004年建 | 4室2厅 | 200.8平米 | 东 西,https://ke-image.ljcdn.com/110000-inspection/pc1_JXmKA4Pw6.jpg!m_fill,w_280,h_210,f_jpg?from=ke.com
20230628,朝阳,健翔桥,101118577305,四环内 正规一居室 低楼层 没遮挡 不临街 安静宜居,325万,68135元/平,低楼层 (共6层) | 1992年建 | 1室1厅 | 47.7平米 | 西南,https://ke-image.ljcdn.com/110000-inspection/pc1_bHAxKCkiq.jpg!m_fill,w_280,h_210,f_jpg?from=ke.com
20230628,朝阳,健翔桥,101118560552,华严里 满五年唯一 层高3米 随时签约 随时看房,830万,93039元/平,底层 (共5层) 3室1厅 | 89.21平米 | 东 西,https://ke-image.ljcdn.com/110000-inspection/pc1_XlkKHyWLH.jpg!m_fill,w_280,h_210,f_jpg?from=ke.com
20230628,朝阳,健翔桥,101118553911,健翔国际公寓 西向一居 近地铁 楼下超市 2007年楼龄新,205万,77068元/平,中楼层 (共13层) | 2007年建 | 1室1厅 | 26.6平米 | 西,https://ke-image.ljcdn.com/110000-inspection/7cc2452c-5fab-422a-a315-089477049a86_1000.jpg!m_fill,w_280,h_210,f_jpg?from=ke.com
20230628,朝阳,健翔桥,101118552679,华严北里小区 一居室 大客厅 采光充足,385万,77952元/平,顶层 (共6层) 1室1厅 | 49.39平米 | 东南,https://ke-image.ljcdn.com/110000-inspection/6dbd582b-556f-4c90-a9f8-1a008c161ef8_1000.jpg!m_fill,w_280,h_210,f_jpg?from=ke.com
20230628,朝阳,健翔桥,101118552290,健翔山庄双拼别墅地上四层随时签约,3750万,85911元/平,底层 (共4层) | 1995年建 | 7室7厅 | 436.5平米 | 东 南 北,https://ke-image.ljcdn.com/110000-inspection/pc1_9hs9TzbhP_2.jpg!m_fill,w_280,h_210,f_jpg?from=ke.com
20230628,朝阳,健翔桥,101118526881,华严北里小区甲65号楼 南北通透 中间楼层 随时签约房主自荐,799万,97773元/平,中楼层 (共6层) | 1999年建 | 2室1厅 | 81.72平米 | 南 北,https://ke-image.ljcdn.com/110000-inspection/f4532c3c-f9c4-4cbd-9d6b-4ddc980e021d_1000.jpg!m_fill,w_280,h_210,f_jpg?from=ke.com
20230628,朝阳,健翔桥,101118496510,华严北里小区 政协家属院 南北通透 户型方正,863万,99919元/平,高楼层 (共6层) | 1991年建 | 3室1厅 | 86.37平米 | 南 北,https://ke-image.ljcdn.com/110000-inspection/pc1_YmLzsYaqB.jpg!m_fill,w_280,h_210,f_jpg?from=ke.com
20230628,朝阳,健翔桥,101118472986,安静不临街 业主诚心卖 随时能签 满两年 2007年商品房,283万,66651元/平,中楼层 (共13层) | 2007年建 | 1室0厅 | 42.46平米 | 东,https://ke-image.ljcdn.com/110000-inspection/pc1_4y44i8Wts.jpg!m_fill,w_280,h_210,f_jpg?from=ke.com
20230628,朝阳,健翔桥,101118466271,丝竹园南向大一居室 满五唯一 视野好无遮挡 随时签约,439万,75236元/平,高楼层 (共16层) | 1984年建 | 1室1厅 | 58.35平米 | 南,https://ke-image.ljcdn.com/110000-inspection/f9bbe064-2836-4ca2-8c33-c7acc2253974_1000.jpg!m_fill,w_280,h_210,f_jpg?from=ke.com
20230628,朝阳,健翔桥,101118430151,健翔公寓 70年产权  临健德门地铁站,270万,65886元/平,中楼层 (共13层) | 2007年建 | 1室0厅 | 40.98平米 | 东,https://ke-image.ljcdn.com/110000-inspection/pc1_rlhvR1AUy.jpg!m_fill,w_280,h_210,f_jpg?from=ke.com
20230628,朝阳,健翔桥,101118423013,安翔里全明格局自住精装直接入住南北通透三面采光,562万,82928元/平,底层 (共5层) | 1986年建 | 3室1厅 | 67.77平米 | 南 北 西,https://ke-image.ljcdn.com/110000-inspection/82f2628b-caee-4f06-9cfc-2846987628de_1000.jpg!m_fill,w_280,h_210,f_jpg?from=ke.com
20230628,朝阳,健翔桥,101118391959,华严北里9号院 精装复式 有电梯 明厨明卫明厅 有车位,1198万,85128元/平,高楼层 (共11层) | 1993年建 | 3室2厅 | 140.73平米 | 南 北,https://ke-image.ljcdn.com/110000-inspection/pc1_mAXoDm5aX.jpg!m_fill,w_280,h_210,f_jpg?from=ke.com
20230628,朝阳,健翔桥,101118388184,马甸经典家园       满五年唯一   无遮挡  电梯直达房主自荐,565万,87557元/平,低楼层 (共24层) | 2001年建 | 1室1厅 | 64.53平米 | 东北,https://ke-image.ljcdn.com/110000-inspection/pc1_398vnj8Xr.jpg!m_fill,w_280,h_210,f_jpg?from=ke.com
20230628,朝阳,健翔桥,101118375606,丝竹园 两居室 有电梯 94年钢混  满五年分房,450万,71531元/平,低楼层 (共16层) | 1984年建 | 2室1厅 | 62.91平米 | 东 北,https://ke-image.ljcdn.com/110000-inspection/pc1_Fq6icb0yG_1.jpg!m_fill,w_280,h_210,f_jpg?from=ke.com
20230628,朝阳,健翔桥,101118343656,健翔国际公寓西向开间采光好楼龄新,229万,70354元/平,中楼层 (共13层) | 2007年建 | 1室0厅 | 32.55平米 | 西,https://ke-image.ljcdn.com/110000-inspection/pc1_PRtjGe9v4.jpg!m_fill,w_280,h_210,f_jpg?from=ke.com
20230628,朝阳,健翔桥,101118303551,亚奥人家 高层 邻鸟巢水立方 随时面谈 随时签约,940万,76591元/平,中楼层 (共22层) | 2000年建 | 2室1厅 | 122.73平米 | 西南,https://ke-image.ljcdn.com/110000-inspection/pc1_zge8t7elH.jpg!m_fill,w_280,h_210,f_jpg?from=ke.com
20230628,朝阳,健翔桥,101118265853,华严北里甲65号楼！航天部单位央产房！南北三居室 ！,935万,95829元/平,高楼层 (共6层) | 1999年建 | 3室2厅 | 97.57平米 | 南 北,https://ke-image.ljcdn.com/110000-inspection/pc1_OBWG47zSq.jpg!m_fill,w_280,h_210,f_jpg?from=ke.com
20230628,朝阳,健翔桥,101118235892,华严北里 南北通透格局无遮挡中间楼层看房随时,726万,87682元/平,中楼层 (共6层) | 1997年建 | 2室2厅 | 82.8平米 | 南 北,https://ke-image.ljcdn.com/110000-inspection/pc1_MK03gzg8W.jpg!m_fill,w_280,h_210,f_jpg?from=ke.com
20230628,朝阳,健翔桥,101118231702,中科院钢混 通透户型 有电梯 上下水主管道已更换,555万,91691元/平,高楼层 (共16层) | 1996年建 | 2室1厅 | 60.53平米 | 南 东南 北,https://ke-image.ljcdn.com/110000-inspection/pc1_HQ35RyegT.jpg!m_fill,w_280,h_210,f_jpg?from=ke.com
20230628,朝阳,健翔桥,101118150794,华严北里供电局家属院双卧朝南采光无遮挡,569万,87945元/平,低楼层 (共14层) | 1986年建 | 2室1厅 | 64.7平米 | 南 北,https://ke-image.ljcdn.com/110000-inspection/pc1_kLly8bNxV.jpg!m_fill,w_280,h_210,f_jpg?from=ke.com
20230628,朝阳,健翔桥,101118036695,全明格局四环内单价6.7万附储物间满五年成本价,378万,67117元/平,顶层 (共6层) 1室1厅 | 56.32平米 | 西南,https://ke-image.ljcdn.com/110000-inspection/d07f52ee-d743-4316-905f-f46bd47374c1_1000.jpg!m_fill,w_280,h_210,f_jpg?from=ke.com
20230628,朝阳,健翔桥,101118035948,民政局家属院单位自管94年钢混采光充足诚意卖,429万,85187元/平,低楼层 (共11层) | 1993年建 | 1室1厅 | 50.36平米 | 西,https://ke-image.ljcdn.com/110000-inspection/pc1_VKhcqR1NQ_1.jpg!m_fill,w_280,h_210,f_jpg?from=ke.com
20230628,朝阳,健翔桥,101118035766,经理强烈推荐 五年唯一 中间楼层 鸟巢水立方旁,460万,81072元/平,低楼层 (共6层) | 1989年建 | 2室1厅 | 56.74平米 | 南,https://ke-image.ljcdn.com/110000-inspection/pc1_JjHX3jbfL_1.jpg!m_fill,w_280,h_210,f_jpg?from=ke.com
20230628,朝阳,健翔桥,101118013871,总监推荐 99年电梯房 临鸟巢水立方 单独物业五年唯一,1078万,69161元/平,中楼层 (共22层) | 2000年建 | 3室2厅 | 155.87平米 | 西北,https://ke-image.ljcdn.com/110000-inspection/pc1_xBUauU7Tm_1.jpg!m_fill,w_280,h_210,f_jpg?from=ke.com
20230628,朝阳,健翔桥,101117996510,中华民族园住宅楼1997年建成独立单位院自持物业房主自荐,778万,81144元/平,顶层 (共6层) | 1997年建 | 3室1厅 | 95.88平米 | 东南 北,https://ke-image.ljcdn.com/110000-inspection/ef5b3424-4b9f-40a8-bde9-41fa648ed101_1000.jpg!m_fill,w_280,h_210,f_jpg?from=ke.com
20230628,朝阳,健翔桥,101117993296,北四环里精装一居中间层不临街地震局家属院,415万,94490元/平,中楼层 (共6层) | 1988年建 | 1室1厅 | 43.92平米 | 南,https://ke-image.ljcdn.com/110000-inspection/pc1_0EFy2laCm.jpg!m_fill,w_280,h_210,f_jpg?from=ke.com
20230628,朝阳,健翔桥,101117992148,安翔里南向小两居无遮挡楼道干净,455万,91421元/平,底层 (共5层) | 1979年建 | 2室1厅 | 49.77平米 | 南,https://ke-image.ljcdn.com/110000-inspection/pc1_XU1X5hQ34.jpg!m_fill,w_280,h_210,f_jpg?from=ke.com
20230628,朝阳,健翔桥,101117987018,北四环内精装大客厅全明两居室满五年唯一商品房,573万,93506元/平,中楼层 (共18层) | 1993年建 | 2室1厅 | 61.28平米 | 东南,https://ke-image.ljcdn.com/110000-inspection/pc1_SQZlzHsh0.jpg!m_fill,w_280,h_210,f_jpg?from=ke.com
20230628,朝阳,健翔桥,101117968384,华亭嘉园 华润物业 户型方正 落地窗 主推房源 价可谈,1299万,81998元/平,低楼层 (共32层) | 2000年建 | 3室2厅 | 158.42平米 | 西南,https://ke-image.ljcdn.com/110000-inspection/pc1_NoFNj9j8S.jpg!m_fill,w_280,h_210,f_jpg?from=ke.com
20230628,朝阳,健翔桥,101117950976,健翔国际公寓 1室1厅 东,395万,57665元/平,顶层 (共13层) | 2007年建 | 1室1厅 | 68.5平米 | 东,https://ke-image.ljcdn.com/110000-inspection/3650f244-2129-456b-8681-8ba5811c5bab_1000.jpg!m_fill,w_280,h_210,f_jpg?from=ke.com
20230628,朝阳,健翔桥,101117947905,北四环内 凌云名苑 2013年楼龄 全明格局三居室 精装房主自荐,1510万,99598元/平,中楼层 (共11层) | 2014年建 | 3室1厅 | 151.61平米 | 东南 北,https://ke-image.ljcdn.com/110000-inspection/pc1_wsw814c4U.jpg!m_fill,w_280,h_210,f_jpg?from=ke.com
20230628,朝阳,健翔桥,101117935144,满五年不唯一  原网签380 99年建成单独物业管理,1118万,70417元/平,高楼层 (共22层) | 1999年建 | 3室2厅 | 158.77平米 | 东南,https://ke-image.ljcdn.com/110000-inspection/pc1_ZlGxXaMkS.jpg!m_fill,w_280,h_210,f_jpg?from=ke.com
20230628,朝阳,健翔桥,101117923738,华严北里小区1995年钢混电梯直达朝南一居室房主自荐,420万,87903元/平,顶层 (共18层) | 1994年建 | 1室1厅 | 47.78平米 | 南,https://ke-image.ljcdn.com/110000-inspection/pc1_EQQdj8gnj.jpg!m_fill,w_280,h_210,f_jpg?from=ke.com
20230628,朝阳,健翔桥,101117890795,四环内中石油单位分房带电梯一居室满五年唯一,445万,93606元/平,中楼层 (共18层) | 1995年建 | 1室0厅 | 47.54平米 | 南,https://ke-image.ljcdn.com/110000-inspection/pc1_ss7R8pcVc.jpg!m_fill,w_280,h_210,f_jpg?from=ke.com
20230628,朝阳,健翔桥,101117877098,国管局单位四环内优质社区满五年唯一看房随时房主自荐,830万,91855元/平,低楼层 (共28层) | 1999年建 | 2室1厅 | 90.36平米 | 东南 北,https://ke-image.ljcdn.com/110000-inspection/pc1_BIvGrpHES.jpg!m_fill,w_280,h_210,f_jpg?from=ke.com
20230628,朝阳,健翔桥,101117833401,全明格局 拎包入住精装修 小区中间位置 不临街不吵闹,495万,75804元/平,顶层 (共6层) | 1989年建 | 2室1厅 | 65.3平米 | 西南 北,https://ke-image.ljcdn.com/110000-inspection/18cee64b-16db-47d6-855e-9cf5598efbb7_1000.jpg!m_fill,w_280,h_210,f_jpg?from=ke.com
20230628,朝阳,健翔桥,101117833030,四环内 政协分房 双卫三居 满五年唯一 无浪费面积,980万,93503元/平,低楼层 (共6层) | 1991年建 | 3室2厅 | 104.81平米 | 南 北,https://ke-image.ljcdn.com/110000-inspection/2ab9a4ec-7c4d-4961-88b6-da327efbf8ed_1000.jpg!m_fill,w_280,h_210,f_jpg?from=ke.com
20230628,朝阳,健翔桥,101117783456,此房满五唯一采光挺好且很安静无遮挡看房随时房主自荐,1090万,81241元/平,低楼层 (共32层) | 2002年建 | 2室2厅 | 134.17平米 | 东南,https://ke-image.ljcdn.com/110000-inspection/pc1_eHuz0nyV2.jpg!m_fill,w_280,h_210,f_jpg?from=ke.com
20230628,朝阳,健翔桥,101117778756,拎包入住精装房 有平改坡 地震局央产社区  1999年楼龄房主自荐,730万,93988元/平,顶层 (共6层) | 2000年建 | 2室1厅 | 77.67平米 | 南 北,https://ke-image.ljcdn.com/110000-inspection/pc1_ENVF0icRt.jpg!m_fill,w_280,h_210,f_jpg?from=ke.com
20230628,朝阳,健翔桥,101117759171,华严北里中科院 带电梯 东向两居 楼龄新 诚意卖,525万,85715元/平,高楼层 (共16层) | 1996年建 | 2室1厅 | 61.25平米 | 东,https://ke-image.ljcdn.com/110000-inspection/8aba3646-6b46-40c9-886f-6cadc9b5ebb4_1000.jpg!m_fill,w_280,h_210,f_jpg?from=ke.com
20230628,朝阳,健翔桥,101117692250,安翔里南北通透小三居 精装修满五唯一 随时签约,460万,82320元/平,底层 (共5层) | 1979年建 | 3室1厅 | 55.88平米 | 南 西 北,https://ke-image.ljcdn.com/110000-inspection/pc1_lmPoXg6Ze.jpg!m_fill,w_280,h_210,f_jpg?from=ke.com
20230628,朝阳,健翔桥,101117658305,健翔国际公寓 东向不临街 诚意出售 随时可以签约,274万,66862元/平,中楼层 (共13层) | 2007年建 | 1室0厅 | 40.98平米 | 东,https://ke-image.ljcdn.com/110000-inspection/96aaa116-04a3-407a-8584-722552c561e6_1000.jpg!m_fill,w_280,h_210,f_jpg?from=ke.com
20230628,朝阳,健翔桥,101117606517,峻峰华亭 满五唯一 70年产权住宅 民水民电有燃气房主自荐,1782万,62882元/平,中楼层 (共11层) | 2004年建 | 5室3厅 | 283.39平米 | 西 东,https://ke-image.ljcdn.com/110000-inspection/1d421ab3-a0f9-483c-85bc-15c9d5d05894_1000.jpg!m_fill,w_280,h_210,f_jpg?from=ke.com
20230628,朝阳,健翔桥,101117542532,健翔国际公寓70年产权07年楼龄新,285万,66745元/平,中楼层 (共13层) | 2007年建 | 1室0厅 | 42.7平米 | 东,https://ke-image.ljcdn.com/110000-inspection/pc1_eFV0sOu3Q.jpg!m_fill,w_280,h_210,f_jpg?from=ke.com
20230628,朝阳,健翔桥,101117249145,华亭嘉园 精装修南北通透复式  有固定车位 挑高8.4米,3806万,71040元/平,高楼层 (共32层) | 2000年建 | 5室4厅 | 535.76平米 | 东 南 北,https://ke-image.ljcdn.com/110000-inspection/0fd099af-908a-42fb-b862-ded2d3d913ac_1000.jpg!m_fill,w_280,h_210,f_jpg?from=ke.com
20230628,朝阳,健翔桥,101117203257,峻峰华亭 圆弧落地大阳台 上跃 东南全明格局 高层观景,1300万,64742元/平,高楼层 (共11层) | 2004年建 | 3室1厅 | 200.8平米 | 东南,https://ke-image.ljcdn.com/110000-inspection/pc1_lFnDBluxV.jpg!m_fill,w_280,h_210,f_jpg?from=ke.com
20230628,朝阳,健翔桥,101117181474,健翔国际公寓70年产权高楼层业主诚意出售,252万,58293元/平,高楼层 (共13层) | 2007年建 | 1室0厅 | 43.23平米 | 东,https://ke-image.ljcdn.com/110000-inspection/pc1_oenvVDihP.jpg!m_fill,w_280,h_210,f_jpg?from=ke.com
20230628,朝阳,健翔桥,101117029203,正规一居精装修 正对小区花园 不临街 随时看房,660万,84844元/平,低楼层 (共32层) | 2000年建 | 1室1厅 | 77.79平米 | 东北,https://ke-image.ljcdn.com/110000-inspection/0f97d46d-639b-404b-b07c-236c7ee7558a_1000.jpg!m_fill,w_280,h_210,f_jpg?from=ke.com
20230628,朝阳,健翔桥,101117015912,北四环内 交通便利 大平层 视野好 楼层高 出行便利,2000万,49371元/平,高楼层 (共25层) | 2004年建 | 5室2厅 | 405.1平米 | 东 南 北,https://ke-image.ljcdn.com/110000-inspection/pc1_NW4uyoIGs_1.jpg!m_fill,w_280,h_210,f_jpg?from=ke.com
20230628,朝阳,健翔桥,101116962352,健翔国际公寓诚意出售随时可以签约,288万,70658元/平,高楼层 (共13层) | 2007年建 | 1室0厅 | 40.76平米 | 东,https://ke-image.ljcdn.com/110000-inspection/pc1_sIYy7idlx_1.jpg!m_fill,w_280,h_210,f_jpg?from=ke.com
20230628,朝阳,健翔桥,101116954315,70年大产权楼下家乐福近地铁好出租业主诚意出售,237万,67676元/平,顶层 (共13层) | 2007年建 | 1室0厅 | 35.02平米 | 西,https://ke-image.ljcdn.com/110000-inspection/d369a5d3-83bd-4bde-8a33-229803ca8806_1000.jpg!m_fill,w_280,h_210,f_jpg?from=ke.com
20230628,朝阳,健翔桥,101116622340,马甸经典1360万三居室落地窗采光好带车位,1360万,90637元/平,低楼层 (共24层) | 2001年建 | 3室1厅 | 150.05平米 | 东南,https://ke-image.ljcdn.com/110000-inspection/pc1_DOIZLYow3_1.jpg!m_fill,w_280,h_210,f_jpg?from=ke.com
20230628,朝阳,健翔桥,101116354635,亚奥人家 西南大两居 看房随时 签约随时 物业单独管理,920万,74962元/平,低楼层 (共22层) | 2000年建 | 2室1厅 | 122.73平米 | 西南,https://ke-image.ljcdn.com/110000-inspection/pc1_2NnzUOxKm.jpg!m_fill,w_280,h_210,f_jpg?from=ke.com
20230628,朝阳,健翔桥,101115100578,健翔国际公寓东向没有遮挡满五唯一,400万,54893元/平,高楼层 (共13层) | 2007年建 | 1室1厅 | 72.87平米 | 东,https://ke-image.ljcdn.com/110000-inspection/6de84065-1fc8-4dcf-a61e-aac53a2ab50f_1000.jpg!m_fill,w_280,h_210,f_jpg?from=ke.com
20230628,朝阳,健翔桥,101114024632,健翔国际公寓 小户型 年轻人过渡首套住房优选,220万,82707元/平,中楼层 (共13层) | 2007年建 | 1室0厅 | 26.6平米 | 西,https://ke-image.ljcdn.com/110000-inspection/d9dbed84-4ca8-4e0d-a067-cf2882635317_1000.jpg!m_fill,w_280,h_210,f_jpg?from=ke.com
20230628,朝阳,健翔桥,101113329828,北三环马甸桥北次顶层南北四居满五年唯一双入户门,1630万,61844元/平,中楼层 (共11层) | 2008年建 | 4室2厅 | 263.57平米 | 南 北,https://ke-image.ljcdn.com/110000-inspection/pc1_GAhn5wU7k_1.jpg!m_fill,w_280,h_210,f_jpg?from=ke.com
20230628,朝阳,健翔桥,101111302229,华亭嘉园  顶层复式  270°观景,4081万,70000元/平,高楼层 (共32层) | 2000年建 | 6室2厅 | 583平米 | 南 西 北,https://ke-image.ljcdn.com/110000-inspection/pc1_MVMkY69uM.jpg!m_fill,w_280,h_210,f_jpg?from=ke.com
20230628,朝阳,健翔桥,101110537970,祁家豁子8号东向高层不临街开间满五年唯一房主自荐,318万,69676元/平,中楼层 (共13层) | 2007年建 | 1室1厅 | 45.64平米 | 东,https://ke-image.ljcdn.com/110000-inspection/test-87fd1b80-be8d-4215-a200-af33b8eb891a.png!m_fill,w_280,h_210,f_jpg?from=ke.com
20230628,朝阳,健翔桥,101118504532,华严里正规一居室层高3.16米业主诚意出售随时签约,275万,84590元/平,底层 (共6层) | 1978年建 | 1室1厅 | 32.51平米 | 东,https://ke-image.ljcdn.com/110000-inspection/pc1_EZWyc4xp6_1.jpg!m_fill,w_280,h_210,f_jpg?from=ke.com
20230628,朝阳,健翔桥,101119889773,电梯直达一居室精装修满五年1995年钢混结构新上,395万,89025元/平,低楼层 (共16层) | 1995年建 | 1室1厅 | 44.37平米 | 东,https://s1.ljcdn.com/pegasus/redskull/images/common/default_house_list.png?_v=20230627184713780
20230628,朝阳,健翔桥,101119878109,华亭嘉园 不临街三居 人车分流 环境优美 明厨明卫新上,1450万,79162元/平,中楼层 (共32层) | 2000年建 | 3室2厅 | 183.17平米 | 南 西 北,https://s1.ljcdn.com/pegasus/redskull/images/common/default_house_list.png?_v=20230627184713780
20230628,朝阳,健翔桥,101119852495,有电梯精装修1室0厅1卫东新上,265万,65015元/平,中楼层 (共13层) | 2007年建 | 1室0厅 | 40.76平米 | 东,https://s1.ljcdn.com/pegasus/redskull/images/common/default_house_list.png?_v=20230627184713780
20230628,朝阳,健翔桥,101119724095,北三环马甸桥北满五年唯一楼上楼下双入户门四居,1820万,65902元/平,低楼层 (共18层) | 2002年建 | 4室2厅 | 276.17平米 | 南 北,https://s1.ljcdn.com/pegasus/redskull/images/common/default_house_list.png?_v=20230627184713780
20230628,朝阳,健翔桥,101119719725,华严北里8号院 2室1厅 东南 北,850万,94069元/平,中楼层 (共28层) | 1999年建 | 2室1厅 | 90.36平米 | 东南 北,https://s1.ljcdn.com/pegasus/redskull/images/common/default_house_list.png?_v=20230627184713780
20230628,朝阳,健翔桥,101119685877,丝竹园改造小区 南北通透两居室 不临街 无遮挡,480万,75354元/平,高楼层 (共6层) | 1989年建 | 2室1厅 | 63.7平米 | 南 北,https://s1.ljcdn.com/pegasus/redskull/images/common/default_house_list.png?_v=20230627184713780
20230628,朝阳,健翔桥,101119579556,华严北里小区 3室1厅 南 北,690万,82527元/平,中楼层 (共6层) | 1989年建 | 3室1厅 | 83.61平米 | 南 北,https://s1.ljcdn.com/pegasus/redskull/images/common/default_house_list.png?_v=20230627184713780
20230628,朝阳,健翔桥,101119346602,安翔里小区  南北两居 中间大客厅  不临街,540万,83708元/平,底层 (共6层) | 1994年建 | 2室1厅 | 64.51平米 | 南 北,https://s1.ljcdn.com/pegasus/redskull/images/common/default_house_list.png?_v=20230627184713780
20230628,朝阳,健翔桥,101119245311,华亭嘉园不临街楼座三居室满五唯一,1658万,82954元/平,中楼层 (共32层) | 2000年建 | 3室2厅 | 199.87平米 | 东 东南,https://s1.ljcdn.com/pegasus/redskull/images/common/default_house_list.png?_v=20230627184713780
20230628,朝阳,健翔桥,101119195551,华严北里小区 95年楼龄 南北通透 中石油自管,730万,94024元/平,高楼层 (共6层) | 1995年建 | 2室1厅 | 77.64平米 | 南 北,https://s1.ljcdn.com/pegasus/redskull/images/common/default_house_list.png?_v=20230627184713780
20230628,朝阳,健翔桥,101119154046,华严北里三居室满五年唯一精装随时签约,625万,76895元/平,顶层 (共6层) | 1992年建 | 3室1厅 | 81.28平米 | 东南 西北,https://s1.ljcdn.com/pegasus/redskull/images/common/default_house_list.png?_v=20230627184713780
20230628,朝阳,健翔桥,101119068611,北四环 首付450万入住鸟巢水立方西侧 环境好车位充足房主自荐,1085万,75558元/平,中楼层 (共22层) | 1999年建 | 3室2厅 | 143.6平米 | 东北,https://s1.ljcdn.com/pegasus/redskull/images/common/default_house_list.png?_v=20230627184713780
20230628,朝阳,健翔桥,101119062266,华严北里中科院1996年建成南北通透二居带客厅,568万,93838元/平,高楼层 (共16层) | 1996年建 | 2室1厅 | 60.53平米 | 南 北,https://s1.ljcdn.com/pegasus/redskull/images/common/default_house_list.png?_v=20230627184713780
20230628,朝阳,健翔桥,101119030191,华严北里46号院 2013年楼龄 南北通透 双卫 餐客分离房主自荐,1750万,107185元/平,中楼层 (共11层) 3室2厅 | 163.27平米 | 南 北,https://s1.ljcdn.com/pegasus/redskull/images/common/default_house_list.png?_v=20230627184713780
20230628,朝阳,健翔桥,101118902125,安翔南里 北京信息科技大学 环境好 中楼层 采光好,320万,81737元/平,中楼层 (共6层) | 1981年建 | 1室1厅 | 39.15平米 | 南,https://s1.ljcdn.com/pegasus/redskull/images/common/default_house_list.png?_v=20230627184713780
20230628,朝阳,健翔桥,101118799243,安翔南里独门独院管理好精装修中间层,429万,75930元/平,中楼层 (共6层) | 1989年建 | 2室1厅 | 56.5平米 | 北 南,https://s1.ljcdn.com/pegasus/redskull/images/common/default_house_list.png?_v=20230627184713780
20230628,朝阳,健翔桥,101118762821,电梯直达+双卫设计+中间层+视野好+出门三甲医院,845万,76658元/平,中楼层 (共23层) | 2001年建 | 3室1厅 | 110.23平米 | 西南,https://s1.ljcdn.com/pegasus/redskull/images/common/default_house_list.png?_v=20230627184713780
20230628,朝阳,健翔桥,101118554345,北四环 健翔桥 首付160万入住鸟巢水立方西侧 自管楼,415万,73452元/平,顶层 (共6层) | 1989年建 | 2室1厅 | 56.5平米 | 南 北,https://s1.ljcdn.com/pegasus/redskull/images/common/default_house_list.png?_v=20230627184713780
20230628,朝阳,健翔桥,101118154183,华亭嘉园 双卧南向客厅可观奥运场馆户型方正！房主自荐,1550万,82294元/平,低楼层 (共32层) | 2000年建 | 3室2厅 | 188.35平米 | 东南 北,https://ke-image.ljcdn.com/110000-inspection/07f6b3a6-3964-41c0-bceb-8ca358e5c09d.jpeg!m_fill,w_280,h_210,f_jpg?from=ke.com
20230628,朝阳,健翔桥,101118005987,华亭嘉园 西南方正三居 不临街 面朝小区草坪 花园房主自荐,1630万,80930元/平,低楼层 (共32层) | 2000年建 | 3室2厅 | 201.41平米 | 西南,https://ke-image.ljcdn.com/110000-inspection/cc33a5fc-45d4-4df3-9d46-3c430e66468a.jpeg!m_fill,w_280,h_210,f_jpg?from=ke.com
20230628,朝阳,健翔桥,101117096150,元大都7号双入户居住户型不影响,2188万,78918元/平,低楼层 (共18层) 6室2厅 | 277.25平米 | 南 北,https://s1.ljcdn.com/pegasus/redskull/images/common/default_house_list.png?_v=20230627184713780
20230628,朝阳,健翔桥,101103586768,北三环马甸桥北元大都遗址公园北南北向复式三居房主自荐,1400万,64413元/平,中楼层 (共18层) 3室2厅 | 217.35平米 | 南 北,https://ke-image.ljcdn.com/110000-inspection/cf0e1a4b-d3c7-4063-852f-77b37450972f.jpg!m_fill,w_280,h_210,f_jpg?from=ke.com
