20240701,海淀,六里桥,101124961418,铁路小区 南向一居室 视野开阔 无遮挡 精装修必看好房,360万,71486元/平,高楼层 (共24层) 1室1厅 | 50.36平米 | 南,https://ke-image.ljcdn.com/110000-inspection/pc1_E9IdKvBGa.jpg!m_fill,w_280,h_210,f_jpg?from=ke.com
20240701,海淀,六里桥,101124804385,金家村1号院中铁电气化局小区诚心出售随时可以签约必看好房,178万,55852元/平,中楼层 (共6层) 1室0厅 | 31.87平米 | 东,https://ke-image.ljcdn.com/110000-inspection/10f8833f-3fa0-4cd3-bf98-26f9387d5266_1000.jpg!m_fill,w_280,h_210,f_jpg?from=ke.com
20240701,海淀,六里桥,101124478704,三环边南北通透两居室 满五年唯一 近地铁 中间楼层必看好房,305万,53397元/平,中楼层 (共6层) 2室1厅 | 57.12平米 | 南 北,https://ke-image.ljcdn.com/110000-inspection/pc1_OMpeUOUZa.jpg!m_fill,w_280,h_210,f_jpg?from=ke.com
20240701,海淀,六里桥,101124441575,莲花池西里6号院 总政干休所 西三环 近公园必看好房,710万,91202元/平,中楼层 (共6层) 3室1厅 | 77.85平米 | 南,https://ke-image.ljcdn.com/110000-inspection/0cc62ece-00de-423c-91c5-72f23bd2daea_1000.jpg!m_fill,w_280,h_210,f_jpg?from=ke.com
20240701,海淀,六里桥,101124281159,海淀产权西三环六里桥铁路小区东西通透两居室满五唯一必看好房,479万,76985元/平,低楼层 (共6层) 2室1厅 | 62.22平米 | 东 西,https://ke-image.ljcdn.com/110000-inspection/pc1_9miJQEv41.jpg!m_fill,w_280,h_210,f_jpg?from=ke.com
20240701,海淀,六里桥,101124885299,l莲花池西路23号院国税局宿舍环境好必看好房,270万,64012元/平,低楼层 (共24层) 1室1厅 | 42.18平米 | 南 北,https://ke-image.ljcdn.com/110000-inspection/78e54b78-3200-45e2-bfab-b822d5a806e1_1000.jpg!m_fill,w_280,h_210,f_jpg?from=ke.com
20240701,海淀,六里桥,101124483185,海淀吴家场路5号院铁路小区新上南向一居室采光好必看好房,365万,72479元/平,中楼层 (共24层) 1室1厅 | 50.36平米 | 南,https://ke-image.ljcdn.com/110000-inspection/pc1_A8tmMd5BD.jpg!m_fill,w_280,h_210,f_jpg?from=ke.com
20240701,海淀,六里桥,101124469644,海淀区橙色年代  东南向两居室  诚心出售,690万,72350元/平,低楼层 (共24层) | 2004年 | 2室1厅 | 95.37平米 | 东,https://ke-image.ljcdn.com/110000-inspection/pc1_DF1JWICjp_1.jpg!m_fill,w_280,h_210,f_jpg?from=ke.com
20240701,海淀,六里桥,101124416039,莲怡园北路1号院南北通透一居室必看好房,218万,47745元/平,中楼层 (共6层) 1室1厅 | 45.66平米 | 南 北,https://ke-image.ljcdn.com/110000-inspection/pc1_hFCKdZLgg_1.jpg!m_fill,w_280,h_210,f_jpg?from=ke.com
20240701,海淀,六里桥,101124223724,西三环精装修得商品房满五唯一花园社区,469万,56215元/平,高楼层 (共20层) | 2005年 | 2室1厅 | 83.43平米 | 西南,https://ke-image.ljcdn.com/110000-inspection/pc1_q2cTvOyk1_1.jpg!m_fill,w_280,h_210,f_jpg?from=ke.com
20240701,海淀,六里桥,101124008453,满五年唯一 楼层好 采光无遮挡 海淀产权,376万,68240元/平,高楼层 (共6层) 1室1厅 | 55.1平米 | 南 北,https://ke-image.ljcdn.com/110000-inspection/681a401b-78a1-4a48-ac23-ffc0b289771c_1000.jpg!m_fill,w_280,h_210,f_jpg?from=ke.com
20240701,海淀,六里桥,101124007452,铁路小区 满五年唯一出售 东南向 户型方正 产权清晰必看好房,538万,71344元/平,中楼层 (共24层) 2室1厅 | 75.41平米 | 东南,https://ke-image.ljcdn.com/110000-inspection/pc1_8nJvk8N8f.jpg!m_fill,w_280,h_210,f_jpg?from=ke.com
20240701,海淀,六里桥,101123874916,西三环六里桥吴家场铁路小区南向一室一厅全天采光好必看好房,380万,75457元/平,中楼层 (共24层) 1室1厅 | 50.36平米 | 南,https://ke-image.ljcdn.com/110000-inspection/pc1_TCuURM8G1.jpg!m_fill,w_280,h_210,f_jpg?from=ke.com
20240701,海淀,六里桥,101123707011,万寿路南金家村1号院西三环通透三居室着急出售必看好房,380万,43951元/平,顶层 (共6层) 3室1厅 | 86.46平米 | 南 北,https://ke-image.ljcdn.com/110000-inspection/pc1_V8LuH9tJO_1.jpg!m_fill,w_280,h_210,f_jpg?from=ke.com
20240701,海淀,六里桥,101123647612,三环边商品房近地铁配套全必看好房,430万,56085元/平,中楼层 (共25层) | 2011年 | 1室1厅 | 76.67平米 | 西,https://ke-image.ljcdn.com/110000-inspection/889969d1-fb58-49ef-9da6-46261c63e6ed_1000.jpg!m_fill,w_280,h_210,f_jpg?from=ke.com
20240701,海淀,六里桥,101123235402,海淀九号 不临街 采光好 精装双卫两居必看好房,980万,89059元/平,中楼层 (共35层) | 2013年 | 2室1厅 | 110.04平米 | 南 西南,https://ke-image.ljcdn.com/110000-inspection/fb409f0d-2f46-4dd3-a584-8ad370d4c155_1000.jpg!m_fill,w_280,h_210,f_jpg?from=ke.com
20240701,海淀,六里桥,101122990447,丰台区金家村288号院一层两居室诚心出售必看好房,260万,47368元/平,底层 (共6层) 2室1厅 | 54.89平米 | 南 北,https://ke-image.ljcdn.com/110000-inspection/7c830d91-4593-48c9-b5f6-27caf0f7d9df_1000.jpg!m_fill,w_280,h_210,f_jpg?from=ke.com
20240701,海淀,六里桥,101122919815,丰台区金家村288号院一层一居室诚心出售必看好房,196万,54902元/平,底层 (共6层) 1室1厅 | 35.7平米 | 南,https://ke-image.ljcdn.com/110000-inspection/9bf4a3ae-5e7f-4d73-82ae-0a9dc35a7dae_1000.jpg!m_fill,w_280,h_210,f_jpg?from=ke.com
20240701,海淀,六里桥,101122739853,吴家村路10号院精装修拎包入住高楼层无遮挡必看好房,470万,69837元/平,高楼层 (共24层) 2室1厅 | 67.3平米 | 西南,https://ke-image.ljcdn.com/110000-inspection/pc1_FGfsiGszW.jpg!m_fill,w_280,h_210,f_jpg?from=ke.com
20240701,海淀,六里桥,101121963602,莲香园东南朝向二居室 户型方正 单位分房满五年唯一必看好房,550万,67394元/平,低楼层 (共24层) 2室1厅 | 81.61平米 | 东南,https://ke-image.ljcdn.com/110000-inspection/pc1_94HInEMQy.jpg!m_fill,w_280,h_210,f_jpg?from=ke.com
20240701,海淀,六里桥,101121927134,六里桥 中楼层南北三居 满五唯一 户型方正房主自荐,423万,56206元/平,中楼层 (共6层) 3室1厅 | 75.26平米 | 南 北,https://ke-image.ljcdn.com/110000-inspection/c6547ce4-6152-4e51-ba41-35396216c8b2_1000.jpg!m_fill,w_280,h_210,f_jpg?from=ke.com
20240701,海淀,六里桥,101121664359,海淀九号 满五年唯一 随时签约 价格可谈必看好房,535万,80331元/平,中楼层 (共35层) | 2013年 | 1室1厅 | 66.6平米 | 西,https://ke-image.ljcdn.com/110000-inspection/733d414e-d55f-4196-87a9-b6d0063a078b_1000.jpg!m_fill,w_280,h_210,f_jpg?from=ke.com
20240701,海淀,六里桥,101121467058,莲怡园北路1号院正规三居低楼层布局合理必看好房,423万,56206元/平,低楼层 (共6层) 3室1厅 | 75.26平米 | 南 北,https://ke-image.ljcdn.com/110000-inspection/pc1_OT9Hewg7E.jpg!m_fill,w_280,h_210,f_jpg?from=ke.com
20240701,海淀,六里桥,101121019452,莲怡园一区全南1室1厅有电梯2001年建成近地铁必看好房,315万,57905元/平,中楼层 (共18层) 1室1厅 | 54.4平米 | 南,https://ke-image.ljcdn.com/110000-inspection/pc1_hT7aSrZao_1.jpg!m_fill,w_280,h_210,f_jpg?from=ke.com
20240701,海淀,六里桥,101119929355,海淀区满五年唯一东南向采光好不临街必看好房,408万,60177元/平,低楼层 (共24层) 2室1厅 | 67.8平米 | 南,https://ke-image.ljcdn.com/110000-inspection/pc1_dg7MtxfaC.jpg!m_fill,w_280,h_210,f_jpg?from=ke.com
20240701,海淀,六里桥,101118680587,六里桥莲香园小区房本满五年带地下车位诚心出售房主自荐,550万,66984元/平,中楼层 (共24层) 2室1厅 | 82.11平米 | 西南,https://ke-image.ljcdn.com/110000-inspection/195527a7-8590-4d61-90b2-94b1ce405c8d_1000.jpg!m_fill,w_280,h_210,f_jpg?from=ke.com
20240701,海淀,六里桥,101118390026,西三环花园式小区环境莲香园大3居 视野好 无遮挡必看好房,680万,54729元/平,高楼层 (共24层) 3室1厅 | 124.25平米 | 东北,https://ke-image.ljcdn.com/110000-inspection/pc1_6a2PxRZoB_1.jpg!m_fill,w_280,h_210,f_jpg?from=ke.com
20240701,海淀,六里桥,101117944030,莲怡园一区 电梯房两居室 小区环境好,459万,61446元/平,高楼层 (共20层) 2室1厅 | 74.7平米 | 东北,https://ke-image.ljcdn.com/110000-inspection/pc1_A2xtGOpnO.jpg!m_fill,w_280,h_210,f_jpg?from=ke.com
20240701,海淀,六里桥,101125068310,吴家村路10号院 1室1厅 南必看好房,359万,80314元/平,底层 (共6层) 1室1厅 | 44.7平米 | 南,https://ke-image.ljcdn.com/110000-inspection/9dbb19d0-74a8-4a52-82c1-a5c9833ce465_1000.jpg!m_fill,w_280,h_210,f_jpg?from=ke.com
20240701,海淀,六里桥,101125065060,三环边封闭小区管理好诚心出售,298万,52171元/平,高楼层 (共6层) 2室1厅 | 57.12平米 | 南 北,https://ke-image.ljcdn.com/110000-inspection/pc1_Ob0o4tc3j.jpg!m_fill,w_280,h_210,f_jpg?from=ke.com
20240701,海淀,六里桥,101125030411,六里桥中间层 两居 南北 满五唯一必看好房,296万,51497元/平,中楼层 (共5层) 2室1厅 | 57.48平米 | 南 北,https://ke-image.ljcdn.com/110000-inspection/pc1_xIdMsZCC0.jpg!m_fill,w_280,h_210,f_jpg?from=ke.com
20240701,海淀,六里桥,101124759150,莲花小区 2室1厅 东南必看好房,720万,71408元/平,低楼层 (共28层) 2室1厅 | 100.83平米 | 东南,https://ke-image.ljcdn.com/110000-inspection/pc1_1aaiG5F2S.jpg!m_fill,w_280,h_210,f_jpg?from=ke.com
20240701,海淀,六里桥,101124489629,莲花小区 2室1厅 南必看好房,670万,79001元/平,低楼层 (共28层) | 2004年 | 2室1厅 | 84.81平米 | 南,https://ke-image.ljcdn.com/110000-inspection/pc1_AaLi9doqd_1.jpg!m_fill,w_280,h_210,f_jpg?from=ke.com
20240701,海淀,六里桥,101123711169,吴家村路10号院 海淀产权 业主诚心出售 有钥匙必看好房,410万,51893元/平,顶层 (共6层) 2室1厅 | 79.01平米 | 西南 东北,https://ke-image.ljcdn.com/110000-inspection/b52e075e-0618-4aae-bcf4-99302e2a10d4_1000.jpg!m_fill,w_280,h_210,f_jpg?from=ke.com
20240701,海淀,六里桥,101123203135,莲花小区 满五唯一 南向 采光好  诚心出售必看好房,680万,80180元/平,低楼层 (共28层) | 2004年 | 2室2厅 | 84.81平米 | 西南,https://ke-image.ljcdn.com/110000-inspection/3802a4fd-df57-4ede-b5af-029893b78102_1000.jpg!m_fill,w_280,h_210,f_jpg?from=ke.com
20240701,海淀,六里桥,101123065023,莲怡园二区 精装修东南北户型 三环边,1050万,62879元/平,低楼层 (共16层) 3室2厅 | 166.99平米 | 南 北,https://ke-image.ljcdn.com/110000-inspection/pc1_ovSn9GDqI.jpg!m_fill,w_280,h_210,f_jpg?from=ke.com
20240701,海淀,六里桥,101122977881,海淀产权 边户两居室 无遮挡 观景房,679万,61700元/平,中楼层 (共28层) | 2004年 | 2室1厅 | 110.05平米 | 东南,https://ke-image.ljcdn.com/110000-inspection/pc1_P3ar1WCgy_1.jpg!m_fill,w_280,h_210,f_jpg?from=ke.com
20240701,海淀,六里桥,101122490640,风荷曲苑全南两居室满五年唯一花园社区必看好房,850万,73638元/平,低楼层 (共20层) 2室1厅 | 115.43平米 | 南,https://ke-image.ljcdn.com/110000-inspection/pc1_0ZfLXGAiJ.jpg!m_fill,w_280,h_210,f_jpg?from=ke.com
20240701,海淀,六里桥,101125138520,南北通透格局好 楼层好 视野和采光好 交通便利新上,1200万,97824元/平,低楼层 (共11层) 3室2厅 | 122.67平米 | 南 北,https://ke-image.ljcdn.com/110000-inspection/5a7f10b6-8263-48ef-9b70-5f4a340f6c76_1000.jpg!m_fill,w_280,h_210,f_jpg?from=ke.com
20240701,海淀,六里桥,101125133337,六里桥北里 2室1厅 东 西新上,290万,54145元/平,中楼层 (共6层) 2室1厅 | 53.56平米 | 东 西,https://ke-image.ljcdn.com/110000-inspection/403e8e67-e66e-4589-816f-a83d5012af9a_1000.jpg!m_fill,w_280,h_210,f_jpg?from=ke.com
20240701,海淀,六里桥,101125067390,海淀九号板楼一梯两户南北通透两居室全明格局！,1100万,101833元/平,低楼层 (共12层) 2室1厅 | 108.02平米 | 南 北,https://ke-image.ljcdn.com/110000-inspection/99f5e4bc-5219-4185-b562-0debb799e547_1000.jpg!m_fill,w_280,h_210,f_jpg?from=ke.com
20240701,海淀,六里桥,101124952387,海淀橙色年代 西南向精装一居 诚心出售房主自荐,475万,78526元/平,中楼层 (共24层) 1室1厅 | 60.49平米 | 西,https://ke-image.ljcdn.com/110000-inspection/pc1_YtP1Huj0c_1.jpg!m_fill,w_280,h_210,f_jpg?from=ke.com
20240701,海淀,六里桥,101124938688,莲香园 全南两居室 全天采光 餐客分离房主自荐,660万,74932元/平,低楼层 (共24层) 2室2厅 | 88.08平米 | 南,https://ke-image.ljcdn.com/110000-inspection/pc1_OU7o86sX0.jpg!m_fill,w_280,h_210,f_jpg?from=ke.com
20240701,海淀,六里桥,101124927233,海淀产权 澐澐国际西南三居 满五唯一 业主诚售,1080万,65670元/平,中楼层 (共26层) | 2009年 | 3室1厅 | 164.46平米 | 西南,https://ke-image.ljcdn.com/110000-inspection/2a5d3f40-af8a-4b14-a365-7b9fdfef237d_1000.jpg!m_fill,w_280,h_210,f_jpg?from=ke.com
20240701,海淀,六里桥,101124902465,西三环六里桥花园式小区2005年建成正规两居,530万,59424元/平,中楼层 (共20层) 2室1厅 | 89.19平米 | 北 南,https://ke-image.ljcdn.com/110000-inspection/d7720b1e-110d-4058-a7de-49b36836bf4d_1000.jpg!m_fill,w_280,h_210,f_jpg?from=ke.com
20240701,海淀,六里桥,101124877900,中铁开发 中景未山赋 精装三居 高层高,1368万,90006元/平,底层 (共17层) 3室2厅 | 151.99平米 | 南 北,https://ke-image.ljcdn.com/110000-inspection/pc1_nLHWKGhfV_1.jpg!m_fill,w_280,h_210,f_jpg?from=ke.com
20240701,海淀,六里桥,101124875833,莲香园精装修南北通透楼层好满五年唯一商品房房主自荐,530万,66209元/平,低楼层 (共6层) 2室1厅 | 80.05平米 | 南 北,https://ke-image.ljcdn.com/110000-inspection/pc1_i7QAJxB1z.jpg!m_fill,w_280,h_210,f_jpg?from=ke.com
20240701,海淀,六里桥,101124833754,风荷曲苑 大三居 不遮挡 落地窗,1550万,100545元/平,高楼层 (共11层) 3室2厅 | 154.16平米 | 南 北,https://ke-image.ljcdn.com/110000-inspection/pc1_IZhlJ2Eqz.jpg!m_fill,w_280,h_210,f_jpg?from=ke.com
20240701,海淀,六里桥,101124811972,莲怡园一区 2室1厅 东,435万,57298元/平,低楼层 (共24层) 2室1厅 | 75.92平米 | 东,https://ke-image.ljcdn.com/110000-inspection/pc1_aRaTVOM8b_1.jpg!m_fill,w_280,h_210,f_jpg?from=ke.com
20240701,海淀,六里桥,101124774818,铁路小区 朝南两居室 正对小区花园,570万,79676元/平,低楼层 (共24层) 2室1厅 | 71.54平米 | 南 西,https://ke-image.ljcdn.com/110000-inspection/pc1_TQW00bHOv.jpg!m_fill,w_280,h_210,f_jpg?from=ke.com
20240701,海淀,六里桥,101124770620,莲香园新上南北大2居户型好  业主诚心出售,660万,63548元/平,中楼层 (共7层) 2室2厅 | 103.86平米 | 南 北,https://ke-image.ljcdn.com/110000-inspection/pc1_M0Nl6ngiO.jpg!m_fill,w_280,h_210,f_jpg?from=ke.com
20240701,海淀,六里桥,101124737352,铁路小区满五年精装修采光好楼层好。房主自荐,490万,78753元/平,高楼层 (共6层) 2室1厅 | 62.22平米 | 东 西,https://ke-image.ljcdn.com/110000-inspection/pc1_JKw3NXQsg.jpg!m_fill,w_280,h_210,f_jpg?from=ke.com
20240701,海淀,六里桥,101124709299,吴家村路10号院南北精装修满五年唯一,379万,74843元/平,底层 (共6层) 2室1厅 | 50.64平米 | 南 北,https://ke-image.ljcdn.com/110000-inspection/pc1_HDNzTDWjM_1.jpg!m_fill,w_280,h_210,f_jpg?from=ke.com
20240701,海淀,六里桥,101124688760,莲怡园一区 3室1厅 南 西,800万,67250元/平,低楼层 (共24层) 3室1厅 | 118.96平米 | 南 西,https://ke-image.ljcdn.com/110000-inspection/pc1_K1ciFGodj_1.jpg!m_fill,w_280,h_210,f_jpg?from=ke.com
20240701,海淀,六里桥,101124683749,金家村288号院电子工业出版社小区楼层好视野开阔,960万,63843元/平,高楼层 (共22层) 3室2厅 | 150.37平米 | 东南,https://ke-image.ljcdn.com/110000-inspection/pc1_mvqYlaGWv.jpg!m_fill,w_280,h_210,f_jpg?from=ke.com
20240701,海淀,六里桥,101124649584,金家村288号院 满五年唯一 西三环,890万,56138元/平,中楼层 (共22层) 3室2厅 | 158.54平米 | 西南,https://ke-image.ljcdn.com/110000-inspection/pc1_GkQIeRDUJ_1.jpg!m_fill,w_280,h_210,f_jpg?from=ke.com
20240701,海淀,六里桥,101124637409,满五唯一可观西山 楼层高 视野佳房主自荐,575万,75678元/平,高楼层 (共24层) 1室1厅 | 75.98平米 | 西,https://ke-image.ljcdn.com/110000-inspection/35fae9cf-13d9-4992-a0e1-612eac601b48_1000.jpg!m_fill,w_280,h_210,f_jpg?from=ke.com
20240701,海淀,六里桥,101124629908,吴家村路10号院 南向一居室 格局棒 居住舒适,360万,75314元/平,底层 (共6层) | 1996年 | 1室1厅 | 47.8平米 | 南,https://ke-image.ljcdn.com/110000-inspection/pc1_i1jphGkHO_1.jpg!m_fill,w_280,h_210,f_jpg?from=ke.com
20240701,海淀,六里桥,101124620821,商品房社区 落地窗  视野采光好,758万,79925元/平,高楼层 (共20层) 2室1厅 | 94.84平米 | 西北,https://ke-image.ljcdn.com/110000-inspection/pc1_gqPfnh3Ua_1.jpg!m_fill,w_280,h_210,f_jpg?from=ke.com
20240701,海淀,六里桥,101124613208,莲怡园一区 2室1厅 东南,480万,61202元/平,高楼层 (共18层) 2室1厅 | 78.43平米 | 东南,https://ke-image.ljcdn.com/110000-inspection/pc1_yuHhZCHe0_1.jpg!m_fill,w_280,h_210,f_jpg?from=ke.com
20240701,海淀,六里桥,101124603356,海淀区橙色年代满五唯一两居出售,710万,73393元/平,低楼层 (共24层) | 2004年 | 2室1厅 | 96.74平米 | 西南,https://ke-image.ljcdn.com/110000-inspection/pc1_Sfl86KzcB_1.jpg!m_fill,w_280,h_210,f_jpg?from=ke.com
20240701,海淀,六里桥,101124589976,海淀铁路小区 东南向采光好 中间位置很安静 可签约房主自荐,558万,77999元/平,低楼层 (共24层) 2室1厅 | 71.54平米 | 东南,https://ke-image.ljcdn.com/110000-inspection/pc1_5w6RNHtkg_1.jpg!m_fill,w_280,h_210,f_jpg?from=ke.com
20240701,海淀,六里桥,101124558603,金家村288号院中间楼层南北通透精装一居,340万,62627元/平,中楼层 (共6层) 1室1厅 | 54.29平米 | 南 北,https://ke-image.ljcdn.com/110000-inspection/pc1_VGOM2l18M_1.jpg!m_fill,w_280,h_210,f_jpg?from=ke.com
20240701,海淀,六里桥,101124539839,海淀产权万丰路18号院满五年正规两居精装修,720万,75126元/平,中楼层 (共24层) | 2004年 | 2室1厅 | 95.84平米 | 西南,https://ke-image.ljcdn.com/110000-inspection/pc1_KorkkC7uh_1.jpg!m_fill,w_280,h_210,f_jpg?from=ke.com
20240701,海淀,六里桥,101124535437,橙色年代2004年商品房社区诚心出售,599万,69121元/平,低楼层 (共24层) 2室1厅 | 86.66平米 | 西北,https://ke-image.ljcdn.com/110000-inspection/pc1_buYyQSvdX_1.jpg!m_fill,w_280,h_210,f_jpg?from=ke.com
20240701,海淀,六里桥,101124533828,莲香园西南两居室 双卧朝南 正对小区花园房主自荐,560万,59448元/平,中楼层 (共24层) 2室1厅 | 94.2平米 | 南 西,https://ke-image.ljcdn.com/110000-inspection/pc1_TOygGH3zY.jpg!m_fill,w_280,h_210,f_jpg?from=ke.com
20240701,海淀,六里桥,101124518218,莲香园满五年唯一带电梯正规三居 随时可看 诚心出售房主自荐,698万,65639元/平,中楼层 (共24层) 3室1厅 | 106.34平米 | 东北,https://ke-image.ljcdn.com/110000-inspection/pc1_8DDV2zJ8T.jpg!m_fill,w_280,h_210,f_jpg?from=ke.com
20240701,海淀,六里桥,101124443073,六里桥万丰路  靛厂路6号院  得房率90%,2160万,83295元/平,中楼层 (共10层) 5室2厅 | 259.32平米 | 南 北,https://ke-image.ljcdn.com/110000-inspection/c717683b-347b-43e0-8aac-40257a7f9ed5_1000.jpg!m_fill,w_280,h_210,f_jpg?from=ke.com
20240701,海淀,六里桥,101124424157,随时签约！海淀区单价5.39万一平三居小区人车分流,929万,53978元/平,中楼层 (共26层) | 2009年 | 3室1厅 | 172.11平米 | 西北,https://ke-image.ljcdn.com/110000-inspection/pc1_u3F1oybie_1.jpg!m_fill,w_280,h_210,f_jpg?from=ke.com
20240701,海淀,六里桥,101124423823,金家村288号院精装电梯两居重新设计户型合理,618万,62767元/平,高楼层 (共22层) 2室2厅 | 98.46平米 | 东南,https://ke-image.ljcdn.com/110000-inspection/pc1_JL7cq3gPk.jpg!m_fill,w_280,h_210,f_jpg?from=ke.com
20240701,海淀,六里桥,101124422548,西三环莲香园花园式小区环境   南北通透3居费用低,730万,57001元/平,中楼层 (共7层) 3室1厅 | 128.07平米 | 南 北,https://ke-image.ljcdn.com/110000-inspection/pc1_jETjgHlCY.jpg!m_fill,w_280,h_210,f_jpg?from=ke.com
20240701,海淀,六里桥,101124407585,海淀铁路小区 东南向二居室 对小区 安静 采光好房主自荐,585万,77576元/平,中楼层 (共24层) 2室1厅 | 75.41平米 | 东南,https://ke-image.ljcdn.com/110000-inspection/pc1_F5zQdQFIs.jpg!m_fill,w_280,h_210,f_jpg?from=ke.com
20240701,海淀,六里桥,101124404826,靛厂路6号院南北通透四居室满五年唯一诚心出售你,1699万,95482元/平,中楼层 (共10层) 4室2厅 | 177.94平米 | 南 北,https://ke-image.ljcdn.com/110000-inspection/pc1_Yz9Zerb3x_1.jpg!m_fill,w_280,h_210,f_jpg?from=ke.com
20240701,海淀,六里桥,101124402046,海淀区铁路小区全明格局3居费用少 户型好,685万,85851元/平,高楼层 (共6层) 3室1厅 | 79.79平米 | 南 北,https://ke-image.ljcdn.com/110000-inspection/c17c8398-5df5-4926-a079-09a4cba84e89_1000.jpg!m_fill,w_280,h_210,f_jpg?from=ke.com
20240701,海淀,六里桥,101124255649,橙色年代精装修开间带电梯花园社区,390万,72993元/平,底层 (共24层) | 2004年 | 1室0厅 | 53.43平米 | 北,https://ke-image.ljcdn.com/110000-inspection/8a74d13f-f507-4e90-bacd-f90987c8dc83_1000.jpg!m_fill,w_280,h_210,f_jpg?from=ke.com
20240701,海淀,六里桥,101124229589,吴家村路10号院南北一居满五年唯一业主诚心出售,299万,58975元/平,顶层 (共6层) 1室1厅 | 50.7平米 | 南 北,https://ke-image.ljcdn.com/110000-inspection/8a508699-4594-40f8-86ba-37f649bcfe5b_1000.jpg!m_fill,w_280,h_210,f_jpg?from=ke.com
20240701,海淀,六里桥,101124179562,六里桥10号院两居室满两年商品房房主自荐,365万,55062元/平,高楼层 (共6层) | 1996年 | 2室1厅 | 66.29平米 | 东 西,https://ke-image.ljcdn.com/110000-inspection/pc1_N4GitqmFV.jpg!m_fill,w_280,h_210,f_jpg?from=ke.com
20240701,海淀,六里桥,101124176431,橙色年代 满五年唯一商品房 西三环边上 户型方正房主自荐,529万,82528元/平,中楼层 (共24层) | 2004年 | 1室1厅 | 64.1平米 | 西南,https://ke-image.ljcdn.com/110000-inspection/028420cd-2e28-4abe-8711-7717a3d99e5a_1000.jpg!m_fill,w_280,h_210,f_jpg?from=ke.com
20240701,海淀,六里桥,101124157388,铁路小区  双卧朝南 中间楼层全天采光房主自荐,599万,83730元/平,中楼层 (共24层) 2室1厅 | 71.54平米 | 西南,https://ke-image.ljcdn.com/110000-inspection/pc1_WlrbTaQb4.jpg!m_fill,w_280,h_210,f_jpg?from=ke.com
20240701,海淀,六里桥,101124052715,莲怡园北路1号院满五年唯一两居室出售,356万,49043元/平,高楼层 (共6层) 2室1厅 | 72.59平米 | 东 西,https://ke-image.ljcdn.com/110000-inspection/572ecb2e-aa77-49c9-9e09-0f51347932bf_1000.jpg!m_fill,w_280,h_210,f_jpg?from=ke.com
20240701,海淀,六里桥,101124044447,西三环六里桥 莲香园3居诚心出售,727万,68366元/平,高楼层 (共16层) 3室1厅 | 106.34平米 | 东 北,https://ke-image.ljcdn.com/110000-inspection/pc1_Z60XgAI7T.jpg!m_fill,w_280,h_210,f_jpg?from=ke.com
20240701,海淀,六里桥,101124033253,1998年楼龄 低层上下楼方便 非底层 明厨明卫 近地铁,360万,57934元/平,底层 (共6层) 2室1厅 | 62.14平米 | 南 北,https://ke-image.ljcdn.com/110000-inspection/pc1_gP8tKsIUw.jpg!m_fill,w_280,h_210,f_jpg?from=ke.com
20240701,海淀,六里桥,101124014672,莲怡园二区东南向两居无遮挡户型有电梯近地铁,520万,58844元/平,顶层 (共20层) | 2005年 | 2室1厅 | 88.37平米 | 东南,https://ke-image.ljcdn.com/110000-inspection/710f6b40-fe54-4d25-9b29-2b95a746ee2b_1000.jpg!m_fill,w_280,h_210,f_jpg?from=ke.com
20240701,海淀,六里桥,101124010697,风荷曲苑 近双轨地铁六里桥站 近商业银座,940万,89610元/平,中楼层 (共20层) 2室2厅 | 104.9平米 | 西南,https://ke-image.ljcdn.com/110000-inspection/b64f7c73-0ecd-43a5-b858-b8b1245566c6_1000.jpg!m_fill,w_280,h_210,f_jpg?from=ke.com
20240701,海淀,六里桥,101123981379,西三环南向正规一居室户型方正,215万,52826元/平,高楼层 (共6层) 1室1厅 | 40.7平米 | 南,https://ke-image.ljcdn.com/110000-inspection/pc1_owIRhc1rU.jpg!m_fill,w_280,h_210,f_jpg?from=ke.com
20240701,海淀,六里桥,101123953569,铁路小区  东南向 户型方正 产权清晰   有钥匙,576万,80515元/平,低楼层 (共24层) 2室1厅 | 71.54平米 | 东南,https://ke-image.ljcdn.com/110000-inspection/pc1_V17ep60be.jpg!m_fill,w_280,h_210,f_jpg?from=ke.com
20240701,海淀,六里桥,101123932364,莲怡园一区 明厨明卫  南北两居室出售,295万,47875元/平,顶层 (共6层) 2室1厅 | 61.62平米 | 南 北,https://ke-image.ljcdn.com/110000-inspection/pc1_SDTI2yXCK_1.jpg!m_fill,w_280,h_210,f_jpg?from=ke.com
20240701,海淀,六里桥,101123932315,莲怡园北路1号院中间楼层南北三居,530万,67516元/平,中楼层 (共6层) 3室2厅 | 78.5平米 | 南 北,https://ke-image.ljcdn.com/110000-inspection/3fb05528-4a6f-4dc5-bbb0-7734ad6733fb_1000.jpg!m_fill,w_280,h_210,f_jpg?from=ke.com
20240701,海淀,六里桥,101123929238,金家村288号院电梯三居室产权清晰楼层高视野佳,890万,56138元/平,高楼层 (共22层) 3室2厅 | 158.54平米 | 西南,https://ke-image.ljcdn.com/110000-inspection/7fd09be1-5aa3-43d1-af18-c0b2e06f562d_1000.jpg!m_fill,w_280,h_210,f_jpg?from=ke.com
20240701,海淀,六里桥,101123924926,金家村288号院三居室诚心出售,930万,61848元/平,中楼层 (共22层) 3室1厅 | 150.37平米 | 西南,https://ke-image.ljcdn.com/110000-inspection/pc1_M2WQLrHE6_1.jpg!m_fill,w_280,h_210,f_jpg?from=ke.com
20240701,海淀,六里桥,101123906361,莲怡园一区 带电梯一室一厅 视野一览无余,310万,62945元/平,高楼层 (共18层) 1室1厅 | 49.25平米 | 西,https://ke-image.ljcdn.com/110000-inspection/pc1_R4txcTrjd.jpg!m_fill,w_280,h_210,f_jpg?from=ke.com
20240701,海淀,六里桥,101123905602,永翌公馆 2011年商品房 满五年唯一,540万,74207元/平,高楼层 (共25层) | 2011年 | 1室1厅 | 72.77平米 | 南,https://ke-image.ljcdn.com/110000-inspection/aeed79cd-b3ec-43ea-b992-423770a04aba_1000.jpg!m_fill,w_280,h_210,f_jpg?from=ke.com
20240701,海淀,六里桥,101123893924,海淀区万丰路18号院两居室诚心出售房主自荐,729万,76504元/平,高楼层 (共24层) 2室1厅 | 95.29平米 | 东,https://ke-image.ljcdn.com/110000-inspection/pc1_7kUGE2ssc_1.jpg!m_fill,w_280,h_210,f_jpg?from=ke.com
20240701,海淀,六里桥,101123890987,万寿路南精装修满五年唯一户型方正无遮挡,199万,62442元/平,中楼层 (共6层) 1室0厅 | 31.87平米 | 东,https://ke-image.ljcdn.com/110000-inspection/pc1_AW8lWz06y_1.jpg!m_fill,w_280,h_210,f_jpg?from=ke.com
20240701,海淀,六里桥,101123884507,橙色年代一居室出售户型很好诚心出售房主自荐,490万,76444元/平,低楼层 (共24层) | 2004年 | 1室1厅 | 64.1平米 | 西南,https://ke-image.ljcdn.com/110000-inspection/pc1_RpBm4cB4X_1.jpg!m_fill,w_280,h_210,f_jpg?from=ke.com
20240701,海淀,六里桥,101123883709,莲怡园一区 两居室 带电梯 明厨明卫,420万,52817元/平,中楼层 (共14层) 2室1厅 | 79.52平米 | 南 北,https://ke-image.ljcdn.com/110000-inspection/7b616d9d-a83c-4dad-990e-5a86b9e3df73_1000.jpg!m_fill,w_280,h_210,f_jpg?from=ke.com
20240701,海淀,六里桥,101123875863,西三环莲怡园一区南北通透两居室全明格局随时看房,299万,48603元/平,顶层 (共6层) 2室1厅 | 61.52平米 | 南 北,https://ke-image.ljcdn.com/110000-inspection/pc1_NEEJJgCr2.jpg!m_fill,w_280,h_210,f_jpg?from=ke.com
20240701,海淀,六里桥,101123866966,莲怡园一区 南北通透 明厨明卫 两居室出售,455万,57219元/平,中楼层 (共14层) 2室2厅 | 79.52平米 | 南 北,https://ke-image.ljcdn.com/110000-inspection/pc1_a6vt4ynkL_1.jpg!m_fill,w_280,h_210,f_jpg?from=ke.com
20240701,海淀,六里桥,101123859109,莲怡园二区正规两居环境好电梯房房龄新近地铁,470万,56335元/平,中楼层 (共20层) | 2005年 | 2室1厅 | 83.43平米 | 西南,https://ke-image.ljcdn.com/110000-inspection/de53c370-39fe-489d-a07f-7df856cdf88d_1000.jpg!m_fill,w_280,h_210,f_jpg?from=ke.com
20240701,海淀,六里桥,101123820705,海淀西三环 精装三居室 东南朝向,1260万,101401元/平,中楼层 (共26层) 3室1厅 | 124.26平米 | 东 南,https://ke-image.ljcdn.com/110000-inspection/pc1_16rkaelaS_1.jpg!m_fill,w_280,h_210,f_jpg?from=ke.com
20240701,海淀,六里桥,101123790717,9+10号线 店长推荐  海淀东向一居 采光不遮挡 中楼层,390万,84288元/平,中楼层 (共24层) 1室1厅 | 46.27平米 | 东,https://ke-image.ljcdn.com/110000-inspection/pc1_2dW6D7Gp1.jpg!m_fill,w_280,h_210,f_jpg?from=ke.com
20240701,海淀,六里桥,101123755827,六里桥3号院  满五年不唯一  两居室  有车位,455万,61124元/平,高楼层 (共6层) 2室1厅 | 74.44平米 | 西 东,https://ke-image.ljcdn.com/110000-inspection/pc1_qh7KJYqxw.jpg!m_fill,w_280,h_210,f_jpg?from=ke.com
20240701,海淀,六里桥,101123723620,满五唯一 仅契税 高楼层 采光好 近六里桥地铁站,331万,67140元/平,中楼层 (共21层) 1室1厅 | 49.3平米 | 东北,https://ke-image.ljcdn.com/110000-inspection/pc1_ode5GP8Qo_1.jpg!m_fill,w_280,h_210,f_jpg?from=ke.com
20240701,海淀,六里桥,101123694931,莲怡园一区南北两居室有电梯近地铁高楼层视野好,430万,54075元/平,顶层 (共14层) 2室1厅 | 79.52平米 | 南 北,https://ke-image.ljcdn.com/110000-inspection/pc1_p8sSrHEMz_1.jpg!m_fill,w_280,h_210,f_jpg?from=ke.com
20240701,海淀,六里桥,101123670591,莲怡园一区 南北三居室 钢混结构,560万,59423元/平,中楼层 (共14层) 3室1厅 | 94.24平米 | 南 北,https://ke-image.ljcdn.com/110000-inspection/pc1_j5rrWHtwy.jpg!m_fill,w_280,h_210,f_jpg?from=ke.com
20240701,海淀,六里桥,101123662810,两居室 南北 满五年 近地铁 中间楼房主自荐,350万,61275元/平,中楼层 (共6层) 2室1厅 | 57.12平米 | 南 北,https://ke-image.ljcdn.com/110000-inspection/pc1_I8xxAer26.jpg!m_fill,w_280,h_210,f_jpg?from=ke.com
20240701,海淀,六里桥,101123661375,莲怡园一区带电梯南北向两居室看房方便,320万,51605元/平,中楼层 (共14层) 1室1厅 | 62.01平米 | 南 北,https://ke-image.ljcdn.com/110000-inspection/pc1_resnzV2Hk_1.jpg!m_fill,w_280,h_210,f_jpg?from=ke.com
20240701,海淀,六里桥,101123656073,莲怡园一区格局好两居室诚心出售,484万,60866元/平,高楼层 (共14层) 2室1厅 | 79.52平米 | 南 北,https://ke-image.ljcdn.com/110000-inspection/a6d5406d-cb49-4e16-a3c6-201a4ee67869_1000.jpg!m_fill,w_280,h_210,f_jpg?from=ke.com
20240701,海淀,六里桥,101123654685,莲怡园一区 1室1厅 南 北,360万,58056元/平,高楼层 (共14层) 1室1厅 | 62.01平米 | 南 北,https://ke-image.ljcdn.com/110000-inspection/412488d8-eff5-4191-8ec9-25fa843c2f82_1000.jpg!m_fill,w_280,h_210,f_jpg?from=ke.com
20240701,海淀,六里桥,101123651954,风荷曲苑 3室2厅 南 北,1250万,101900元/平,高楼层 (共11层) 3室2厅 | 122.67平米 | 南 北,https://ke-image.ljcdn.com/110000-inspection/pc1_FWW0ox44g.jpg!m_fill,w_280,h_210,f_jpg?from=ke.com
20240701,海淀,六里桥,101123651339,莲怡园一区 精装修两居室 无遮挡,329万,52615元/平,高楼层 (共6层) 2室1厅 | 62.53平米 | 南 北,https://ke-image.ljcdn.com/110000-inspection/pc1_v794ejPBG.jpg!m_fill,w_280,h_210,f_jpg?from=ke.com
20240701,海淀,六里桥,101123647320,莲怡园一区 高层两居室 全朝南 采光好,275万,48019元/平,顶层 (共6层) 2室1厅 | 57.27平米 | 南,https://ke-image.ljcdn.com/110000-inspection/591572e0-72c9-4a12-ab64-e29d30bdd14e_1000.jpg!m_fill,w_280,h_210,f_jpg?from=ke.com
20240701,海淀,六里桥,101123646679,莲怡园一区两室一厅朝南向业主诚心卖,179万,30355元/平,地下室 (共6层) 2室1厅 | 58.97平米 | 南,https://ke-image.ljcdn.com/110000-inspection/pc1_Ardproyzn.jpg!m_fill,w_280,h_210,f_jpg?from=ke.com
20240701,海淀,六里桥,101123644261,金家村283号院 三环边地震局家属楼,358万,60658元/平,底层 (共6层) 2室1厅 | 59.02平米 | 南 北,https://ke-image.ljcdn.com/110000-inspection/pc1_gFtaHvlIS.jpg!m_fill,w_280,h_210,f_jpg?from=ke.com
20240701,海淀,六里桥,101123560462,三环边花园社区近地铁商品房,930万,94618元/平,中楼层 (共20层) 2室1厅 | 98.29平米 | 南,https://ke-image.ljcdn.com/110000-inspection/dcdc3e4e-1222-4e96-8a4b-dd24610ee6a5_1000.jpg!m_fill,w_280,h_210,f_jpg?from=ke.com
20240701,海淀,六里桥,101123541334,金家村288号院南北朝向 西三环 看房随时房主自荐,342万,56529元/平,底层 (共6层) 2室1厅 | 60.5平米 | 南 北,https://ke-image.ljcdn.com/110000-inspection/pc1_QsG9EA6i1_1.jpg!m_fill,w_280,h_210,f_jpg?from=ke.com
20240701,海淀,六里桥,101123541304,海淀九号 中高楼层 无遮挡 东南方正 两卫两居房主自荐,1070万,97238元/平,中楼层 (共35层) | 2013年 | 2室1厅 | 110.04平米 | 东南,https://ke-image.ljcdn.com/110000-inspection/5ac8b0a2-d7cb-4d2b-ae00-99527cc9dcde_1000.jpg!m_fill,w_280,h_210,f_jpg?from=ke.com
20240701,海淀,六里桥,101123538901,六里桥北里 两居室 东西采光 只有契税房主自荐,260万,48544元/平,顶层 (共6层) 2室1厅 | 53.56平米 | 东 西,https://ke-image.ljcdn.com/110000-inspection/pc1_fQziAreiv.jpg!m_fill,w_280,h_210,f_jpg?from=ke.com
20240701,海淀,六里桥,101123502767,西三环户型方正采光好无遮挡,530万,81053元/平,中楼层 (共35层) | 2013年 | 1室1厅 | 65.39平米 | 东,https://ke-image.ljcdn.com/110000-inspection/173652a5-2aa0-46e9-89ee-d95ea6716923_1000.jpg!m_fill,w_280,h_210,f_jpg?from=ke.com
20240701,海淀,六里桥,101123500543,海淀产权 正规南北两居 满五唯一,495万,81954元/平,高楼层 (共6层) 2室1厅 | 60.4平米 | 南 北,https://ke-image.ljcdn.com/110000-inspection/pc1_kcXC4AgzA_1.jpg!m_fill,w_280,h_210,f_jpg?from=ke.com
20240701,海淀,六里桥,101123499977,吴家场路5号院 东南朝向 采光好视野开阔房主自荐,598万,83590元/平,中楼层 (共24层) 2室1厅 | 71.54平米 | 东南,https://ke-image.ljcdn.com/110000-inspection/pc1_PsWszj2bk.jpg!m_fill,w_280,h_210,f_jpg?from=ke.com
20240701,海淀,六里桥,101123499464,金家村288号院南北向三居诚心出售,680万,67723元/平,高楼层 (共6层) 3室1厅 | 100.41平米 | 南 北,https://ke-image.ljcdn.com/110000-inspection/pc1_CInfuS0zU.jpg!m_fill,w_280,h_210,f_jpg?from=ke.com
20240701,海淀,六里桥,101123498871,莲怡园二区南北两居室  户型方正 面积无浪费,569万,56668元/平,低楼层 (共12层) 2室1厅 | 100.41平米 | 南 北,https://ke-image.ljcdn.com/110000-inspection/a3503075-a1ba-4507-8a1a-e280778de4fc_1000.jpg!m_fill,w_280,h_210,f_jpg?from=ke.com
20240701,海淀,六里桥,101123493274,海淀区万丰路18号院   东南向两居  精装修,729万,76440元/平,低楼层 (共24层) | 2004年 | 2室1厅 | 95.37平米 | 东 南,https://ke-image.ljcdn.com/110000-inspection/034e8c6c-5fa7-43a2-b2ec-67954113cee7_1000.jpg!m_fill,w_280,h_210,f_jpg?from=ke.com
20240701,海淀,六里桥,101123488381,金家村288号院 东南两居 中间楼层 小区安静,489万,56500元/平,中楼层 (共22层) 2室1厅 | 86.55平米 | 东南,https://ke-image.ljcdn.com/110000-inspection/pc1_e0cygfPDF_1.jpg!m_fill,w_280,h_210,f_jpg?from=ke.com
20240701,海淀,六里桥,101123474275,店长推荐西三环六里桥铁路小区东南两居室居住舒适,585万,77576元/平,低楼层 (共24层) 2室1厅 | 75.41平米 | 东南,https://ke-image.ljcdn.com/110000-inspection/pc1_05cZsCrPq.jpg!m_fill,w_280,h_210,f_jpg?from=ke.com
20240701,海淀,六里桥,101123463151,风荷曲苑 商品房花园社区环境优美 人车分流,1495万,95852元/平,中楼层 (共11层) 3室2厅 | 155.97平米 | 西南 北,https://ke-image.ljcdn.com/110000-inspection/3bd2bbab-4483-4278-b9ef-b51291a36ba2_1000.jpg!m_fill,w_280,h_210,f_jpg?from=ke.com
20240701,海淀,六里桥,101123457633,吴家村路10号院商品房两居东南向,470万,69733元/平,底层 (共24层) 2室1厅 | 67.4平米 | 东南,https://ke-image.ljcdn.com/110000-inspection/pc1_0OLQBZe11.jpg!m_fill,w_280,h_210,f_jpg?from=ke.com
20240701,海淀,六里桥,101123449474,橙色年代 西南一居 满五唯一 精装修房主自荐,445万,73566元/平,低楼层 (共24层) 1室1厅 | 60.49平米 | 西南,https://ke-image.ljcdn.com/110000-inspection/pc1_d6S95u0YV_1.jpg!m_fill,w_280,h_210,f_jpg?from=ke.com
20240701,海淀,六里桥,101123445616,六里桥北里全明格局有客厅一居室房主自荐,263万,64304元/平,低楼层 (共6层) 1室1厅 | 40.9平米 | 东 西南,https://ke-image.ljcdn.com/110000-inspection/pc1_usAb4udrG.jpg!m_fill,w_280,h_210,f_jpg?from=ke.com
20240701,海淀,六里桥,101123421956,万丰路金家村288号院   南北通透   中间层,499万,59833元/平,中楼层 (共6层) 2室1厅 | 83.4平米 | 南 北,https://ke-image.ljcdn.com/110000-inspection/pc1_S4VBxxX6G.jpg!m_fill,w_280,h_210,f_jpg?from=ke.com
20240701,海淀,六里桥,101123398042,莲怡园一区 3室1厅 东 南 北,588万,64207元/平,顶层 (共14层) 3室1厅 | 91.58平米 | 东 南 北,https://ke-image.ljcdn.com/110000-inspection/pc1_0LN6GchIt_1.jpg!m_fill,w_280,h_210,f_jpg?from=ke.com
20240701,海淀,六里桥,101123390989,西三环 六里桥地铁站  拎包入住 落地窗远望西山,820万,84790元/平,高楼层 (共20层) 2室1厅 | 96.71平米 | 西北,https://ke-image.ljcdn.com/110000-inspection/pc1_uYGsaFLCP_1.jpg!m_fill,w_280,h_210,f_jpg?from=ke.com
20240701,海淀,六里桥,101123356486,西三环六里桥 满五年 商品房 南北通透格局 采光充足,308万,57506元/平,高楼层 (共6层) 2室1厅 | 53.56平米 | 南 北,https://ke-image.ljcdn.com/110000-inspection/pc1_bnD3lWf2X.jpg!m_fill,w_280,h_210,f_jpg?from=ke.com
20240701,海淀,六里桥,101123356400,橙色年代 精装小三居 高楼层 采光好视野棒 随时看房房主自荐,669万,75203元/平,高楼层 (共24层) | 2004年 | 2室1厅 | 88.96平米 | 东北,https://ke-image.ljcdn.com/110000-inspection/95432ada-c50b-456e-a5ef-0923ce6f58d6_1000.jpg!m_fill,w_280,h_210,f_jpg?from=ke.com
20240701,海淀,六里桥,101123355338,金家村288号院电梯两居采光好楼层高,560万,60950元/平,中楼层 (共22层) 2室1厅 | 91.88平米 | 西,https://ke-image.ljcdn.com/110000-inspection/pc1_8crynXa7G_1.jpg!m_fill,w_280,h_210,f_jpg?from=ke.com
20240701,海淀,六里桥,101123349761,六里桥北里东向一居室不临街低楼层全明格局,275万,68408元/平,低楼层 (共6层) 1室1厅 | 40.2平米 | 东,https://ke-image.ljcdn.com/110000-inspection/pc1_PH7gNRC0Z.jpg!m_fill,w_280,h_210,f_jpg?from=ke.com
20240701,海淀,六里桥,101123345444,莲怡园二区 花园社区 六里桥地铁站 银座商场,768万,64252元/平,中楼层 (共20层) 3室2厅 | 119.53平米 | 东南,https://ke-image.ljcdn.com/110000-inspection/pc1_dChNUUSns_1.jpg!m_fill,w_280,h_210,f_jpg?from=ke.com
20240701,海淀,六里桥,101123305586,六里桥10号院 1室1厅 南,330万,60976元/平,高楼层 (共6层) | 1995年 | 1室1厅 | 54.12平米 | 南,https://ke-image.ljcdn.com/110000-inspection/pc1_vtjziH0Xt.jpg!m_fill,w_280,h_210,f_jpg?from=ke.com
20240701,海淀,六里桥,101123248289,楼龄2000年 钢混结构 高层视野好,295万,53278元/平,高楼层 (共20层) 1室1厅 | 55.37平米 | 西,https://ke-image.ljcdn.com/110000-inspection/pc1_hsANTDhVp.jpg!m_fill,w_280,h_210,f_jpg?from=ke.com
20240701,海淀,六里桥,101123248052,莲怡园一区全南向98年房龄,339万,59194元/平,中楼层 (共6层) 2室1厅 | 57.27平米 | 南,https://ke-image.ljcdn.com/110000-inspection/6959aef1-f950-44f8-8d76-f8b781e4b167_1000.jpg!m_fill,w_280,h_210,f_jpg?from=ke.com
20240701,海淀,六里桥,101123233968,西三环  2012年南向两居室 视野好 采光好,1080万,98460元/平,中楼层 (共17层) 2室1厅 | 109.69平米 | 南,https://ke-image.ljcdn.com/110000-inspection/b6839ae2-77b8-4e2c-a8a0-cf5126252075_1000.jpg!m_fill,w_280,h_210,f_jpg?from=ke.com
20240701,海淀,六里桥,101123232528,海淀区橙色年代    精装修两居室   诚心出售 看房方便,698万,72830元/平,顶层 (共24层) | 2004年 | 2室1厅 | 95.84平米 | 西,https://ke-image.ljcdn.com/110000-inspection/pc1_EcNopqSli_1.jpg!m_fill,w_280,h_210,f_jpg?from=ke.com
20240701,海淀,六里桥,101123200937,西三环莲香园西南向2居  户型好  费用少,535万,65556元/平,低楼层 (共16层) 2室1厅 | 81.61平米 | 西南,https://ke-image.ljcdn.com/110000-inspection/pc1_oir38eozD.jpg!m_fill,w_280,h_210,f_jpg?from=ke.com
20240701,海淀,六里桥,101123176777,六里桥南北两居近地铁六里桥B2口不临街商品房房主自荐,345万,56373元/平,高楼层 (共6层) 2室1厅 | 61.2平米 | 南 北,https://ke-image.ljcdn.com/110000-inspection/pc1_VP042Ll08.jpg!m_fill,w_280,h_210,f_jpg?from=ke.com
20240701,海淀,六里桥,101123112678,橙色年代 万丰路18号院 人车分流,695万,72936元/平,高楼层 (共24层) 2室1厅 | 95.29平米 | 东,https://ke-image.ljcdn.com/110000-inspection/pc1_MmeFvpX2o_1.jpg!m_fill,w_280,h_210,f_jpg?from=ke.com
20240701,海淀,六里桥,101123108840,莲怡园北路1号院分为两个院。,405万,55793元/平,中楼层 (共6层) | 1999年 | 2室1厅 | 72.59平米 | 东 西,https://ke-image.ljcdn.com/110000-inspection/pc1_rR25WCGLm_1.jpg!m_fill,w_280,h_210,f_jpg?from=ke.com
20240701,海淀,六里桥,101123105331,店长推荐西三环六里桥铁路小区东南两居室全天采光好房主自荐,593万,82891元/平,高楼层 (共24层) 2室1厅 | 71.54平米 | 东南,https://ke-image.ljcdn.com/110000-inspection/pc1_LHkAnteMG_1.jpg!m_fill,w_280,h_210,f_jpg?from=ke.com
20240701,海淀,六里桥,101123063935,满五唯一仅契税 近双轨六里桥地铁 高楼层 视野好,519万,67693元/平,顶层 (共25层) | 2011年 | 1室1厅 | 76.67平米 | 西,https://ke-image.ljcdn.com/110000-inspection/5beacc50-3da4-420d-8f92-17f2d6422a0d_1000.jpg!m_fill,w_280,h_210,f_jpg?from=ke.com
20240701,海淀,六里桥,101123057168,铁路小区新上东南向一居室 户型方正 精装修 满五唯一房主自荐,400万,76820元/平,底层 (共24层) 1室1厅 | 52.07平米 | 东南,https://ke-image.ljcdn.com/110000-inspection/pc1_invJvAQQY.jpg!m_fill,w_280,h_210,f_jpg?from=ke.com
20240701,海淀,六里桥,101123014669,六里桥10号院 商品房 中层两居 客厅带窗,399万,56911元/平,中楼层 (共6层) | 1994年 | 2室1厅 | 70.11平米 | 东南,https://ke-image.ljcdn.com/110000-inspection/pc1_C4883xkDd_1.jpg!m_fill,w_280,h_210,f_jpg?from=ke.com
20240701,海淀,六里桥,101123010009,西三环 六里桥 高层采光视野好 花园小区 带游泳馆健身房主自荐,1299万,89704元/平,顶层 (共20层) 3室1厅 | 144.81平米 | 东南,https://ke-image.ljcdn.com/110000-inspection/db338c2e-764f-4b5c-beb3-36960d2294d3_1000.jpg!m_fill,w_280,h_210,f_jpg?from=ke.com
20240701,海淀,六里桥,101123004997,六里桥莲香园西南两居室高楼层户型方正看房方便,720万,72224元/平,高楼层 (共18层) 2室1厅 | 99.69平米 | 西南,https://ke-image.ljcdn.com/110000-inspection/pc1_8N7eC5ghq.jpg!m_fill,w_280,h_210,f_jpg?from=ke.com
20240701,海淀,六里桥,101123000447,西三环海淀区铁路小区南北通透2居    不临街  精装修,558万,89682元/平,顶层 (共6层) 2室1厅 | 62.22平米 | 南 北,https://ke-image.ljcdn.com/110000-inspection/pc1_yP1mqKDqj.jpg!m_fill,w_280,h_210,f_jpg?from=ke.com
20240701,海淀,六里桥,101122980613,海淀区橙色年代   满五唯一商品房   有钥匙随时看房主自荐,385万,72057元/平,低楼层 (共24层) | 2004年 | 1室0厅 | 53.43平米 | 北,https://ke-image.ljcdn.com/110000-inspection/pc1_qllAVs4xh_1.jpg!m_fill,w_280,h_210,f_jpg?from=ke.com
20240701,海淀,六里桥,101122967927,海淀满五唯一 南北通透 中间楼层采光好 不临街房主自荐,499万,82616元/平,中楼层 (共6层) 2室1厅 | 60.4平米 | 南 北,https://ke-image.ljcdn.com/110000-inspection/8a5f8e1f-4510-4e93-9609-e6c403339bf3_1000.jpg!m_fill,w_280,h_210,f_jpg?from=ke.com
20240701,海淀,六里桥,101122966594,288号院央产3室2厅3阳台 低层全新改造南北通透板楼房主自荐,680万,64504元/平,底层 (共6层) 3室2厅 | 105.42平米 | 南 北,https://ke-image.ljcdn.com/110000-inspection/6acb7aea-c217-4cb4-9aca-97d504ac2072_1000.jpg!m_fill,w_280,h_210,f_jpg?from=ke.com
20240701,海淀,六里桥,101122882010,商品房 中铁开发 2012年品质社区 满五年,1070万,97548元/平,中楼层 (共17层) 2室1厅 | 109.69平米 | 南,https://ke-image.ljcdn.com/110000-inspection/9e8f163f-1da9-42a2-b534-b2001276d939_1000.jpg!m_fill,w_280,h_210,f_jpg?from=ke.com
20240701,海淀,六里桥,101122867166,六里桥莲怡园一区电梯一居室楼龄新看房方便,279万,50389元/平,中楼层 (共20层) 1室1厅 | 55.37平米 | 西,https://ke-image.ljcdn.com/110000-inspection/c45938f6-04c9-4b8f-8ad7-9490f859fd39_1000.jpg!m_fill,w_280,h_210,f_jpg?from=ke.com
20240701,海淀,六里桥,101122807782,六里桥北里南北通透三居室全明格局精装修房主自荐,465万,61104元/平,中楼层 (共6层) 3室1厅 | 76.1平米 | 南 北,https://ke-image.ljcdn.com/110000-inspection/pc1_B2TkdV8jr.jpg!m_fill,w_280,h_210,f_jpg?from=ke.com
20240701,海淀,六里桥,101122798647,出版社家属院正规三居室客厅面积大两个卫生间,739万,54973元/平,低楼层 (共22层) 3室1厅 | 134.43平米 | 西南 北,https://ke-image.ljcdn.com/110000-inspection/3033dfc9-4f01-4458-90ea-2eb56d9aac09_1000.jpg!m_fill,w_280,h_210,f_jpg?from=ke.com
20240701,海淀,六里桥,101122795096,莲怡园北路1号院 西三环 南北朝向 随时签约,380万,63898元/平,中楼层 (共6层) 2室1厅 | 59.47平米 | 南 北,https://ke-image.ljcdn.com/110000-inspection/cbb1ace7-11da-4983-9987-7575d1e2cc5f_1000.jpg!m_fill,w_280,h_210,f_jpg?from=ke.com
20240701,海淀,六里桥,101122770331,盛今佳园 3室1厅 东南,1220万,98182元/平,中楼层 (共26层) 3室1厅 | 124.26平米 | 东南,https://ke-image.ljcdn.com/110000-inspection/pc1_9UX8j8Ltd.jpg!m_fill,w_280,h_210,f_jpg?from=ke.com
20240701,海淀,六里桥,101122754942,西三环海淀区铁路小区东南向2居   采光好   费用低房主自荐,475万,87204元/平,高楼层 (共6层) | 1998年 | 2室1厅 | 54.47平米 | 东南,https://ke-image.ljcdn.com/110000-inspection/pc1_qPucX2Nzu.jpg!m_fill,w_280,h_210,f_jpg?from=ke.com
20240701,海淀,六里桥,101122730892,盛今佳园 东南大两居  高楼层  俯瞰整个莲花池公园,910万,96460元/平,高楼层 (共27层) 2室2厅 | 94.34平米 | 东南,https://ke-image.ljcdn.com/110000-inspection/b29337c7-95fb-49a6-8c81-23bfd7ce3078_1000.jpg!m_fill,w_280,h_210,f_jpg?from=ke.com
20240701,海淀,六里桥,101122695467,莲花池西路6号院 精装修  海淀户口 正规三居房主自荐,680万,65260元/平,中楼层 (共20层) 3室1厅 | 104.2平米 | 东 南,https://ke-image.ljcdn.com/110000-inspection/91978596-d3e7-4e47-b83d-333c87772076_1000.jpg!m_fill,w_280,h_210,f_jpg?from=ke.com
20240701,海淀,六里桥,101122542632,万丰路18号院海淀产权满五年中间楼层,450万,74393元/平,中楼层 (共24层) 1室1厅 | 60.49平米 | 东南,https://ke-image.ljcdn.com/110000-inspection/pc1_xctAt5nDk_1.jpg!m_fill,w_280,h_210,f_jpg?from=ke.com
20240701,海淀,六里桥,101122538572,商品房 满五唯一  无遮挡 采光好,468万,67719元/平,低楼层 (共6层) | 1995年 | 2室1厅 | 69.11平米 | 南 北,https://ke-image.ljcdn.com/110000-inspection/pc1_b3YARModc.jpg!m_fill,w_280,h_210,f_jpg?from=ke.com
20240701,海淀,六里桥,101122499486,六里桥7号院小两居近地铁南北通透。,338万,59195元/平,中楼层 (共6层) 2室1厅 | 57.1平米 | 南 北,https://ke-image.ljcdn.com/110000-inspection/pc1_b7csc1J65.jpg!m_fill,w_280,h_210,f_jpg?from=ke.com
20240701,海淀,六里桥,101122464903,诚意出售东南朝向采光好随时看房,720万,73953元/平,低楼层 (共24层) 3室1厅 | 97.36平米 | 南,https://ke-image.ljcdn.com/110000-inspection/002f550f-b882-4729-a96c-6f3ba16242c7_1000.jpg!m_fill,w_280,h_210,f_jpg?from=ke.com
20240701,海淀,六里桥,101122449646,吴家场5号院铁路小区新上精装二居室满五唯一商品房,530万,90137元/平,底层 (共6层) 2室1厅 | 58.8平米 | 东 西,https://ke-image.ljcdn.com/110000-inspection/pc1_MrCYEFIHD.jpg!m_fill,w_280,h_210,f_jpg?from=ke.com
20240701,海淀,六里桥,101122416541,满五唯一东西通透适合一家人居住,348万,75033元/平,底层 (共6层) 1室1厅 | 46.38平米 | 东 西,https://ke-image.ljcdn.com/110000-inspection/pc1_39PEzm1G8.jpg!m_fill,w_280,h_210,f_jpg?from=ke.com
20240701,海淀,六里桥,101122363785,莲怡园一区带电梯两居室看房方便,439万,55974元/平,中楼层 (共18层) | 2001年 | 2室1厅 | 78.43平米 | 东北,https://ke-image.ljcdn.com/110000-inspection/pc1_llRCAhf8a_1.jpg!m_fill,w_280,h_210,f_jpg?from=ke.com
20240701,海淀,六里桥,101122342815,商品房 中间层 三居室 优质房源,398万,53589元/平,中楼层 (共6层) 3室1厅 | 74.27平米 | 南 北,https://ke-image.ljcdn.com/110000-inspection/pc1_sBTS5dANU.jpg!m_fill,w_280,h_210,f_jpg?from=ke.com
20240701,海淀,六里桥,101122340656,三环边楼龄新南北两居室,289万,46508元/平,顶层 (共6层) 2室1厅 | 62.14平米 | 南 北,https://ke-image.ljcdn.com/110000-inspection/pc1_OjvCLdcnC_1.jpg!m_fill,w_280,h_210,f_jpg?from=ke.com
20240701,海淀,六里桥,101122334572,莲怡园二区花园社区六里桥地铁站,468万,57346元/平,顶层 (共20层) 2室1厅 | 81.61平米 | 东南,https://ke-image.ljcdn.com/110000-inspection/pc1_mw7k8J6uJ_1.jpg!m_fill,w_280,h_210,f_jpg?from=ke.com
20240701,海淀,六里桥,101122277206,店长推荐海淀区六里桥铁路小区满五唯一采光视野棒,685万,76468元/平,高楼层 (共24层) 3室1厅 | 89.58平米 | 东北,https://ke-image.ljcdn.com/110000-inspection/pc1_NFrVwK2Sm.jpg!m_fill,w_280,h_210,f_jpg?from=ke.com
20240701,海淀,六里桥,101122231022,莲花池西路23号 东南北两居室 单位分的房子,500万,65377元/平,高楼层 (共24层) 2室1厅 | 76.48平米 | 东 北 南,https://ke-image.ljcdn.com/110000-inspection/f5f662c7-e5c5-45a3-94aa-f3445bd4cac6_1000.jpg!m_fill,w_280,h_210,f_jpg?from=ke.com
20240701,海淀,六里桥,101122097535,莲怡园一区正规3居室有电梯2001年建成近地铁,518万,56049元/平,中楼层 (共20层) 3室1厅 | 92.42平米 | 北,https://ke-image.ljcdn.com/110000-inspection/pc1_M1bFEKcfd_1.jpg!m_fill,w_280,h_210,f_jpg?from=ke.com
20240701,海淀,六里桥,101122090054,西三环六里桥永翌公馆 2011年商品房社区  三居室房主自荐,821万,62946元/平,高楼层 (共15层) 3室1厅 | 130.43平米 | 东北,https://ke-image.ljcdn.com/110000-inspection/pc1_CgonZBeLq_1.jpg!m_fill,w_280,h_210,f_jpg?from=ke.com
20240701,海淀,六里桥,101122070532,海淀九号东向正规一居满五唯一高楼层视野好房主自荐,548万,83805元/平,高楼层 (共35层) | 2013年 | 1室1厅 | 65.39平米 | 东,https://ke-image.ljcdn.com/110000-inspection/pc1_eFLqUyrvK_1.jpg!m_fill,w_280,h_210,f_jpg?from=ke.com
20240701,海淀,六里桥,101122045605,西三环 2011年 商品房 落地窗交通方便,745万,76013元/平,高楼层 (共15层) 2室1厅 | 98.01平米 | 东,https://ke-image.ljcdn.com/110000-inspection/pc1_8VhN3a9zC.jpg!m_fill,w_280,h_210,f_jpg?from=ke.com
20240701,海淀,六里桥,101121953065,六里桥莲怡园二区东南向两居室交通便利。,458万,54897元/平,高楼层 (共20层) 2室1厅 | 83.43平米 | 东南,https://ke-image.ljcdn.com/110000-inspection/pc1_0BrMlPDXx_1.jpg!m_fill,w_280,h_210,f_jpg?from=ke.com
20240701,海淀,六里桥,101121933930,莲花池西路23号 国税局分房 南北通透 明厨明卫,330万,78237元/平,低楼层 (共24层) 1室1厅 | 42.18平米 | 南 北,https://ke-image.ljcdn.com/110000-inspection/pc1_PJeV3PSef_1.jpg!m_fill,w_280,h_210,f_jpg?from=ke.com
20240701,海淀,六里桥,101121824117,花园社区莲怡园二区南北通透有电梯,528万,51417元/平,高楼层 (共12层) 2室1厅 | 102.69平米 | 南 北,https://ke-image.ljcdn.com/110000-inspection/cc752119-05f3-4f57-b170-3c33fd9b0bbb_1000.jpg!m_fill,w_280,h_210,f_jpg?from=ke.com
20240701,海淀,六里桥,101121802745,万丰路18号院 橙色年代大一居 采光好,528万,75011元/平,低楼层 (共24层) | 2004年 | 1室1厅 | 70.39平米 | 西,https://ke-image.ljcdn.com/110000-inspection/pc1_iQ7MJJAet.jpg!m_fill,w_280,h_210,f_jpg?from=ke.com
20240701,海淀,六里桥,101121756542,莲怡园一区全南3居室有电梯2001年建成近地铁房主自荐,608万,65787元/平,高楼层 (共20层) 3室1厅 | 92.42平米 | 南,https://ke-image.ljcdn.com/110000-inspection/pc1_OlGmq3jP6.jpg!m_fill,w_280,h_210,f_jpg?from=ke.com
20240701,海淀,六里桥,101121698213,满五年唯一全南正规一居室。诚心出售,415万,82407元/平,中楼层 (共24层) 1室1厅 | 50.36平米 | 南,https://ke-image.ljcdn.com/110000-inspection/pc1_2Rm6Vt3Ub.jpg!m_fill,w_280,h_210,f_jpg?from=ke.com
20240701,海淀,六里桥,101121626006,中间层 一居室 明厨明卫 无遮挡,251万,57293元/平,中楼层 (共6层) 1室1厅 | 43.81平米 | 南,https://ke-image.ljcdn.com/110000-inspection/98e70463-3d55-4472-bd4f-402856fc6df5_1000.jpg!m_fill,w_280,h_210,f_jpg?from=ke.com
20240701,海淀,六里桥,101121622345,西三环莲香园西南向2居   大客厅  不临街  户型好房主自荐,630万,77197元/平,中楼层 (共24层) 2室1厅 | 81.61平米 | 西南,https://ke-image.ljcdn.com/110000-inspection/pc1_8LqhwVMTQ.jpg!m_fill,w_280,h_210,f_jpg?from=ke.com
20240701,海淀,六里桥,101121618643,六里桥10号院 明厨明卫 东南北通透 去年精装拎包入住房主自荐,528万,65893元/平,高楼层 (共6层) 3室1厅 | 80.13平米 | 南 北,https://ke-image.ljcdn.com/110000-inspection/pc1_Rs795xhZI.jpg!m_fill,w_280,h_210,f_jpg?from=ke.com
20240701,海淀,六里桥,101121507338,西三环南北向正规两居室户型方正,350万,61296元/平,中楼层 (共6层) 2室1厅 | 57.1平米 | 南 北,https://ke-image.ljcdn.com/110000-inspection/pc1_hx0AI55HT.jpg!m_fill,w_280,h_210,f_jpg?from=ke.com
20240701,海淀,六里桥,101121460715,西三环莲香园南向2居  视野开阔 无遮挡    购房成本低房主自荐,688万,78040元/平,高楼层 (共24层) 2室2厅 | 88.16平米 | 南,https://ke-image.ljcdn.com/110000-inspection/pc1_pUERmINFK.jpg!m_fill,w_280,h_210,f_jpg?from=ke.com
20240701,海淀,六里桥,101121455458,金家村1号院南向两居室不临街采光充足,280万,57307元/平,顶层 (共5层) 2室1厅 | 48.86平米 | 南,https://ke-image.ljcdn.com/110000-inspection/9edcb7fa-a667-42aa-b135-3190fa51b60a_1000.jpg!m_fill,w_280,h_210,f_jpg?from=ke.com
20240701,海淀,六里桥,101121389274,六里桥 莲怡园一区 南北通透 明厨明卫两居 出售,515万,64764元/平,低楼层 (共14层) 2室1厅 | 79.52平米 | 南 北,https://ke-image.ljcdn.com/110000-inspection/pc1_iXMhJlabV_1.jpg!m_fill,w_280,h_210,f_jpg?from=ke.com
20240701,海淀,六里桥,101121385941,海淀区铁路小区西南向2居   费用少  精装修房主自荐,580万,76913元/平,低楼层 (共24层) 2室1厅 | 75.41平米 | 西南,https://ke-image.ljcdn.com/110000-inspection/pc1_y0LJLaFrt.jpg!m_fill,w_280,h_210,f_jpg?from=ke.com
20240701,海淀,六里桥,101121366613,铁路小区满五年唯一商品房精装修采光好楼层好房主自荐,389万,77244元/平,中楼层 (共24层) 1室1厅 | 50.36平米 | 南,https://ke-image.ljcdn.com/110000-inspection/pc1_hzv1amwjv_1.jpg!m_fill,w_280,h_210,f_jpg?from=ke.com
20240701,海淀,六里桥,101121301846,莲香园小区 东南向两居室 业主产权清晰,580万,71070元/平,底层 (共24层) 2室2厅 | 81.61平米 | 东 南,https://ke-image.ljcdn.com/110000-inspection/pc1_4CpxgzpMz.jpg!m_fill,w_280,h_210,f_jpg?from=ke.com
20240701,海淀,六里桥,101121297031,西三环莲香园精装3居   楼层高  视野开阔,760万,71469元/平,中楼层 (共24层) 3室1厅 | 106.34平米 | 西 北,https://ke-image.ljcdn.com/110000-inspection/pc1_lGLbn7mrZ_1.jpg!m_fill,w_280,h_210,f_jpg?from=ke.com
20240701,海淀,六里桥,101121295350,海淀区 橙色年代  东向一居室出售,475万,77425元/平,高楼层 (共24层) 1室1厅 | 61.35平米 | 东,https://ke-image.ljcdn.com/110000-inspection/pc1_CwJQAFTam_1.jpg!m_fill,w_280,h_210,f_jpg?from=ke.com
20240701,海淀,六里桥,101121290936,满五年唯一 海淀九号 随时签约 视野开阔人车分流,580万,87088元/平,高楼层 (共35层) | 2013年 | 1室1厅 | 66.6平米 | 西,https://ke-image.ljcdn.com/110000-inspection/pc1_FJEAACSFB_1.jpg!m_fill,w_280,h_210,f_jpg?from=ke.com
20240701,海淀,六里桥,101121244086,铁路小区满五年单位分房无遮挡一居有钥匙看房随时房主自荐,445万,96175元/平,中楼层 (共24层) 1室1厅 | 46.27平米 | 东,https://ke-image.ljcdn.com/110000-inspection/pc1_tGQzjLGTH.jpg!m_fill,w_280,h_210,f_jpg?from=ke.com
20240701,海淀,六里桥,101121219799,海淀区橙色年代   正规一室一厅  高楼层    视野好,485万,79275元/平,高楼层 (共24层) 1室1厅 | 61.18平米 | 西,https://ke-image.ljcdn.com/110000-inspection/pc1_WbLjDNNI6_1.jpg!m_fill,w_280,h_210,f_jpg?from=ke.com
20240701,海淀,六里桥,101121219584,海淀区  橙色年代精装小两居   拎包入住  诚心出售,530万,75295元/平,低楼层 (共24层) | 2004年 | 2室1厅 | 70.39平米 | 西,https://ke-image.ljcdn.com/110000-inspection/pc1_kZLpqT6gP.jpg!m_fill,w_280,h_210,f_jpg?from=ke.com
20240701,海淀,六里桥,101121151898,万丰路18号 橙色年代  三环边海淀产权 满五年唯一,828万,93191元/平,底层 (共24层) | 2004年 | 2室1厅 | 88.85平米 | 南,https://ke-image.ljcdn.com/110000-inspection/bf2bde6d-54dc-4ba3-8fc5-43dbfc143cd7_1000.jpg!m_fill,w_280,h_210,f_jpg?from=ke.com
20240701,海淀,六里桥,101121136528,六里桥莲香园南北三居随时签约,860万,67717元/平,底层 (共6层) 3室1厅 | 127平米 | 南 北,https://ke-image.ljcdn.com/110000-inspection/pc1_I2ngpj2mI.jpg!m_fill,w_280,h_210,f_jpg?from=ke.com
20240701,海淀,六里桥,101121036573,六里桥北里南向一居室随时看房诚意出售,268万,66667元/平,中楼层 (共6层) 1室1厅 | 40.2平米 | 南,https://ke-image.ljcdn.com/110000-inspection/pc1_oyKBMeTEd.jpg!m_fill,w_280,h_210,f_jpg?from=ke.com
20240701,海淀,六里桥,101121033030,莲香园小区满五年唯一看房方便,650万,59694元/平,中楼层 (共24层) 2室2厅 | 108.89平米 | 东南,https://ke-image.ljcdn.com/110000-inspection/pc1_aFbfHxSIT.jpg!m_fill,w_280,h_210,f_jpg?from=ke.com
20240701,海淀,六里桥,101121018037,海淀区橙色年代北向诚心出售安静不临街人车分流房主自荐,410万,76736元/平,中楼层 (共24层) | 2004年 | 1室0厅 | 53.43平米 | 北,https://ke-image.ljcdn.com/110000-inspection/57c63a61-700f-4034-8824-882dc2e3b1b5_1000.jpg!m_fill,w_280,h_210,f_jpg?from=ke.com
20240701,海淀,六里桥,101121008896,西三环公主坟  铁路小区3居随时签约房主自荐,680万,75910元/平,高楼层 (共24层) 3室1厅 | 89.58平米 | 西北,https://ke-image.ljcdn.com/110000-inspection/pc1_FgrbLVqCs_1.jpg!m_fill,w_280,h_210,f_jpg?from=ke.com
20240701,海淀,六里桥,101120956267,莲花池西路6号院 3室1厅 西南,960万,80409元/平,高楼层 (共20层) 3室1厅 | 119.39平米 | 西南,https://ke-image.ljcdn.com/110000-inspection/pc1_MHBBdncIG_1.jpg!m_fill,w_280,h_210,f_jpg?from=ke.com
20240701,海淀,六里桥,101120946998,风荷曲苑 花园社区 西南北通透 三居室 商品房 近地铁,1580万,95365元/平,中楼层 (共11层) 3室2厅 | 165.68平米 | 南 西 北,https://ke-image.ljcdn.com/110000-inspection/28f53cf7-7a86-4628-9054-682b11bac92f_1000.jpg!m_fill,w_280,h_210,f_jpg?from=ke.com
20240701,海淀,六里桥,101120946432,莲香园 精装修 东南向两居室 地铁六里桥站,510万,65243元/平,中楼层 (共16层) 2室1厅 | 78.17平米 | 东南,https://ke-image.ljcdn.com/110000-inspection/pc1_SjYAScP05.jpg!m_fill,w_280,h_210,f_jpg?from=ke.com
20240701,海淀,六里桥,101120943384,六里桥北里 优质两居室 产权清晰,285万,53212元/平,高楼层 (共6层) 2室1厅 | 53.56平米 | 东 西,https://ke-image.ljcdn.com/110000-inspection/pc1_tcyuwolVZ.jpg!m_fill,w_280,h_210,f_jpg?from=ke.com
20240701,海淀,六里桥,101120922191,莲香园精装3居  业主诚心出售 随时签约,710万,66767元/平,低楼层 (共16层) 3室1厅 | 106.34平米 | 东 北,https://ke-image.ljcdn.com/110000-inspection/pc1_knnPVBguv.jpg!m_fill,w_280,h_210,f_jpg?from=ke.com
20240701,海淀,六里桥,101120920293,西三环 六里桥 永翌公馆 2011年 东向一室一厅 商品房,565万,72829元/平,中楼层 (共25层) | 2011年 | 1室1厅 | 77.58平米 | 东,https://ke-image.ljcdn.com/110000-inspection/a5724b76-f8df-4062-a1f6-e0023e4f3bfe_1000.jpg!m_fill,w_280,h_210,f_jpg?from=ke.com
20240701,海淀,六里桥,101120897295,六里桥莲香园南北通透两居室满五年分房费用少,535万,66834元/平,高楼层 (共6层) 2室1厅 | 80.05平米 | 南 北,https://ke-image.ljcdn.com/110000-inspection/pc1_aDevKMqTS.jpg!m_fill,w_280,h_210,f_jpg?from=ke.com
20240701,海淀,六里桥,101120869708,莲怡园二区花园社区交通方便东南向采光好视野开阔房主自荐,520万,62328元/平,顶层 (共20层) | 2005年 | 2室1厅 | 83.43平米 | 南 北,https://ke-image.ljcdn.com/110000-inspection/pc1_Cg2T2v23G_1.jpg!m_fill,w_280,h_210,f_jpg?from=ke.com
20240701,海淀,六里桥,101120868218,风荷曲苑花园社区落地飘窗视野好,770万,81190元/平,底层 (共20层) 2室1厅 | 94.84平米 | 东北,https://ke-image.ljcdn.com/110000-inspection/pc1_G3tugGeHn.jpg!m_fill,w_280,h_210,f_jpg?from=ke.com
20240701,海淀,六里桥,101120781898,六里桥莲香园板楼3居业主诚心出售随时签约。,685万,53312元/平,高楼层 (共6层) 3室2厅 | 128.49平米 | 南 北,https://ke-image.ljcdn.com/110000-inspection/pc1_PMBSuNc0x_1.jpg!m_fill,w_280,h_210,f_jpg?from=ke.com
20240701,海淀,六里桥,101120738029,海淀区铁路小区好楼层3居   费用少  楼层高视野好,685万,75674元/平,高楼层 (共24层) 3室1厅 | 90.52平米 | 南 西北,https://ke-image.ljcdn.com/110000-inspection/pc1_8pC3NbJvx_1.jpg!m_fill,w_280,h_210,f_jpg?from=ke.com
20240701,海淀,六里桥,101120696201,莲怡园二区西南向两居室诚心出售,588万,56840元/平,中楼层 (共20层) 3室1厅 | 103.45平米 | 南 西,https://ke-image.ljcdn.com/110000-inspection/9c3bef38-b9cf-4972-8468-7f8ca68580ed_1000.jpg!m_fill,w_280,h_210,f_jpg?from=ke.com
20240701,海淀,六里桥,101120572528,精装修拎包入住中间楼层南北通透业主诚心卖,430万,80525元/平,中楼层 (共6层) | 1998年 | 1室1厅 | 53.4平米 | 南 北,https://ke-image.ljcdn.com/110000-inspection/108623cd-a01f-4c9a-8261-ce771f81af5f_1000.jpg!m_fill,w_280,h_210,f_jpg?from=ke.com
20240701,海淀,六里桥,101120460710,西三环莲馨嘉园人车分流小区安静,658万,77815元/平,顶层 (共21层) 2室2厅 | 84.56平米 | 东南,https://ke-image.ljcdn.com/110000-inspection/pc1_dT6KzAE1r_1.jpg!m_fill,w_280,h_210,f_jpg?from=ke.com
20240701,海淀,六里桥,101120448049,西三环莲花桥总政干休所东西通透三居室,620万,67297元/平,中楼层 (共12层) 3室1厅 | 92.13平米 | 东 西,https://ke-image.ljcdn.com/110000-inspection/pc1_oBJQf88vY_1.jpg!m_fill,w_280,h_210,f_jpg?from=ke.com
20240701,海淀,六里桥,101120275668,莲花小区  满五唯一商品房 精装修 2个租赁车位 采光好,1220万,85429元/平,顶层 (共28层) 3室2厅 | 142.81平米 | 东南,https://ke-image.ljcdn.com/110000-inspection/pc1_OAt1IBn3y.jpg!m_fill,w_280,h_210,f_jpg?from=ke.com
20240701,海淀,六里桥,101120270344,南北三居户型方正可拎包入住交通方便六里桥站房主自荐,299万,40102元/平,顶层 (共6层) 3室1厅 | 74.56平米 | 南 北,https://ke-image.ljcdn.com/110000-inspection/pc1_to2URPdr8_1.jpg!m_fill,w_280,h_210,f_jpg?from=ke.com
20240701,海淀,六里桥,101120237417,海淀铁路小区 商品房满五年唯一 产权清晰随时签约,440万,87371元/平,中楼层 (共24层) 1室1厅 | 50.36平米 | 南,https://ke-image.ljcdn.com/110000-inspection/pc1_5hcWjVGBm_1.jpg!m_fill,w_280,h_210,f_jpg?from=ke.com
20240701,海淀,六里桥,101120203829,橙色年代 万丰路18号院 人车分流,589万,67967元/平,低楼层 (共24层) 2室1厅 | 86.66平米 | 东 西,https://ke-image.ljcdn.com/110000-inspection/pc1_WmIAqARJr.jpg!m_fill,w_280,h_210,f_jpg?from=ke.com
20240701,海淀,六里桥,101120202741,金家村288号院南北通透户型方正小区环境好,402万,51191元/平,高楼层 (共6层) 2室1厅 | 78.53平米 | 南 北,https://ke-image.ljcdn.com/110000-inspection/pc1_BeWczzaCY_1.jpg!m_fill,w_280,h_210,f_jpg?from=ke.com
20240701,海淀,六里桥,101120160467,三环边花园社区精装修诚心出售,410万,88822元/平,中楼层 (共20层) 1室0厅 | 46.16平米 | 西,https://ke-image.ljcdn.com/110000-inspection/pc1_ds4StYOfi.jpg!m_fill,w_280,h_210,f_jpg?from=ke.com
20240701,海淀,六里桥,101119986739,底价呈现诚意出售东南三居高楼层视野佳,1100万,66886元/平,高楼层 (共26层) | 2009年 | 3室2厅 | 164.46平米 | 东南,https://ke-image.ljcdn.com/110000-inspection/pc1_coo8CCtgY.jpg!m_fill,w_280,h_210,f_jpg?from=ke.com
20240701,海淀,六里桥,101119977311,金家村1号院  中铁电气化局家属院房主自荐,320万,64621元/平,中楼层 (共5层) 2室1厅 | 49.52平米 | 南,https://ke-image.ljcdn.com/110000-inspection/a49cff8e-c28d-41d1-925d-d691b9e889e9_1000.jpg!m_fill,w_280,h_210,f_jpg?from=ke.com
20240701,海淀,六里桥,101119935368,六里桥吴家场铁路小区东向一居室采光充足户型好,485万,104820元/平,中楼层 (共24层) 1室1厅 | 46.27平米 | 东,https://ke-image.ljcdn.com/110000-inspection/pc1_gsUmdicro.jpg!m_fill,w_280,h_210,f_jpg?from=ke.com
20240701,海淀,六里桥,101119912756,房子前后花园不临街南北通透正规四居室,1860万,83341元/平,低楼层 (共11层) 4室1厅 | 223.18平米 | 南 北,https://ke-image.ljcdn.com/110000-inspection/pc1_C5wEAyfGk_1.jpg!m_fill,w_280,h_210,f_jpg?from=ke.com
20240701,海淀,六里桥,101119900287,六里桥小区满五唯一商品房业主诚心出售装修不错,430万,63894元/平,低楼层 (共6层) 3室1厅 | 67.3平米 | 南 北,https://ke-image.ljcdn.com/110000-inspection/pc1_jGOpmwZHI_1.jpg!m_fill,w_280,h_210,f_jpg?from=ke.com
20240701,海淀,六里桥,101119766428,金家村1号院 电气化局家属院 交通便利,299万,54364元/平,中楼层 (共5层) 2室1厅 | 55平米 | 南 北,https://ke-image.ljcdn.com/110000-inspection/pc1_mS8jDFQbX.jpg!m_fill,w_280,h_210,f_jpg?from=ke.com
20240701,海淀,六里桥,101119756259,盛今佳园 海淀产权 满五年唯一 近地铁 近公园,1160万,97439元/平,中楼层 (共26层) 2室1厅 | 119.05平米 | 南 北,https://ke-image.ljcdn.com/110000-inspection/pc1_rRc6tdfUq_1.jpg!m_fill,w_280,h_210,f_jpg?from=ke.com
20240701,海淀,六里桥,101119698392,莲怡园一区 57.27平 两居 全明格局 双南向 非顶层,305万,53257元/平,高楼层 (共6层) 2室1厅 | 57.27平米 | 南,https://ke-image.ljcdn.com/110000-inspection/pc1_BvFuVnHHY_1.jpg!m_fill,w_280,h_210,f_jpg?from=ke.com
20240701,海淀,六里桥,101119631882,风荷曲苑满五年唯一商品房只有契税。,1389万,113250元/平,低楼层 (共11层) 3室2厅 | 122.65平米 | 南 北,https://ke-image.ljcdn.com/110000-inspection/pc1_9AsNJPxjM_1.jpg!m_fill,w_280,h_210,f_jpg?from=ke.com
20240701,海淀,六里桥,101119592545,铁路小区 婚房精装 满五年唯一 诚意出售,575万,80375元/平,中楼层 (共24层) 2室1厅 | 71.54平米 | 西南,https://ke-image.ljcdn.com/110000-inspection/pc1_qFNCcoNXf.jpg!m_fill,w_280,h_210,f_jpg?from=ke.com
20240701,海淀,六里桥,101119565655,西三环海淀区铁路小区东南向2居满五唯一不临街,580万,76913元/平,底层 (共24层) 2室1厅 | 75.41平米 | 东南,https://ke-image.ljcdn.com/110000-inspection/pc1_9srJye1Vw.jpg!m_fill,w_280,h_210,f_jpg?from=ke.com
20240701,海淀,六里桥,101119556164,澐澐国际 2室1厅 西,880万,63447元/平,低楼层 (共26层) | 2009年 | 2室1厅 | 138.7平米 | 西,https://ke-image.ljcdn.com/110000-inspection/pc1_BZ4ETSZyh.jpg!m_fill,w_280,h_210,f_jpg?from=ke.com
20240701,海淀,六里桥,101119539706,西三环 六里桥 莲怡园一区 商品房 出售房主自荐,355万,57249元/平,中楼层 (共14层) 1室1厅 | 62.01平米 | 南 北,https://ke-image.ljcdn.com/110000-inspection/pc1_O8VMXvCAs_1.jpg!m_fill,w_280,h_210,f_jpg?from=ke.com
20240701,海淀,六里桥,101119462095,六里桥北里 南北通透 全明格局 视野开阔房主自荐,465万,64200元/平,高楼层 (共6层) 3室1厅 | 72.43平米 | 南 北,https://ke-image.ljcdn.com/110000-inspection/pc1_0LcybIC2j_1.jpg!m_fill,w_280,h_210,f_jpg?from=ke.com
20240701,海淀,六里桥,101119457855,莲花小区 2室1厅 西南,758万,67679元/平,低楼层 (共28层) | 2004年 | 2室1厅 | 112平米 | 西南,https://ke-image.ljcdn.com/110000-inspection/pc1_8GWAZaElD_1.jpg!m_fill,w_280,h_210,f_jpg?from=ke.com
20240701,海淀,六里桥,101119395556,六里桥10号院 2室1厅 南 北,399万,60309元/平,底层 (共6层) 2室1厅 | 66.16平米 | 南 北,https://ke-image.ljcdn.com/110000-inspection/048dc8f7-d960-4916-b9a2-45d94c7ca8fb_1000.jpg!m_fill,w_280,h_210,f_jpg?from=ke.com
20240701,海淀,六里桥,101119327752,万寿路沿线精装全南两居室 可拎包入住,325万,65631元/平,中楼层 (共5层) 2室1厅 | 49.52平米 | 南,https://ke-image.ljcdn.com/110000-inspection/c90e734e-0e1f-4765-bc0a-f01fb8745add_1000.jpg!m_fill,w_280,h_210,f_jpg?from=ke.com
20240701,海淀,六里桥,101119310287,橙色年代 万丰路18号院 海淀产权商品房社区,595万,84530元/平,中楼层 (共24层) 1室1厅 | 70.39平米 | 西,https://ke-image.ljcdn.com/110000-inspection/pc1_PaZt8eG2x.jpg!m_fill,w_280,h_210,f_jpg?from=ke.com
20240701,海淀,六里桥,101119288965,风荷曲苑精装修中间楼层一居室房主自荐,380万,82323元/平,中楼层 (共20层) 1室1厅 | 46.16平米 | 西,https://ke-image.ljcdn.com/110000-inspection/930f06ec-9e8c-47b0-a745-072c56f06200_1000.jpg!m_fill,w_280,h_210,f_jpg?from=ke.com
20240701,海淀,六里桥,101119281239,金家村283号院 地震局家属院 南北双阳台,350万,58121元/平,顶层 (共6层) 2室1厅 | 60.22平米 | 南 北,https://ke-image.ljcdn.com/110000-inspection/pc1_gdAY9HhnI.jpg!m_fill,w_280,h_210,f_jpg?from=ke.com
20240701,海淀,六里桥,101119253278,风荷曲苑南北通透三居室一梯两户花园社区,1380万,112516元/平,中楼层 (共11层) 3室2厅 | 122.65平米 | 南 北,https://ke-image.ljcdn.com/110000-inspection/c5b6387e-0542-41dc-b596-9cf816389f50_1000.jpg!m_fill,w_280,h_210,f_jpg?from=ke.com
20240701,海淀,六里桥,101119246119,永翌公馆 1室1厅 东,462万,59552元/平,低楼层 (共25层) | 2011年 | 1室1厅 | 77.58平米 | 东,https://ke-image.ljcdn.com/110000-inspection/pc1_TV00izDRU.jpg!m_fill,w_280,h_210,f_jpg?from=ke.com
20240701,海淀,六里桥,101119177069,西三环海淀区羊坊店08年小区盛今佳园,1000万,83999元/平,中楼层 (共27层) 2室2厅 | 119.05平米 | 西南,https://ke-image.ljcdn.com/110000-inspection/25427802-89d4-4738-a116-badd862b5630_1000.jpg!m_fill,w_280,h_210,f_jpg?from=ke.com
20240701,海淀,六里桥,101119102527,此房西南向房本满五年唯一安静中间楼层,650万,83153元/平,中楼层 (共24层) 2室1厅 | 78.17平米 | 西,https://ke-image.ljcdn.com/110000-inspection/pc1_z0SPMCAv4.jpg!m_fill,w_280,h_210,f_jpg?from=ke.com
20240701,海淀,六里桥,101119091445,铁路小区 1室1厅 南,470万,93329元/平,中楼层 (共24层) 1室1厅 | 50.36平米 | 南,https://ke-image.ljcdn.com/110000-inspection/pc1_gnGmxg1TX.jpg!m_fill,w_280,h_210,f_jpg?from=ke.com
20240701,海淀,六里桥,101118932340,六里桥铁路小区一居室海淀产权户型方正房主自荐,420万,90772元/平,中楼层 (共24层) 1室1厅 | 46.27平米 | 东,https://ke-image.ljcdn.com/110000-inspection/pc1_eO1VAId18_1.jpg!m_fill,w_280,h_210,f_jpg?from=ke.com
20240701,海淀,六里桥,101118917000,西三环 莲怡园一区 东北朝向的两居室,512万,65282元/平,中楼层 (共18层) 2室1厅 | 78.43平米 | 东北,https://ke-image.ljcdn.com/110000-inspection/7c00c876-9969-44b1-9cce-4d3e2096c2f5_1000.jpg!m_fill,w_280,h_210,f_jpg?from=ke.com
20240701,海淀,六里桥,101118870342,六里桥北里南北通透两居全明格局交通便利。,348万,64938元/平,底层 (共6层) 2室1厅 | 53.59平米 | 东 南 北,https://ke-image.ljcdn.com/110000-inspection/pc1_9WPbON7np_1.jpg!m_fill,w_280,h_210,f_jpg?from=ke.com
20240701,海淀,六里桥,101118837109,西三环正规两居室地铁六里桥站9号线10号线,398万,63477元/平,高楼层 (共20层) 2室1厅 | 62.7平米 | 西南,https://ke-image.ljcdn.com/110000-inspection/pc1_PVIeCn7Ql_1.jpg!m_fill,w_280,h_210,f_jpg?from=ke.com
20240701,海淀,六里桥,101118757066,莲花池西路23号  国税局单位楼改造完   正规一居室,360万,79523元/平,中楼层 (共24层) 1室1厅 | 45.27平米 | 北,https://ke-image.ljcdn.com/110000-inspection/pc1_I8muYEjGB_1.jpg!m_fill,w_280,h_210,f_jpg?from=ke.com
20240701,海淀,六里桥,101118655247,橙色年代一居室商品房视野开阔。,495万,80685元/平,高楼层 (共24层) | 2004年 | 1室1厅 | 61.35平米 | 西,https://ke-image.ljcdn.com/110000-inspection/pc1_rZYIIJ0Pf.jpg!m_fill,w_280,h_210,f_jpg?from=ke.com
20240701,海淀,六里桥,101118601994,9/10号线六里桥站 东向一居 楼层好 采光好房主自荐,550万,70895元/平,中楼层 (共25层) | 2011年 | 1室1厅 | 77.58平米 | 东,https://ke-image.ljcdn.com/110000-inspection/pc1_AGJIvIHY5.jpg!m_fill,w_280,h_210,f_jpg?from=ke.com
20240701,海淀,六里桥,101118541742,莲怡园北路1号院小区环境好南北通透三居室,490万,59727元/平,高楼层 (共6层) 3室1厅 | 82.04平米 | 南 北,https://ke-image.ljcdn.com/110000-inspection/pc1_ZVjVOcJGB.jpg!m_fill,w_280,h_210,f_jpg?from=ke.com
20240701,海淀,六里桥,101118534411,橙色年代东南朝向采光好楼层好,615万,81274元/平,中楼层 (共24层) | 2004年 | 1室1厅 | 75.67平米 | 东南,https://ke-image.ljcdn.com/110000-inspection/c022d49f-7c62-4e5f-b601-4f931130249a_1000.jpg!m_fill,w_280,h_210,f_jpg?from=ke.com
20240701,海淀,六里桥,101118514831,海淀九号人车分流南北两居2013年建成诚意出售,1158万,96380元/平,底层 (共12层) | 2013年 | 2室1厅 | 120.15平米 | 南 北,https://ke-image.ljcdn.com/110000-inspection/pc1_DITB9gZ1A_1.jpg!m_fill,w_280,h_210,f_jpg?from=ke.com
20240701,海淀,六里桥,101118498030,六里桥吴家场铁路小区次顶层一居室采光充足户型好房主自荐,450万,97256元/平,高楼层 (共24层) 1室1厅 | 46.27平米 | 西北,https://ke-image.ljcdn.com/110000-inspection/pc1_By6ptfC4b.jpg!m_fill,w_280,h_210,f_jpg?from=ke.com
20240701,海淀,六里桥,101118454646,三环边业主诚心出售改造后社区,385万,58193元/平,顶层 (共6层) 2室1厅 | 66.16平米 | 南 北,https://ke-image.ljcdn.com/110000-inspection/pc1_I8oEDQyiZ.jpg!m_fill,w_280,h_210,f_jpg?from=ke.com
20240701,海淀,六里桥,101118273479,店长推荐六里桥盛今大厦西南大两居室日照时间长,620万,57408元/平,中楼层 (共23层) 2室1厅 | 108平米 | 西南,https://ke-image.ljcdn.com/110000-inspection/pc1_08eafYW5i.jpg!m_fill,w_280,h_210,f_jpg?from=ke.com
20240701,海淀,六里桥,101118235548,此房是低楼层一居室商品房产权清晰业主诚心出售,298万,65266元/平,低楼层 (共6层) | 1995年 | 1室1厅 | 45.66平米 | 南 北,https://ke-image.ljcdn.com/110000-inspection/pc1_Tmn5E830Q_1.jpg!m_fill,w_280,h_210,f_jpg?from=ke.com
20240701,海淀,六里桥,101118127064,金家村288号院 电子工业出版社 安静不临街,485万,55359元/平,顶层 (共6层) 2室2厅 | 87.61平米 | 南,https://ke-image.ljcdn.com/110000-inspection/pc1_qnrNChCm5.jpg!m_fill,w_280,h_210,f_jpg?from=ke.com
20240701,海淀,六里桥,101118083595,万寿路南铁路家属院正规两居南北通透精装修,310万,55318元/平,中楼层 (共6层) 2室1厅 | 56.04平米 | 南 北,https://ke-image.ljcdn.com/110000-inspection/pc1_g1y77v6cO.jpg!m_fill,w_280,h_210,f_jpg?from=ke.com
20240701,海淀,六里桥,101118080367,西三环 六里桥北里 带电梯 钢混 朝小区里 两居室房主自荐,408万,56044元/平,低楼层 (共20层) 3室1厅 | 72.8平米 | 西北,https://ke-image.ljcdn.com/110000-inspection/pc1_UY51G3z1r.jpg!m_fill,w_280,h_210,f_jpg?from=ke.com
20240701,海淀,六里桥,101118044178,优质海淀产权 两居室 吴家村路10号院,496万,81849元/平,中楼层 (共6层) 2室1厅 | 60.6平米 | 东 西,https://ke-image.ljcdn.com/110000-inspection/pc1_QwI2bsO7u.jpg!m_fill,w_280,h_210,f_jpg?from=ke.com
20240701,海淀,六里桥,101118043587,金家村288号院  南北两居室 小区安静,499万,59876元/平,高楼层 (共6层) 2室1厅 | 83.34平米 | 南 北,https://ke-image.ljcdn.com/110000-inspection/pc1_AyGCc4NKF.jpg!m_fill,w_280,h_210,f_jpg?from=ke.com
20240701,海淀,六里桥,101118021458,板楼一梯两户大一居室海淀区2013年社区,930万,91356元/平,底层 (共9层) 1室1厅 | 101.8平米 | 南,https://ke-image.ljcdn.com/110000-inspection/pc1_zJ1jB8TY1.jpg!m_fill,w_280,h_210,f_jpg?from=ke.com
20240701,海淀,六里桥,101117998595,六里桥莲香园三居室满五年唯一商品房中楼层无遮挡,770万,61972元/平,低楼层 (共24层) | 2000年 | 3室1厅 | 124.25平米 | 西北,https://ke-image.ljcdn.com/110000-inspection/pc1_u71EIaxc7_1.jpg!m_fill,w_280,h_210,f_jpg?from=ke.com
20240701,海淀,六里桥,101117899437,盛今大厦新上3居价格可谈随时签约,700万,56185元/平,底层 (共23层) 3室1厅 | 124.59平米 | 东北,https://ke-image.ljcdn.com/110000-inspection/pc1_5PhiuSOhF.jpg!m_fill,w_280,h_210,f_jpg?from=ke.com
20240701,海淀,六里桥,101117844216,莲香园 精装大三居 视野开阔无遮挡房主自荐,710万,57143元/平,低楼层 (共24层) 3室2厅 | 124.25平米 | 南 西北,https://ke-image.ljcdn.com/110000-inspection/pc1_8gpI3wtLS.jpg!m_fill,w_280,h_210,f_jpg?from=ke.com
20240701,海淀,六里桥,101117833793,盛今大厦纯南大3居满五年唯一随时签约。房主自荐,1050万,72404元/平,高楼层 (共23层) | 2002年 | 3室2厅 | 145.02平米 | 南,https://ke-image.ljcdn.com/110000-inspection/pc1_HImTKnpyL.jpg!m_fill,w_280,h_210,f_jpg?from=ke.com
20240701,海淀,六里桥,101117778344,楼层高 采光好 南北通透 带固定车位房主自荐,490万,61620元/平,中楼层 (共14层) 2室1厅 | 79.52平米 | 南 北,https://ke-image.ljcdn.com/110000-inspection/pc1_gRmWo649F_1.jpg!m_fill,w_280,h_210,f_jpg?from=ke.com
20240701,海淀,六里桥,101117715941,橙色年代 万丰路18号院 海淀商品房 2004年现代化小区,398万,74490元/平,高楼层 (共24层) | 2004年 | 1室0厅 | 53.43平米 | 北,https://ke-image.ljcdn.com/110000-inspection/pc1_ck4TeKs2Y_1.jpg!m_fill,w_280,h_210,f_jpg?from=ke.com
20240701,海淀,六里桥,101117703720,西三环莲香园西南向2居 视野好不临街大客厅房主自荐,626万,76707元/平,高楼层 (共24层) 2室1厅 | 81.61平米 | 西南,https://ke-image.ljcdn.com/110000-inspection/d2526f24-0ff4-4274-9491-a8091ab2134a_1000.jpg!m_fill,w_280,h_210,f_jpg?from=ke.com
20240701,海淀,六里桥,101117654386,吴家村路10号院  南北通透三居 板楼户型好,635万,59258元/平,高楼层 (共6层) 3室2厅 | 107.16平米 | 南 北,https://ke-image.ljcdn.com/110000-inspection/pc1_IoI6a9yOX.jpg!m_fill,w_280,h_210,f_jpg?from=ke.com
20240701,海淀,六里桥,101117607889,海淀九号13年小区南北通透三居无遮挡采光好,1570万,91137元/平,中楼层 (共35层) | 2013年 | 3室1厅 | 172.27平米 | 南 北,https://ke-image.ljcdn.com/110000-inspection/pc1_Qpk0pM47R.jpg!m_fill,w_280,h_210,f_jpg?from=ke.com
20240701,海淀,六里桥,101117487519,南向一居室 高楼层  视野好 无遮挡,220万,50080元/平,顶层 (共6层) 1室1厅 | 43.93平米 | 南,https://ke-image.ljcdn.com/110000-inspection/pc1_cuPPOCvLM.jpg!m_fill,w_280,h_210,f_jpg?from=ke.com
20240701,海淀,六里桥,101117476388,莲馨嘉园 小区中间位置双卫户型方正,820万,73815元/平,中楼层 (共21层) 2室1厅 | 111.09平米 | 西南,https://ke-image.ljcdn.com/110000-inspection/pc1_u7aTORnAJ.jpg!m_fill,w_280,h_210,f_jpg?from=ke.com
20240701,海淀,六里桥,101117432726,难得：正规一居室【双阳台】有钥匙、随时可以看房房主自荐,270万,53466元/平,顶层 (共6层) 1室1厅 | 50.5平米 | 西,https://ke-image.ljcdn.com/110000-inspection/4942548d-b406-4886-84aa-ef54c132c000_1000.jpg!m_fill,w_280,h_210,f_jpg?from=ke.com
20240701,海淀,六里桥,101117282842,西三环 莲怡园二区 精装修两居室,610万,67166元/平,高楼层 (共20层) | 2005年 | 2室1厅 | 90.82平米 | 西南,https://ke-image.ljcdn.com/110000-inspection/pc1_EjAznKfqN.jpg!m_fill,w_280,h_210,f_jpg?from=ke.com
20240701,海淀,六里桥,101117259861,西三环海淀铁路小区南北通透2居  不临街费用少房主自荐,450万,72325元/平,顶层 (共6层) 2室1厅 | 62.22平米 | 南 北,https://ke-image.ljcdn.com/110000-inspection/pc1_qeJ0hDFju.jpg!m_fill,w_280,h_210,f_jpg?from=ke.com
20240701,海淀,六里桥,101117204958,莲怡园二区 商品房  精装 高层 明厨明卫,535万,59744元/平,顶层 (共20层) | 2005年 | 2室1厅 | 89.55平米 | 南 北,https://ke-image.ljcdn.com/110000-inspection/843ab975-3305-49b5-844c-09114d9bc04b_1000.jpg!m_fill,w_280,h_210,f_jpg?from=ke.com
20240701,海淀,六里桥,101117019962,西三环莲馨嘉园人车分流户型方正,1030万,69964元/平,底层 (共21层) 3室1厅 | 147.22平米 | 西南,https://ke-image.ljcdn.com/110000-inspection/pc1_ShLGRbTeY.jpg!m_fill,w_280,h_210,f_jpg?from=ke.com
20240701,海淀,六里桥,101116994456,风荷曲苑 商品房 满五年 高层无遮挡房主自荐,430万,80934元/平,顶层 (共20层) 1室0厅 | 53.13平米 | 东,https://ke-image.ljcdn.com/110000-inspection/pc1_3hTU2Cn3d.jpg!m_fill,w_280,h_210,f_jpg?from=ke.com
20240701,海淀,六里桥,101116983029,六里桥莲香园高楼层两居室满五年唯一有钥匙随时可看,568万,61214元/平,高楼层 (共24层) 2室1厅 | 92.79平米 | 西南,https://ke-image.ljcdn.com/110000-inspection/pc1_q2bS1RihX.jpg!m_fill,w_280,h_210,f_jpg?from=ke.com
20240701,海淀,六里桥,101116947976,金家村283号院诚心出售产权清晰,199万,57984元/平,中楼层 (共6层) 1室0厅 | 34.32平米 | 东,https://ke-image.ljcdn.com/110000-inspection/pc1_XUQVMVty0_1.jpg!m_fill,w_280,h_210,f_jpg?from=ke.com
20240701,海淀,六里桥,101116488097,莲花小区海淀产权诚心出售采光好,1130万,85484元/平,中楼层 (共28层) 2室1厅 | 132.19平米 | 南 北,https://ke-image.ljcdn.com/110000-inspection/pc1_ZeU5QNA2A.jpg!m_fill,w_280,h_210,f_jpg?from=ke.com
20240701,海淀,六里桥,101116483499,莲香园小区复式户型满五唯一诚意出售房主自荐,1490万,56860元/平,顶层 (共24层) 4室2厅 | 262.05平米 | 东南,https://ke-image.ljcdn.com/110000-inspection/pc1_5vAcySbbq.jpg!m_fill,w_280,h_210,f_jpg?from=ke.com
20240701,海淀,六里桥,101116116357,莲香园大2居  楼层高西南向    业主随时签约,598万,56061元/平,中楼层 (共24层) | 1998年 | 2室1厅 | 106.67平米 | 南 西,https://ke-image.ljcdn.com/110000-inspection/pc1_O0K4fznN9.jpg!m_fill,w_280,h_210,f_jpg?from=ke.com
20240701,海淀,六里桥,101116018885,南北通透 精装修 业主诚心出售,598万,62514元/平,中楼层 (共16层) | 2006年 | 2室1厅 | 95.66平米 | 南 北,https://ke-image.ljcdn.com/110000-inspection/pc1_VuYJv96gt.jpg!m_fill,w_280,h_210,f_jpg?from=ke.com
20240701,海淀,六里桥,101115969547,莲香园南北通透三居   户型好  费用少房主自荐,720万,54463元/平,底层 (共18层) 3室2厅 | 132.2平米 | 东 南 北,https://ke-image.ljcdn.com/110000-inspection/prod-9f12adba-f0d1-4c3a-89aa-c789c2f2a302.jpg!m_fill,w_280,h_210,f_jpg?from=ke.com
20240701,海淀,六里桥,101115800340,铁路小区 精装修 满五年 精装修,510万,107143元/平,底层 (共6层) 2室1厅 | 47.6平米 | 南 北,https://ke-image.ljcdn.com/110000-inspection/pc1_F2U8A6XKx.jpg!m_fill,w_280,h_210,f_jpg?from=ke.com
20240701,海淀,六里桥,101115639534,橙色年代 高楼层 视野开阔 人车分流 商品房社区,735万,81959元/平,高楼层 (共24层) | 2004年 | 2室1厅 | 89.68平米 | 西北,https://ke-image.ljcdn.com/110000-inspection/pc1_i3sclbyJG_1.jpg!m_fill,w_280,h_210,f_jpg?from=ke.com
20240701,海淀,六里桥,101115629217,六里桥北里精致东向小一居满五唯一,295万,82082元/平,顶层 (共6层) 1室1厅 | 35.94平米 | 东,https://ke-image.ljcdn.com/110000-inspection/pc1_2LAk0Hyz7_1.jpg!m_fill,w_280,h_210,f_jpg?from=ke.com
20240701,海淀,六里桥,101115088339,西三环莲香园南向三居  户型好  环境好  户型不错房主自荐,850万,52225元/平,底层 (共24层) 3室1厅 | 162.76平米 | 西南,https://ke-image.ljcdn.com/110000-inspection/pc1_iRcct4cfP.jpg!m_fill,w_280,h_210,f_jpg?from=ke.com
20240701,海淀,六里桥,101114961518,六里桥莲香园复式四居室满五年唯一诚心出售。房主自荐,880万,52007元/平,顶层 (共6层) | 2000年 | 4室2厅 | 169.21平米 | 南 北,https://ke-image.ljcdn.com/110000-inspection/pc1_ttMZ7BWUE.jpg!m_fill,w_280,h_210,f_jpg?from=ke.com
20240701,海淀,六里桥,101114807274,莲花小区 东南向两居室 精装修 高楼层 采光视野好,720万,84896元/平,高楼层 (共28层) | 2000年 | 2室1厅 | 84.81平米 | 东南,https://ke-image.ljcdn.com/110000-inspection/pc1_0U8OcVkZg.jpg!m_fill,w_280,h_210,f_jpg?from=ke.com
20240701,海淀,六里桥,101114473989,林滤家园精装修南北朝向满五年唯一房主自荐,1188万,88969元/平,底层 (共10层) | 2006年 | 4室2厅 | 133.53平米 | 南 北,https://ke-image.ljcdn.com/110000-inspection/pc1_0yqLnfSp9.jpg!m_fill,w_280,h_210,f_jpg?from=ke.com
20240701,海淀,六里桥,101113942251,西三环六里桥北里南向高层一居室。,258万,64180元/平,顶层 (共6层) 1室1厅 | 40.2平米 | 南,https://ke-image.ljcdn.com/110000-inspection/pc1_5EOTnk2TL.jpg!m_fill,w_280,h_210,f_jpg?from=ke.com
20240701,海淀,六里桥,101112107199,吴家场路5号院 东南向 满五年 产权清晰房主自荐,570万,79676元/平,低楼层 (共24层) 2室1厅 | 71.54平米 | 东 南,https://ke-image.ljcdn.com/110000-inspection/pc1_UyUeWddKX_1.jpg!m_fill,w_280,h_210,f_jpg?from=ke.com
20240701,海淀,六里桥,101111872496,西三环 六里桥 莲怡园二区 南北通透 两居室 商品房,580万,57155元/平,中楼层 (共13层) | 2005年 | 2室1厅 | 101.48平米 | 南 北,https://ke-image.ljcdn.com/110000-inspection/pc1_6O5TOhfRv_1.jpg!m_fill,w_280,h_210,f_jpg?from=ke.com
20240701,海淀,六里桥,101110308922,盛今佳园 东南三居室 精装修 可以观莲花池公园房主自荐,1830万,119569元/平,低楼层 (共26层) | 2007年 | 3室2厅 | 153.05平米 | 东南,https://ke-image.ljcdn.com/110000-inspection/pc1_YbF4ieME9_1.jpg!m_fill,w_280,h_210,f_jpg?from=ke.com
20240701,海淀,六里桥,101109885464,西三环六里桥.莲馨嘉园3居出售,895万,59532元/平,高楼层 (共21层) | 2002年 | 3室1厅 | 150.34平米 | 西北,https://ke-image.ljcdn.com/110000-inspection/pc1_gE8CiWJTV.jpg!m_fill,w_280,h_210,f_jpg?from=ke.com
20240701,海淀,六里桥,101109703411,业主诚心出售 看房方便 户型方正,730万,58593元/平,低楼层 (共23层) 3室1厅 | 124.59平米 | 东北,https://ke-image.ljcdn.com/110000-inspection/prod-868fdaf4-c894-4058-8ec8-67eb0e2cf3a1.jpg!m_fill,w_280,h_210,f_jpg?from=ke.com
20240701,海淀,六里桥,101106663232,莲香园东南向大三居室不临街双卫生间！,850万,61077元/平,低楼层 (共24层) 3室1厅 | 139.17平米 | 东南,https://ke-image.ljcdn.com/110000-inspection/pc1_qxiQlmMLc_1.jpg!m_fill,w_280,h_210,f_jpg?from=ke.com
20240701,海淀,六里桥,101106180970,莲香园西南向   小区中间位置对着小区花园房主自荐,640万,78422元/平,顶层 (共16层) 2室1厅 | 81.61平米 | 西南,https://ke-image.ljcdn.com/110000-inspection/pc1_hOjz9TLHL_1.jpg!m_fill,w_280,h_210,f_jpg?from=ke.com
20240701,海淀,六里桥,101103624447,房子商品房满五年唯一高楼层视野开阔,560万,51718元/平,高楼层 (共23层) | 2002年 | 2室1厅 | 108.28平米 | 西南,https://ke-image.ljcdn.com/110000-inspection/test-44d57408-5735-4815-9b23-ee06049bf702.png!m_fill,w_280,h_210,f_jpg?from=ke.com
20240701,海淀,六里桥,101102422418,六里桥莲香园精装一居大客厅房源。,415万,65863元/平,底层 (共24层) | 2000年 | 1室1厅 | 63.01平米 | 东,https://ke-image.ljcdn.com/110000-inspection/pc1_XxOjS9d1i_1.jpg!m_fill,w_280,h_210,f_jpg?from=ke.com
20240701,海淀,六里桥,101125222756,莲怡园北路1号院 1室1厅 南 北新上,235万,51468元/平,高楼层 (共6层) 1室1厅 | 45.66平米 | 南 北,https://ke-image.ljcdn.com/110000-inspection/pc1_j6jWQ2klN.jpg!m_fill,w_280,h_210,f_jpg?from=ke.com
20240701,海淀,六里桥,101125209101,六里桥北里 2室1厅 南 北新上,280万,47905元/平,顶层 (共6层) 2室1厅 | 58.45平米 | 南 北,https://ke-image.ljcdn.com/110000-inspection/pc1_Tt5XZ6nvp.jpg!m_fill,w_280,h_210,f_jpg?from=ke.com
20240701,海淀,六里桥,101125196184,随时看房诚意出售视野采光好新上,410万,63077元/平,高楼层 (共24层) 1室1厅 | 65平米 | 南 西,https://ke-image.ljcdn.com/110000-inspection/pc1_96r0u58Qn_1.jpg!m_fill,w_280,h_210,f_jpg?from=ke.com
20240701,海淀,六里桥,101125188357,海淀区万丰路18号精装两居室出售新上,715万,73910元/平,低楼层 (共24层) | 2004年 | 2室1厅 | 96.74平米 | 西南,https://ke-image.ljcdn.com/110000-inspection/pc1_3BOOCwgYs.jpg!m_fill,w_280,h_210,f_jpg?from=ke.com
20240701,海淀,六里桥,101125181717,橙色年代 2室1厅 东新上,738万,77004元/平,低楼层 (共24层) | 2004年 | 2室1厅 | 95.84平米 | 东,https://ke-image.ljcdn.com/110000-inspection/pc1_T36bPRa85.jpg!m_fill,w_280,h_210,f_jpg?from=ke.com
20240701,海淀,六里桥,101125107591,西三环六里桥 风荷曲苑南北三居室 满五唯一新上,1499万,122198元/平,底层 (共11层) 3室2厅 | 122.67平米 | 南 北,https://ke-image.ljcdn.com/110000-inspection/pc1_iV7bcmUaD_1.jpg!m_fill,w_280,h_210,f_jpg?from=ke.com
20240701,海淀,六里桥,101124936446,西三环西南向大两居  费用低  采光好,560万,51718元/平,低楼层 (共23层) 2室1厅 | 108.28平米 | 西南,https://ke-image.ljcdn.com/110000-inspection/pc1_nF1h8nvDK.jpg!m_fill,w_280,h_210,f_jpg?from=ke.com
20240701,海淀,六里桥,101124913791,此房全明格局高楼层采光视野精装修拎包入住,645万,68698元/平,高楼层 (共25层) | 2009年 | 2室1厅 | 93.89平米 | 西北,https://ke-image.ljcdn.com/110000-inspection/pc1_7fRMaR9fq_1.jpg!m_fill,w_280,h_210,f_jpg?from=ke.com
20240701,海淀,六里桥,101124906544,万寿路金家村1号院   南北通透   精装修两居,299万,53355元/平,低楼层 (共6层) | 1990年 | 2室1厅 | 56.04平米 | 南 北,https://ke-image.ljcdn.com/110000-inspection/150f97ab-5492-42ce-8039-b485246f0d91_1000.jpg!m_fill,w_280,h_210,f_jpg?from=ke.com
20240701,海淀,六里桥,101124845709,海淀九号 3室1厅 南 北,1499万,104672元/平,中楼层 (共9层) 3室1厅 | 143.21平米 | 南 北,https://ke-image.ljcdn.com/110000-inspection/pc1_VoXm2NhcM.jpg!m_fill,w_280,h_210,f_jpg?from=ke.com
20240701,海淀,六里桥,101124747945,西三环海淀区莲花小区西南向双卫户型,790万,66404元/平,高楼层 (共28层) | 2004年 | 2室2厅 | 118.97平米 | 西南,https://ke-image.ljcdn.com/110000-inspection/01737e48-8cec-4c35-939c-4e816b3b9cab_1000.jpg!m_fill,w_280,h_210,f_jpg?from=ke.com
20240701,海淀,六里桥,101124746596,吴家村路10号院满五年唯一商品房精装修诚意卖,430万,93887元/平,底层 (共6层) | 1995年 | 1室0厅 | 45.8平米 | 南,https://ke-image.ljcdn.com/110000-inspection/pc1_T68ZxXLNv_1.jpg!m_fill,w_280,h_210,f_jpg?from=ke.com
20240701,海淀,六里桥,101124695488,莲宝路10号院海淀产权满五年唯一精装修,460万,59896元/平,顶层 (共6层) 2室1厅 | 76.8平米 | 南,https://ke-image.ljcdn.com/110000-inspection/pc1_4ObrVr3Io.jpg!m_fill,w_280,h_210,f_jpg?from=ke.com
20240701,海淀,六里桥,101124665268,万丰路金家村288号院     全南向两居室,500万,57584元/平,顶层 (共6层) 2室2厅 | 86.83平米 | 南,https://ke-image.ljcdn.com/110000-inspection/pc1_uUx3ScmrY.jpg!m_fill,w_280,h_210,f_jpg?from=ke.com
20240701,海淀,六里桥,101124503038,海淀吴家村路10号院 精装一居 拎包入住,375万,63132元/平,高楼层 (共24层) 1室1厅 | 59.4平米 | 东北,https://ke-image.ljcdn.com/110000-inspection/pc1_VOtZh9FH9_1.jpg!m_fill,w_280,h_210,f_jpg?from=ke.com
20240701,海淀,六里桥,101124430179,靛厂路6号院南北通透四居室,1799万,90239元/平,中楼层 (共15层) 4室2厅 | 199.36平米 | 南 北,https://ke-image.ljcdn.com/110000-inspection/335d89fb-011f-471f-9a07-7f59382a5fa7_1000.jpg!m_fill,w_280,h_210,f_jpg?from=ke.com
20240701,海淀,六里桥,101124424436,莲花小区 海淀产权 满五年唯一 精装修,718万,72416元/平,低楼层 (共28层) | 2004年 | 2室2厅 | 99.15平米 | 西南,https://ke-image.ljcdn.com/110000-inspection/5fb53dc2-03c2-49dc-aeff-31f31610239c_1000.jpg!m_fill,w_280,h_210,f_jpg?from=ke.com
20240701,海淀,六里桥,101124391932,莲花池西路6号院 铁道部分房 满五年唯一 有钥匙,686万,66836元/平,高楼层 (共20层) 3室2厅 | 102.64平米 | 西南,https://ke-image.ljcdn.com/110000-inspection/pc1_0xYDphcrS_1.jpg!m_fill,w_280,h_210,f_jpg?from=ke.com
20240701,海淀,六里桥,101124385971,莲花小区 海淀产权  近地铁 正对小区 安静,710万,70416元/平,低楼层 (共28层) 2室2厅 | 100.83平米 | 西南,https://ke-image.ljcdn.com/110000-inspection/pc1_bIqCV5coW.jpg!m_fill,w_280,h_210,f_jpg?from=ke.com
20240701,海淀,六里桥,101124357981,莲花小区 2室1厅 西南,700万,82538元/平,中楼层 (共26层) 2室1厅 | 84.81平米 | 西南,https://ke-image.ljcdn.com/110000-inspection/pc1_H36hjvgrh_1.jpg!m_fill,w_280,h_210,f_jpg?from=ke.com
20240701,海淀,六里桥,101124267075,莲宝路9号院、正规东南三居满五年唯一海淀区产权,1100万,61061元/平,低楼层 (共26层) | 2009年 | 3室1厅 | 180.15平米 | 东南,https://ke-image.ljcdn.com/110000-inspection/pc1_IiT6wAt43.jpg!m_fill,w_280,h_210,f_jpg?from=ke.com
20240701,海淀,六里桥,101124251469,西三环六里桥  正规一室一厅 可观远山 楼层高视野好房主自荐,465万,60650元/平,高楼层 (共25层) | 2011年 | 1室1厅 | 76.67平米 | 西,https://ke-image.ljcdn.com/110000-inspection/pc1_kP0ZSGi50_1.jpg!m_fill,w_280,h_210,f_jpg?from=ke.com
20240701,海淀,六里桥,101124239147,莲花小区 2室2厅 西南,695万,81948元/平,低楼层 (共28层) | 2004年 | 2室2厅 | 84.81平米 | 西南,https://ke-image.ljcdn.com/110000-inspection/pc1_xYC6K8QgA_1.jpg!m_fill,w_280,h_210,f_jpg?from=ke.com
20240701,海淀,六里桥,101124231454,朝南向精装修的一居室位置好采光充足。,238万,54042元/平,顶层 (共6层) 1室1厅 | 44.04平米 | 南 北,https://ke-image.ljcdn.com/110000-inspection/3ecfe459-2592-4947-9c6e-291dc129272c_1000.jpg!m_fill,w_280,h_210,f_jpg?from=ke.com
20240701,海淀,六里桥,101124213659,此房满五年家庭名下一套房产权清晰诚心出售,758万,79480元/平,低楼层 (共24层) | 2004年 | 2室1厅 | 95.37平米 | 南 西,https://ke-image.ljcdn.com/110000-inspection/pc1_QdMl6Irfu.jpg!m_fill,w_280,h_210,f_jpg?from=ke.com
20240701,海淀,六里桥,101124144804,盛今大厦 2002年 东南采光不遮挡 随时可签,578万,51723元/平,顶层 (共23层) | 2002年 | 3室1厅 | 111.75平米 | 东南,https://ke-image.ljcdn.com/110000-inspection/pc1_iTizygO8E.jpg!m_fill,w_280,h_210,f_jpg?from=ke.com
20240701,海淀,六里桥,101124005668,六里桥小区 1室1厅 南,125万,39937元/平,地下室 (共6层) | 1991年 | 1室1厅 | 31.3平米 | 南,https://ke-image.ljcdn.com/110000-inspection/228cd44d-8906-4009-97fe-c5a638df55f4_1000.jpg!m_fill,w_280,h_210,f_jpg?from=ke.com
20240701,海淀,六里桥,101123979467,海淀产权 莲花小区 双卧朝南 诚心出售,733万,86429元/平,低楼层 (共28层) | 2004年 | 2室1厅 | 84.81平米 | 南 西,https://ke-image.ljcdn.com/110000-inspection/pc1_i3bFmjHNG_1.jpg!m_fill,w_280,h_210,f_jpg?from=ke.com
20240701,海淀,六里桥,101123940525,莲花小区  满五唯一 央产房 南北通透 采光充足房主自荐,1220万,83803元/平,中楼层 (共28层) | 2004年 | 3室2厅 | 145.58平米 | 南 北,https://ke-image.ljcdn.com/110000-inspection/pc1_MH5DbCsbO_1.jpg!m_fill,w_280,h_210,f_jpg?from=ke.com
20240701,海淀,六里桥,101123933816,吴家村路10号院 业主诚心卖 看房方便,528万,50868元/平,中楼层 (共24层) 3室1厅 | 103.8平米 | 东北,https://ke-image.ljcdn.com/110000-inspection/pc1_Cj244kqot.jpg!m_fill,w_280,h_210,f_jpg?from=ke.com
20240701,海淀,六里桥,101123883037,六里桥3号院 满五年唯一 三居室,578万,60003元/平,高楼层 (共6层) 3室1厅 | 96.33平米 | 南 北,https://ke-image.ljcdn.com/110000-inspection/pc1_GkGf3qhV8.jpg!m_fill,w_280,h_210,f_jpg?from=ke.com
20240701,海淀,六里桥,101123859535,莲怡园一区 满两年 南北三居室,395万,52008元/平,顶层 (共6层) 3室1厅 | 75.95平米 | 南 北,https://ke-image.ljcdn.com/110000-inspection/pc1_Dzlfr2CVF_1.jpg!m_fill,w_280,h_210,f_jpg?from=ke.com
20240701,海淀,六里桥,101123855736,随时签约！2013年人车分流小区正规一居室朝东。房主自荐,530万,81053元/平,中楼层 (共35层) | 2013年 | 1室1厅 | 65.39平米 | 东,https://ke-image.ljcdn.com/110000-inspection/pc1_R7OBCCLT7_1.jpg!m_fill,w_280,h_210,f_jpg?from=ke.com
20240701,海淀,六里桥,101123830471,南向电梯大一居户型方正楼层高视野好,427万,56512元/平,高楼层 (共16层) 1室1厅 | 75.56平米 | 南 北,https://ke-image.ljcdn.com/110000-inspection/4f8260f3-0556-434e-8012-250cec81d103_1000.jpg!m_fill,w_280,h_210,f_jpg?from=ke.com
20240701,海淀,六里桥,101123818452,万丰路18号橙色年代视野开阔采光充足,735万,82474元/平,高楼层 (共24层) | 2004年 | 2室1厅 | 89.12平米 | 东南,https://ke-image.ljcdn.com/110000-inspection/56178eef-bcfa-499d-8bf1-3bda22e673ac_1000.jpg!m_fill,w_280,h_210,f_jpg?from=ke.com
20240701,海淀,六里桥,101123810969,六里桥10号院 2室1厅 南 北,385万,54096元/平,中楼层 (共6层) | 1994年 | 2室1厅 | 71.17平米 | 南 北,https://ke-image.ljcdn.com/110000-inspection/pc1_hANtymou2.jpg!m_fill,w_280,h_210,f_jpg?from=ke.com
20240701,海淀,六里桥,101123786477,六里桥北里  南北两居室  低楼层出入方便房主自荐,318万,63284元/平,底层 (共6层) 2室1厅 | 50.25平米 | 南 北,https://ke-image.ljcdn.com/110000-inspection/pc1_M20GzRnvr_1.jpg!m_fill,w_280,h_210,f_jpg?from=ke.com
20240701,海淀,六里桥,101123684180,莲怡园北路1号院复式四居室诚心卖,570万,54457元/平,顶层 (共6层) 4室1厅 | 104.67平米 | 南 北,https://ke-image.ljcdn.com/110000-inspection/cb9a86cc-9685-43da-9e89-d39908012376_1000.jpg!m_fill,w_280,h_210,f_jpg?from=ke.com
20240701,海淀,六里桥,101123675428,莲花小区三居室业主稳定出售户型合理。房主自荐,980万,82492元/平,低楼层 (共28层) 3室2厅 | 118.8平米 | 南 北,https://ke-image.ljcdn.com/110000-inspection/pc1_zTEehkoox_1.jpg!m_fill,w_280,h_210,f_jpg?from=ke.com
20240701,海淀,六里桥,101123653329,西三环莲馨嘉园西南向3居2卫   人车分流  费用低,998万,69340元/平,中楼层 (共21层) 3室1厅 | 143.93平米 | 西南,https://ke-image.ljcdn.com/110000-inspection/pc1_kKqT3piQF.jpg!m_fill,w_280,h_210,f_jpg?from=ke.com
20240701,海淀,六里桥,101123606054,盛今佳园 7室3厅 东 南 西 北,2650万,60340元/平,高楼层 (共26层) | 2007年 | 7室3厅 | 439.18平米 | 东 南 西 北,https://ke-image.ljcdn.com/110000-inspection/pc1_lRPFGnQ5d.jpg!m_fill,w_280,h_210,f_jpg?from=ke.com
20240701,海淀,六里桥,101123539624,莲香园南北通透两居室 低楼层 行动方便房主自荐,535万,68389元/平,底层 (共6层) 2室1厅 | 78.23平米 | 南 北,https://ke-image.ljcdn.com/110000-inspection/pc1_t8cu5o9N3.jpg!m_fill,w_280,h_210,f_jpg?from=ke.com
20240701,海淀,六里桥,101123533361,西三环 永翌公馆 满五年唯一  一居室,478万,67268元/平,高楼层 (共25层) | 2011年 | 1室1厅 | 71.06平米 | 西,https://ke-image.ljcdn.com/110000-inspection/pc1_ZyQ2x990S.jpg!m_fill,w_280,h_210,f_jpg?from=ke.com
20240701,海淀,六里桥,101123497396,三环边南北两居室近地铁诚心卖,326万,47984元/平,顶层 (共6层) 2室1厅 | 67.94平米 | 南 北,https://ke-image.ljcdn.com/110000-inspection/05da107b-9970-4feb-8450-4fdefcd25c56_1000.jpg!m_fill,w_280,h_210,f_jpg?from=ke.com
20240701,海淀,六里桥,101123400639,莲花小区 2室1厅 东南,707万,83363元/平,中楼层 (共28层) | 2004年 | 2室1厅 | 84.81平米 | 东南,https://ke-image.ljcdn.com/110000-inspection/pc1_ZyQMuvVSG_1.jpg!m_fill,w_280,h_210,f_jpg?from=ke.com
20240701,海淀,六里桥,101123347381,莲花小区  海淀区 满五央产房  采光好房主自荐,750万,88433元/平,低楼层 (共28层) | 2004年 | 2室1厅 | 84.81平米 | 西南,https://ke-image.ljcdn.com/110000-inspection/c92fc48e-ed2b-40de-af3b-8832a4273ab3_1000.jpg!m_fill,w_280,h_210,f_jpg?from=ke.com
20240701,海淀,六里桥,101123343474,西三环莲海淀区花小区精装修视野开阔房主自荐,1080万,77359元/平,顶层 (共28层) 3室1厅 | 139.61平米 | 西南,https://ke-image.ljcdn.com/110000-inspection/pc1_i8eJpFn8O_1.jpg!m_fill,w_280,h_210,f_jpg?from=ke.com
20240701,海淀,六里桥,101123340996,盛今大厦精装满五年视野开阔采光充足房主自荐,595万,54951元/平,中楼层 (共23层) 2室2厅 | 108.28平米 | 西南,https://ke-image.ljcdn.com/110000-inspection/pc1_rfALUDAGj.jpg!m_fill,w_280,h_210,f_jpg?from=ke.com
20240701,海淀,六里桥,101123332648,莲花小区 海淀产权 满五年唯一 东南向,736万,72995元/平,中楼层 (共28层) 2室2厅 | 100.83平米 | 东南,https://ke-image.ljcdn.com/110000-inspection/935fcc34-3539-4bae-9f37-779901ce73e7_1000.jpg!m_fill,w_280,h_210,f_jpg?from=ke.com
20240701,海淀,六里桥,101123300435,西三环莲馨嘉园南向3居双卫费用少户型好人车分流小区,970万,67394元/平,低楼层 (共21层) | 2002年 | 3室2厅 | 143.93平米 | 西南,https://ke-image.ljcdn.com/110000-inspection/76132a7b-a497-4335-87da-621ae1d7a8ed_1000.jpg!m_fill,w_280,h_210,f_jpg?from=ke.com
20240701,海淀,六里桥,101123291105,满五年 仅契税 近六里桥地铁 高楼层 采光好,469万,66001元/平,高楼层 (共25层) | 2011年 | 1室1厅 | 71.06平米 | 西,https://ke-image.ljcdn.com/110000-inspection/pc1_9RJOyoM8b.jpg!m_fill,w_280,h_210,f_jpg?from=ke.com
20240701,海淀,六里桥,101123277241,海淀区吴家村路10号院西南朝向2居室,469万,68468元/平,低楼层 (共24层) 2室1厅 | 68.5平米 | 西南,https://ke-image.ljcdn.com/110000-inspection/ad21659c-18bb-49eb-aab5-39c62efce429_1000.jpg!m_fill,w_280,h_210,f_jpg?from=ke.com
20240701,海淀,六里桥,101123201653,莲馨嘉园大2居业主急售随时签约,700万,64068元/平,低楼层 (共21层) 2室1厅 | 109.26平米 | 西南,https://ke-image.ljcdn.com/110000-inspection/pc1_L8yXfq0xg_1.jpg!m_fill,w_280,h_210,f_jpg?from=ke.com
20240701,海淀,六里桥,101123161275,金家村1号院 三环边万寿路精装房拎包入住,262万,72217元/平,中楼层 (共6层) 1室1厅 | 36.28平米 | 南,https://ke-image.ljcdn.com/110000-inspection/pc1_OUC74Plw7.jpg!m_fill,w_280,h_210,f_jpg?from=ke.com
20240701,海淀,六里桥,101123144287,三环边带电梯钢混三居室户型方正,419万,57555元/平,高楼层 (共20层) | 1988年 | 3室1厅 | 72.8平米 | 西北,https://ke-image.ljcdn.com/110000-inspection/pc1_rdRxFMBll.jpg!m_fill,w_280,h_210,f_jpg?from=ke.com
20240701,海淀,六里桥,101123013535,海淀区产权正规一居业主诚意出售满两年,350万,64696元/平,低楼层 (共24层) 1室1厅 | 54.1平米 | 西北,https://ke-image.ljcdn.com/110000-inspection/pc1_QsAlQqRB3.jpg!m_fill,w_280,h_210,f_jpg?from=ke.com
20240701,海淀,六里桥,101122960765,靛厂路6号院 南北通透四居 诚心卖 看房方便,2287万,114718元/平,中楼层 (共15层) | 2006年 | 4室2厅 | 199.36平米 | 西 南 北,https://ke-image.ljcdn.com/110000-inspection/pc1_Cp1zNBDP6.jpg!m_fill,w_280,h_210,f_jpg?from=ke.com
20240701,海淀,六里桥,101122871644,万丰路 南北正规四居室 带电梯 得房率81.7%,1130万,58665元/平,中楼层 (共22层) 4室2厅 | 192.62平米 | 南 北,https://ke-image.ljcdn.com/110000-inspection/84cc67d5-3cc1-43e5-931a-2c5ac0ebc191_1000.jpg!m_fill,w_280,h_210,f_jpg?from=ke.com
20240701,海淀,六里桥,101122852551,金家村288号院电梯南北通透四居18楼带双车位,1050万,54512元/平,高楼层 (共22层) 4室1厅 | 192.62平米 | 南 北,https://ke-image.ljcdn.com/110000-inspection/pc1_lhHXtd2Iy_1.jpg!m_fill,w_280,h_210,f_jpg?from=ke.com
20240701,海淀,六里桥,101122819109,金家村288号院满五唯一电梯房三室两厅两卫。房主自荐,988万,61162元/平,中楼层 (共22层) 3室1厅 | 161.54平米 | 东南,https://ke-image.ljcdn.com/110000-inspection/pc1_D1Cz2pPIN_1.jpg!m_fill,w_280,h_210,f_jpg?from=ke.com
20240701,海淀,六里桥,101122812300,海淀铁路小区 双南向两居 满五年唯一 采光好 户型好,596万,83311元/平,低楼层 (共24层) 2室1厅 | 71.54平米 | 西南,https://ke-image.ljcdn.com/110000-inspection/pc1_rh9l81Xm2.jpg!m_fill,w_280,h_210,f_jpg?from=ke.com
20240701,海淀,六里桥,101122802572,风荷曲苑顶层复式满五年唯一商品房,1550万,83572元/平,顶层 (共11层) 4室2厅 | 185.47平米 | 南 北,https://ke-image.ljcdn.com/110000-inspection/pc1_WIOtZx8cU_1.jpg!m_fill,w_280,h_210,f_jpg?from=ke.com
20240701,海淀,六里桥,101122794803,丰台区金家村288号院带电梯三居室出售,940万,58190元/平,高楼层 (共22层) 3室1厅 | 161.54平米 | 南 北,https://ke-image.ljcdn.com/110000-inspection/pc1_UMqhYhmmL_1.jpg!m_fill,w_280,h_210,f_jpg?from=ke.com
20240701,海淀,六里桥,101122739523,莲花小区 海淀产权 满五年唯一 东南 双卫 1个租赁车位房主自荐,860万,72288元/平,中楼层 (共28层) | 2004年 | 2室2厅 | 118.97平米 | 东南,https://ke-image.ljcdn.com/110000-inspection/c3212b1b-c5dd-4ea5-a290-a440dc9481a7_1000.jpg!m_fill,w_280,h_210,f_jpg?from=ke.com
20240701,海淀,六里桥,101122715534,西三环六里桥花园式小区   费用少   宽敞豁亮  无遮挡房主自荐,700万,56339元/平,高楼层 (共24层) 3室2厅 | 124.25平米 | 东北,https://ke-image.ljcdn.com/110000-inspection/pc1_zBiar5BVB.jpg!m_fill,w_280,h_210,f_jpg?from=ke.com
20240701,海淀,六里桥,101122635148,西三环莲花池公园附近华宝公寓,800万,38704元/平,低楼层 (共14层) 3室1厅 | 206.7平米 | 东,https://ke-image.ljcdn.com/110000-inspection/pc1_uwi3yDzPO.jpg!m_fill,w_280,h_210,f_jpg?from=ke.com
20240701,海淀,六里桥,101122601988,海淀产权南北通透三居诚意出售复式结构无遮挡房主自荐,510万,60213元/平,顶层 (共6层) 3室1厅 | 84.7平米 | 南 北,https://ke-image.ljcdn.com/110000-inspection/pc1_JgTVGiDiX.jpg!m_fill,w_280,h_210,f_jpg?from=ke.com
20240701,海淀,六里桥,101122598726,海淀铁路小区 南向一居中楼层 满五唯一商品房 诚心卖房主自荐,438万,86974元/平,中楼层 (共24层) 1室1厅 | 50.36平米 | 南,https://ke-image.ljcdn.com/110000-inspection/0cff47bf-a513-4c05-aded-6f5d43267b08_1000.jpg!m_fill,w_280,h_210,f_jpg?from=ke.com
20240701,海淀,六里桥,101122565024,莲花小区 2室1厅 东南 西南,770万,76970元/平,中楼层 (共26层) 2室1厅 | 100.04平米 | 东南 西南,https://ke-image.ljcdn.com/110000-inspection/db76a5de-80f9-4be9-83ee-084f506186b9_1000.jpg!m_fill,w_280,h_210,f_jpg?from=ke.com
20240701,海淀,六里桥,101122544252,海淀2008年商品房双卧朝南大阳台俯瞰莲花池公园房主自荐,950万,79799元/平,中楼层 (共27层) 2室1厅 | 119.05平米 | 南,https://ke-image.ljcdn.com/110000-inspection/pc1_k8CcOxth2_1.jpg!m_fill,w_280,h_210,f_jpg?from=ke.com
20240701,海淀,六里桥,101122538771,金家村288号院 三居室高楼层视野好采光充足房主自荐,590万,60334元/平,顶层 (共6层) 3室1厅 | 97.79平米 | 南 北,https://ke-image.ljcdn.com/110000-inspection/pc1_skah1mlhU.jpg!m_fill,w_280,h_210,f_jpg?from=ke.com
20240701,海淀,六里桥,101122504546,满五唯一户型方正高层视野无遮挡厨卫干净精装修,570万,85407元/平,中楼层 (共35层) | 2013年 | 1室1厅 | 66.74平米 | 东,https://ke-image.ljcdn.com/110000-inspection/pc1_Bq0UBrO0W.jpg!m_fill,w_280,h_210,f_jpg?from=ke.com
20240701,海淀,六里桥,101122500637,铁路小区 海淀产权 南北向三居 产权清晰 看房方便房主自荐,585万,65305元/平,低楼层 (共24层) 3室1厅 | 89.58平米 | 东北,https://ke-image.ljcdn.com/110000-inspection/3c858e71-abe4-4808-8f6d-c331d2c1885a_1000.jpg!m_fill,w_280,h_210,f_jpg?from=ke.com
20240701,海淀,六里桥,101122490984,吴家村路10号院带电梯得三居海淀产权,540万,57325元/平,低楼层 (共24层) 3室1厅 | 94.2平米 | 西北,https://ke-image.ljcdn.com/110000-inspection/pc1_cBwGgxMe9_1.jpg!m_fill,w_280,h_210,f_jpg?from=ke.com
20240701,海淀,六里桥,101122463641,万丰路18号院正规两居户型方正布局合理房主自荐,785万,82311元/平,高楼层 (共24层) | 2004年 | 2室1厅 | 95.37平米 | 西南,https://ke-image.ljcdn.com/110000-inspection/pc1_4OkGck5Xt_1.jpg!m_fill,w_280,h_210,f_jpg?from=ke.com
20240701,海淀,六里桥,101122418080,新上房源铁路小区 东南两居 采光充足 满五唯一 靠谱签房主自荐,646万,90300元/平,高楼层 (共24层) 2室1厅 | 71.54平米 | 东南,https://ke-image.ljcdn.com/110000-inspection/pc1_3Ej2lHyMw_1.jpg!m_fill,w_280,h_210,f_jpg?from=ke.com
20240701,海淀,六里桥,101122391353,万丰路18号 一室一厅诚心出售,450万,74393元/平,低楼层 (共24层) | 2004年 | 1室1厅 | 60.49平米 | 东,https://ke-image.ljcdn.com/110000-inspection/pc1_rKx9iwEl6.jpg!m_fill,w_280,h_210,f_jpg?from=ke.com
20240701,海淀,六里桥,101122170320,店长推荐西三环六里桥铁路小区纯南两居室不临街楼层好房主自荐,645万,90160元/平,低楼层 (共24层) 2室1厅 | 71.54平米 | 西南,https://ke-image.ljcdn.com/110000-inspection/pc1_0uTeeI5pb.jpg!m_fill,w_280,h_210,f_jpg?from=ke.com
20240701,海淀,六里桥,101122167099,三环边全明格局三居室优化大两居室房主自荐,389万,48931元/平,顶层 (共6层) | 1994年 | 3室1厅 | 79.5平米 | 东 南 北,https://ke-image.ljcdn.com/110000-inspection/pc1_w7rFzUQAe.jpg!m_fill,w_280,h_210,f_jpg?from=ke.com
20240701,海淀,六里桥,101122106030,万寿路南侧 南北一居 户型方正 厨房卫生间带窗户,260万,67341元/平,底层 (共6层) 1室1厅 | 38.61平米 | 南,https://ke-image.ljcdn.com/110000-inspection/pc1_ivYuLx9YG_1.jpg!m_fill,w_280,h_210,f_jpg?from=ke.com
20240701,海淀,六里桥,101122012928,六里桥北里两居室体委家属楼精装婚房钢混有电梯,433万,58832元/平,中楼层 (共20层) 2室1厅 | 73.6平米 | 东南 北,https://ke-image.ljcdn.com/110000-inspection/pc1_eba4ELIFo_1.jpg!m_fill,w_280,h_210,f_jpg?from=ke.com
20240701,海淀,六里桥,101121880113,橙色年代一居室诚心出售看房方便。,515万,84900元/平,低楼层 (共24层) | 2004年 | 1室1厅 | 60.66平米 | 西,https://ke-image.ljcdn.com/110000-inspection/pc1_uXVpDFFTF.jpg!m_fill,w_280,h_210,f_jpg?from=ke.com
20240701,海淀,六里桥,101121830787,澐澐国际海淀产权全东朝向业主诚心出售,650万,63901元/平,低楼层 (共26层) | 2009年 | 1室1厅 | 101.72平米 | 东,https://ke-image.ljcdn.com/110000-inspection/pc1_UGn5gNEC5.jpg!m_fill,w_280,h_210,f_jpg?from=ke.com
20240701,海淀,六里桥,101121802560,金家村288号院正规一居室中间楼层,218万,56934元/平,中楼层 (共6层) 1室1厅 | 38.29平米 | 北,https://ke-image.ljcdn.com/110000-inspection/pc1_Hz10kDNNd_1.jpg!m_fill,w_280,h_210,f_jpg?from=ke.com
20240701,海淀,六里桥,101121793514,西三环 六里桥北里 南北通透两居室采光好房主自荐,280万,47905元/平,顶层 (共6层) 2室1厅 | 58.45平米 | 南 北,https://ke-image.ljcdn.com/110000-inspection/eb3608b1-c3a2-46a9-b4a9-d4d685a5f248_1000.jpg!m_fill,w_280,h_210,f_jpg?from=ke.com
20240701,海淀,六里桥,101121714977,盛今佳园 海淀产权一居室 小区新位置好,410万,110009元/平,中楼层 (共26层) 1室0厅 | 37.27平米 | 北,https://ke-image.ljcdn.com/110000-inspection/pc1_nzhuORsVI_1.jpg!m_fill,w_280,h_210,f_jpg?from=ke.com
20240701,海淀,六里桥,101121623908,金家村1号院电气化局三居室田字格户型,349万,51174元/平,顶层 (共6层) | 1990年 | 3室1厅 | 68.2平米 | 南 北,https://ke-image.ljcdn.com/110000-inspection/pc1_nA81n7MP8.jpg!m_fill,w_280,h_210,f_jpg?from=ke.com
20240701,海淀,六里桥,101121623894,海淀区橙色年代  东向一居室   诚心出售,550万,78137元/平,顶层 (共24层) 1室1厅 | 70.39平米 | 东,https://ke-image.ljcdn.com/110000-inspection/pc1_ELg6VhHPg_1.jpg!m_fill,w_280,h_210,f_jpg?from=ke.com
20240701,海淀,六里桥,101121623763,精装修拎包入住 海淀产权 吴家村路10号院房主自荐,460万,67154元/平,高楼层 (共24层) 2室1厅 | 68.5平米 | 东北,https://ke-image.ljcdn.com/110000-inspection/pc1_2DP9p0STT_1.jpg!m_fill,w_280,h_210,f_jpg?from=ke.com
20240701,海淀,六里桥,101121600093,吴家村路10号院 有电梯满五年唯一 中间层,360万,66544元/平,高楼层 (共24层) 1室1厅 | 54.1平米 | 东北,https://ke-image.ljcdn.com/110000-inspection/pc1_rvRjvKyJW_1.jpg!m_fill,w_280,h_210,f_jpg?from=ke.com
20240701,海淀,六里桥,101121518244,南向一居室 采光好 随时签约 价格可谈 看房方便,375万,73530元/平,高楼层 (共6层) 1室0厅 | 51平米 | 南,https://ke-image.ljcdn.com/110000-inspection/pc1_ifeZTv1Ff.jpg!m_fill,w_280,h_210,f_jpg?from=ke.com
20240701,海淀,六里桥,101121498639,六里桥7号院两居楼层好客厅大全南向近地铁,430万,60513元/平,中楼层 (共5层) 2室1厅 | 71.06平米 | 南,https://ke-image.ljcdn.com/110000-inspection/pc1_RUym42zPK_1.jpg!m_fill,w_280,h_210,f_jpg?from=ke.com
20240701,海淀,六里桥,101121462319,莲香园板楼2居  业主随时签约房主自荐,525万,68610元/平,高楼层 (共6层) 2室1厅 | 76.52平米 | 南 北,https://ke-image.ljcdn.com/110000-inspection/pc1_WUn6T2IBx.jpg!m_fill,w_280,h_210,f_jpg?from=ke.com
20240701,海淀,六里桥,101121444357,电梯房 体委宿舍 满五唯一 两梯八户房主自荐,425万,58380元/平,中楼层 (共20层) 3室1厅 | 72.8平米 | 西北,https://ke-image.ljcdn.com/110000-inspection/f2e324cc-fadf-4e66-bdc9-ed9f38c38baf_1000.jpg!m_fill,w_280,h_210,f_jpg?from=ke.com
20240701,海淀,六里桥,101121382814,莲花小区 海淀产权 南北通透 高楼层,950万,71039元/平,高楼层 (共28层) | 2004年 | 3室2厅 | 133.73平米 | 南 北,https://ke-image.ljcdn.com/110000-inspection/pc1_aGgMn3KQe.jpg!m_fill,w_280,h_210,f_jpg?from=ke.com
20240701,海淀,六里桥,101121346217,三环边商品房社区随时看房。,1599万,98304元/平,底层 (共11层) | 2007年 | 4室2厅 | 162.66平米 | 东 南 北,https://ke-image.ljcdn.com/110000-inspection/pc1_XWQ06BQBr.jpg!m_fill,w_280,h_210,f_jpg?from=ke.com
20240701,海淀,六里桥,101121343786,莲怡园北路1号院 四居室 诚心出售房主自荐,625万,49777元/平,顶层 (共6层) 4室2厅 | 125.56平米 | 南 北,https://ke-image.ljcdn.com/110000-inspection/pc1_z0ofctOZh.jpg!m_fill,w_280,h_210,f_jpg?from=ke.com
20240701,海淀,六里桥,101121300165,莲花小区 2室1厅 西南,730万,79417元/平,中楼层 (共28层) | 2004年 | 2室1厅 | 91.92平米 | 西南,https://ke-image.ljcdn.com/110000-inspection/1205b359-85ad-49b8-b098-b994513dfaf5_1000.jpg!m_fill,w_280,h_210,f_jpg?from=ke.com
20240701,海淀,六里桥,101121267253,吴家村路10号院海淀区产权南北通透复式结构诚心出售,525万,67136元/平,顶层 (共6层) 2室1厅 | 78.2平米 | 南 北,https://ke-image.ljcdn.com/110000-inspection/pc1_NJJHCMqFV_1.jpg!m_fill,w_280,h_210,f_jpg?from=ke.com
20240701,海淀,六里桥,101121266519,西三环六里桥莲怡园北路1号院南北通透采光充足,540万,65822元/平,高楼层 (共6层) | 1998年 | 3室1厅 | 82.04平米 | 南 北,https://ke-image.ljcdn.com/110000-inspection/pc1_MVjyvwc9r_1.jpg!m_fill,w_280,h_210,f_jpg?from=ke.com
20240701,海淀,六里桥,101121223215,华宝公寓 5室2厅 南 北,1020万,38564元/平,中楼层 (共14层) 5室2厅 | 264.5平米 | 南 北,https://ke-image.ljcdn.com/110000-inspection/7a4ef7ce-6e2d-403e-99c5-c6bba6acf44e_1000.jpg!m_fill,w_280,h_210,f_jpg?from=ke.com
20240701,海淀,六里桥,101121131242,风荷曲苑 2室1厅 南,990万,100692元/平,中楼层 (共20层) 2室1厅 | 98.32平米 | 南,https://ke-image.ljcdn.com/110000-inspection/pc1_ZdWMnMLh1.jpg!m_fill,w_280,h_210,f_jpg?from=ke.com
20240701,海淀,六里桥,101121120623,橙色年代全明格局三居室诚心出售,1180万,85862元/平,中楼层 (共6层) 3室2厅 | 137.43平米 | 东 西,https://ke-image.ljcdn.com/110000-inspection/pc1_IziIFQUQp.jpg!m_fill,w_280,h_210,f_jpg?from=ke.com
20240701,海淀,六里桥,101121028916,满五唯一交易成本低近地铁配套全,295万,42495元/平,顶层 (共6层) 2室1厅 | 69.42平米 | 东 西,https://ke-image.ljcdn.com/110000-inspection/pc1_ykc9qm8qQ_1.jpg!m_fill,w_280,h_210,f_jpg?from=ke.com
20240701,海淀,六里桥,101121018833,莲花小区海淀区西三环无遮挡采光好,777万,79036元/平,高楼层 (共28层) | 2004年 | 2室1厅 | 98.31平米 | 西南,https://ke-image.ljcdn.com/110000-inspection/27334d4d-3db8-4f3f-9bad-6d42ea869695_1000.jpg!m_fill,w_280,h_210,f_jpg?from=ke.com
20240701,海淀,六里桥,101121000317,西三环海淀区铁路小区大客厅1居 费用少户型好视野不错,375万,81047元/平,中楼层 (共24层) 1室1厅 | 46.27平米 | 西,https://ke-image.ljcdn.com/110000-inspection/027bd446-81e2-428f-b25c-b08bf88640e3_1000.jpg!m_fill,w_280,h_210,f_jpg?from=ke.com
20240701,海淀,六里桥,101120968542,莲宝路10号院海淀产权南北复式结构业主诚意出售,510万,60213元/平,顶层 (共6层) 3室1厅 | 84.7平米 | 北 南,https://ke-image.ljcdn.com/110000-inspection/pc1_hYmZc3nlN.jpg!m_fill,w_280,h_210,f_jpg?from=ke.com
20240701,海淀,六里桥,101120930521,靛厂路6号院 万丰公园边上 南北大四居 使用面积大,1850万,119363元/平,高楼层 (共6层) | 2006年 | 4室2厅 | 154.99平米 | 南 北,https://ke-image.ljcdn.com/110000-inspection/pc1_oW1Whxa74_1.jpg!m_fill,w_280,h_210,f_jpg?from=ke.com
20240701,海淀,六里桥,101120922627,吴家村路10号院  海淀产权 居住舒适 看房效果棒,360万,66544元/平,中楼层 (共24层) 1室1厅 | 54.1平米 | 东北,https://ke-image.ljcdn.com/110000-inspection/pc1_KQXdqe6EO_1.jpg!m_fill,w_280,h_210,f_jpg?from=ke.com
20240701,海淀,六里桥,101120897404,莲香园东南香三居室 明厨明卫 采光视野好,1050万,68404元/平,低楼层 (共24层) 3室1厅 | 153.5平米 | 南,https://ke-image.ljcdn.com/110000-inspection/pc1_nC32HwRk9.jpg!m_fill,w_280,h_210,f_jpg?from=ke.com
20240701,海淀,六里桥,101120575931,盛今佳园 2室1厅 南 北,950万,92251元/平,高楼层 (共26层) 2室1厅 | 102.98平米 | 南 北,https://ke-image.ljcdn.com/110000-inspection/pc1_lvyJFO4o7.jpg!m_fill,w_280,h_210,f_jpg?from=ke.com
20240701,海淀,六里桥,101120309037,随时签约随时看房满五年唯一海淀产权人车分流房主自荐,799万,88464元/平,中楼层 (共35层) | 2013年 | 2室1厅 | 90.32平米 | 南,https://ke-image.ljcdn.com/110000-inspection/pc1_dJXzTrxDt.jpg!m_fill,w_280,h_210,f_jpg?from=ke.com
20240701,海淀,六里桥,101120168413,盛今佳园 3室1厅 西南 北,1168万,98111元/平,中楼层 (共27层) 3室1厅 | 119.05平米 | 西南 北,https://ke-image.ljcdn.com/110000-inspection/pc1_4pqondURQ.jpg!m_fill,w_280,h_210,f_jpg?from=ke.com
20240701,海淀,六里桥,101120030083,莲香园板楼南北通透大两居户型方正通风采光不临街,670万,64510元/平,中楼层 (共7层) 2室1厅 | 103.86平米 | 南 北,https://ke-image.ljcdn.com/110000-inspection/pc1_aEUC8I6CK.jpg!m_fill,w_280,h_210,f_jpg?from=ke.com
20240701,海淀,六里桥,101120003556,六里桥北里体委宿舍电梯房业主诚心出售,448万,60870元/平,低楼层 (共20层) | 1988年 | 3室1厅 | 73.6平米 | 东北,https://ke-image.ljcdn.com/110000-inspection/pc1_7oPduHnkW.jpg!m_fill,w_280,h_210,f_jpg?from=ke.com
20240701,海淀,六里桥,101119929416,海淀区满五年唯一东南向两居采光好不临街正对小区,498万,73998元/平,低楼层 (共24层) 2室1厅 | 67.3平米 | 东南,https://ke-image.ljcdn.com/110000-inspection/pc1_mdaZ1gej5.jpg!m_fill,w_280,h_210,f_jpg?from=ke.com
20240701,海淀,六里桥,101119929390,高楼层视野开阔产权清晰无抵押无贷款,290万,59064元/平,顶层 (共6层) 1室1厅 | 49.1平米 | 北,https://ke-image.ljcdn.com/110000-inspection/pc1_IV170GQJ8_1.jpg!m_fill,w_280,h_210,f_jpg?from=ke.com
20240701,海淀,六里桥,101119846557,西三环莲花桥海淀产权莲花小区,850万,76924元/平,中楼层 (共28层) | 2004年 | 2室1厅 | 110.5平米 | 东南,https://ke-image.ljcdn.com/110000-inspection/pc1_d72TLUqSG_1.jpg!m_fill,w_280,h_210,f_jpg?from=ke.com
20240701,海淀,六里桥,101119730796,南北三居室 地铁六里桥站  带电梯 卫生间带窗户,598万,63456元/平,高楼层 (共14层) 3室1厅 | 94.24平米 | 南 北,https://ke-image.ljcdn.com/110000-inspection/pc1_gesJbmoNR.jpg!m_fill,w_280,h_210,f_jpg?from=ke.com
20240701,海淀,六里桥,101119673694,永翌公馆 1室1厅 西,490万,68956元/平,低楼层 (共25层) | 2011年 | 1室1厅 | 71.06平米 | 西,https://ke-image.ljcdn.com/110000-inspection/pc1_tOt4ZjG9F_1.jpg!m_fill,w_280,h_210,f_jpg?from=ke.com
20240701,海淀,六里桥,101119523025,南北通透正规两居低楼层视野好近地铁配套完善,299万,48242元/平,顶层 (共6层) 2室1厅 | 61.98平米 | 南 北,https://ke-image.ljcdn.com/110000-inspection/pc1_CE6xa9ssz_1.jpg!m_fill,w_280,h_210,f_jpg?from=ke.com
20240701,海淀,六里桥,101119487469,莲怡园北路1号院满五唯一南北通透,235万,51468元/平,中楼层 (共6层) 1室1厅 | 45.66平米 | 南 北,https://ke-image.ljcdn.com/110000-inspection/pc1_sGsLOXvuu_1.jpg!m_fill,w_280,h_210,f_jpg?from=ke.com
20240701,海淀,六里桥,101119390513,风荷曲苑西向一居室满五年唯一业主诚心出售。,365万,79073元/平,低楼层 (共20层) 1室0厅 | 46.16平米 | 西,https://ke-image.ljcdn.com/110000-inspection/pc1_gQoSdvH1i_1.jpg!m_fill,w_280,h_210,f_jpg?from=ke.com
20240701,海淀,六里桥,101119362123,西三环 华宝公寓  大复式  高层高 莲花池公园畔,660万,43223元/平,中楼层 (共14层) 3室2厅 | 152.7平米 | 东 西,https://ke-image.ljcdn.com/110000-inspection/3afff676-9b06-40a9-9060-b70948dd1a7c_1000.jpg!m_fill,w_280,h_210,f_jpg?from=ke.com
20240701,海淀,六里桥,101119298895,莲宝路2号院东南向2居中间好楼层小区干净整齐,532万,61575元/平,低楼层 (共23层) | 2002年 | 2室1厅 | 86.4平米 | 东南,https://ke-image.ljcdn.com/110000-inspection/pc1_UfHcg9SiV.jpg!m_fill,w_280,h_210,f_jpg?from=ke.com
20240701,海淀,六里桥,101119242828,西三环花园式小区环境莲香园南北通透2居   费用少,605万,77337元/平,底层 (共6层) | 1999年 | 2室1厅 | 78.23平米 | 南 北,https://ke-image.ljcdn.com/110000-inspection/pc1_OUOOeiodP.jpg!m_fill,w_280,h_210,f_jpg?from=ke.com
20240701,海淀,六里桥,101119080035,西南三环边低层出行方便装修好可以拎包入住,185万,34184元/平,地下室 (共6层) 2室1厅 | 54.12平米 | 南,https://ke-image.ljcdn.com/110000-inspection/a7ab7d92-6820-4146-a739-92630a8aaef1_1000.jpg!m_fill,w_280,h_210,f_jpg?from=ke.com
20240701,海淀,六里桥,101118957049,莲香园 新上正规三居室 高楼层视野开阔 满五年央产房房主自荐,683万,64228元/平,顶层 (共16层) 3室1厅 | 106.34平米 | 东 北,https://ke-image.ljcdn.com/110000-inspection/pc1_a9yJGnHjN_1.jpg!m_fill,w_280,h_210,f_jpg?from=ke.com
20240701,海淀,六里桥,101118938837,莲怡园二区大两居南北通透中楼层电梯房采光好,640万,63067元/平,中楼层 (共13层) | 2005年 | 2室1厅 | 101.48平米 | 南 北,https://ke-image.ljcdn.com/110000-inspection/pc1_OzEVUU9b7.jpg!m_fill,w_280,h_210,f_jpg?from=ke.com
20240701,海淀,六里桥,101118655229,金家村1号院全南两居室视野开阔诚心出售,296万,60582元/平,顶层 (共5层) 2室1厅 | 48.86平米 | 南,https://ke-image.ljcdn.com/110000-inspection/pc1_5TlUGcCqR.jpg!m_fill,w_280,h_210,f_jpg?from=ke.com
20240701,海淀,六里桥,101118653278,六里桥小区两居东南北通透商品房近临六里桥地铁,368万,59174元/平,底层 (共6层) 2室1厅 | 62.19平米 | 南 北 东,https://ke-image.ljcdn.com/110000-inspection/pc1_3n9ppjy6m_1.jpg!m_fill,w_280,h_210,f_jpg?from=ke.com
20240701,海淀,六里桥,101118526899,南北通透明厨明卫低层出行方便双线地铁六里桥站,190万,32220元/平,地下室 (共6层) | 2007年 | 2室1厅 | 58.97平米 | 南 北,https://ke-image.ljcdn.com/110000-inspection/pc1_NudF76Upw.jpg!m_fill,w_280,h_210,f_jpg?from=ke.com
20240701,海淀,六里桥,101118243113,三环边海淀产权采光无遮挡精装东西通透两居房主自荐,550万,88397元/平,高楼层 (共6层) 2室1厅 | 62.22平米 | 东 西,https://ke-image.ljcdn.com/110000-inspection/pc1_vwahy480i.jpg!m_fill,w_280,h_210,f_jpg?from=ke.com
20240701,海淀,六里桥,101118213101,西三环东西通透两居室 高楼层视野开阔无遮挡,309万,55606元/平,高楼层 (共6层) 2室1厅 | 55.57平米 | 东 西,https://ke-image.ljcdn.com/110000-inspection/pc1_fybdFmz2n_1.jpg!m_fill,w_280,h_210,f_jpg?from=ke.com
20240701,海淀,六里桥,101118152434,六里桥7号院满五年唯一商品房。,245万,60197元/平,顶层 (共6层) 1室1厅 | 40.7平米 | 南 北,https://ke-image.ljcdn.com/110000-inspection/prod-3d93f1e4-e4a1-4f09-9904-8aceb7b9dcd2.jpg!m_fill,w_280,h_210,f_jpg?from=ke.com
20240701,海淀,六里桥,101118137601,六里桥花园式社区莲香园三居室满五年唯一房主自荐,635万,59715元/平,低楼层 (共24层) 3室2厅 | 106.34平米 | 南 东北,https://ke-image.ljcdn.com/110000-inspection/pc1_cq0x1Jgvb_1.jpg!m_fill,w_280,h_210,f_jpg?from=ke.com
20240701,海淀,六里桥,101118106090,东南向两居 采光充足 视野开阔 精装修 可拎包入住,759万,85167元/平,高楼层 (共24层) | 2004年 | 2室1厅 | 89.12平米 | 东南,https://ke-image.ljcdn.com/110000-inspection/pc1_ZNUCKLS05.jpg!m_fill,w_280,h_210,f_jpg?from=ke.com
20240701,海淀,六里桥,101118058368,西三环 六里桥 楼层好视野好 光线好 交通便利房主自荐,499万,65085元/平,低楼层 (共25层) | 2011年 | 1室1厅 | 76.67平米 | 西,https://ke-image.ljcdn.com/110000-inspection/pc1_0fTYbV28U_1.jpg!m_fill,w_280,h_210,f_jpg?from=ke.com
20240701,海淀,六里桥,101118054856,六里桥3号院满五年唯一东南三居室地铁六里桥站,609万,53591元/平,顶层 (共6层) 3室1厅 | 113.64平米 | 东南,https://ke-image.ljcdn.com/110000-inspection/pc1_QvKnmXB44.jpg!m_fill,w_280,h_210,f_jpg?from=ke.com
20240701,海淀,六里桥,101118052204,铁路小区 西三环海淀产权 南北通透 全明格局小区中间,758万,95000元/平,顶层 (共6层) 3室2厅 | 79.79平米 | 南 北,https://ke-image.ljcdn.com/110000-inspection/pc1_BOx8koIRY_1.jpg!m_fill,w_280,h_210,f_jpg?from=ke.com
20240701,海淀,六里桥,101118024164,06年商品房小区1梯4户 落地阳台 南向双卫,418万,76881元/平,高楼层 (共10层) | 2006年 | 1室1厅 | 54.37平米 | 南,https://ke-image.ljcdn.com/110000-inspection/pc1_9E5BNmLFZ.jpg!m_fill,w_280,h_210,f_jpg?from=ke.com
20240701,海淀,六里桥,101117792695,林滤家园复式住宅全南向采光好,708万,96432元/平,高楼层 (共10层) | 2006年 | 2室1厅 | 73.42平米 | 南,https://ke-image.ljcdn.com/110000-inspection/pc1_5OR0UUpVU_1.jpg!m_fill,w_280,h_210,f_jpg?from=ke.com
20240701,海淀,六里桥,101117236595,吴家村路10号院优质推广 房源,480万,54795元/平,顶层 (共6层) 3室1厅 | 87.6平米 | 南 北,https://ke-image.ljcdn.com/110000-inspection/pc1_e89b667QX.jpg!m_fill,w_280,h_210,f_jpg?from=ke.com
20240701,海淀,六里桥,101117059850,三环边中间层三居室随时看房房主自荐,442万,65951元/平,中楼层 (共6层) | 1991年 | 3室1厅 | 67.02平米 | 南 北,https://ke-image.ljcdn.com/110000-inspection/c2eb6bd9-2af7-4203-b8d0-faddaf37154f_1000.jpg!m_fill,w_280,h_210,f_jpg?from=ke.com
20240701,海淀,六里桥,101116056894,莲花小区 海淀产权 精装修 满五唯一 正对小区绿化,775万,70423元/平,低楼层 (共28层) 2室1厅 | 110.05平米 | 西南,https://ke-image.ljcdn.com/110000-inspection/pc1_YvlHSBftm.jpg!m_fill,w_280,h_210,f_jpg?from=ke.com
20240701,海淀,六里桥,101114692184,海淀西三环 莲花小区 复式 诚心出售,1150万,76631元/平,高楼层 (共28层) | 2004年 | 3室1厅 | 150.07平米 | 东 南 北,https://ke-image.ljcdn.com/110000-inspection/pc1_ooimE6Wg8.jpg!m_fill,w_280,h_210,f_jpg?from=ke.com
20240701,海淀,六里桥,101114141169,吴家村10号院海淀大三居 独立餐厅阳台到楼层东南朝向房主自荐,830万,79962元/平,高楼层 (共24层) 3室2厅 | 103.8平米 | 东 南,https://ke-image.ljcdn.com/110000-inspection/pc1_I0ft3gdYP.jpg!m_fill,w_280,h_210,f_jpg?from=ke.com
20240701,海淀,六里桥,101113664241,莲香园东南向精致两居室诚心出售满五业主唯一住房,610万,65740元/平,中楼层 (共24层) | 2000年 | 2室1厅 | 92.79平米 | 东,https://ke-image.ljcdn.com/110000-inspection/pc1_ZiXU4uRcy.jpg!m_fill,w_280,h_210,f_jpg?from=ke.com
20240701,海淀,六里桥,101112752461,西三环九号十号双地铁2.8米高层高精装跃层,1565万,70985元/平,顶层 (共24层) | 2001年 | 4室2厅 | 220.47平米 | 南 西 北,https://ke-image.ljcdn.com/110000-inspection/pc1_mNlieV8St.jpg!m_fill,w_280,h_210,f_jpg?from=ke.com
20240701,海淀,六里桥,101112306249,海淀区产权正规东南向两居复式结构满五年唯一,520万,63875元/平,顶层 (共6层) 2室1厅 | 81.41平米 | 东南,https://ke-image.ljcdn.com/110000-inspection/pc1_Xezkg73KA_1.jpg!m_fill,w_280,h_210,f_jpg?from=ke.com
20240701,海淀,六里桥,101104312125,莲香园南北通透四居室视野好户型好,860万,43134元/平,高楼层 (共7层) | 2000年 | 4室1厅 | 199.38平米 | 南 北,https://ke-image.ljcdn.com/110000-inspection/prod-b5c203ff-4dcf-453b-9a3d-443f436a11d9.jpg!m_fill,w_280,h_210,f_jpg?from=ke.com
20240701,海淀,六里桥,101125184760,橙色年代 1室1厅 西新上,520万,81124元/平,中楼层 (共24层) | 2004年 | 1室1厅 | 64.1平米 | 西,https://s1.ljcdn.com/pegasus/redskull/images/common/default_house_list.png?_v=20240624162946
20240701,海淀,六里桥,101125063441,西三环花园式小区环境   莲香园南向2居  费用低,600万,65510元/平,高楼层 (共24层) 2室1厅 | 91.59平米 | 西南,https://s1.ljcdn.com/pegasus/redskull/images/common/default_house_list.png?_v=20240624162946
20240701,海淀,六里桥,101125005204,海淀区橙色年代   西向两居  高楼层  视野好,725万,76020元/平,高楼层 (共24层) | 2004年 | 2室1厅 | 95.37平米 | 西,https://s1.ljcdn.com/pegasus/redskull/images/common/default_house_list.png?_v=20240624162946
20240701,海淀,六里桥,101124980941,海淀区南北通透3居   全明格局  费用低 不临街,720万,90237元/平,低楼层 (共6层) 3室1厅 | 79.79平米 | 南 北,https://s1.ljcdn.com/pegasus/redskull/images/common/default_house_list.png?_v=20240624162946
20240701,海淀,六里桥,101124828311,三环边南北三居高层采光视野好1998年,520万,61692元/平,顶层 (共5层) | 1998年 | 3室1厅 | 84.29平米 | 南,https://s1.ljcdn.com/pegasus/redskull/images/common/default_house_list.png?_v=20240624162946
20240701,海淀,六里桥,101124736401,风荷曲苑 3室2厅 南 西 北,1320万,96456元/平,高楼层 (共11层) 3室2厅 | 136.85平米 | 南 西 北,https://s1.ljcdn.com/pegasus/redskull/images/common/default_house_list.png?_v=20240624162946
20240701,海淀,六里桥,101124704362,橙色年代 万丰路18号院 花园社区房主自荐,680万,71302元/平,中楼层 (共24层) | 2004年 | 2室1厅 | 95.37平米 | 西,https://s1.ljcdn.com/pegasus/redskull/images/common/default_house_list.png?_v=20240624162946
20240701,海淀,六里桥,101124686613,金家村288号院南北通透电子工业出版社,498万,59756元/平,低楼层 (共6层) 2室2厅 | 83.34平米 | 南 北,https://s1.ljcdn.com/pegasus/redskull/images/common/default_house_list.png?_v=20240624162946
20240701,海淀,六里桥,101124672928,莲香园新上优质2居  业主诚心出售,570万,61430元/平,高楼层 (共24层) 2室1厅 | 92.79平米 | 东南,https://s1.ljcdn.com/pegasus/redskull/images/common/default_house_list.png?_v=20240624162946
20240701,海淀,六里桥,101124668375,风荷曲苑 中高层 满五唯一 朝向小区,380万,82359元/平,高楼层 (共20层) 1室1厅 | 46.14平米 | 东,https://s1.ljcdn.com/pegasus/redskull/images/common/default_house_list.png?_v=20240624162946
20240701,海淀,六里桥,101124601903,西三环六里桥莲香园新上优质二居室 工信部家属楼房主自荐,510万,65243元/平,低楼层 (共16层) | 1999年 | 2室1厅 | 78.17平米 | 西南,https://s1.ljcdn.com/pegasus/redskull/images/common/default_house_list.png?_v=20240624162946
20240701,海淀,六里桥,101124463901,西三环六里桥西南两居室花园社区电梯房,466万,55856元/平,低楼层 (共20层) 2室1厅 | 83.43平米 | 西南,https://s1.ljcdn.com/pegasus/redskull/images/common/default_house_list.png?_v=20240624162946
20240701,海淀,六里桥,101124408423,西三环 海淀产权 莲花小区 单价低的大两居,799万,60444元/平,中楼层 (共28层) 2室2厅 | 132.19平米 | 西南,https://s1.ljcdn.com/pegasus/redskull/images/common/default_house_list.png?_v=20240624162946
20240701,海淀,六里桥,101124379525,莲花小区 海淀产权 满五年唯一 高楼层 视野好,750万,81593元/平,高楼层 (共28层) | 2004年 | 2室2厅 | 91.92平米 | 西南,https://s1.ljcdn.com/pegasus/redskull/images/common/default_house_list.png?_v=20240624162946
20240701,海淀,六里桥,101124379296,风荷曲苑 3室2厅 南 北,1400万,114146元/平,中楼层 (共11层) 3室2厅 | 122.65平米 | 南 北,https://s1.ljcdn.com/pegasus/redskull/images/common/default_house_list.png?_v=20240624162946
20240701,海淀,六里桥,101124263208,莲香园高层带电梯三居 主卧南北通透 户型好,730万,55220元/平,高楼层 (共18层) 3室2厅 | 132.2平米 | 南 西北,https://s1.ljcdn.com/pegasus/redskull/images/common/default_house_list.png?_v=20240624162946
20240701,海淀,六里桥,101124116098,盛今佳园   商业办公性质  上下两层的复式结构,230万,66302元/平,中楼层 (共18层) | 2009年 | 2室1厅 | 34.69平米 | 东南,https://s1.ljcdn.com/pegasus/redskull/images/common/default_house_list.png?_v=20240624162946
20240701,海淀,六里桥,101123811108,盛今佳园  精装修  上下两层  复式结构,158万,54240元/平,中楼层 (共18层) | 2009年 | 1室1厅 | 29.13平米 | 西北,https://s1.ljcdn.com/pegasus/redskull/images/common/default_house_list.png?_v=20240624162946
20240701,海淀,六里桥,101123732363,海淀区万丰路18号院商业办公类房子诚心出售,185万,31103元/平,低楼层 (共24层) | 2004年 | 1室1厅 | 59.48平米 | 东,https://s1.ljcdn.com/pegasus/redskull/images/common/default_house_list.png?_v=20240624162946
20240701,海淀,六里桥,101123706968,盛今佳园 复式大窗户 商业办公类,142万,48006元/平,中楼层 (共18层) 1室1厅 | 29.58平米 | 北,https://s1.ljcdn.com/pegasus/redskull/images/common/default_house_list.png?_v=20240624162946
20240701,海淀,六里桥,101123567318,海淀区西三环莲花桥复式好房看房方便,240万,73462元/平,低楼层 (共18层) 2室1厅 | 32.67平米 | 南,https://s1.ljcdn.com/pegasus/redskull/images/common/default_house_list.png?_v=20240624162946
20240701,海淀,六里桥,101123480505,莲花池西路23号  国税局家属院  南北通透  好户型,620万,70696元/平,中楼层 (共24层) 2室2厅 | 87.7平米 | 南 北,https://s1.ljcdn.com/pegasus/redskull/images/common/default_house_list.png?_v=20240624162946
20240701,海淀,六里桥,101122420880,海淀区 复式结构 新社区 新环境,140万,50524元/平,高楼层 (共18层) 1室1厅 | 27.71平米 | 北,https://s1.ljcdn.com/pegasus/redskull/images/common/default_house_list.png?_v=20240624162946
20240701,海淀,六里桥,101122081913,盛今佳园   东南向上下复式  采光好  楼层好,236万,72062元/平,高楼层 (共18层) 2室1厅 | 32.75平米 | 东南,https://s1.ljcdn.com/pegasus/redskull/images/common/default_house_list.png?_v=20240624162946
20240701,海淀,六里桥,101121527256,盛今佳园  南北向复式  精装修,275万,62529元/平,中楼层 (共18层) 2室1厅 | 43.98平米 | 南 北,https://s1.ljcdn.com/pegasus/redskull/images/common/default_house_list.png?_v=20240624162946
20240701,海淀,六里桥,101120256900,盛今佳园复式结构业主靠谱出售,150万,54447元/平,中楼层 (共18层) 1室1厅 | 27.55平米 | 北,https://s1.ljcdn.com/pegasus/redskull/images/common/default_house_list.png?_v=20240624162946
20240701,海淀,六里桥,101118090015,莲怡园北路1号院复式三居诚心出售,758万,50822元/平,顶层 (共6层) | 1996年 | 3室2厅 | 149.15平米 | 南 北,https://ke-image.ljcdn.com/110000-inspection/309173a5-4d3e-49d8-92dc-b9bcf80f2092.jpg!m_fill,w_280,h_210,f_jpg?from=ke.com
20240701,海淀,六里桥,101117834772,盛今佳园 3室1厅 南 北,500万,74306元/平,高楼层 (共18层) 3室1厅 | 67.29平米 | 南 北,https://s1.ljcdn.com/pegasus/redskull/images/common/default_house_list.png?_v=20240624162946
20240701,海淀,六里桥,101112815656,橙色年代2004年的商品房社区小区环境干净整洁,195万,22223元/平,低楼层 (共24层) | 2004年 | 2室1厅 | 87.75平米 | 东,https://s1.ljcdn.com/pegasus/redskull/images/common/default_house_list.png?_v=20240624162946
20240701,海淀,六里桥,101112289013,吴家场路1号院周边交通便利配套成熟。房主自荐,1497万,49864元/平,低楼层 (共26层) 3室2厅 | 300.22平米 | 南 西 北,https://s1.ljcdn.com/pegasus/redskull/images/common/default_house_list.png?_v=20240624162946
20240701,海淀,六里桥,101107042282,澐澐国际大车位停车方便方便您的生活,50万,6970元/平,地下室 (共29层) | 2009年 | 1室0厅 | 71.74平米 | 南,https://ke-image.ljcdn.com/110000-inspection/927fee7d9dc298bbfa8ce06c5e8664f6-032.jpg!m_fill,w_280,h_210,f_jpg?from=ke.com
