20240219,朝阳,双井,101122735025,华腾园 二期精装修一居室 中楼层 视野好无遮挡必看好房,450万,76766元/平,中楼层 (共28层) 1室1厅 | 58.62平米 | 北,https://ke-image.ljcdn.com/110000-inspection/42c1fd27-9a71-424c-945c-bf30dc444df3_1000.jpg!m_fill,w_280,h_210,f_jpg?from=ke.com
20240219,朝阳,双井,101122710680,龙吟半岛三居室二次装修采光无遮挡必看好房,1368万,107548元/平,中楼层 (共11层) | 2007年 | 3室1厅 | 127.2平米 | 西南,https://ke-image.ljcdn.com/110000-inspection/pc1_qgJlzJ93D_1.jpg!m_fill,w_280,h_210,f_jpg?from=ke.com
20240219,朝阳,双井,101122615691,百环家园 2室1厅 西南必看好房,560万,58389元/平,低楼层 (共26层) 2室1厅 | 95.91平米 | 西南,https://ke-image.ljcdn.com/110000-inspection/pc1_YwNH9Di6J_1.jpg!m_fill,w_280,h_210,f_jpg?from=ke.com
20240219,朝阳,双井,101122567626,苹果南区 看中国尊 正对小区花园 视野好 看房方便必看好房,415万,75073元/平,高楼层 (共21层) | 2005年 | 1室0厅 | 55.28平米 | 北,https://ke-image.ljcdn.com/110000-inspection/pc1_M7IpWMu2Y_1.jpg!m_fill,w_280,h_210,f_jpg?from=ke.com
20240219,朝阳,双井,101122534222,东3环双井国贸南向2居首城国际C区中高层必看好房,846万,97086元/平,低楼层 (共28层) | 2011年 | 2室1厅 | 87.14平米 | 南,https://ke-image.ljcdn.com/110000-inspection/pc1_E6x810sW1.jpg!m_fill,w_280,h_210,f_jpg?from=ke.com
20240219,朝阳,双井,101122699609,东三环华腾园东南两居 中高层观小区花园,639万,71365元/平,中楼层 (共28层) | 2001年 | 2室1厅 | 89.54平米 | 东南,https://ke-image.ljcdn.com/110000-inspection/8dc30ca0-c7c9-4c34-96b5-69ca4cf57a68_1000.jpg!m_fill,w_280,h_210,f_jpg?from=ke.com
20240219,朝阳,双井,101122697703,富力城D区中间位置南北三居前后看花园我有钥匙,1868万,109151元/平,低楼层 (共23层) | 2005年 | 3室2厅 | 171.14平米 | 南 北,https://ke-image.ljcdn.com/110000-inspection/pc1_R8XSo1sup_1.jpg!m_fill,w_280,h_210,f_jpg?from=ke.com
20240219,朝阳,双井,101122506634,苹果社区 高层南向开间 落地窗 满五唯一 层高3米,338万,57134元/平,中楼层 (共21层) 1室0厅 | 59.16平米 | 南,https://ke-image.ljcdn.com/110000-inspection/pc1_iXBAjEqKj.jpg!m_fill,w_280,h_210,f_jpg?from=ke.com
20240219,朝阳,双井,101122487369,满五唯一商品房楼层高视野开阔采光充足,880万,63015元/平,高楼层 (共27层) | 2005年 | 3室2厅 | 139.65平米 | 东南,https://ke-image.ljcdn.com/110000-inspection/pc1_69BdoEzNk_1.jpg!m_fill,w_280,h_210,f_jpg?from=ke.com
20240219,朝阳,双井,101122486486,国贸东二环总低价精装南北两居室必看好房,220万,36173元/平,地下室 (共6层) 2室1厅 | 60.82平米 | 南 北,https://ke-image.ljcdn.com/110000-inspection/pc1_yAJA8hAXW_1.jpg!m_fill,w_280,h_210,f_jpg?from=ke.com
20240219,朝阳,双井,101122386627,政协家属楼东南三居室中间楼层不靠近火车道必看好房,545万,63373元/平,中楼层 (共6层) 3室1厅 | 86平米 | 东南,https://ke-image.ljcdn.com/110000-inspection/a5160d9a-3fb3-4efa-b39a-9ff85aef657d_1000.jpg!m_fill,w_280,h_210,f_jpg?from=ke.com
20240219,朝阳,双井,101122347627,时代国际嘉园  国贸  地铁10号线7号线,430万,76690元/平,高楼层 (共21层) 1室0厅 | 56.07平米 | 西,https://ke-image.ljcdn.com/110000-inspection/pc1_RqWr4O4ko.jpg!m_fill,w_280,h_210,f_jpg?from=ke.com
20240219,朝阳,双井,101122262594,国企金隅开发 70年住宅 全南两居室 随时签约,800万,104932元/平,低楼层 (共11层) | 2004年 | 2室1厅 | 76.24平米 | 南,https://ke-image.ljcdn.com/110000-inspection/pc1_fdJYswQFJ.jpg!m_fill,w_280,h_210,f_jpg?from=ke.com
20240219,朝阳,双井,101122228226,南向两居室采光好无遮挡 满五唯一 业主诚意出售,799万,83238元/平,中楼层 (共23层) 2室1厅 | 95.99平米 | 南,https://ke-image.ljcdn.com/110000-inspection/pc1_ZpWXN7eWe_1.jpg!m_fill,w_280,h_210,f_jpg?from=ke.com
20240219,朝阳,双井,101122190368,东三环双井 九龙花园小区南北向大一居室业主急售,465万,55843元/平,高楼层 (共14层) | 2001年 | 1室1厅 | 83.27平米 | 南 北,https://ke-image.ljcdn.com/110000-inspection/pc1_FtZHAcPQK.jpg!m_fill,w_280,h_210,f_jpg?from=ke.com
20240219,朝阳,双井,101122035303,满五年唯一客厅面宽5.2米落地窗高层观景房必看好房,419万,47452元/平,中楼层 (共21层) 1室1厅 | 88.3平米 | 北,https://ke-image.ljcdn.com/110000-inspection/pc1_edhg5yVSl_1.jpg!m_fill,w_280,h_210,f_jpg?from=ke.com
20240219,朝阳,双井,101122027804,双花园西里 不挨火车道  低楼层  南北小三居,480万,67040元/平,中楼层 (共5层) 3室1厅 | 71.6平米 | 南 北,https://ke-image.ljcdn.com/110000-inspection/pc1_YrlH5YyHJ_1.jpg!m_fill,w_280,h_210,f_jpg?from=ke.com
20240219,朝阳,双井,101121976598,富力城C区东南向精装修温馨三居高层无挡阳光充足,1300万,107929元/平,高楼层 (共25层) | 2005年 | 3室2厅 | 120.45平米 | 东南,https://ke-image.ljcdn.com/110000-inspection/pc1_fwkiJf7pn_1.jpg!m_fill,w_280,h_210,f_jpg?from=ke.com
20240219,朝阳,双井,101121938556,富力城D区 眼睛户型 全天采光无遮挡 中层板 楼密度低,1850万,108219元/平,顶层 (共10层) | 2006年 | 3室2厅 | 170.95平米 | 南 北,https://ke-image.ljcdn.com/110000-inspection/pc1_lK8qsa8ZH.jpg!m_fill,w_280,h_210,f_jpg?from=ke.com
20240219,朝阳,双井,101121865343,东南北户型高层无遮挡二次装修拎包入住,2950万,122103元/平,中楼层 (共20层) | 2006年 | 4室2厅 | 241.6平米 | 东 南 北,https://ke-image.ljcdn.com/110000-inspection/pc1_9d9zfjhzx.jpg!m_fill,w_280,h_210,f_jpg?from=ke.com
20240219,朝阳,双井,101121825090,九龙花园南北通透方正两居+近地铁交通便利房主自荐,646万,66840元/平,中楼层 (共14层) | 1998年 | 2室1厅 | 96.65平米 | 南 北,https://ke-image.ljcdn.com/110000-inspection/pc1_ahfbIVXjL_1.jpg!m_fill,w_280,h_210,f_jpg?from=ke.com
20240219,朝阳,双井,101121774138,苹果南区 精装 一居室 装修保持好 看花园 视野棒,480万,86941元/平,中楼层 (共23层) 1室1厅 | 55.21平米 | 北,https://ke-image.ljcdn.com/110000-inspection/pc1_vU7H6OW54_1.jpg!m_fill,w_280,h_210,f_jpg?from=ke.com
20240219,朝阳,双井,101121725608,富力城D区南北三居前后花园位置安静视野开阔必看好房,2100万,113178元/平,高楼层 (共20层) | 2006年 | 3室2厅 | 185.55平米 | 南 北,https://ke-image.ljcdn.com/110000-inspection/pc1_cOr4YsmDN.jpg!m_fill,w_280,h_210,f_jpg?from=ke.com
20240219,朝阳,双井,101121689917,双井6层板楼带电梯精装修可看房,1220万,92411元/平,底层 (共6层) 3室1厅 | 132.02平米 | 南 北,https://ke-image.ljcdn.com/110000-inspection/7bec34c9-bc95-484c-8af4-3052249d5cf2_1000.jpg!m_fill,w_280,h_210,f_jpg?from=ke.com
20240219,朝阳,双井,101121662626,双井浪漫首城精装两居室诚意出售品质生活由此开启房主自荐,765万,99922元/平,中楼层 (共27层) | 2010年 | 2室1厅 | 76.56平米 | 西北,https://ke-image.ljcdn.com/110000-inspection/pc1_1SS6wTMtd.jpg!m_fill,w_280,h_210,f_jpg?from=ke.com
20240219,朝阳,双井,101121614716,富力城B区西园安静不临街 低密度洋房 全新装修必看好房,1830万,108169元/平,高楼层 (共11层) | 2005年 | 3室1厅 | 169.18平米 | 南,https://ke-image.ljcdn.com/110000-inspection/pc1_Bo5KBBXlA.jpg!m_fill,w_280,h_210,f_jpg?from=ke.com
20240219,朝阳,双井,101121555084,富力城B区南北两居室梯户少靠近地铁必看好房,1160万,112841元/平,低楼层 (共18层) | 2004年 | 3室1厅 | 102.8平米 | 南 北,https://ke-image.ljcdn.com/110000-inspection/705f8b47-dcd6-413a-9c8b-1c607e649f54_1000.jpg!m_fill,w_280,h_210,f_jpg?from=ke.com
20240219,朝阳,双井,101121517902,西向正规一居室 采光好 网签价高,459万,70746元/平,高楼层 (共23层) | 2004年 | 1室1厅 | 64.88平米 | 西,https://ke-image.ljcdn.com/110000-inspection/pc1_SxQdbgBbU.jpg!m_fill,w_280,h_210,f_jpg?from=ke.com
20240219,朝阳,双井,101121497001,双井合生国际南向两居2+1户型带储藏间必看好房,920万,87837元/平,低楼层 (共18层) 2室1厅 | 104.74平米 | 南,https://ke-image.ljcdn.com/110000-inspection/0de9e120-d55d-4694-bd35-a441e4b53c7a_1000.jpg!m_fill,w_280,h_210,f_jpg?from=ke.com
20240219,朝阳,双井,101121385592,百环家园 东南两居中高层 视野好 看小区花园 采光好必看好房,598万,59669元/平,中楼层 (共28层) | 2005年 | 2室1厅 | 100.22平米 | 东南,https://ke-image.ljcdn.com/110000-inspection/pc1_V3DSdfZsS.jpg!m_fill,w_280,h_210,f_jpg?from=ke.com
20240219,朝阳,双井,101121379712,富力城E区高层观看国贸景观双卫两居拎包入住主力户型,1100万,91325元/平,高楼层 (共18层) | 2008年 | 2室1厅 | 120.45平米 | 东 北,https://ke-image.ljcdn.com/110000-inspection/fb374661-5b5d-4407-9991-11b8e02947e2_1000.jpg!m_fill,w_280,h_210,f_jpg?from=ke.com
20240219,朝阳,双井,101121290386,CBD总部公寓一期 东西通透一居 看小区花园 精装修房主自荐,636万,87148元/平,低楼层 (共9层) | 2004年 | 1室1厅 | 72.98平米 | 东 西,https://ke-image.ljcdn.com/110000-inspection/pc1_k6ZKTpL9B_1.jpg!m_fill,w_280,h_210,f_jpg?from=ke.com
20240219,朝阳,双井,101121203752,CBD总部公寓二期南北三居室业主诚意出售,1250万,96340元/平,中楼层 (共24层) | 2005年 | 3室2厅 | 129.75平米 | 南 北,https://ke-image.ljcdn.com/110000-inspection/pc1_0bNeb5ZNm_1.jpg!m_fill,w_280,h_210,f_jpg?from=ke.com
20240219,朝阳,双井,101121180375,双花园西里 南北通透 满五唯一 精装修 阳光充足必看好房,350万,63155元/平,高楼层 (共6层) | 1983年 | 2室1厅 | 55.42平米 | 南 北,https://ke-image.ljcdn.com/110000-inspection/pc1_QF7WBT1yn.jpg!m_fill,w_280,h_210,f_jpg?from=ke.com
20240219,朝阳,双井,101121160838,双井诗意首城全南两居室采光好品质生活由此开启,920万,104344元/平,中楼层 (共28层) 2室1厅 | 88.17平米 | 南,https://ke-image.ljcdn.com/110000-inspection/pc1_57FyK5zGa.jpg!m_fill,w_280,h_210,f_jpg?from=ke.com
20240219,朝阳,双井,101121075231,CBD总部公寓二期  小区南排 南北通透三居 全明采光好,1329万,99113元/平,低楼层 (共13层) | 2004年 | 3室2厅 | 134.09平米 | 南 北,https://ke-image.ljcdn.com/110000-inspection/pc1_ZAZBcryYp.jpg!m_fill,w_280,h_210,f_jpg?from=ke.com
20240219,朝阳,双井,101121004720,富力城A区景观高层两居好房要看位置看西山观国贸夜景,932万,109997元/平,高楼层 (共26层) 2室1厅 | 84.73平米 | 南 北,https://ke-image.ljcdn.com/110000-inspection/a9226260-0448-463d-a59d-a1328478f691_1000.jpg!m_fill,w_280,h_210,f_jpg?from=ke.com
20240219,朝阳,双井,101120895698,业主已定房！南区观花园大一居 满五年唯一 高层 可谈房主自荐,574万,79889元/平,中楼层 (共23层) 1室1厅 | 71.85平米 | 北,https://ke-image.ljcdn.com/110000-inspection/pc1_be5CktJ8a_1.jpg!m_fill,w_280,h_210,f_jpg?from=ke.com
20240219,朝阳,双井,101120803653,富力城D区 满五唯一 南北一居 精装修 诚心出售必看好房,850万,106905元/平,中楼层 (共14层) | 2007年 | 1室1厅 | 79.51平米 | 南 北,https://ke-image.ljcdn.com/110000-inspection/pc1_gaccy5HW0.jpg!m_fill,w_280,h_210,f_jpg?from=ke.com
20240219,朝阳,双井,101120692583,苹果南区 精装修 满五唯一 保养好 诚心卖 带飘窗,960万,87424元/平,低楼层 (共27层) 3室1厅 | 109.81平米 | 东南,https://ke-image.ljcdn.com/110000-inspection/pc1_bO3C9WcwK.jpg!m_fill,w_280,h_210,f_jpg?from=ke.com
20240219,朝阳,双井,101120630843,苹果社区 高层南向大两居 层高3米 落地窗 装修保养好,680万,55398元/平,高楼层 (共20层) 2室1厅 | 122.75平米 | 南,https://ke-image.ljcdn.com/110000-inspection/pc1_rD1vC0fGp_1.jpg!m_fill,w_280,h_210,f_jpg?from=ke.com
20240219,朝阳,双井,101120570225,东三环南路双南向两居室楼道环境好距离地铁近,385万,65045元/平,高楼层 (共16层) 2室1厅 | 59.19平米 | 西南,https://ke-image.ljcdn.com/110000-inspection/d7d6c529-a6ab-421c-8642-6dde5eaf2fc7_1000.jpg!m_fill,w_280,h_210,f_jpg?from=ke.com
20240219,朝阳,双井,101120445848,二期  东南向看花园 安静不临街 满五唯一,720万,67855元/平,低楼层 (共25层) | 2003年 | 2室2厅 | 106.11平米 | 东南,https://ke-image.ljcdn.com/110000-inspection/pc1_7AQ9aZNGL.jpg!m_fill,w_280,h_210,f_jpg?from=ke.com
20240219,朝阳,双井,101120288843,富力城D区龙头位置四居俯瞰小区整个花园全名格局,2200万,106833元/平,中楼层 (共22层) 4室1厅 | 205.93平米 | 南 北 西,https://ke-image.ljcdn.com/110000-inspection/f57cfc58-204c-45ee-af25-227e30c432cd_1000.jpg!m_fill,w_280,h_210,f_jpg?from=ke.com
20240219,朝阳,双井,101120284176,富力城D区中间层不临街的看花园的东北两居房主自荐,1170万,125322元/平,中楼层 (共16层) | 2006年 | 2室1厅 | 93.36平米 | 东北,https://ke-image.ljcdn.com/110000-inspection/pc1_dpaDe9D6R.jpg!m_fill,w_280,h_210,f_jpg?from=ke.com
20240219,朝阳,双井,101120182089,富力城B区西院环境好不临街随时可看,1060万,122318元/平,高楼层 (共16层) | 2005年 | 2室1厅 | 86.66平米 | 西北,https://ke-image.ljcdn.com/110000-inspection/pc1_l37iI0oOM.jpg!m_fill,w_280,h_210,f_jpg?from=ke.com
20240219,朝阳,双井,101120100336,苹果社区北区优质南向大面宽 采光好视野无遮挡必看好房,336万,52419元/平,低楼层 (共21层) | 2008年 | 1室0厅 | 64.1平米 | 南,https://ke-image.ljcdn.com/110000-inspection/pc1_zQTYR6JKK.jpg!m_fill,w_280,h_210,f_jpg?from=ke.com
20240219,朝阳,双井,101119926498,房子是全南户型双卧朝南无遮挡 采光充足 户型方正必看好房,588万,47903元/平,低楼层 (共20层) | 2008年 | 2室1厅 | 122.75平米 | 南,https://ke-image.ljcdn.com/110000-inspection/pc1_N4wMG5oN2_1.jpg!m_fill,w_280,h_210,f_jpg?from=ke.com
20240219,朝阳,双井,101119860262,国贸双井时代国际70年产权住宅有燃气满五唯一！,370万,90932元/平,高楼层 (共21层) | 2006年 | 1室0厅 | 40.69平米 | 北,https://ke-image.ljcdn.com/110000-inspection/pc1_7KcihVsZD_1.jpg!m_fill,w_280,h_210,f_jpg?from=ke.com
20240219,朝阳,双井,101119685625,高层采光好无遮挡满五唯一产权清晰诚意出售,1495万,101219元/平,高楼层 (共20层) | 2006年 | 3室1厅 | 147.7平米 | 南 北,https://ke-image.ljcdn.com/110000-inspection/pc1_TD4a95MFt_1.jpg!m_fill,w_280,h_210,f_jpg?from=ke.com
20240219,朝阳,双井,101119472940,合生国际花园 东南两居 带明卫 安静舒适房主自荐,980万,98236元/平,低楼层 (共18层) 2室1厅 | 99.76平米 | 东南,https://ke-image.ljcdn.com/110000-inspection/pc1_Ml5UtJecE.jpg!m_fill,w_280,h_210,f_jpg?from=ke.com
20240219,朝阳,双井,101119162628,富力城C区正规一室一厅正看花园。,683万,107424元/平,低楼层 (共25层) | 2005年 | 1室1厅 | 63.58平米 | 北,https://ke-image.ljcdn.com/110000-inspection/pc1_l2xD7gT12.jpg!m_fill,w_280,h_210,f_jpg?from=ke.com
20240219,朝阳,双井,101119111974,新上 华腾园 东南大两居 观花园 不临街,780万,73509元/平,高楼层 (共25层) | 2003年 | 2室2厅 | 106.11平米 | 东南,https://ke-image.ljcdn.com/110000-inspection/pc1_yLByt7CSG.jpg!m_fill,w_280,h_210,f_jpg?from=ke.com
20240219,朝阳,双井,101118968160,富力城D区 南北双线通透三居 带明卫 高层视野开阔房主自荐,1800万,114112元/平,高楼层 (共26层) | 2005年 | 3室1厅 | 157.74平米 | 南 北,https://ke-image.ljcdn.com/110000-inspection/pc1_uy3Jw5ecp.jpg!m_fill,w_280,h_210,f_jpg?from=ke.com
20240219,朝阳,双井,101118670196,户型方正使用率高此户型在本小区只有22套视野好,1220万,117376元/平,顶层 (共20层) | 2006年 | 3室2厅 | 103.94平米 | 西 北,https://ke-image.ljcdn.com/110000-inspection/pc1_6RK4nBTI6.jpg!m_fill,w_280,h_210,f_jpg?from=ke.com
20240219,朝阳,双井,101118624105,富力城A区一期建筑质量好 南北直线通透带明卫 看花园,1120万,109216元/平,中楼层 (共18层) 2室1厅 | 102.55平米 | 南 北,https://ke-image.ljcdn.com/110000-inspection/pc1_W4CJ6MHrL_1.jpg!m_fill,w_280,h_210,f_jpg?from=ke.com
20240219,朝阳,双井,101118558338,首城国际B区在京唯一住房满五年,985万,111074元/平,高楼层 (共28层) | 2011年 | 2室1厅 | 88.68平米 | 南 北,https://ke-image.ljcdn.com/110000-inspection/pc1_BZ42bNeWP_2.jpg!m_fill,w_280,h_210,f_jpg?from=ke.com
20240219,朝阳,双井,101118554565,富力城A区优质南向一居室满五年唯一,728万,112018元/平,中楼层 (共28层) | 2004年 | 1室1厅 | 64.99平米 | 南,https://ke-image.ljcdn.com/110000-inspection/pc1_fOIKXpJ5i.jpg!m_fill,w_280,h_210,f_jpg?from=ke.com
20240219,朝阳,双井,101118552310,合生国际花园 高层南向2+1居室采光充足无遮挡,1110万,106261元/平,高楼层 (共18层) | 2007年 | 2室2厅 | 104.46平米 | 南,https://ke-image.ljcdn.com/110000-inspection/75b0c6bf-ba1c-4e03-b7b8-1ea2fe7308ff_1000.jpg!m_fill,w_280,h_210,f_jpg?from=ke.com
20240219,朝阳,双井,101118348101,精装修东南北朝向全明格局看房方便观小区花园,1024万,114915元/平,低楼层 (共26层) 2室1厅 | 89.11平米 | 东南 北,https://ke-image.ljcdn.com/110000-inspection/42884d97-3f96-4ee1-9b1b-89160367afed_1000.jpg!m_fill,w_280,h_210,f_jpg?from=ke.com
20240219,朝阳,双井,101117792201,时代国际南向大一居满五唯一适合首套看房有钥匙。,730万,99550元/平,中楼层 (共21层) 1室1厅 | 73.33平米 | 南,https://ke-image.ljcdn.com/110000-inspection/ed1931ed-3979-4fc6-a46c-794ecc3e5355_1000.jpg!m_fill,w_280,h_210,f_jpg?from=ke.com
20240219,朝阳,双井,101117574252,富力城D区 南北通透高层三居看国贸CBD全景精致装修房主自荐,1980万,114970元/平,顶层 (共23层) 3室2厅 | 172.22平米 | 南 北,https://ke-image.ljcdn.com/110000-inspection/pc1_5PEAgY9nb_2.jpg!m_fill,w_280,h_210,f_jpg?from=ke.com
20240219,朝阳,双井,101117556595,富力城D区两居室诚意出售随时签约,930万,100748元/平,低楼层 (共11层) | 2008年 | 2室1厅 | 92.31平米 | 西北,https://ke-image.ljcdn.com/110000-inspection/pc1_4rbllvZOZ_1.jpg!m_fill,w_280,h_210,f_jpg?from=ke.com
20240219,朝阳,双井,101117547456,东三环双井低密社区西南两居看房随时房主自荐,1198万,116799元/平,顶层 (共9层) | 2008年 | 2室1厅 | 102.57平米 | 西南,https://ke-image.ljcdn.com/110000-inspection/pc1_uUXXVZBXi.jpg!m_fill,w_280,h_210,f_jpg?from=ke.com
20240219,朝阳,双井,101117159771,急售 富力城D区 南向三居 中层无遮挡 安静不临街房主自荐,1650万,122851元/平,低楼层 (共19层) | 2006年 | 3室1厅 | 134.31平米 | 南,https://ke-image.ljcdn.com/110000-inspection/3852e137-19e5-4ddd-a0a9-879f679ce8f9_1000.jpg!m_fill,w_280,h_210,f_jpg?from=ke.com
20240219,朝阳,双井,101116709839,双井板块 小户型 适合刚需置业 年轻化小区 层高2.97米,323万,54598元/平,低楼层 (共20层) 1室0厅 | 59.16平米 | 北,https://ke-image.ljcdn.com/110000-inspection/pc1_2VTXFFQ5i.jpg!m_fill,w_280,h_210,f_jpg?from=ke.com
20240219,朝阳,双井,101116613401,三面采光明厨明卫两卧室都是双面窗户通风好,370万,56010元/平,高楼层 (共18层) | 1991年 | 2室1厅 | 66.06平米 | 东北,https://ke-image.ljcdn.com/110000-inspection/pc1_rMfasy9UA.jpg!m_fill,w_280,h_210,f_jpg?from=ke.com
20240219,朝阳,双井,101116508580,满5年唯一南北通透户型方正视野景观佳1梯2户,1576万,112612元/平,中楼层 (共12层) | 2006年 | 3室2厅 | 139.95平米 | 南 北,https://ke-image.ljcdn.com/110000-inspection/pc1_kua0vU1jH.jpg!m_fill,w_280,h_210,f_jpg?from=ke.com
20240219,朝阳,双井,101116491647,富力城E区大两居室全明格局户型好小区封闭式管理,1025万,86718元/平,低楼层 (共18层) | 2007年 | 2室1厅 | 118.2平米 | 西北,https://ke-image.ljcdn.com/110000-inspection/pc1_7qMfUmSRI.jpg!m_fill,w_280,h_210,f_jpg?from=ke.com
20240219,朝阳,双井,101115231310,苹果PINGOD优质两居室业主随时可签约,499万,66269元/平,低楼层 (共27层) | 2005年 | 2室1厅 | 75.3平米 | 北,https://ke-image.ljcdn.com/110000-inspection/pc1_up3AgxUcu.jpg!m_fill,w_280,h_210,f_jpg?from=ke.com
20240219,朝阳,双井,101114635124,带家具二次装修上档次 南北通透三居满五唯一,1510万,93418元/平,中楼层 (共27层) | 2005年 | 3室2厅 | 161.64平米 | 南 北,https://ke-image.ljcdn.com/110000-inspection/pc1_CWlnPNfhy_1.jpg!m_fill,w_280,h_210,f_jpg?from=ke.com
20240219,朝阳,双井,101114237033,东南北通透两居室无遮挡满五唯一带转角飘窗房主自荐,612万,84800元/平,底层 (共19层) | 2006年 | 2室1厅 | 72.17平米 | 东 南 北,https://ke-image.ljcdn.com/110000-inspection/pc1_siIv2P8Ji_1.jpg!m_fill,w_280,h_210,f_jpg?from=ke.com
20240219,朝阳,双井,101112921647,苹果北区 高楼层观景没遮挡 诚意出 首套贷215万,850万,74262元/平,高楼层 (共21层) | 2008年 | 3室2厅 | 114.46平米 | 北,https://ke-image.ljcdn.com/110000-inspection/pc1_8A4BLQCOl_1.jpg!m_fill,w_280,h_210,f_jpg?from=ke.com
20240219,朝阳,双井,101112792088,苹果社区南区二次装修诚意出售,795万,92582元/平,顶层 (共27层) | 2005年 | 2室1厅 | 85.87平米 | 西北,https://ke-image.ljcdn.com/110000-inspection/pc1_WACOUnAUM_1.jpg!m_fill,w_280,h_210,f_jpg?from=ke.com
20240219,朝阳,双井,101122786668,满五唯一东向视野采光好无遮挡,506万,61371元/平,中楼层 (共20层) | 2005年 | 2室1厅 | 82.45平米 | 东南,https://ke-image.ljcdn.com/110000-inspection/pc1_4sSTkkWjm_1.jpg!m_fill,w_280,h_210,f_jpg?from=ke.com
20240219,朝阳,双井,101122781946,首城国际C区南北通透全明三居 视野开阔观花园,1480万,105294元/平,中楼层 (共28层) 3室2厅 | 140.56平米 | 南 北 东,https://ke-image.ljcdn.com/110000-inspection/pc1_t0VESlEPE.jpg!m_fill,w_280,h_210,f_jpg?from=ke.com
20240219,朝阳,双井,101122767880,富力城C区高层双向观景三居对小区花园明卫。房主自荐,1390万,96555元/平,高楼层 (共16层) | 2005年 | 3室2厅 | 143.96平米 | 西北,https://ke-image.ljcdn.com/110000-inspection/pc1_Rs3bnkbq3_1.jpg!m_fill,w_280,h_210,f_jpg?from=ke.com
20240219,朝阳,双井,101122756924,全南向户型好格局方正满五唯一,888万,71229元/平,低楼层 (共28层) | 2002年 | 3室1厅 | 124.67平米 | 东南,https://ke-image.ljcdn.com/110000-inspection/pc1_UKpbUKdZp.jpg!m_fill,w_280,h_210,f_jpg?from=ke.com
20240219,朝阳,双井,101122736359,双井时代国际嘉园小两居明厨明卫婚房装修,699万,96855元/平,低楼层 (共19层) 2室1厅 | 72.17平米 | 东 南 北,https://ke-image.ljcdn.com/110000-inspection/pc1_cFfVszoKt_1.jpg!m_fill,w_280,h_210,f_jpg?from=ke.com
20240219,朝阳,双井,101122677514,双井 首城国际 次新房板楼 高层南北通透小3居 采光好房主自荐,860万,95270元/平,高楼层 (共28层) | 2010年 | 3室1厅 | 90.27平米 | 南 北,https://ke-image.ljcdn.com/110000-inspection/e6a5b6ea-a810-49fc-8b87-a3a1fa7d972b_1000.jpg!m_fill,w_280,h_210,f_jpg?from=ke.com
20240219,朝阳,双井,101122662617,华腾园 西南向看花园两居 诚意出售 价格能聊,620万,69507元/平,低楼层 (共28层) | 2001年 | 2室1厅 | 89.2平米 | 西南,https://ke-image.ljcdn.com/110000-inspection/pc1_ZCzEEe6hb_2.jpg!m_fill,w_280,h_210,f_jpg?from=ke.com
20240219,朝阳,双井,101122603993,双井低密度小区 南北三居 双卧朝南 带阳台 次顶层,1300万,110012元/平,高楼层 (共9层) | 2008年 | 3室1厅 | 118.17平米 | 南 北,https://ke-image.ljcdn.com/110000-inspection/pc1_zHiBwX4MD.jpg!m_fill,w_280,h_210,f_jpg?from=ke.com
20240219,朝阳,双井,101122546229,双井地铁百环家园小区 正规一居室 满五年 中间楼层,299万,52000元/平,低楼层 (共28层) | 2005年 | 1室1厅 | 57.5平米 | 东北,https://ke-image.ljcdn.com/110000-inspection/pc1_hICQmFYF1.jpg!m_fill,w_280,h_210,f_jpg?from=ke.com
20240219,朝阳,双井,101122524517,双井国贸后花园富力城B区 三线直线通透 看花园景观好房主自荐,2500万,100880元/平,中楼层 (共11层) | 2005年 | 4室2厅 | 247.82平米 | 南 北,https://ke-image.ljcdn.com/110000-inspection/pc1_ucEfoJmR3.jpg!m_fill,w_280,h_210,f_jpg?from=ke.com
20240219,朝阳,双井,101122522464,双井富力城D区前后看花园 三面朝南全天采光阳光足必看好房,2599万,108067元/平,中楼层 (共17层) | 2006年 | 3室2厅 | 240.5平米 | 南 北,https://ke-image.ljcdn.com/110000-inspection/pc1_nfJMBXavS.jpg!m_fill,w_280,h_210,f_jpg?from=ke.com
20240219,朝阳,双井,101122467028,店长推荐东三环南路精装两居室拎包入住必看好房,300万,55971元/平,底层 (共6层) | 1980年 | 2室1厅 | 53.6平米 | 东 西,https://ke-image.ljcdn.com/110000-inspection/pc1_dtGToplNO_1.jpg!m_fill,w_280,h_210,f_jpg?from=ke.com
20240219,朝阳,双井,101122430887,富力城A区 一期 板楼 全明格局5年唯1 2次精装 急售房主自荐,1020万,107698元/平,中楼层 (共18层) | 2004年 | 2室1厅 | 94.71平米 | 南 北,https://ke-image.ljcdn.com/110000-inspection/pc1_QwJNOJUiV_1.jpg!m_fill,w_280,h_210,f_jpg?from=ke.com
20240219,朝阳,双井,101122338958,苹果社区北区朝南三居满五唯一重新装修看房随时必看好房,718万,58853元/平,中楼层 (共33层) 3室1厅 | 122平米 | 东南,https://ke-image.ljcdn.com/110000-inspection/pc1_FoopBUAyU.jpg!m_fill,w_280,h_210,f_jpg?from=ke.com
20240219,朝阳,双井,101122322084,双井 时代国际 高层南北两居 明厨明卫 双地铁出行便利,648万,82696元/平,顶层 (共19层) 2室2厅 | 78.36平米 | 南 北,https://ke-image.ljcdn.com/110000-inspection/pc1_RFwwMNAX6.jpg!m_fill,w_280,h_210,f_jpg?from=ke.com
20240219,朝阳,双井,101122307475,国企金隅开发 商品住宅社区 2梯3户 高得房率,912万,99099元/平,高楼层 (共24层) | 2005年 | 2室1厅 | 92.03平米 | 南,https://ke-image.ljcdn.com/110000-inspection/pc1_k9HBVKcNt.jpg!m_fill,w_280,h_210,f_jpg?from=ke.com
20240219,朝阳,双井,101121940920,华腾园一期 房子位置好 正对小区院里 安静 不临街房主自荐,668万,70176元/平,高楼层 (共26层) 2室1厅 | 95.19平米 | 西南,https://ke-image.ljcdn.com/110000-inspection/pc1_jgskstXvc.jpg!m_fill,w_280,h_210,f_jpg?from=ke.com
20240219,朝阳,双井,101121810826,百环家园 2室1厅 东必看好房,559万,51088元/平,低楼层 (共28层) | 2005年 | 2室1厅 | 109.42平米 | 东,https://ke-image.ljcdn.com/110000-inspection/pc1_X6xwka4h1.jpg!m_fill,w_280,h_210,f_jpg?from=ke.com
20240219,朝阳,双井,101121781130,国企金隅开发 南北双通透 户型方正 业主诚意出售,955万,96436元/平,底层 (共14层) | 2005年 | 2室1厅 | 99.03平米 | 南 北,https://ke-image.ljcdn.com/110000-inspection/pc1_sDL6KEmR5_1.jpg!m_fill,w_280,h_210,f_jpg?from=ke.com
20240219,朝阳,双井,101121760020,双井高层南北三居室明厨明卫 俯瞰国贸全景视野开阔,1499万,107325元/平,高楼层 (共24层) | 2007年 | 3室2厅 | 139.67平米 | 南 北,https://ke-image.ljcdn.com/110000-inspection/pc1_qdta4j2e5.jpg!m_fill,w_280,h_210,f_jpg?from=ke.com
20240219,朝阳,双井,101121662806,苹果社区南区正规一居室满五唯一看花园拎包入住,452万,74959元/平,低楼层 (共21层) | 2005年 | 1室1厅 | 60.3平米 | 北,https://ke-image.ljcdn.com/110000-inspection/pc1_ZBw1x2Gnz_1.jpg!m_fill,w_280,h_210,f_jpg?from=ke.com
20240219,朝阳,双井,101121470127,九龙花园南客厅三居室 落地飘台前后不临街 诚意卖,1050万,51529元/平,中楼层 (共14层) | 1999年 | 3室1厅 | 203.77平米 | 南 北,https://ke-image.ljcdn.com/110000-inspection/pc1_k76Ckz2aZ_1.jpg!m_fill,w_280,h_210,f_jpg?from=ke.com
20240219,朝阳,双井,101121361551,富力城D区 东三环花园社区 景观一居室 安静不临街房主自荐,680万,96922元/平,低楼层 (共14层) | 2007年 | 1室1厅 | 70.16平米 | 北,https://ke-image.ljcdn.com/110000-inspection/pc1_C8Lnfy4dv.jpg!m_fill,w_280,h_210,f_jpg?from=ke.com
20240219,朝阳,双井,101121210647,九龙花园满五唯一+近地铁+配套完善+后排不临街,326万,56034元/平,低楼层 (共22层) 1室1厅 | 58.18平米 | 北,https://ke-image.ljcdn.com/110000-inspection/pc1_0daPeLQ7N.jpg!m_fill,w_280,h_210,f_jpg?from=ke.com
20240219,朝阳,双井,101121124480,富力城B区经典南向看花园三居无遮挡必看好房,1228万,103272元/平,低楼层 (共12层) | 2004年 | 3室2厅 | 118.91平米 | 南,https://ke-image.ljcdn.com/110000-inspection/pc1_r4ERMyPdv.jpg!m_fill,w_280,h_210,f_jpg?from=ke.com
20240219,朝阳,双井,101121112792,富力城C区 视野无遮挡 安静 采光好 通风好 看房随时,998万,110326元/平,高楼层 (共25层) | 2005年 | 2室1厅 | 90.46平米 | 西北,https://ke-image.ljcdn.com/110000-inspection/pc1_IbN0hd1xM_1.jpg!m_fill,w_280,h_210,f_jpg?from=ke.com
20240219,朝阳,双井,101120976192,满五唯一高层视野无遮挡诚意出售信任链家,480万,79602元/平,高楼层 (共21层) | 2005年 | 1室1厅 | 60.3平米 | 北,https://ke-image.ljcdn.com/110000-inspection/aa3e76a3-ae44-4674-bd4f-6216eb241d5b_1000.jpg!m_fill,w_280,h_210,f_jpg?from=ke.com
20240219,朝阳,双井,101120731373,广渠路九龙山家园  后排高层 不临街 安静,1072万,50724元/平,中楼层 (共14层) | 1999年 | 3室2厅 | 211.34平米 | 南 北,https://ke-image.ljcdn.com/110000-inspection/pc1_VThfbtLYd_1.jpg!m_fill,w_280,h_210,f_jpg?from=ke.com
20240219,朝阳,双井,101120644465,合生国际花园 中间位置 正观花园  满五唯一南北三居室,1340万,98719元/平,低楼层 (共24层) | 2007年 | 3室2厅 | 135.74平米 | 南 北,https://ke-image.ljcdn.com/110000-inspection/pc1_p5nTbQ4Ud_1.jpg!m_fill,w_280,h_210,f_jpg?from=ke.com
20240219,朝阳,双井,101120623548,首城国际A区 南向正规一居室 板楼 大面宽 落地窗,610万,94736元/平,中楼层 (共18层) | 2010年 | 1室1厅 | 64.39平米 | 南,https://ke-image.ljcdn.com/110000-inspection/pc1_9fprsQ8UB.jpg!m_fill,w_280,h_210,f_jpg?from=ke.com
20240219,朝阳,双井,101120132192,东三环南路  东南向两居室  中间楼层采光好必看好房,332万,53853元/平,中楼层 (共16层) | 1986年 | 2室2厅 | 61.65平米 | 东南,https://ke-image.ljcdn.com/110000-inspection/pc1_mwStZkZi0.jpg!m_fill,w_280,h_210,f_jpg?from=ke.com
20240219,朝阳,双井,101119917177,富力十号地小区只有4套 有大花园有车位 眼睛户型6居必看好房,4600万,111437元/平,底层 (共18层) 6室2厅 | 412.79平米 | 南 北,https://ke-image.ljcdn.com/110000-inspection/pc1_pQAlBzvgN.jpg!m_fill,w_280,h_210,f_jpg?from=ke.com
20240219,朝阳,双井,101119769410,富力城一期A区 邻双地铁 2次精装修 适合贷款,690万,115714元/平,中楼层 (共28层) | 2004年 | 1室1厅 | 59.63平米 | 东,https://ke-image.ljcdn.com/110000-inspection/pc1_IwcHUMRgh_1.jpg!m_fill,w_280,h_210,f_jpg?from=ke.com
20240219,朝阳,双井,101119526891,乐成国际 满五年唯一 精装修房况棒 采光好 诚意售必看好房,1088万,99918元/平,低楼层 (共20层) | 2006年 | 2室1厅 | 108.89平米 | 南,https://ke-image.ljcdn.com/110000-inspection/pc1_YW3KFmBpW_1.jpg!m_fill,w_280,h_210,f_jpg?from=ke.com
20240219,朝阳,双井,101119230983,东三环 苹果南区 大客厅 双卫两居 满五年唯一 随时看房主自荐,680万,70930元/平,高楼层 (共27层) | 2005年 | 2室1厅 | 95.87平米 | 北,https://ke-image.ljcdn.com/110000-inspection/pc1_WVxSDiepv_1.jpg!m_fill,w_280,h_210,f_jpg?from=ke.com
20240219,朝阳,双井,101119061523,富力城A区6号楼中间层西南北两居明厨明卫只有契税房主自荐,1065万,117797元/平,低楼层 (共26层) | 2004年 | 2室1厅 | 90.41平米 | 西南 北,https://ke-image.ljcdn.com/110000-inspection/pc1_hUKshbCoW_1.jpg!m_fill,w_280,h_210,f_jpg?from=ke.com
20240219,朝阳,双井,101118785731,富力十号地次新房 高圈层中间位置不临街26米景观客厅房主自荐,4800万,166275元/平,中楼层 (共18层) | 2012年 | 4室2厅 | 288.68平米 | 东南 北,https://ke-image.ljcdn.com/110000-inspection/pc1_RsAQ9ID7T_1.jpg!m_fill,w_280,h_210,f_jpg?from=ke.com
20240219,朝阳,双井,101118503389,富力城四期D区 南北通透三居带储物间 厨房大好使用,1840万,119995元/平,低楼层 (共22层) | 2006年 | 3室2厅 | 153.34平米 | 南 北,https://ke-image.ljcdn.com/110000-inspection/pc1_k6g9LcjeS_1.jpg!m_fill,w_280,h_210,f_jpg?from=ke.com
20240219,朝阳,双井,101114482996,富力城B区复式 正规6居 满五唯一视野宽阔,2580万,101424元/平,顶层 (共18层) | 2004年 | 6室2厅 | 254.38平米 | 南 北,https://ke-image.ljcdn.com/110000-inspection/pc1_ZaLd2ayNp.jpg!m_fill,w_280,h_210,f_jpg?from=ke.com
20240219,朝阳,双井,101103706675,国贸双井 富力十号 满两年 有车位 楼层好必看好房,3980万,141446元/平,中楼层 (共18层) | 2012年 | 4室1厅 | 281.38平米 | 西南 北,https://ke-image.ljcdn.com/110000-inspection/pc1_BVRbn3jKp_1.jpg!m_fill,w_280,h_210,f_jpg?from=ke.com
20240219,朝阳,双井,101121685799,东二环外双井2层无遮挡采光好1997年建成,430万,65730元/平,低楼层 (共6层) 2室1厅 | 65.42平米 | 南 北,https://s1.ljcdn.com/pegasus/redskull/images/common/default_house_list.png?_v=202401081627157
20240219,朝阳,双井,101122873855,百环家园 2室1厅 西南,580万,60556元/平,中楼层 (共28层) 2室1厅 | 95.78平米 | 西南,https://ke-image.ljcdn.com/110000-inspection/pc1_UOZTrekDn_1.jpg!m_fill,w_280,h_210,f_jpg?from=ke.com
20240219,朝阳,双井,101122871498,富力城D区 高层观景 南北通透三居室,1818万,118561元/平,高楼层 (共22层) | 2006年 | 3室1厅 | 153.34平米 | 南 北,https://ke-image.ljcdn.com/110000-inspection/pc1_iRA81sw0t_1.jpg!m_fill,w_280,h_210,f_jpg?from=ke.com
20240219,朝阳,双井,101122858814,苹果社区南区二次装修看小区花园安静不临街房主自荐,580万,80668元/平,底层 (共22层) | 2005年 | 2室1厅 | 71.9平米 | 北,https://ke-image.ljcdn.com/110000-inspection/pc1_bIT7xzlhq_1.jpg!m_fill,w_280,h_210,f_jpg?from=ke.com
20240219,朝阳,双井,101122852194,乐成国际 一梯两户 安静不临街  楼间距大 二次装修,1456万,102233元/平,中楼层 (共16层) | 2006年 | 3室2厅 | 142.42平米 | 南 北,https://ke-image.ljcdn.com/110000-inspection/pc1_Jd0iN2cmY_1.jpg!m_fill,w_280,h_210,f_jpg?from=ke.com
20240219,朝阳,双井,101122849107,时代国际嘉园 双井地铁7号线10号线,450万,80257元/平,中楼层 (共21层) 1室0厅 | 56.07平米 | 西,https://ke-image.ljcdn.com/110000-inspection/pc1_TDWICUt3e_1.jpg!m_fill,w_280,h_210,f_jpg?from=ke.com
20240219,朝阳,双井,101122847297,华腾园二期大两居 精装修 满五唯一 随时可看房,750万,71158元/平,中楼层 (共24层) | 2003年 | 2室2厅 | 105.4平米 | 东南,https://ke-image.ljcdn.com/110000-inspection/c5527b51-f0e4-45d7-ba52-d085ddc417fe_1000.jpg!m_fill,w_280,h_210,f_jpg?from=ke.com
20240219,朝阳,双井,101122828048,九龙花园 2室2厅 西北,680万,61830元/平,低楼层 (共22层) 2室2厅 | 109.98平米 | 西北,https://ke-image.ljcdn.com/110000-inspection/83d8b8da-c302-47fb-98aa-89f382ab6f52_1000.jpg!m_fill,w_280,h_210,f_jpg?from=ke.com
20240219,朝阳,双井,101122817437,华腾园高楼层 不临街 看花园两居室 满五年唯一 可看房,660万,73001元/平,高楼层 (共28层) | 2000年 | 2室1厅 | 90.41平米 | 东南,https://ke-image.ljcdn.com/110000-inspection/pc1_sY8toP0EO.jpg!m_fill,w_280,h_210,f_jpg?from=ke.com
20240219,朝阳,双井,101122797307,南向两居满五唯一有菜地有仓储近地铁,382万,65088元/平,底层 (共18层) | 1991年 | 2室1厅 | 58.69平米 | 南,https://ke-image.ljcdn.com/110000-inspection/pc1_wpHQ6ju5t_1.jpg!m_fill,w_280,h_210,f_jpg?from=ke.com
20240219,朝阳,双井,101122786306,富力城C区 精装2居 两面观景 满五年唯一 安静不临街,950万,104892元/平,低楼层 (共25层) | 2005年 | 2室1厅 | 90.57平米 | 西北,https://ke-image.ljcdn.com/110000-inspection/pc1_QdJcZQBCN.jpg!m_fill,w_280,h_210,f_jpg?from=ke.com
20240219,朝阳,双井,101122776702,苹果社区南区观花园两居满五唯一业主诚意出售,940万,83467元/平,中楼层 (共27层) | 2005年 | 2室1厅 | 112.62平米 | 东南,https://ke-image.ljcdn.com/110000-inspection/pc1_4LjgcqFy8_1.jpg!m_fill,w_280,h_210,f_jpg?from=ke.com
20240219,朝阳,双井,101122758106,华腾园高楼层东南向三居室正看小区花园满五唯一,996万,81095元/平,高楼层 (共25层) | 2001年 | 3室2厅 | 122.82平米 | 东南,https://ke-image.ljcdn.com/110000-inspection/pc1_vf5eYaQR2.jpg!m_fill,w_280,h_210,f_jpg?from=ke.com
20240219,朝阳,双井,101122751215,满五唯一商品房 全屋精装高层采光好 看房方便诚意售房,680万,65625元/平,中楼层 (共28层) | 2005年 | 2室1厅 | 103.62平米 | 西,https://ke-image.ljcdn.com/110000-inspection/pc1_qW0TK9im8_1.jpg!m_fill,w_280,h_210,f_jpg?from=ke.com
20240219,朝阳,双井,101122750154,双花园南里二区 2室1厅 东 南,720万,74558元/平,顶层 (共22层) | 2002年 | 2室1厅 | 96.57平米 | 东 南,https://ke-image.ljcdn.com/110000-inspection/pc1_vRVfRp9fF_1.jpg!m_fill,w_280,h_210,f_jpg?from=ke.com
20240219,朝阳,双井,101122744383,满五唯一商品房中高楼层视野开阔采光充足,615万,64203元/平,高楼层 (共27层) | 2005年 | 2室1厅 | 95.79平米 | 西南,https://ke-image.ljcdn.com/110000-inspection/a6067b57-eb7a-4fd6-916b-2c9d25656ee1_1000.jpg!m_fill,w_280,h_210,f_jpg?from=ke.com
20240219,朝阳,双井,101122742362,苹果南区4万平米花园 正规一居室 满五年唯一诚心卖,530万,87953元/平,高楼层 (共22层) 1室1厅 | 60.26平米 | 北,https://ke-image.ljcdn.com/110000-inspection/pc1_cHOc3sxVg_1.jpg!m_fill,w_280,h_210,f_jpg?from=ke.com
20240219,朝阳,双井,101122741369,东三环九龙花园 南北通透两居室 精装修 诚意出售,688万,71185元/平,中楼层 (共14层) | 1998年 | 2室2厅 | 96.65平米 | 南 北,https://ke-image.ljcdn.com/110000-inspection/pc1_3Wr2Wj9LE_1.jpg!m_fill,w_280,h_210,f_jpg?from=ke.com
20240219,朝阳,双井,101122736208,东三环国贸劲松华腾园东南三居高楼层,955万,80905元/平,中楼层 (共28层) | 2001年 | 3室2厅 | 118.04平米 | 东 南,https://ke-image.ljcdn.com/110000-inspection/pc1_ZeBVBFf7t.jpg!m_fill,w_280,h_210,f_jpg?from=ke.com
20240219,朝阳,双井,101122726365,苹果社区 南向大一居 层高3米 衣帽间储物间 落地窗,620万,66275元/平,中楼层 (共21层) 1室1厅 | 93.55平米 | 南,https://ke-image.ljcdn.com/110000-inspection/pc1_el3pfJwnK.jpg!m_fill,w_280,h_210,f_jpg?from=ke.com
20240219,朝阳,双井,101122722405,富力城A区高层（20层）看花园两居室满五唯一诚意卖,1050万,109205元/平,中楼层 (共28层) | 2004年 | 2室1厅 | 96.15平米 | 东北,https://ke-image.ljcdn.com/110000-inspection/pc1_aS0VAC8rQ.jpg!m_fill,w_280,h_210,f_jpg?from=ke.com
20240219,朝阳,双井,101122705989,九龙花园南向三居视野采光好无遮挡,1080万,58991元/平,高楼层 (共22层) | 2001年 | 3室1厅 | 183.08平米 | 西南,https://ke-image.ljcdn.com/110000-inspection/pc1_CuigjAv6p_1.jpg!m_fill,w_280,h_210,f_jpg?from=ke.com
20240219,朝阳,双井,101122672018,东南向无遮挡主次卧室飘窗全出户型使用率高公摊小房主自荐,870万,104896元/平,中楼层 (共28层) 2室1厅 | 82.94平米 | 东南,https://ke-image.ljcdn.com/110000-inspection/pc1_pkBz1O5PY.jpg!m_fill,w_280,h_210,f_jpg?from=ke.com
20240219,朝阳,双井,101122655827,双井东南正规一居满五年唯一交通方便看房随时,608万,89888元/平,高楼层 (共14层) | 2005年 | 1室1厅 | 67.64平米 | 东南,https://ke-image.ljcdn.com/110000-inspection/pc1_mkJ5LGPWv_1.jpg!m_fill,w_280,h_210,f_jpg?from=ke.com
20240219,朝阳,双井,101122654977,单独楼栋单独院2层无遮挡正规2居很安静,360万,63955元/平,中楼层 (共5层) | 1984年 | 2室1厅 | 56.29平米 | 南 北,https://ke-image.ljcdn.com/110000-inspection/pc1_ZV9eisaoK.jpg!m_fill,w_280,h_210,f_jpg?from=ke.com
20240219,朝阳,双井,101122654070,南北 两居室 满五唯一 楼层好 无遮挡,1050万,102962元/平,低楼层 (共18层) 2室1厅 | 101.98平米 | 南 北,https://ke-image.ljcdn.com/110000-inspection/pc1_YcBByb8B2_1.jpg!m_fill,w_280,h_210,f_jpg?from=ke.com
20240219,朝阳,双井,101122653270,富力城A区 1室1厅 北,568万,97244元/平,中楼层 (共28层) 1室1厅 | 58.41平米 | 北,https://ke-image.ljcdn.com/110000-inspection/pc1_QJe1tXUwA.jpg!m_fill,w_280,h_210,f_jpg?from=ke.com
20240219,朝阳,双井,101122643386,房子满五唯一南北通透交易只有契税格局方正,888万,91265元/平,低楼层 (共22层) 2室1厅 | 97.3平米 | 南 北,https://ke-image.ljcdn.com/110000-inspection/pc1_P4aSvvRE6.jpg!m_fill,w_280,h_210,f_jpg?from=ke.com
20240219,朝阳,双井,101122635585,时代国际嘉园西向开间有燃气中间楼层看花园,459万,87512元/平,中楼层 (共21层) 1室0厅 | 52.45平米 | 西,https://ke-image.ljcdn.com/110000-inspection/83078ed5-ea52-42ed-af3d-1e5c241857e3_1000.jpg!m_fill,w_280,h_210,f_jpg?from=ke.com
20240219,朝阳,双井,101122631093,富力城B区 看花园 满五年唯一 随时可看,750万,124029元/平,低楼层 (共14层) | 2005年 | 1室1厅 | 60.47平米 | 北,https://ke-image.ljcdn.com/110000-inspection/pc1_haBvnVFbL_1.jpg!m_fill,w_280,h_210,f_jpg?from=ke.com
20240219,朝阳,双井,101122623896,首城国际C区 边户明卫 南北双线通透 中高楼层 采光好,2000万,106068元/平,中楼层 (共28层) | 2011年 | 4室2厅 | 188.56平米 | 南 西 北,https://ke-image.ljcdn.com/110000-inspection/pc1_61jm7r11K_1.jpg!m_fill,w_280,h_210,f_jpg?from=ke.com
20240219,朝阳,双井,101122622625,西南正规1居有燃气落地窗中层无遮挡西看花园,639万,95745元/平,中楼层 (共22层) 1室1厅 | 66.74平米 | 西南,https://ke-image.ljcdn.com/110000-inspection/pc1_4mdYimvlw.jpg!m_fill,w_280,h_210,f_jpg?from=ke.com
20240219,朝阳,双井,101122610340,远洋德邑边上6层小板楼南北通透全新精装修拎包入住房主自荐,418万,63895元/平,顶层 (共6层) | 1997年 | 2室1厅 | 65.42平米 | 北 南,https://ke-image.ljcdn.com/110000-inspection/pc1_zClUmXz78_1.jpg!m_fill,w_280,h_210,f_jpg?from=ke.com
20240219,朝阳,双井,101122607785,百环家园精装一居室看国贸夜景小区花园,340万,57404元/平,高楼层 (共28层) | 2005年 | 1室1厅 | 59.23平米 | 北,https://ke-image.ljcdn.com/110000-inspection/pc1_w7DBCtNO9.jpg!m_fill,w_280,h_210,f_jpg?from=ke.com
20240219,朝阳,双井,101122606458,双花园南里南北通透三居室户型格局好,380万,56616元/平,中楼层 (共6层) | 1980年 | 3室1厅 | 67.12平米 | 南 北,https://ke-image.ljcdn.com/110000-inspection/pc1_bdSS8abkL.jpg!m_fill,w_280,h_210,f_jpg?from=ke.com
20240219,朝阳,双井,101122580854,广渠门外大街5号院 龙吟半岛 5年唯1  安静 临湖视野,2800万,118109元/平,中楼层 (共17层) 3室2厅 | 237.07平米 | 南 北,https://ke-image.ljcdn.com/110000-inspection/pc1_REOvyLoJb_1.jpg!m_fill,w_280,h_210,f_jpg?from=ke.com
20240219,朝阳,双井,101122577753,满五年唯一 纯板楼 一梯两户 南北通透 采光好 落地窗,1290万,79591元/平,低楼层 (共18层) 3室1厅 | 162.08平米 | 南 北,https://ke-image.ljcdn.com/110000-inspection/pc1_Q2u0hxImp.jpg!m_fill,w_280,h_210,f_jpg?from=ke.com
20240219,朝阳,双井,101122562261,CBD总部公寓二期 2室1厅 南 北,1050万,105751元/平,中楼层 (共14层) | 2005年 | 2室1厅 | 99.29平米 | 南 北,https://ke-image.ljcdn.com/110000-inspection/pc1_Ee2yFEFqR_1.jpg!m_fill,w_280,h_210,f_jpg?from=ke.com
20240219,朝阳,双井,101122542502,双井平墅四居 全新二次装修保养好 全屋新风系统,1780万,115487元/平,低楼层 (共12层) | 2006年 | 4室2厅 | 154.13平米 | 南 北,https://ke-image.ljcdn.com/110000-inspection/pc1_3KO2BJSf6.jpg!m_fill,w_280,h_210,f_jpg?from=ke.com
20240219,朝阳,双井,101122536213,双花园南里一区  南北通透三居 精装修,780万,75846元/平,顶层 (共6层) 3室2厅 | 102.84平米 | 南 北,https://ke-image.ljcdn.com/110000-inspection/pc1_ggVsiVlib.jpg!m_fill,w_280,h_210,f_jpg?from=ke.com
20240219,朝阳,双井,101122530981,双井百环家园满五年唯一商品房房屋状况保养好,330万,56672元/平,低楼层 (共27层) | 2005年 | 1室1厅 | 58.23平米 | 北,https://ke-image.ljcdn.com/110000-inspection/pc1_OT1tFbkgk_1.jpg!m_fill,w_280,h_210,f_jpg?from=ke.com
20240219,朝阳,双井,101122514645,双井时代国际嘉园 北向一居室 满五年唯一精装修房主自荐,530万,96224元/平,低楼层 (共21层) 1室1厅 | 55.08平米 | 北,https://ke-image.ljcdn.com/110000-inspection/pc1_RycGSDgCU_1.jpg!m_fill,w_280,h_210,f_jpg?from=ke.com
20240219,朝阳,双井,101122512350,苹果南区带落地飘窗采光好层高3.1米满五唯一,835万,86925元/平,中楼层 (共22层) 2室1厅 | 96.06平米 | 南,https://ke-image.ljcdn.com/110000-inspection/pc1_RMPkfbRKq_1.jpg!m_fill,w_280,h_210,f_jpg?from=ke.com
20240219,朝阳,双井,101122511200,二环外 近地铁 大两居 满五唯一 安静不临街,700万,66020元/平,高楼层 (共18层) 2室2厅 | 106.03平米 | 西南,https://ke-image.ljcdn.com/110000-inspection/pc1_sGDXCYUxs_1.jpg!m_fill,w_280,h_210,f_jpg?from=ke.com
20240219,朝阳,双井,101122507335,后排不临街可以贷款二次装修诚售一居室,420万,69045元/平,底层 (共27层) 1室1厅 | 60.83平米 | 北,https://ke-image.ljcdn.com/110000-inspection/pc1_D9i5dbAu1_1.jpg!m_fill,w_280,h_210,f_jpg?from=ke.com
20240219,朝阳,双井,101122502495,东三环双井 九龙花园 高层东南向两居室视野好,586万,62454元/平,高楼层 (共20层) | 2005年 | 2室1厅 | 93.83平米 | 东 南,https://ke-image.ljcdn.com/110000-inspection/bbefc8aa-81be-4702-a292-78ecd05464b0_1000.jpg!m_fill,w_280,h_210,f_jpg?from=ke.com
20240219,朝阳,双井,101122492628,九龙花园两居室 格局合理户型方正精装修,719万,68555元/平,低楼层 (共22层) 2室1厅 | 104.88平米 | 西北,https://ke-image.ljcdn.com/110000-inspection/pc1_yfX7b8MNe_1.jpg!m_fill,w_280,h_210,f_jpg?from=ke.com
20240219,朝阳,双井,101122485434,东三环54号院华腾园劲松地铁近环境好,648万,71674元/平,高楼层 (共28层) | 2000年 | 2室2厅 | 90.41平米 | 西南,https://ke-image.ljcdn.com/110000-inspection/4f08d45e-92c5-45bd-8235-d1f1369d75be_1000.jpg!m_fill,w_280,h_210,f_jpg?from=ke.com
20240219,朝阳,双井,101122478875,富力城B区西院南北通透三居室中高楼层,1800万,118002元/平,高楼层 (共14层) | 2005年 | 3室2厅 | 152.54平米 | 南 北,https://ke-image.ljcdn.com/110000-inspection/f513669b-7149-4001-b1ba-2ab2550c8098_1000.jpg!m_fill,w_280,h_210,f_jpg?from=ke.com
20240219,朝阳,双井,101122470246,富力城C区 高层南向双卫大两居 全新二次精装修,1450万,114907元/平,高楼层 (共20层) | 2005年 | 2室2厅 | 126.19平米 | 南,https://ke-image.ljcdn.com/110000-inspection/6c64d452-6a35-4bf2-90c7-ab0e2957b645_1000.jpg!m_fill,w_280,h_210,f_jpg?from=ke.com
20240219,朝阳,双井,101122469820,满五年家庭唯一住房交易成本低视野开阔,670万,76906元/平,中楼层 (共28层) 2室1厅 | 87.12平米 | 东南,https://ke-image.ljcdn.com/110000-inspection/b57ca017-7808-4d93-ab99-3532609abb64_1000.jpg!m_fill,w_280,h_210,f_jpg?from=ke.com
20240219,朝阳,双井,101122468333,满五唯一 诚意出售 对视中国尊 眼睛户型 安静舒适,595万,85921元/平,中楼层 (共27层) | 2005年 | 2室1厅 | 69.25平米 | 北,https://ke-image.ljcdn.com/110000-inspection/bd4aafc9-141e-4477-9249-d1673750eef6_1000.jpg!m_fill,w_280,h_210,f_jpg?from=ke.com
20240219,朝阳,双井,101122467865,通透户型卧室落地窗 小区美景直观业主诚意出售,1020万,80474元/平,低楼层 (共22层) | 2003年 | 2室2厅 | 126.75平米 | 东 西,https://ke-image.ljcdn.com/110000-inspection/pc1_TenK1F1UM_1.jpg!m_fill,w_280,h_210,f_jpg?from=ke.com
20240219,朝阳,双井,101122455414,富力城D区二次装修ins风格两居正看花园安静满五年唯一,1018万,116690元/平,低楼层 (共22层) | 2006年 | 2室1厅 | 87.24平米 | 西北,https://ke-image.ljcdn.com/110000-inspection/pc1_oVstdNZqN_1.jpg!m_fill,w_280,h_210,f_jpg?from=ke.com
20240219,朝阳,双井,101122448146,双井地铁口 全南向正规两居 精装修 拎包入住 独立客厅房主自荐,450万,64851元/平,高楼层 (共18层) | 1990年 | 2室1厅 | 69.39平米 | 南,https://ke-image.ljcdn.com/110000-inspection/pc1_FVYYeR4Hj.jpg!m_fill,w_280,h_210,f_jpg?from=ke.com
20240219,朝阳,双井,101122447274,CBD总部公寓二期70年产权住宅商品房小区,498万,78327元/平,中楼层 (共14层) | 2005年 | 1室1厅 | 63.58平米 | 西,https://ke-image.ljcdn.com/110000-inspection/pc1_PTh5d4jN8_1.jpg!m_fill,w_280,h_210,f_jpg?from=ke.com
20240219,朝阳,双井,101122441847,双花园西里 3室1厅 南 北,720万,73816元/平,中楼层 (共7层) | 1997年 | 3室1厅 | 97.54平米 | 南 北,https://ke-image.ljcdn.com/110000-inspection/pc1_fAq4NQDZS_1.jpg!m_fill,w_280,h_210,f_jpg?from=ke.com
20240219,朝阳,双井,101122439656,双井 广渠门地铁附近 南北通透正规三居室 诚意出售,858万,71376元/平,顶层 (共6层) | 1998年 | 3室2厅 | 120.21平米 | 南 北,https://ke-image.ljcdn.com/110000-inspection/pc1_0KYuWrwgu_1.jpg!m_fill,w_280,h_210,f_jpg?from=ke.com
20240219,朝阳,双井,101122424258,富力城A区南北两居室 满五唯一 采光好,1020万,107698元/平,低楼层 (共18层) 2室2厅 | 94.71平米 | 西南 北,https://ke-image.ljcdn.com/110000-inspection/pc1_0329sLRwV.jpg!m_fill,w_280,h_210,f_jpg?from=ke.com
20240219,朝阳,双井,101122414275,浪漫首城 南北通透三居室 高层观小区花园,918万,102869元/平,高楼层 (共28层) | 2010年 | 3室1厅 | 89.24平米 | 南 北,https://ke-image.ljcdn.com/110000-inspection/pc1_CJ1H2nBFE_1.jpg!m_fill,w_280,h_210,f_jpg?from=ke.com
20240219,朝阳,双井,101122411926,华腾园二期 南向三居室 正对小区 满五年 家庭一套房,1190万,86120元/平,低楼层 (共28层) 3室2厅 | 138.18平米 | 西南,https://ke-image.ljcdn.com/110000-inspection/pc1_NGn1PmqDY.jpg!m_fill,w_280,h_210,f_jpg?from=ke.com
20240219,朝阳,双井,101122398140,国贸后花园双花园南里二区东南两居诚意出售,808万,91735元/平,高楼层 (共22层) 2室2厅 | 88.08平米 | 东南,https://ke-image.ljcdn.com/110000-inspection/pc1_4JuOcTVeY_1.jpg!m_fill,w_280,h_210,f_jpg?from=ke.com
20240219,朝阳,双井,101122394819,富力城A区高层景观2居室 满5年唯一  客厅带阳台,896万,103921元/平,高楼层 (共26层) | 2004年 | 2室2厅 | 86.22平米 | 北,https://ke-image.ljcdn.com/110000-inspection/pc1_lDQYkUgOX_1.jpg!m_fill,w_280,h_210,f_jpg?from=ke.com
20240219,朝阳,双井,101122394825,乐成国际 北排中间位置 一梯两户 无遮挡  只有契税,1650万,110932元/平,中楼层 (共12层) | 2006年 | 3室1厅 | 148.74平米 | 南 北,https://ke-image.ljcdn.com/110000-inspection/pc1_wffaYBLdI.jpg!m_fill,w_280,h_210,f_jpg?from=ke.com
20240219,朝阳,双井,101122390257,华腾园精装南向三居全天采光满五唯一看房方便,998万,84922元/平,中楼层 (共28层) 3室2厅 | 117.52平米 | 西南,https://ke-image.ljcdn.com/110000-inspection/pc1_m1rBbsHNW.jpg!m_fill,w_280,h_210,f_jpg?from=ke.com
20240219,朝阳,双井,101122386096,华腾园 全明格局 户型方正 带双阳台,780万,70170元/平,高楼层 (共25层) | 2001年 | 3室1厅 | 111.16平米 | 东南 西北,https://ke-image.ljcdn.com/110000-inspection/pc1_yHpvCmFCe.jpg!m_fill,w_280,h_210,f_jpg?from=ke.com
20240219,朝阳,双井,101122385034,富力城B区 高楼层无遮挡户型方正二次装修拎包入住！,870万,97523元/平,高楼层 (共12层) | 2004年 | 2室1厅 | 89.21平米 | 东北,https://ke-image.ljcdn.com/110000-inspection/pc1_2IFiuNZid_1.jpg!m_fill,w_280,h_210,f_jpg?from=ke.com
20240219,朝阳,双井,101122378367,低密度小区 高层南向大3居 二次装修看花园 满5年唯一,1850万,109345元/平,中楼层 (共11层) | 2005年 | 3室1厅 | 169.19平米 | 南,https://ke-image.ljcdn.com/110000-inspection/pc1_lbq89dJQk.jpg!m_fill,w_280,h_210,f_jpg?from=ke.com
20240219,朝阳,双井,101122362369,双井时代国际 高楼层 重新装修 拎包入住 满五唯一,360万,88474元/平,顶层 (共21层) | 2006年 | 1室0厅 | 40.69平米 | 北,https://ke-image.ljcdn.com/110000-inspection/pc1_e0zHjEEIL_1.jpg!m_fill,w_280,h_210,f_jpg?from=ke.com
20240219,朝阳,双井,101122362193,首城国际A区 1室1厅 东南房主自荐,660万,94706元/平,中楼层 (共28层) 1室1厅 | 69.69平米 | 东南,https://ke-image.ljcdn.com/110000-inspection/pc1_g0CVMysne_1.jpg!m_fill,w_280,h_210,f_jpg?from=ke.com
20240219,朝阳,双井,101122359672,CBD总部公寓二期 2室1厅 南 北,1100万,105304元/平,顶层 (共14层) | 2005年 | 2室1厅 | 104.46平米 | 南 北,https://ke-image.ljcdn.com/110000-inspection/pc1_US1mheDU4_2.jpg!m_fill,w_280,h_210,f_jpg?from=ke.com
20240219,朝阳,双井,101122353921,富力城 南北四居 350万博洛尼装修 观小区全景,3050万,116253元/平,中楼层 (共20层) | 2005年 | 4室2厅 | 262.36平米 | 南 北,https://ke-image.ljcdn.com/110000-inspection/10eeb56a-9f4c-4d35-93e4-9e368b393224_1000.jpg!m_fill,w_280,h_210,f_jpg?from=ke.com
20240219,朝阳,双井,101122350218,富力城C区 3号东南 珍惜出售 五年唯一 价钱可谈,1580万,111104元/平,高楼层 (共25层) | 2005年 | 3室2厅 | 142.21平米 | 东南,https://ke-image.ljcdn.com/110000-inspection/e3751f02-a0ea-4948-96de-6bd42a0db962_1000.jpg!m_fill,w_280,h_210,f_jpg?from=ke.com
20240219,朝阳,双井,101122347663,20年精装修商品房随时可看小区在售房中的上上之选,690万,61751元/平,中楼层 (共28层) | 2005年 | 2室1厅 | 111.74平米 | 东北,https://ke-image.ljcdn.com/110000-inspection/pc1_nhTUGYv6t_1.jpg!m_fill,w_280,h_210,f_jpg?from=ke.com
20240219,朝阳,双井,101122347474,苹果社区北区南向开间满五年唯一采光好,330万,55781元/平,低楼层 (共21层) | 2005年 | 1室0厅 | 59.16平米 | 南,https://ke-image.ljcdn.com/110000-inspection/pc1_SHkQGbelw.jpg!m_fill,w_280,h_210,f_jpg?from=ke.com
20240219,朝阳,双井,101122338996,双井 天之骄子 俯瞰花园 二次装修拎包入住,885万,81119元/平,中楼层 (共20层) 2室2厅 | 109.1平米 | 西,https://ke-image.ljcdn.com/110000-inspection/83770499-90c3-492e-bbef-9a2c40cdcc3b_1000.jpg!m_fill,w_280,h_210,f_jpg?from=ke.com
20240219,朝阳,双井,101122334455,合生国际花园两个卧室大小差不多,1020万,95551元/平,中楼层 (共18层) | 2007年 | 2室1厅 | 106.75平米 | 东 西,https://ke-image.ljcdn.com/110000-inspection/pc1_mKs2UvFWi_1.jpg!m_fill,w_280,h_210,f_jpg?from=ke.com
20240219,朝阳,双井,101122332998,富力城D区 3室1厅 南,1670万,124860元/平,中楼层 (共11层) | 2005年 | 3室1厅 | 133.75平米 | 南,https://ke-image.ljcdn.com/110000-inspection/pc1_TYLbsNv23.jpg!m_fill,w_280,h_210,f_jpg?from=ke.com
20240219,朝阳,双井,101122332650,中间位置 满五唯一 看湖心喷泉 南北通透 有储物间,1885万,119630元/平,中楼层 (共22层) 3室2厅 | 157.57平米 | 南 北,https://ke-image.ljcdn.com/110000-inspection/pc1_34VQ2apjh.jpg!m_fill,w_280,h_210,f_jpg?from=ke.com
20240219,朝阳,双井,101122330965,华腾园 东南北三居室 视野好 看花园 无遮挡,908万,70095元/平,高楼层 (共28层) 3室1厅 | 129.54平米 | 东南 北,https://ke-image.ljcdn.com/110000-inspection/012edc80-a5e3-4d9a-b44d-61583ab77df4_1000.jpg!m_fill,w_280,h_210,f_jpg?from=ke.com
20240219,朝阳,双井,101122324196,东三环南路两居交通便利格局采光好,406万,63005元/平,中楼层 (共14层) | 1982年 | 2室1厅 | 64.44平米 | 南,https://ke-image.ljcdn.com/110000-inspection/5caf33fa-9fc5-4463-911b-d1734559eb98_1000.jpg!m_fill,w_280,h_210,f_jpg?from=ke.com
20240219,朝阳,双井,101122322203,单独楼栋单独院3层无遮挡正规3居满五唯一,450万,62492元/平,中楼层 (共5层) 3室1厅 | 72.01平米 | 南 北,https://ke-image.ljcdn.com/110000-inspection/pc1_aLeqgc1jj.jpg!m_fill,w_280,h_210,f_jpg?from=ke.com
20240219,朝阳,双井,101122316025,富力城C区 看花园一居 满五唯一 随时签约 看房方便,651万,102391元/平,中楼层 (共25层) | 2005年 | 1室1厅 | 63.58平米 | 北,https://ke-image.ljcdn.com/110000-inspection/pc1_wW40Yt02w.jpg!m_fill,w_280,h_210,f_jpg?from=ke.com
20240219,朝阳,双井,101122312998,合生国际花园  全南两居 有钥匙对花园  采光8小时,1050万,107671元/平,低楼层 (共24层) 2室2厅 | 97.52平米 | 东南,https://ke-image.ljcdn.com/110000-inspection/pc1_h7RW4mXW6_1.jpg!m_fill,w_280,h_210,f_jpg?from=ke.com
20240219,朝阳,双井,101122306884,首城国际B区高层南北通透三居室只有契税,950万,106551元/平,中楼层 (共28层) | 2012年 | 3室1厅 | 89.16平米 | 南 北,https://ke-image.ljcdn.com/110000-inspection/62c94c5a-b403-47a9-bd4a-f4253564fc67_1000.jpg!m_fill,w_280,h_210,f_jpg?from=ke.com
20240219,朝阳,双井,101122286970,首城国际A区 可观西山 视野开阔 诚意出售,515万,72741元/平,顶层 (共28层) | 2010年 | 1室1厅 | 70.8平米 | 西,https://ke-image.ljcdn.com/110000-inspection/pc1_zn9NZes7K_1.jpg!m_fill,w_280,h_210,f_jpg?from=ke.com
20240219,朝阳,双井,101122281042,富力城A区 正看小区花园 有钥匙随时看,520万,83294元/平,低楼层 (共28层) | 2004年 | 1室1厅 | 62.43平米 | 北,https://ke-image.ljcdn.com/110000-inspection/pc1_IymgWdniq_1.jpg!m_fill,w_280,h_210,f_jpg?from=ke.com
20240219,朝阳,双井,101122267487,百环家园高楼层精装修无天井两居,699万,62568元/平,高楼层 (共28层) 2室1厅 | 111.72平米 | 西北,https://ke-image.ljcdn.com/110000-inspection/76a2d9f4-0837-467f-a1e2-7351d8093874_1000.jpg!m_fill,w_280,h_210,f_jpg?from=ke.com
20240219,朝阳,双井,101122263500,黄木庄3号院 全南向两居 中间楼层,372万,63384元/平,中楼层 (共18层) | 1991年 | 2室1厅 | 58.69平米 | 南,https://ke-image.ljcdn.com/110000-inspection/pc1_iQpy7R3FF_1.jpg!m_fill,w_280,h_210,f_jpg?from=ke.com
20240219,朝阳,双井,101122241837,富力城A区 高层南向眼睛户型三居 带大阳台 采光好,1398万,114694元/平,高楼层 (共26层) 3室2厅 | 121.89平米 | 南,https://ke-image.ljcdn.com/110000-inspection/pc1_ahygLbLQT.jpg!m_fill,w_280,h_210,f_jpg?from=ke.com
20240219,朝阳,双井,101122233792,九龙花园南北向一居室采光通风好,420万,67601元/平,高楼层 (共20层) | 2005年 | 1室1厅 | 62.13平米 | 南 北,https://ke-image.ljcdn.com/110000-inspection/pc1_2nEkkoiQp.jpg!m_fill,w_280,h_210,f_jpg?from=ke.com
20240219,朝阳,双井,101122220397,双花园西里商务部分房南北通透满五唯一,660万,77447元/平,高楼层 (共6层) | 1999年 | 2室1厅 | 85.22平米 | 南 北,https://ke-image.ljcdn.com/110000-inspection/pc1_WtDSwxWlg_1.jpg!m_fill,w_280,h_210,f_jpg?from=ke.com
20240219,朝阳,双井,101122211334,带飘窗 楼间距118米 看小区花园 西南向 安静 诚心出售,1280万,99118元/平,高楼层 (共27层) 3室1厅 | 129.14平米 | 南,https://ke-image.ljcdn.com/110000-inspection/pc1_JzDeF1EKB_1.jpg!m_fill,w_280,h_210,f_jpg?from=ke.com
20240219,朝阳,双井,101122211025,乐成国际  满五年唯一  看房方便  诚意出售,1650万,110932元/平,低楼层 (共12层) | 2006年 | 3室2厅 | 148.74平米 | 南 北,https://ke-image.ljcdn.com/110000-inspection/pc1_6FfI17wo7_1.jpg!m_fill,w_280,h_210,f_jpg?from=ke.com
20240219,朝阳,双井,101122210307,CBD总部公寓一期三居三面采光,1360万,107138元/平,底层 (共9层) | 2004年 | 3室2厅 | 126.94平米 | 南 东 西,https://ke-image.ljcdn.com/110000-inspection/pc1_xvca3dhL8.jpg!m_fill,w_280,h_210,f_jpg?from=ke.com
20240219,朝阳,双井,101122209718,百环家园 优质大两居 东南朝向 高层无遮挡 落地窗,620万,56658元/平,中楼层 (共28层) 2室1厅 | 109.43平米 | 东 东南,https://ke-image.ljcdn.com/110000-inspection/pc1_du46fuDBT_1.jpg!m_fill,w_280,h_210,f_jpg?from=ke.com
20240219,朝阳,双井,101122198755,东三环双井劲松华腾园西南向高楼层视野好精装修房主自荐,785万,75956元/平,高楼层 (共26层) 3室2厅 | 103.35平米 | 西南,https://ke-image.ljcdn.com/110000-inspection/pc1_e7TvL0BYA_2.jpg!m_fill,w_280,h_210,f_jpg?from=ke.com
20240219,朝阳,双井,101122189263,富力城C区 樱花半岛 西南三居 看花园 保养好有钥匙,1400万,101612元/平,低楼层 (共19层) | 2005年 | 3室2厅 | 137.78平米 | 西南,https://ke-image.ljcdn.com/110000-inspection/pc1_7mgOwKf6j_1.jpg!m_fill,w_280,h_210,f_jpg?from=ke.com
20240219,朝阳,双井,101122176008,东三环双井东南两居室采光好房本干净无抵押。,650万,58570元/平,中楼层 (共26层) | 2005年 | 2室1厅 | 110.98平米 | 东南,https://ke-image.ljcdn.com/110000-inspection/pc1_5uHVc5V87.jpg!m_fill,w_280,h_210,f_jpg?from=ke.com
20240219,朝阳,双井,101122175591,东三环双井南向阳光充足不临街安静无噪音,315万,73857元/平,低楼层 (共18层) | 1991年 | 1室1厅 | 42.65平米 | 南,https://ke-image.ljcdn.com/110000-inspection/pc1_dIGoREKDe.jpg!m_fill,w_280,h_210,f_jpg?from=ke.com
20240219,朝阳,双井,101122156562,世桥国贸 2室2厅 南 北,1150万,94674元/平,低楼层 (共22层) 2室2厅 | 121.47平米 | 南 北,https://ke-image.ljcdn.com/110000-inspection/pc1_8KVGtPqs4.jpg!m_fill,w_280,h_210,f_jpg?from=ke.com
20240219,朝阳,双井,101122137822,海关总署眼镜户型南北通透四居室,1999.99万,119232元/平,低楼层 (共10层) | 2008年 | 4室2厅 | 167.74平米 | 南 北,https://ke-image.ljcdn.com/110000-inspection/pc1_oZYnUGxvn.jpg!m_fill,w_280,h_210,f_jpg?from=ke.com
20240219,朝阳,双井,101122133221,百环家园 2室1厅 东南,696万,57360元/平,高楼层 (共26层) | 2005年 | 2室1厅 | 121.34平米 | 东南,https://ke-image.ljcdn.com/110000-inspection/pc1_8Sr23OMdr.jpg!m_fill,w_280,h_210,f_jpg?from=ke.com
20240219,朝阳,双井,101122128172,乐成国际一期 南北三居 中间楼层 前后看花园,1490万,100881元/平,中楼层 (共20层) | 2006年 | 3室1厅 | 147.7平米 | 南 北,https://ke-image.ljcdn.com/110000-inspection/pc1_klJmqBWQJ_1.jpg!m_fill,w_280,h_210,f_jpg?from=ke.com
20240219,朝阳,双井,101122125940,CBD总部公寓一期高层南北通透二居 视野好无遮挡,1260万,107693元/平,中楼层 (共13层) | 2004年 | 2室2厅 | 117平米 | 南 北,https://ke-image.ljcdn.com/110000-inspection/pc1_PldIXsiQZ_1.jpg!m_fill,w_280,h_210,f_jpg?from=ke.com
20240219,朝阳,双井,101122114884,9层高的板楼两居中间层有钥匙可看房,798万,99477元/平,中楼层 (共9层) | 2008年 | 2室1厅 | 80.22平米 | 西北,https://ke-image.ljcdn.com/110000-inspection/pc1_slrkyKlHZ_1.jpg!m_fill,w_280,h_210,f_jpg?from=ke.com
20240219,朝阳,双井,101122113092,富力城D区 1室1厅 西北,880万,110193元/平,高楼层 (共19层) | 2006年 | 1室1厅 | 79.86平米 | 西北,https://ke-image.ljcdn.com/110000-inspection/pc1_4CdeqEWbY_1.jpg!m_fill,w_280,h_210,f_jpg?from=ke.com
20240219,朝阳,双井,101122107092,双井 九龙花园 西向高层两居 采光好业主诚意出售,678万,63389元/平,高楼层 (共22层) | 1999年 | 2室1厅 | 106.96平米 | 西,https://ke-image.ljcdn.com/110000-inspection/pc1_4nnxMvmLL.jpg!m_fill,w_280,h_210,f_jpg?from=ke.com
20240219,朝阳,双井,101122098318,富力城两居室双明卫高层景观两居业主诚意出售,1050万,118484元/平,高楼层 (共26层) 2室2厅 | 88.62平米 | 西南 北,https://ke-image.ljcdn.com/110000-inspection/pc1_OOlPjI1R7_1.jpg!m_fill,w_280,h_210,f_jpg?from=ke.com
20240219,朝阳,双井,101122083743,合生国际花园 中高楼层 观景一居 满五年唯一 诚意出售,638万,104437元/平,高楼层 (共18层) | 2008年 | 1室1厅 | 61.09平米 | 西,https://ke-image.ljcdn.com/110000-inspection/75a2098e-f435-4672-89e7-14640592698b_1000.jpg!m_fill,w_280,h_210,f_jpg?from=ke.com
20240219,朝阳,双井,101122080283,华腾园全明三居室 看花园 诚意出售,828万,62317元/平,中楼层 (共28层) | 2000年 | 3室2厅 | 132.87平米 | 东南 北,https://ke-image.ljcdn.com/110000-inspection/pc1_Ai01HRToQ.jpg!m_fill,w_280,h_210,f_jpg?from=ke.com
20240219,朝阳,双井,101122074890,富力城B区 高层南北通透双卫两居 双阳台 两梯四户,1180万,112876元/平,高楼层 (共9层) | 2004年 | 2室2厅 | 104.54平米 | 南 北,https://ke-image.ljcdn.com/110000-inspection/pc1_Vb7TGovRf.jpg!m_fill,w_280,h_210,f_jpg?from=ke.com
20240219,朝阳,双井,101122071499,富力城D区 南北通透3居 满5唯1 装修好 景观好不临街,1600万,121048元/平,顶层 (共19层) | 2006年 | 3室2厅 | 132.18平米 | 南 北,https://ke-image.ljcdn.com/110000-inspection/pc1_KAvjtZMhz_1.jpg!m_fill,w_280,h_210,f_jpg?from=ke.com
20240219,朝阳,双井,101122057075,东三环 双井 商品房 满五唯一 精装高层大两居 不临街,599万,57847元/平,高楼层 (共28层) 2室1厅 | 103.55平米 | 西南,https://ke-image.ljcdn.com/110000-inspection/pc1_kiYDQY9Qa.jpg!m_fill,w_280,h_210,f_jpg?from=ke.com
20240219,朝阳,双井,101122050537,样板间户型中间楼层大户型好格局精装修诚售,1500万,88080元/平,低楼层 (共22层) | 2003年 | 3室1厅 | 170.3平米 | 西南,https://ke-image.ljcdn.com/110000-inspection/pc1_qmVoiL7pS.jpg!m_fill,w_280,h_210,f_jpg?from=ke.com
20240219,朝阳,双井,101122030131,九龙花园 满五唯一商品房 高层东向视野采光好 诚意售房主自荐,386万,64798元/平,高楼层 (共22层) 1室1厅 | 59.57平米 | 东,https://ke-image.ljcdn.com/110000-inspection/pc1_7NB31F7QS.jpg!m_fill,w_280,h_210,f_jpg?from=ke.com
20240219,朝阳,双井,101122018545,百环家园 3室2厅 西南,770万,61345元/平,低楼层 (共28层) 3室2厅 | 125.52平米 | 西南,https://ke-image.ljcdn.com/110000-inspection/pc1_0o4ignc4f_1.jpg!m_fill,w_280,h_210,f_jpg?from=ke.com
20240219,朝阳,双井,101122015659,双井百环家园南向三居室商品房唯一看房随时！,749万,59587元/平,低楼层 (共26层) 3室2厅 | 125.7平米 | 东南,https://ke-image.ljcdn.com/110000-inspection/pc1_Q8SG0XJM5.jpg!m_fill,w_280,h_210,f_jpg?from=ke.com
20240219,朝阳,双井,101122013810,富力城A区-百万装修-高层眼镜户型南向三居室,1443万,108115元/平,高楼层 (共18层) | 2004年 | 3室1厅 | 133.47平米 | 南,https://ke-image.ljcdn.com/110000-inspection/pc1_Ny4tkJdTm_1.jpg!m_fill,w_280,h_210,f_jpg?from=ke.com
20240219,朝阳,双井,101122012051,华腾园 东南北三居室 观小区花园,740万,57126元/平,低楼层 (共28层) 3室1厅 | 129.54平米 | 东南 北,https://ke-image.ljcdn.com/110000-inspection/pc1_bbraR4fVC.jpg!m_fill,w_280,h_210,f_jpg?from=ke.com
20240219,朝阳,双井,101122007913,苹果社区标准一居室房主急卖精装修价格可议可看中国尊,499万,82154元/平,中楼层 (共27层) 1室1厅 | 60.74平米 | 北,https://ke-image.ljcdn.com/110000-inspection/pc1_Q9sUi0p70_1.jpg!m_fill,w_280,h_210,f_jpg?from=ke.com
20240219,朝阳,双井,101121997741,满五唯一 双南朝向  正规两居室 交易成本低房主自荐,386万,59587元/平,中楼层 (共14层) | 1982年 | 2室1厅 | 64.78平米 | 南 北,https://ke-image.ljcdn.com/110000-inspection/2b14de6f-0b20-4d5f-8b5d-93127e2f8d08_1000.jpg!m_fill,w_280,h_210,f_jpg?from=ke.com
20240219,朝阳,双井,101121986388,百环家园 2室1厅 西南,635万,66284元/平,高楼层 (共28层) | 2005年 | 2室1厅 | 95.8平米 | 西南,https://ke-image.ljcdn.com/110000-inspection/pc1_752G4WvEW_1.jpg!m_fill,w_280,h_210,f_jpg?from=ke.com
20240219,朝阳,双井,101121967949,百环家园 南向两居 看房方便 楼层好 视野开阔,605万,54515元/平,低楼层 (共26层) | 2005年 | 2室1厅 | 110.98平米 | 东南,https://ke-image.ljcdn.com/110000-inspection/pc1_4KaTxM61f_1.jpg!m_fill,w_280,h_210,f_jpg?from=ke.com
20240219,朝阳,双井,101121967036,富力城B区中间楼层南北三居室满五年唯一诚意出售房主自荐,1700万,111447元/平,中楼层 (共14层) | 2005年 | 3室2厅 | 152.54平米 | 南 北,https://ke-image.ljcdn.com/110000-inspection/pc1_MLjbO2RnC_1.jpg!m_fill,w_280,h_210,f_jpg?from=ke.com
20240219,朝阳,双井,101121962115,富力城A区  花园位置  景观两居  新装修,948万,109571元/平,低楼层 (共26层) 2室1厅 | 86.52平米 | 东北,https://ke-image.ljcdn.com/110000-inspection/pc1_xeivICxzS_1.jpg!m_fill,w_280,h_210,f_jpg?from=ke.com
20240219,朝阳,双井,101121955143,D区观湖四居室满二年交易仅需契税,2188万,106250元/平,低楼层 (共22层) 4室1厅 | 205.93平米 | 西南 北,https://ke-image.ljcdn.com/110000-inspection/pc1_1vKaPS98U_1.jpg!m_fill,w_280,h_210,f_jpg?from=ke.com
20240219,朝阳,双井,101121938060,双井正规两居 南北通透带客厅 楼层好 近地铁 楼龄新房主自荐,399万,62257元/平,低楼层 (共6层) | 1993年 | 2室1厅 | 64.09平米 | 南 北,https://ke-image.ljcdn.com/110000-inspection/pc1_2R9eyyG95_1.jpg!m_fill,w_280,h_210,f_jpg?from=ke.com
20240219,朝阳,双井,101121927524,满五年唯一南向采光好小区安静不临街,638万,77334元/平,中楼层 (共23层) | 2004年 | 2室1厅 | 82.5平米 | 东南,https://ke-image.ljcdn.com/110000-inspection/pc1_ENSOkSZyS.jpg!m_fill,w_280,h_210,f_jpg?from=ke.com
20240219,朝阳,双井,101121914621,小区东三环南路 10号线劲松地铁口正规三居室,382.13万,54435元/平,底层 (共16层) | 1986年 | 3室1厅 | 70.2平米 | 西北,https://ke-image.ljcdn.com/110000-inspection/pc1_sGFuVsA7w_1.jpg!m_fill,w_280,h_210,f_jpg?from=ke.com
20240219,朝阳,双井,101121912015,东南两室两厅安静不临街 中楼层 视野好 采光无遮挡,768万,74239元/平,中楼层 (共25层) 2室2厅 | 103.45平米 | 东南,https://ke-image.ljcdn.com/110000-inspection/pc1_UrfwmQiCY.jpg!m_fill,w_280,h_210,f_jpg?from=ke.com
20240219,朝阳,双井,101121899984,华腾园 3环边地铁口 满五年唯一 南向3居 位置好,998万,81258元/平,高楼层 (共25层) 3室2厅 | 122.82平米 | 南 西南,https://ke-image.ljcdn.com/110000-inspection/82a371b6-df6f-498d-8dc3-08a28b488390_1000.jpg!m_fill,w_280,h_210,f_jpg?from=ke.com
20240219,朝阳,双井,101121889441,西向看花园。不临街看房基本随时。精装修,370万,77732元/平,中楼层 (共22层) | 2010年 | 1室1厅 | 47.6平米 | 西,https://ke-image.ljcdn.com/110000-inspection/pc1_somMqnFKC.jpg!m_fill,w_280,h_210,f_jpg?from=ke.com
20240219,朝阳,双井,101121884487,CBD国贸 双井地铁边 观花园双卫两居 高层 满五年唯一,955万,86834元/平,中楼层 (共27层) | 2005年 | 2室1厅 | 109.98平米 | 西南,https://ke-image.ljcdn.com/110000-inspection/9fbbce55-d09a-46fe-b03b-4c7d79ee8b58_1000.jpg!m_fill,w_280,h_210,f_jpg?from=ke.com
20240219,朝阳,双井,101121879500,二次精装修 满五唯一 产权清晰房主自荐,710万,107073元/平,中楼层 (共28层) | 2004年 | 1室1厅 | 66.31平米 | 南,https://ke-image.ljcdn.com/110000-inspection/pc1_HHNsikHLM_1.jpg!m_fill,w_280,h_210,f_jpg?from=ke.com
20240219,朝阳,双井,101121875062,九龙花园 看花园两居室 诚意出售,579万,61465元/平,低楼层 (共22层) | 2001年 | 2室1厅 | 94.2平米 | 西北,https://ke-image.ljcdn.com/110000-inspection/pc1_RVJ3jOhDI.jpg!m_fill,w_280,h_210,f_jpg?from=ke.com
20240219,朝阳,双井,101121875063,华腾园 满五唯一 全明格局小三居 明卫无天井 优中选优,820万,76081元/平,中楼层 (共28层) 3室1厅 | 107.78平米 | 东南 北,https://ke-image.ljcdn.com/110000-inspection/pc1_QHItQJLzd.jpg!m_fill,w_280,h_210,f_jpg?from=ke.com
20240219,朝阳,双井,101121845595,满五唯一南北向一居室中高楼层采光视野好,425万,68405元/平,高楼层 (共20层) | 2001年 | 1室1厅 | 62.13平米 | 南 北,https://ke-image.ljcdn.com/110000-inspection/pc1_OkGYYKRzF_1.jpg!m_fill,w_280,h_210,f_jpg?from=ke.com
20240219,朝阳,双井,101121839694,百环家园 东北向大两居 满五唯一 高层观中国尊房主自荐,675万,60414元/平,高楼层 (共28层) 2室2厅 | 111.73平米 | 东北,https://ke-image.ljcdn.com/110000-inspection/pc1_iTlWnLvgJ_1.jpg!m_fill,w_280,h_210,f_jpg?from=ke.com
20240219,朝阳,双井,101121836159,双井时代国际中间楼层正对小区花园 前后不临街,385万,94618元/平,中楼层 (共21层) 1室1厅 | 40.69平米 | 北,https://ke-image.ljcdn.com/110000-inspection/pc1_z7MV9nMsH.jpg!m_fill,w_280,h_210,f_jpg?from=ke.com
20240219,朝阳,双井,101121813972,此房东南朝向全天采光无遮挡 位于小区北侧 安静舒适,460万,70155元/平,高楼层 (共18层) | 1990年 | 2室1厅 | 65.57平米 | 东南,https://ke-image.ljcdn.com/110000-inspection/pc1_lsYpUsrBx.jpg!m_fill,w_280,h_210,f_jpg?from=ke.com
20240219,朝阳,双井,101121812498,双花园南里一区 精装修三居室  满五年诚意出售,770万,55508元/平,中楼层 (共22层) | 2000年 | 3室2厅 | 138.72平米 | 东北,https://ke-image.ljcdn.com/110000-inspection/6647a913-70b2-4028-9f98-181cfbc3517c_1000.jpg!m_fill,w_280,h_210,f_jpg?from=ke.com
20240219,朝阳,双井,101121809600,梦幻首城首付门槛低观小区花园不临街,497万,91445元/平,低楼层 (共28层) 1室0厅 | 54.35平米 | 南,https://ke-image.ljcdn.com/110000-inspection/pc1_9Jg12IpB2.jpg!m_fill,w_280,h_210,f_jpg?from=ke.com
20240219,朝阳,双井,101121809049,远洋德邑边上2层南北通透3居室满五年唯一诚心出售房主自荐,516万,73254元/平,低楼层 (共6层) 3室1厅 | 70.44平米 | 南 北,https://ke-image.ljcdn.com/110000-inspection/pc1_ThQu1ydrW.jpg!m_fill,w_280,h_210,f_jpg?from=ke.com
20240219,朝阳,双井,101121801346,满五唯一看小区花园带阳台一居视野好采光好,365万,88293元/平,中楼层 (共12层) 厅室未知 | 41.34平米 | 北,https://ke-image.ljcdn.com/110000-inspection/pc1_Ah2BQkK3e_1.jpg!m_fill,w_280,h_210,f_jpg?from=ke.com
20240219,朝阳,双井,101121785028,富力城A区  高层三居  精装修  满五唯一,1450万,111771元/平,高楼层 (共28层) | 2004年 | 3室1厅 | 129.73平米 | 南,https://ke-image.ljcdn.com/110000-inspection/pc1_z2sTOcSHi.jpg!m_fill,w_280,h_210,f_jpg?from=ke.com
20240219,朝阳,双井,101121781765,有玄关 精装南北两居  满五唯一 安静不临街随时看房房主自荐,890万,104106元/平,低楼层 (共19层) | 2005年 | 2室1厅 | 85.49平米 | 南 北,https://ke-image.ljcdn.com/110000-inspection/pc1_r3r6HoUWl.jpg!m_fill,w_280,h_210,f_jpg?from=ke.com
20240219,朝阳,双井,101121780538,首城国际B区 2室1厅 南,940万,105940元/平,中楼层 (共28层) | 2010年 | 2室1厅 | 88.73平米 | 南,https://ke-image.ljcdn.com/110000-inspection/pc1_h94hm8Fa6.jpg!m_fill,w_280,h_210,f_jpg?from=ke.com
20240219,朝阳,双井,101121758201,双花园南里一区 南北通透的两居室南院儿位置安静,680万,73158元/平,底层 (共6层) 2室1厅 | 92.95平米 | 南 北,https://ke-image.ljcdn.com/110000-inspection/pc1_7p2XzYduT_1.jpg!m_fill,w_280,h_210,f_jpg?from=ke.com
20240219,朝阳,双井,101121756497,新政出台 次新房首城国际 精装修视野好 可以贷款420万房主自荐,775万,101228元/平,高楼层 (共27层) | 2010年 | 2室1厅 | 76.56平米 | 西北,https://ke-image.ljcdn.com/110000-inspection/pc1_8bGtQDEZN.jpg!m_fill,w_280,h_210,f_jpg?from=ke.com
20240219,朝阳,双井,101121754595,富力城A区精装一居可拎包入住高层视野佳,570万,97587元/平,高楼层 (共28层) | 2004年 | 1室0厅 | 58.41平米 | 北,https://ke-image.ljcdn.com/110000-inspection/pc1_n6KA263bW_1.jpg!m_fill,w_280,h_210,f_jpg?from=ke.com
20240219,朝阳,双井,101121741403,世桥国贸 高楼层无遮挡采光充足满五年精装两居,910万,78577元/平,顶层 (共12层) | 2003年 | 2室1厅 | 115.81平米 | 东 西,https://ke-image.ljcdn.com/110000-inspection/pc1_3pa79Hzjz.jpg!m_fill,w_280,h_210,f_jpg?from=ke.com
20240219,朝阳,双井,101121735599,海关总署南北通透板楼四居 满五唯一 中高楼层,1968万,117944元/平,高楼层 (共18层) 4室2厅 | 166.86平米 | 南 北,https://ke-image.ljcdn.com/110000-inspection/pc1_gJOO9YUuj.jpg!m_fill,w_280,h_210,f_jpg?from=ke.com
20240219,朝阳,双井,101121724236,非常生活 1室1厅 西,480万,65790元/平,底层 (共23层) | 2004年 | 1室1厅 | 72.96平米 | 西,https://ke-image.ljcdn.com/110000-inspection/pc1_FErPRuoJb_1.jpg!m_fill,w_280,h_210,f_jpg?from=ke.com
20240219,朝阳,双井,101121707335,富力城A区 高层 精装修 看花园 安静 楼下地铁超市,560万,89701元/平,中楼层 (共28层) 1室1厅 | 62.43平米 | 北,https://ke-image.ljcdn.com/110000-inspection/pc1_p1moDynK1_1.jpg!m_fill,w_280,h_210,f_jpg?from=ke.com
20240219,朝阳,双井,101121705928,富力城C区满5唯一东北向两居 不临街观花园安静！,940万,103914元/平,低楼层 (共25层) | 2005年 | 2室2厅 | 90.46平米 | 东北,https://ke-image.ljcdn.com/110000-inspection/1445fbe5-40e4-4b68-b249-7abe55aad50e_1000.jpg!m_fill,w_280,h_210,f_jpg?from=ke.com
20240219,朝阳,双井,101121685413,首城主力两居户型超好采光无遮挡12年交房位置好,852万,95399元/平,低楼层 (共28层) 2室1厅 | 89.31平米 | 南,https://ke-image.ljcdn.com/110000-inspection/87f16e6d-f2f9-40c5-a40f-047adb0c0869_1000.jpg!m_fill,w_280,h_210,f_jpg?from=ke.com
20240219,朝阳,双井,101121684849,面宽够大一居室 价格在苹果南区低,425万,76882元/平,低楼层 (共21层) 1室0厅 | 55.28平米 | 北,https://ke-image.ljcdn.com/110000-inspection/pc1_3JeijWUdK_1.jpg!m_fill,w_280,h_210,f_jpg?from=ke.com
20240219,朝阳,双井,101121682569,富力城B区西院看小区花园安静三居室装修好,1900万,112035元/平,中楼层 (共11层) | 2005年 | 3室1厅 | 169.59平米 | 南,https://ke-image.ljcdn.com/110000-inspection/c934e3ce-b955-4edd-b648-bcb0e3b3f7c9_1000.jpg!m_fill,w_280,h_210,f_jpg?from=ke.com
20240219,朝阳,双井,101121669034,双井地铁口 双井东院南北向三居室,518万,66744元/平,低楼层 (共14层) 3室1厅 | 77.61平米 | 南 北,https://ke-image.ljcdn.com/110000-inspection/pc1_b0TPUBsYe.jpg!m_fill,w_280,h_210,f_jpg?from=ke.com
20240219,朝阳,双井,101121668134,合生国际花园正规一室一厅配套齐全,632万,97441元/平,低楼层 (共18层) | 2007年 | 1室1厅 | 64.86平米 | 西,https://ke-image.ljcdn.com/110000-inspection/pc1_8UVwZ51hj_1.jpg!m_fill,w_280,h_210,f_jpg?from=ke.com
20240219,朝阳,双井,101121666631,A派公寓【高品质社区】【国贸后花园】【观小区花园】房主自荐,579万,93918元/平,中楼层 (共16层) 1室1厅 | 61.65平米 | 北,https://ke-image.ljcdn.com/110000-inspection/pc1_Fw1lb34W4_1.jpg!m_fill,w_280,h_210,f_jpg?from=ke.com
20240219,朝阳,双井,101121659325,东二环外富力城商圈 双花园南里二区实用1+1,586万,74841元/平,低楼层 (共22层) 1室1厅 | 78.3平米 | 西南,https://ke-image.ljcdn.com/110000-inspection/pc1_NycAY68ct_1.jpg!m_fill,w_280,h_210,f_jpg?from=ke.com
20240219,朝阳,双井,101121658975,东三环双井北里  满五唯一 采光好 稳定签约,268万,63238元/平,底层 (共18层) 1室1厅 | 42.38平米 | 南,https://ke-image.ljcdn.com/110000-inspection/pc1_gQOdeyfOA_1.jpg!m_fill,w_280,h_210,f_jpg?from=ke.com
20240219,朝阳,双井,101121646844,此房满五唯一中楼层不临街安静观花园,466万,84344元/平,中楼层 (共22层) 1室0厅 | 55.25平米 | 北,https://ke-image.ljcdn.com/110000-inspection/pc1_ZscLYQOrN_1.jpg!m_fill,w_280,h_210,f_jpg?from=ke.com
20240219,朝阳,双井,101121639970,百环家园南排高楼层一居室满五唯一商品房正看花园,349万,60781元/平,中楼层 (共28层) | 2005年 | 1室1厅 | 57.42平米 | 北,https://ke-image.ljcdn.com/110000-inspection/pc1_2HTk1nH0C_1.jpg!m_fill,w_280,h_210,f_jpg?from=ke.com
20240219,朝阳,双井,101121628834,百环家园 精装修 正规一居 低楼层,470万,67851元/平,底层 (共26层) | 2005年 | 1室1厅 | 69.27平米 | 西北,https://ke-image.ljcdn.com/110000-inspection/pc1_8vZPCzbIX_1.jpg!m_fill,w_280,h_210,f_jpg?from=ke.com
20240219,朝阳,双井,101121614087,首城国际B区高层南向两居室只有契税,890万,98999元/平,中楼层 (共28层) | 2011年 | 2室1厅 | 89.9平米 | 南,https://ke-image.ljcdn.com/110000-inspection/pc1_cfwD0gIQr.jpg!m_fill,w_280,h_210,f_jpg?from=ke.com
20240219,朝阳,双井,101121589140,富力城B区 南向三居室 业主诚意出售,1328万,107933元/平,低楼层 (共16层) | 2005年 | 3室2厅 | 123.04平米 | 东南,https://ke-image.ljcdn.com/110000-inspection/1ed301de-c65e-4f9a-8f26-3c9719214383_1000.jpg!m_fill,w_280,h_210,f_jpg?from=ke.com
20240219,朝阳,双井,101121588633,双井北里2居室 看国贸夜景 满五年唯一 诚意出售,345万,58774元/平,低楼层 (共16层) | 1986年 | 2室0厅 | 58.7平米 | 西北,https://ke-image.ljcdn.com/110000-inspection/pc1_Tc1y8VFxL_1.jpg!m_fill,w_280,h_210,f_jpg?from=ke.com
20240219,朝阳,双井,101121584929,不临三环观景小区花园全新精装修拎包入住,1070万,111285元/平,中楼层 (共28层) 2室1厅 | 96.15平米 | 西北,https://ke-image.ljcdn.com/110000-inspection/pc1_WCxPLGFHE_1.jpg!m_fill,w_280,h_210,f_jpg?from=ke.com
20240219,朝阳,双井,101121579843,此房满五年仅有契税看房随时有钥匙,423万,95615元/平,中楼层 (共14层) | 2005年 | 1室0厅 | 44.24平米 | 西,https://ke-image.ljcdn.com/110000-inspection/pc1_J0koQdeBB.jpg!m_fill,w_280,h_210,f_jpg?from=ke.com
20240219,朝阳,双井,101121567804,广渠路 2室1厅 南 北,450万,67761元/平,中楼层 (共14层) 2室1厅 | 66.41平米 | 南 北,https://ke-image.ljcdn.com/110000-inspection/pc1_lt5ZcUR2e.jpg!m_fill,w_280,h_210,f_jpg?from=ke.com
20240219,朝阳,双井,101121560622,富力城A区 二次精装南向眼镜户型三居 只有契税房主自荐,1388万,106885元/平,低楼层 (共18层) | 2004年 | 3室1厅 | 129.86平米 | 南,https://ke-image.ljcdn.com/110000-inspection/pc1_eVUdtbdyx.jpg!m_fill,w_280,h_210,f_jpg?from=ke.com
20240219,朝阳,双井,101121540879,富力城A区 南北通透四居室 看小区花园 安静不临街,1880万,106843元/平,低楼层 (共28层) 4室1厅 | 175.96平米 | 南 北,https://ke-image.ljcdn.com/110000-inspection/pc1_3PyPD5dcg_1.jpg!m_fill,w_280,h_210,f_jpg?from=ke.com
20240219,朝阳,双井,101121512480,东三环双井 九龙花园南北通透三居室 业主诚意出售,770万,59041元/平,中楼层 (共14层) | 1998年 | 3室1厅 | 130.42平米 | 南 北,https://ke-image.ljcdn.com/110000-inspection/pc1_BtTbpjsfz_1.jpg!m_fill,w_280,h_210,f_jpg?from=ke.com
20240219,朝阳,双井,101121504606,华腾园 东南大两居 看小区花园全景 没有遮挡,729万,72857元/平,中楼层 (共28层) | 2000年 | 2室2厅 | 100.06平米 | 东南,https://ke-image.ljcdn.com/110000-inspection/pc1_5gblxc7Da.jpg!m_fill,w_280,h_210,f_jpg?from=ke.com
20240219,朝阳,双井,101121494607,全朝南 户型方正 采光无遮挡  视野开阔,880万,99178元/平,顶层 (共28层) | 2010年 | 2室1厅 | 88.73平米 | 南,https://ke-image.ljcdn.com/110000-inspection/pc1_TGgV0HM9X.jpg!m_fill,w_280,h_210,f_jpg?from=ke.com
20240219,朝阳,双井,101121483805,九龙花园 高层看花园两居室 满五唯一,540万,62414元/平,中楼层 (共22层) | 1999年 | 2室1厅 | 86.52平米 | 西北,https://ke-image.ljcdn.com/110000-inspection/pc1_EOGdCH0vN.jpg!m_fill,w_280,h_210,f_jpg?from=ke.com
20240219,朝阳,双井,101121472966,国贸合生国际花园东向观花园一居,630万,103161元/平,中楼层 (共18层) | 2008年 | 1室1厅 | 61.07平米 | 东,https://ke-image.ljcdn.com/110000-inspection/pc1_br74mxSp9_1.jpg!m_fill,w_280,h_210,f_jpg?from=ke.com
20240219,朝阳,双井,101121472691,双井国贸天之骄子小区高层五居室视野采光好！,1690万,92209元/平,高楼层 (共20层) 5室1厅 | 183.28平米 | 东 南 西,https://ke-image.ljcdn.com/110000-inspection/92fa5be0-89e2-420a-b0d2-24b4a4ced9b8_1000.jpg!m_fill,w_280,h_210,f_jpg?from=ke.com
20240219,朝阳,双井,101121471921,苹果社区南区 南北通透两居  采光好  满五年唯一,918万,94348元/平,低楼层 (共22层) 2室1厅 | 97.3平米 | 南 北,https://ke-image.ljcdn.com/110000-inspection/pc1_nbb8pVmHU.jpg!m_fill,w_280,h_210,f_jpg?from=ke.com
20240219,朝阳,双井,101121457291,广渠路 2室1厅 西南,428万,60054元/平,高楼层 (共18层) | 1990年 | 2室1厅 | 71.27平米 | 西南,https://ke-image.ljcdn.com/110000-inspection/pc1_vsso4v85c.jpg!m_fill,w_280,h_210,f_jpg?from=ke.com
20240219,朝阳,双井,101121433966,双井政协家属楼东南三居地段好交通便利采光好。,550万,63954元/平,高楼层 (共6层) | 1994年 | 3室1厅 | 86平米 | 东南,https://ke-image.ljcdn.com/110000-inspection/714a8d6a-2506-44de-ac43-7659802eb5e2_1000.jpg!m_fill,w_280,h_210,f_jpg?from=ke.com
20240219,朝阳,双井,101121432155,双井 首城国际 户型方正 南向落地窗 只有契税！,525万,95873元/平,中楼层 (共28层) | 2010年 | 1室0厅 | 54.76平米 | 南,https://ke-image.ljcdn.com/110000-inspection/487462db-28db-4090-87d2-a8c75c2c7091_1000.jpg!m_fill,w_280,h_210,f_jpg?from=ke.com
20240219,朝阳,双井,101121427982,东三环 双井 观花园  南向三居室,860万,68494元/平,高楼层 (共28层) | 2005年 | 3室1厅 | 125.56平米 | 南,https://ke-image.ljcdn.com/110000-inspection/pc1_kK4Ro7iNk_1.jpg!m_fill,w_280,h_210,f_jpg?from=ke.com
20240219,朝阳,双井,101121424779,广渠路66号院 百环家园 广渠路65号院,328万,57333元/平,低楼层 (共28层) 1室1厅 | 57.21平米 | 北,https://ke-image.ljcdn.com/110000-inspection/41738737-2334-4bf9-9046-0d7fed0950e6_1000.jpg!m_fill,w_280,h_210,f_jpg?from=ke.com
20240219,朝阳,双井,101121414595,双井国贸满五年唯一采光好装修好诚意出售房主自荐,335万,83355元/平,底层 (共23层) | 2004年 | 1室0厅 | 40.19平米 | 南,https://ke-image.ljcdn.com/110000-inspection/pc1_t0diSj3zI.jpg!m_fill,w_280,h_210,f_jpg?from=ke.com
20240219,朝阳,双井,101121401480,双井百环家园东向大两居楼间距大高楼层采光好,599万,54724元/平,高楼层 (共27层) 2室1厅 | 109.46平米 | 东,https://ke-image.ljcdn.com/110000-inspection/pc1_qMecalXdh_1.jpg!m_fill,w_280,h_210,f_jpg?from=ke.com
20240219,朝阳,双井,101121399137,东二环边精装婚房   远离铁路 近地铁 南北通透房主自荐,388万,71932元/平,顶层 (共6层) 2室1厅 | 53.94平米 | 南 北,https://ke-image.ljcdn.com/110000-inspection/pc1_VXnIDsUaE_1.jpg!m_fill,w_280,h_210,f_jpg?from=ke.com
20240219,朝阳,双井,101121397012,满五唯一高楼层观国贸2梯5户正规一居,445万,89700元/平,高楼层 (共27层) | 2005年 | 1室1厅 | 49.61平米 | 北,https://ke-image.ljcdn.com/110000-inspection/pc1_q9xnTVQaK_1.jpg!m_fill,w_280,h_210,f_jpg?from=ke.com
20240219,朝阳,双井,101121389644,70年住宅 满五唯一 南向花园 诚意出售房主自荐,339万,57303元/平,低楼层 (共20层) 1室0厅 | 59.16平米 | 南,https://ke-image.ljcdn.com/110000-inspection/pc1_RvU8azIEs.jpg!m_fill,w_280,h_210,f_jpg?from=ke.com
20240219,朝阳,双井,101121388254,西南北三面采光满五唯一业主诚意卖随时签约,1865.4万,115000元/平,低楼层 (共16层) 4室2厅 | 162.21平米 | 西南 北,https://ke-image.ljcdn.com/110000-inspection/pc1_UQQd5GQDz.jpg!m_fill,w_280,h_210,f_jpg?from=ke.com
20240219,朝阳,双井,101121381379,东三环双井 九龙花园小区精装修大两居 户型方正,720万,68696元/平,中楼层 (共22层) | 1999年 | 2室1厅 | 104.81平米 | 西北,https://ke-image.ljcdn.com/110000-inspection/pc1_zz2Rc2ekh_1.jpg!m_fill,w_280,h_210,f_jpg?from=ke.com
20240219,朝阳,双井,101121380220,东三环劲松华腾园小区环境好居住体验好,500万,78395元/平,高楼层 (共25层) 1室1厅 | 63.78平米 | 北,https://ke-image.ljcdn.com/110000-inspection/pc1_iAc1NcfLt.jpg!m_fill,w_280,h_210,f_jpg?from=ke.com
20240219,朝阳,双井,101121376899,百环家园  广渠路66号院  广渠路65号院,330万,57352元/平,低楼层 (共27层) | 2005年 | 1室1厅 | 57.54平米 | 北,https://ke-image.ljcdn.com/110000-inspection/pc1_gHdK84fCz_1.jpg!m_fill,w_280,h_210,f_jpg?from=ke.com
20240219,朝阳,双井,101121376255,双花西里东南角三居室 全天采光无遮挡房主自荐,616万,71628元/平,中楼层 (共6层) 3室1厅 | 86平米 | 东南,https://ke-image.ljcdn.com/110000-inspection/9ec3437a-1245-4a7e-a027-598b94c28279_1000.jpg!m_fill,w_280,h_210,f_jpg?from=ke.com
20240219,朝阳,双井,101121354054,合生国际花园。精装安静朝东一居室。,638万,97659元/平,低楼层 (共18层) | 2008年 | 1室1厅 | 65.33平米 | 东,https://ke-image.ljcdn.com/110000-inspection/pc1_Eb17KM8iH.jpg!m_fill,w_280,h_210,f_jpg?from=ke.com
20240219,朝阳,双井,101121348096,世桥国贸高品质社区满五唯一南北通透！房主自荐,1158万,78328元/平,底层 (共12层) | 2003年 | 3室1厅 | 147.84平米 | 南 北,https://ke-image.ljcdn.com/110000-inspection/pc1_zc2vW8HLs_1.jpg!m_fill,w_280,h_210,f_jpg?from=ke.com
20240219,朝阳,双井,101121340487,百环家园高层西南大两居 满五唯一商品房 看房随时诚售,580万,60474元/平,高楼层 (共26层) | 2005年 | 2室1厅 | 95.91平米 | 西南,https://ke-image.ljcdn.com/110000-inspection/a75b142c-dba7-4b5a-887a-473775565d10_1000.jpg!m_fill,w_280,h_210,f_jpg?from=ke.com
20240219,朝阳,双井,101121338758,满五唯一中高层观国贸大开间精装修挑高2.95米,306万,55698元/平,中楼层 (共21层) | 2008年 | 1室0厅 | 54.94平米 | 北,https://ke-image.ljcdn.com/110000-inspection/pc1_OuMkwjZqq_1.jpg!m_fill,w_280,h_210,f_jpg?from=ke.com
20240219,朝阳,双井,101121335281,非常生活【双井国贸】【满五年唯一】【2004年一居】房主自荐,310万,74252元/平,低楼层 (共23层) | 2004年 | 1室0厅 | 41.75平米 | 北,https://ke-image.ljcdn.com/110000-inspection/pc1_iRz4kKHgV_1.jpg!m_fill,w_280,h_210,f_jpg?from=ke.com
20240219,朝阳,双井,101121293818,二环边精装修户型方正中高层视野好满五唯一,660万,61984元/平,高楼层 (共18层) | 2000年 | 2室2厅 | 106.48平米 | 西北,https://ke-image.ljcdn.com/110000-inspection/pc1_bG0kAasVo_1.jpg!m_fill,w_280,h_210,f_jpg?from=ke.com
20240219,朝阳,双井,101121276283,东二环/广馨居新上高层宽敞明亮大两居,620万,58227元/平,高楼层 (共18层) 2室1厅 | 106.48平米 | 西北,https://ke-image.ljcdn.com/110000-inspection/pc1_H3yxuNYl3.jpg!m_fill,w_280,h_210,f_jpg?from=ke.com
20240219,朝阳,双井,101121274932,苹果社区南区 满五唯一 观花园 不临街 可看房,998万,90885元/平,低楼层 (共27层) | 2005年 | 2室1厅 | 109.81平米 | 南,https://ke-image.ljcdn.com/110000-inspection/pc1_yZFt5zhRn_1.jpg!m_fill,w_280,h_210,f_jpg?from=ke.com
20240219,朝阳,双井,101121271225,A派公寓 国贸后花园 可贷款 楼层高 带阳台,588万,104127元/平,高楼层 (共9层) | 2008年 | 1室1厅 | 56.47平米 | 北,https://ke-image.ljcdn.com/110000-inspection/pc1_wf9IMA7Bn_1.jpg!m_fill,w_280,h_210,f_jpg?from=ke.com
20240219,朝阳,双井,101121269583,黄木庄3号院  双井商圈 高层南向一居室,315万,75000元/平,高楼层 (共18层) 1室1厅 | 42平米 | 南,https://ke-image.ljcdn.com/110000-inspection/pc1_8JDOa98Gn.jpg!m_fill,w_280,h_210,f_jpg?from=ke.com
20240219,朝阳,双井,101121262533,富力城A区+南北通透+四居室+高层观景,1730万,98318元/平,高楼层 (共28层) | 2004年 | 4室2厅 | 175.96平米 | 南 北,https://ke-image.ljcdn.com/110000-inspection/pc1_CPcKKAx7w_1.jpg!m_fill,w_280,h_210,f_jpg?from=ke.com
20240219,朝阳,双井,101121255504,富力城D区中间景观两居百万打造宜居之所全屋智能房主自荐,1495万,131905元/平,高楼层 (共22层) | 2006年 | 2室2厅 | 113.34平米 | 南,https://ke-image.ljcdn.com/110000-inspection/pc1_0KK1AAXbo.jpg!m_fill,w_280,h_210,f_jpg?from=ke.com
20240219,朝阳,双井,101121243851,首城国际A区首付门槛低观小区花园不临街,395万,83176元/平,低楼层 (共28层) 1室0厅 | 47.49平米 | 西,https://ke-image.ljcdn.com/110000-inspection/pc1_JymXnU2l3.jpg!m_fill,w_280,h_210,f_jpg?from=ke.com
20240219,朝阳,双井,101121240851,满五唯一 精装修 拎包可住 正对小区园林 业主诚意出售,699万,97219元/平,低楼层 (共22层) 2室1厅 | 71.9平米 | 北,https://ke-image.ljcdn.com/110000-inspection/pc1_b290w7FTB_1.jpg!m_fill,w_280,h_210,f_jpg?from=ke.com
20240219,朝阳,双井,101121236178,九龙花园 西南向双卫两居室+后排不临街+高层观景,760万,66139元/平,中楼层 (共22层) | 1999年 | 2室2厅 | 114.91平米 | 西南,https://ke-image.ljcdn.com/110000-inspection/pc1_5HoJAT3ki_1.jpg!m_fill,w_280,h_210,f_jpg?from=ke.com
20240219,朝阳,双井,101121215312,双井 首城国际 次新房采光好 对花园 户型正 只有契税,510万,93837元/平,低楼层 (共28层) | 2010年 | 1室0厅 | 54.35平米 | 南,https://ke-image.ljcdn.com/110000-inspection/pc1_Eo8ujlzXq.jpg!m_fill,w_280,h_210,f_jpg?from=ke.com
20240219,朝阳,双井,101121194873,63.3平米一栋楼只一套的双落地飘窗,505万,83874元/平,中楼层 (共23层) 1室1厅 | 60.21平米 | 北,https://ke-image.ljcdn.com/110000-inspection/pc1_240W8M2XF_1.jpg!m_fill,w_280,h_210,f_jpg?from=ke.com
20240219,朝阳,双井,101121193416,华腾园 二期 满五唯一 正对小区花园 鸟语花香,675万,77882元/平,低楼层 (共28层) | 2003年 | 2室1厅 | 86.67平米 | 西南,https://ke-image.ljcdn.com/110000-inspection/pc1_CUfeC6FjY.jpg!m_fill,w_280,h_210,f_jpg?from=ke.com
20240219,朝阳,双井,101121193109,富力城D区龙吟半岛全南两居户型方正采光好很安静,1380万,125890元/平,低楼层 (共23层) | 2005年 | 2室2厅 | 109.62平米 | 南,https://ke-image.ljcdn.com/110000-inspection/pc1_TmjSwwtii.jpg!m_fill,w_280,h_210,f_jpg?from=ke.com
20240219,朝阳,双井,101121192527,双井 富力城B区 南北通透四居 诚意出售,1950万,104273元/平,低楼层 (共14层) | 2005年 | 4室1厅 | 187.01平米 | 南 北,https://ke-image.ljcdn.com/110000-inspection/pc1_LbuQBrp28.jpg!m_fill,w_280,h_210,f_jpg?from=ke.com
20240219,朝阳,双井,101121188181,满五年唯一、带储藏间的南向两居、落地窗、中高楼层,660万,54863元/平,高楼层 (共21层) 2室1厅 | 120.3平米 | 南,https://ke-image.ljcdn.com/110000-inspection/pc1_NRVJYgzwz.jpg!m_fill,w_280,h_210,f_jpg?from=ke.com
20240219,朝阳,双井,101121166262,华腾园 无天井户型 户型方正 视野开阔,788万,84369元/平,高楼层 (共28层) | 2003年 | 2室2厅 | 93.4平米 | 东南 北,https://ke-image.ljcdn.com/110000-inspection/82b70bd9-5a5c-4878-bcfc-45d2dae438c7_1000.jpg!m_fill,w_280,h_210,f_jpg?from=ke.com
20240219,朝阳,双井,101121165966,华腾园二期两居室无天井满五唯一看小区花园房主自荐,796万,85225元/平,中楼层 (共28层) 2室2厅 | 93.4平米 | 南 西北,https://ke-image.ljcdn.com/110000-inspection/3f13197b-1d88-4b1e-a8ae-4ab3d39a73a0_1000.jpg!m_fill,w_280,h_210,f_jpg?from=ke.com
20240219,朝阳,双井,101121164645,苹果社区南向大两居全新装修进口家电 层高3米正对花园,728万,60516元/平,中楼层 (共21层) | 2008年 | 2室1厅 | 120.3平米 | 南,https://ke-image.ljcdn.com/110000-inspection/pc1_EduO2HpqZ.jpg!m_fill,w_280,h_210,f_jpg?from=ke.com
20240219,朝阳,双井,101121161139,东二环旁+南北三居+前后花园+双地铁+配套齐全+易出租,448万,65345元/平,顶层 (共6层) 3室1厅 | 68.56平米 | 南 北,https://ke-image.ljcdn.com/110000-inspection/pc1_Kn5SOsgcF.jpg!m_fill,w_280,h_210,f_jpg?from=ke.com
20240219,朝阳,双井,101121157281,二环边 CBD总部一期 中楼层 明厨 落地窗 东向 近地铁,660万,86185元/平,中楼层 (共9层) | 2004年 | 1室2厅 | 76.58平米 | 东,https://ke-image.ljcdn.com/110000-inspection/pc1_qokGO2gp1.jpg!m_fill,w_280,h_210,f_jpg?from=ke.com
20240219,朝阳,双井,101121153936,富力城D区东北大一居高层视野好可看国贸夜景,1160万,125000元/平,高楼层 (共26层) | 2005年 | 1室2厅 | 92.8平米 | 东北,https://ke-image.ljcdn.com/110000-inspection/prod-96e2f530-11c4-456d-97fb-2c36de1f51cb.jpg!m_fill,w_280,h_210,f_jpg?from=ke.com
20240219,朝阳,双井,101121151985,百环家园 3室1厅 东南,797万,63481元/平,高楼层 (共26层) | 2005年 | 3室1厅 | 125.55平米 | 东南,https://ke-image.ljcdn.com/110000-inspection/pc1_c7DcQqmqh.jpg!m_fill,w_280,h_210,f_jpg?from=ke.com
20240219,朝阳,双井,101121143620,富力城A区二室二厅二卫 二次装修过 高层视野好,1128万,124600元/平,中楼层 (共26层) 2室1厅 | 90.53平米 | 西南 北,https://ke-image.ljcdn.com/110000-inspection/7b0811c4-22a9-42ab-88ae-9292f0ade6f2_1000.jpg!m_fill,w_280,h_210,f_jpg?from=ke.com
20240219,朝阳,双井,101121142644,双花园南里一区 大阳台 大面积 低单价 适合一家人居住,738万,60636元/平,低楼层 (共22层) | 2000年 | 2室2厅 | 121.71平米 | 西,https://ke-image.ljcdn.com/110000-inspection/pc1_FDzvqEWPG_1.jpg!m_fill,w_280,h_210,f_jpg?from=ke.com
20240219,朝阳,双井,101121139201,满五唯一格局合理客厅大南向采光充足视野好,820万,85302元/平,中楼层 (共21层) | 2005年 | 2室1厅 | 96.13平米 | 南,https://ke-image.ljcdn.com/110000-inspection/pc1_bqUhl05on_1.jpg!m_fill,w_280,h_210,f_jpg?from=ke.com
20240219,朝阳,双井,101121136249,浪漫首城前后观花园不临街南北通透满五唯一房主自荐,880万,99525元/平,低楼层 (共28层) 2室1厅 | 88.42平米 | 南 北,https://ke-image.ljcdn.com/110000-inspection/pc1_6J5tfkSxm.jpg!m_fill,w_280,h_210,f_jpg?from=ke.com
20240219,朝阳,双井,101121132116,南向看小区花园采光好面宽4米层高3米近国贸,370万,62543元/平,中楼层 (共20层) | 2008年 | 1室0厅 | 59.16平米 | 南,https://ke-image.ljcdn.com/110000-inspection/pc1_VoRkemRss_1.jpg!m_fill,w_280,h_210,f_jpg?from=ke.com
20240219,朝阳,双井,101121119737,合生国际南向两居室带一个储藏间,1090万,106895元/平,中楼层 (共24层) | 2008年 | 2室1厅 | 101.97平米 | 南,https://ke-image.ljcdn.com/110000-inspection/pc1_VYW6jtbDA.jpg!m_fill,w_280,h_210,f_jpg?from=ke.com
20240219,朝阳,双井,101121107167,双井 板楼社区 南北双通透三居房主自荐,1880万,107991元/平,中楼层 (共28层) 3室2厅 | 174.09平米 | 南 西 北,https://ke-image.ljcdn.com/110000-inspection/89ebc1cb-76e4-42cf-b7ce-fcf140751013_1000.jpg!m_fill,w_280,h_210,f_jpg?from=ke.com
20240219,朝阳,双井,101121100435,时代国际嘉园 双井地铁站双地铁换乘  国贸一站地,312万,87666元/平,中楼层 (共12层) 1室0厅 | 35.59平米 | 北,https://ke-image.ljcdn.com/110000-inspection/pc1_g1X2T5PpQ.jpg!m_fill,w_280,h_210,f_jpg?from=ke.com
20240219,朝阳,双井,101121100496,世桥国贸一梯两户 双井十号线七号线 无遮挡,960万,82895元/平,高楼层 (共12层) | 2003年 | 2室1厅 | 115.81平米 | 东 西,https://ke-image.ljcdn.com/110000-inspection/pc1_oimxKv77W.jpg!m_fill,w_280,h_210,f_jpg?from=ke.com
20240219,朝阳,双井,101121087215,富力城E区电梯洋房 南北通透 满五唯一,3500万,139939元/平,中楼层 (共5层) 4室2厅 | 250.11平米 | 南 北,https://ke-image.ljcdn.com/110000-inspection/pc1_gApDo6gnn.jpg!m_fill,w_280,h_210,f_jpg?from=ke.com
20240219,朝阳,双井,101121083085,浪漫首城B区 高层视野开阔 直观中国尊,760万,99347元/平,高楼层 (共27层) | 2010年 | 2室1厅 | 76.5平米 | 西北,https://ke-image.ljcdn.com/110000-inspection/ae120ec8-2ac7-47c2-869b-e4ad8f27aa9b_1000.jpg!m_fill,w_280,h_210,f_jpg?from=ke.com
20240219,朝阳,双井,101121078192,双井东院 南向一居室 17年装修 满五唯一 业主诚心卖房主自荐,279万,56893元/平,低楼层 (共14层) | 1989年 | 1室1厅 | 49.04平米 | 南 北,https://ke-image.ljcdn.com/110000-inspection/pc1_GzI2gpm8z_1.jpg!m_fill,w_280,h_210,f_jpg?from=ke.com
20240219,朝阳,双井,101121077710,双花园南里二区  满五年唯一 正规大一居室,580万,74075元/平,低楼层 (共22层) | 2002年 | 1室1厅 | 78.3平米 | 西南,https://ke-image.ljcdn.com/110000-inspection/pc1_kI4X3K1Lc.jpg!m_fill,w_280,h_210,f_jpg?from=ke.com
20240219,朝阳,双井,101121056186,东三环 国贸  双井 苹果社区 南向两居 诚意出售房主自荐,789万,82197元/平,低楼层 (共23层) | 2006年 | 2室1厅 | 95.99平米 | 南,https://ke-image.ljcdn.com/110000-inspection/fdfe0770-9a73-42e9-9079-a168541326fb_1000.jpg!m_fill,w_280,h_210,f_jpg?from=ke.com
20240219,朝阳,双井,101121055548,华腾园 西南向看花园 装修好 拎包入住,810万,76021元/平,中楼层 (共24层) | 2003年 | 2室2厅 | 106.55平米 | 西南,https://ke-image.ljcdn.com/110000-inspection/6af0a333-f9fa-4990-aeb8-64388cf6937d_1000.jpg!m_fill,w_280,h_210,f_jpg?from=ke.com
20240219,朝阳,双井,101121045408,70年住宅 北向观国贸 精装修保养 可以看房,305万,54107元/平,低楼层 (共20层) | 2008年 | 1室0厅 | 56.37平米 | 北,https://ke-image.ljcdn.com/110000-inspection/pc1_Z5ITwwnXC_1.jpg!m_fill,w_280,h_210,f_jpg?from=ke.com
20240219,朝阳,双井,101121041486,乐成国际 满五年唯一 户型方正 随时看房,1146万,105341元/平,低楼层 (共16层) | 2006年 | 2室1厅 | 108.79平米 | 南,https://ke-image.ljcdn.com/110000-inspection/pc1_xawMgpn5A_1.jpg!m_fill,w_280,h_210,f_jpg?from=ke.com
20240219,朝阳,双井,101121033305,双花园西里 南向一居 中间楼层 1997年房,336万,73749元/平,中楼层 (共6层) 1室1厅 | 45.56平米 | 南,https://ke-image.ljcdn.com/110000-inspection/pc1_J9iHSS8wS.jpg!m_fill,w_280,h_210,f_jpg?from=ke.com
20240219,朝阳,双井,101121032997,华腾全新装修明卫满五唯一双阳台通透户型无天井,768万,73192元/平,高楼层 (共25层) | 2001年 | 2室2厅 | 104.93平米 | 西南 北,https://ke-image.ljcdn.com/110000-inspection/pc1_4C6qm62fv_1.jpg!m_fill,w_280,h_210,f_jpg?from=ke.com
20240219,朝阳,双井,101121022775,双井东院 2室1厅 南 北,455万,70675元/平,中楼层 (共14层) 2室1厅 | 64.38平米 | 南 北,https://ke-image.ljcdn.com/110000-inspection/pc1_rzLOYJWK8_1.jpg!m_fill,w_280,h_210,f_jpg?from=ke.com
20240219,朝阳,双井,101121015004,东向大开间格局合理采光充足,620万,92030元/平,低楼层 (共21层) | 2006年 | 1室0厅 | 67.37平米 | 东,https://ke-image.ljcdn.com/110000-inspection/cf4dbf70-0aec-4bca-8895-3b9a8287d291_1000.jpg!m_fill,w_280,h_210,f_jpg?from=ke.com
20240219,朝阳,双井,101121013204,九龙花园 后排不临街 东向双卫两居室 诚意出售,788万,57231元/平,低楼层 (共22层) 2室2厅 | 137.69平米 | 东南,https://ke-image.ljcdn.com/110000-inspection/pc1_hMtqQBFkS_1.jpg!m_fill,w_280,h_210,f_jpg?from=ke.com
20240219,朝阳,双井,101121013119,国贸CBD双井富力城精装修高层视野很好的三居室,1550万,122346元/平,高楼层 (共26层) | 2004年 | 3室1厅 | 126.69平米 | 西南,https://ke-image.ljcdn.com/110000-inspection/pc1_4q6mmOM4k_1.jpg!m_fill,w_280,h_210,f_jpg?from=ke.com
20240219,朝阳,双井,101121011739,海关总署 南北双线通透三居室 观花园无遮挡不临街房主自荐,1780万,115886元/平,底层 (共18层) | 2008年 | 3室2厅 | 153.6平米 | 南 北,https://ke-image.ljcdn.com/110000-inspection/e9eb4fe3-484e-4188-af8f-e1d48ca57a70_1000.jpg!m_fill,w_280,h_210,f_jpg?from=ke.com
20240219,朝阳,双井,101121011481,东南朝向对小区花园视野开阔无遮挡 满五唯一 保养好,675万,75386元/平,中楼层 (共28层) | 2001年 | 2室1厅 | 89.54平米 | 东南,https://ke-image.ljcdn.com/110000-inspection/972f7cc5-7a0a-4fd2-a280-053d6ce5a1cd_1000.jpg!m_fill,w_280,h_210,f_jpg?from=ke.com
20240219,朝阳,双井,101121007282,好视野 次顶层 精装修 拎包入住 带车位房主自荐,980万,93343元/平,高楼层 (共22层) | 2005年 | 3室1厅 | 104.99平米 | 西南,https://ke-image.ljcdn.com/110000-inspection/pc1_nPMaXslMF_1.jpg!m_fill,w_280,h_210,f_jpg?from=ke.com
20240219,朝阳,双井,101121006423,广渠路66号院 中间层 透光好 功能齐全实用,435万,62798元/平,中楼层 (共26层) | 2005年 | 1室1厅 | 69.27平米 | 西北,https://ke-image.ljcdn.com/110000-inspection/pc1_iHtv8mlD6_1.jpg!m_fill,w_280,h_210,f_jpg?from=ke.com
20240219,朝阳,双井,101121006192,满五唯一  中间位置全南向两居  看小区花园,1380万,129238元/平,中楼层 (共21层) | 2006年 | 2室1厅 | 106.78平米 | 南,https://ke-image.ljcdn.com/110000-inspection/pc1_axIph32t8.jpg!m_fill,w_280,h_210,f_jpg?from=ke.com
20240219,朝阳,双井,101121004419,满五唯一无遮挡业主卖房是为了置换随时可以看房房主自荐,697万,79322元/平,底层 (共7层) | 2010年 | 2室1厅 | 87.87平米 | 西,https://ke-image.ljcdn.com/110000-inspection/pc1_8hM7TxMZk.jpg!m_fill,w_280,h_210,f_jpg?from=ke.com
20240219,朝阳,双井,101120996875,华腾园 三期 满五唯一 全明格局三居 精装 享花园全景,855万,79329元/平,高楼层 (共28层) 3室1厅 | 107.78平米 | 西南 北,https://ke-image.ljcdn.com/110000-inspection/be0814f7-41f1-4233-afd6-26d99e32f3d9_1000.jpg!m_fill,w_280,h_210,f_jpg?from=ke.com
20240219,朝阳,双井,101120981982,苹果社区南区 满五唯一 高层 二次装修,700万,97358元/平,高楼层 (共22层) 1室1厅 | 71.9平米 | 北,https://ke-image.ljcdn.com/110000-inspection/pc1_GeA9pjme1_1.jpg!m_fill,w_280,h_210,f_jpg?from=ke.com
20240219,朝阳,双井,101120979148,A派公寓高品质社区的正规一居室交通方便,610万,98946元/平,中楼层 (共16层) | 2008年 | 1室1厅 | 61.65平米 | 北,https://ke-image.ljcdn.com/110000-inspection/pc1_gD2PEnBqE_1.jpg!m_fill,w_280,h_210,f_jpg?from=ke.com
20240219,朝阳,双井,101120969445,CBD总部公寓二期西向大一居高楼层满五唯一,710万,87937元/平,中楼层 (共14层) | 2005年 | 1室1厅 | 80.74平米 | 西,https://ke-image.ljcdn.com/110000-inspection/pc1_qBBNXXVMA.jpg!m_fill,w_280,h_210,f_jpg?from=ke.com
20240219,朝阳,双井,101120967096,东三环百环家园两居室 满五唯一商品房 观小区花园,635万,56839元/平,低楼层 (共28层) 2室2厅 | 111.72平米 | 东北,https://ke-image.ljcdn.com/110000-inspection/pc1_PPBTsdMJN_1.jpg!m_fill,w_280,h_210,f_jpg?from=ke.com
20240219,朝阳,双井,101120965722,出则繁华入则宁静 洋房品质社区 只有契税 对花园安静,620万,100666元/平,中楼层 (共16层) | 2008年 | 1室1厅 | 61.59平米 | 北,https://ke-image.ljcdn.com/110000-inspection/pc1_37VnbpJ9K_1.jpg!m_fill,w_280,h_210,f_jpg?from=ke.com
20240219,朝阳,双井,101120934470,B区西院 全南眼镜户型三居 户型方正安静  精致装修房主自荐,1350万,108061元/平,中楼层 (共16层) | 2005年 | 3室1厅 | 124.93平米 | 南,https://ke-image.ljcdn.com/110000-inspection/pc1_pj6qbmQ67.jpg!m_fill,w_280,h_210,f_jpg?from=ke.com
20240219,朝阳,双井,101120933088,苹果社区南区正规一居室业主诚意出售,478万,78580元/平,底层 (共27层) | 2005年 | 1室1厅 | 60.83平米 | 北,https://ke-image.ljcdn.com/110000-inspection/pc1_mcDlTg140_1.jpg!m_fill,w_280,h_210,f_jpg?from=ke.com
20240219,朝阳,双井,101120914836,首城国际A区 东向一居室 精装修,419万,88341元/平,顶层 (共22层) 1室1厅 | 47.43平米 | 东,https://ke-image.ljcdn.com/110000-inspection/68e6b063-4fed-403c-824b-5163e8ce36f9_1000.jpg!m_fill,w_280,h_210,f_jpg?from=ke.com
20240219,朝阳,双井,101120913892,广渠门外大街路北区 高层钢混电梯三居 满五唯一,515万,67224元/平,顶层 (共18层) 3室1厅 | 76.61平米 | 西南,https://ke-image.ljcdn.com/110000-inspection/89ba6f9a-5109-4424-9738-7b2e295d6e7a_1000.jpg!m_fill,w_280,h_210,f_jpg?from=ke.com
20240219,朝阳,双井,101120912108,富力城A区二次装修的南向三居临近地铁和商超,1300万,103619元/平,底层 (共28层) 3室2厅 | 125.46平米 | 南,https://ke-image.ljcdn.com/110000-inspection/pc1_YLmTmPMNe.jpg!m_fill,w_280,h_210,f_jpg?from=ke.com
20240219,朝阳,双井,101120908327,时代国际北向开间 高楼层 观国贸中国尊,490万,83150元/平,高楼层 (共21层) 1室0厅 | 58.93平米 | 北,https://ke-image.ljcdn.com/110000-inspection/pc1_yom7mLLlW.jpg!m_fill,w_280,h_210,f_jpg?from=ke.com
20240219,朝阳,双井,101120905176,路北区精装修+二次装修+东二环边+南北通透房主自荐,320万,58129元/平,顶层 (共6层) | 1981年 | 1室1厅 | 55.05平米 | 南 北,https://ke-image.ljcdn.com/110000-inspection/pc1_LqNi9gUbI_1.jpg!m_fill,w_280,h_210,f_jpg?from=ke.com
20240219,朝阳,双井,101120894536,得房率85% 西院 闹中取静 双卫不临街 观花园 多贷款,960万,110778元/平,中楼层 (共16层) | 2005年 | 2室1厅 | 86.66平米 | 西北,https://ke-image.ljcdn.com/110000-inspection/1a81264b-6594-4937-86a6-7f2c0fc3bd87_1000.jpg!m_fill,w_280,h_210,f_jpg?from=ke.com
20240219,朝阳,双井,101120892599,九龙花园 南北向两居室 精装修房主自荐,675万,69840元/平,低楼层 (共14层) | 1998年 | 2室2厅 | 96.65平米 | 南 北,https://ke-image.ljcdn.com/110000-inspection/pc1_dDktCFdzE_1.jpg!m_fill,w_280,h_210,f_jpg?from=ke.com
20240219,朝阳,双井,101120887891,双花园南里一区  高楼层  无遮挡  双阳台东向两居室,755万,61538元/平,中楼层 (共22层) | 1999年 | 2室1厅 | 122.69平米 | 东,https://ke-image.ljcdn.com/110000-inspection/pc1_akZbobips_1.jpg!m_fill,w_280,h_210,f_jpg?from=ke.com
20240219,朝阳,双井,101120884637,广渠路九龙山家园 中间层 户型方正,649万,62207元/平,中楼层 (共22层) | 2001年 | 2室2厅 | 104.33平米 | 西南,https://ke-image.ljcdn.com/110000-inspection/pc1_huIcOeiJ4_1.jpg!m_fill,w_280,h_210,f_jpg?from=ke.com
20240219,朝阳,双井,101120879076,广渠门外大街 南北两居室 满五唯一 交通方便,340万,59828元/平,高楼层 (共6层) | 1979年 | 3室1厅 | 56.83平米 | 南 北,https://ke-image.ljcdn.com/110000-inspection/78f041d7-81d1-44a2-b133-4e351837760a_1000.jpg!m_fill,w_280,h_210,f_jpg?from=ke.com
20240219,朝阳,双井,101120873696,A派公寓【品质洋房社区】【南北三居室】【一梯两户】,1380万,115675元/平,低楼层 (共9层) | 2007年 | 3室2厅 | 119.3平米 | 南 北,https://ke-image.ljcdn.com/110000-inspection/pc1_E9h3js4Cp_1.jpg!m_fill,w_280,h_210,f_jpg?from=ke.com
20240219,朝阳,双井,101120870892,百环家园  高楼层西南三居室 无天井,980万,70181元/平,高楼层 (共28层) 3室1厅 | 139.64平米 | 西南,https://ke-image.ljcdn.com/110000-inspection/pc1_8TZhN3n5h.jpg!m_fill,w_280,h_210,f_jpg?from=ke.com
20240219,朝阳,双井,101120868584,苹果社区南区南北两居室主卧带飘窗满五唯一房主自荐,899万,92329元/平,中楼层 (共21层) 2室1厅 | 97.37平米 | 南 北,https://ke-image.ljcdn.com/110000-inspection/pc1_wc8yaJfuF_1.jpg!m_fill,w_280,h_210,f_jpg?from=ke.com
20240219,朝阳,双井,101120867847,富力城A区南北两居室双卫设计看小区花园,1099万,106627元/平,低楼层 (共18层) | 2004年 | 2室1厅 | 103.07平米 | 南 北,https://ke-image.ljcdn.com/110000-inspection/pc1_7HsmQ0ahj.jpg!m_fill,w_280,h_210,f_jpg?from=ke.com
20240219,朝阳,双井,101120867674,急售+急售+急售  富力城A区275平大平层年底公司用钱房主自荐,2750万,99844元/平,高楼层 (共26层) | 2004年 | 5室2厅 | 275.43平米 | 东 东南 北,https://ke-image.ljcdn.com/110000-inspection/pc1_BLrEdaEVn.jpg!m_fill,w_280,h_210,f_jpg?from=ke.com
20240219,朝阳,双井,101120866600,南北通透  全明格局  高楼层三居室,1160万,101719元/平,高楼层 (共24层) | 2005年 | 3室1厅 | 114.04平米 | 东 南 北,https://ke-image.ljcdn.com/110000-inspection/pc1_3w17GFIEk_1.jpg!m_fill,w_280,h_210,f_jpg?from=ke.com
20240219,朝阳,双井,101120861609,2012年社区 首城国际带明卫两居 开发商精装修房主自荐,730万,81501元/平,底层 (共28层) | 2011年 | 2室1厅 | 89.57平米 | 南 西 北,https://ke-image.ljcdn.com/110000-inspection/afea7b0a-bc93-49a5-8243-c5f7036190b9_1000.jpg!m_fill,w_280,h_210,f_jpg?from=ke.com
20240219,朝阳,双井,101120849492,华腾园 高楼层 视野好 采光棒 正观花园,768万,72693元/平,高楼层 (共28层) 2室2厅 | 105.65平米 | 西南,https://ke-image.ljcdn.com/110000-inspection/5c0e8e24-07f7-42ca-a7f8-1983dd7404e1_1000.jpg!m_fill,w_280,h_210,f_jpg?from=ke.com
20240219,朝阳,双井,101120847186,苹果社区南区 西南向三居室 格局方正无浪费诚心出售,928万,88457元/平,中楼层 (共23层) | 2005年 | 3室1厅 | 104.91平米 | 西南,https://ke-image.ljcdn.com/110000-inspection/pc1_IZHl6okEW.jpg!m_fill,w_280,h_210,f_jpg?from=ke.com
20240219,朝阳,双井,101120844988,高楼层无遮挡 南北双线通透两居 双卫 双阳台房主自荐,1268万,108293元/平,高楼层 (共14层) | 2004年 | 2室2厅 | 117.09平米 | 南 北,https://ke-image.ljcdn.com/110000-inspection/a00d5e84-b95b-478d-b785-c16554c4b8c2_1000.jpg!m_fill,w_280,h_210,f_jpg?from=ke.com
20240219,朝阳,双井,101120841743,观花园 观水系 双井  时代国际嘉园 一居室,456万,86940元/平,中楼层 (共21层) 1室0厅 | 52.45平米 | 西,https://ke-image.ljcdn.com/110000-inspection/pc1_fQCe6KuKs.jpg!m_fill,w_280,h_210,f_jpg?from=ke.com
20240219,朝阳,双井,101120828828,百环家园  西南三居  无遮挡视野好,750万,54625元/平,低楼层 (共26层) | 2005年 | 3室1厅 | 137.3平米 | 西南,https://ke-image.ljcdn.com/110000-inspection/pc1_gv1zy22H6_1.jpg!m_fill,w_280,h_210,f_jpg?from=ke.com
20240219,朝阳,双井,101120803639,富力城D区南北4居室 二次装修 前后花园 电梯直通车库,3600万,136831元/平,中楼层 (共14层) | 2006年 | 4室2厅 | 263.1平米 | 南 北 西,https://ke-image.ljcdn.com/110000-inspection/pc1_gIMOQ903S.jpg!m_fill,w_280,h_210,f_jpg?from=ke.com
20240219,朝阳,双井,101120779972,百环家园 满五唯一商品房视野开阔近双井地铁,740万,58918元/平,高楼层 (共28层) | 2005年 | 3室1厅 | 125.6平米 | 西南 南,https://ke-image.ljcdn.com/110000-inspection/pc1_vHknC4Vn4.jpg!m_fill,w_280,h_210,f_jpg?from=ke.com
20240219,朝阳,双井,101120755030,双井首城国际B区精装两居看小区花园满五唯一,960万,108194元/平,中楼层 (共28层) | 2010年 | 2室1厅 | 88.73平米 | 南,https://ke-image.ljcdn.com/110000-inspection/pc1_BJ46UjLx3.jpg!m_fill,w_280,h_210,f_jpg?from=ke.com
20240219,朝阳,双井,101120752672,华腾园精装修三居室满五唯一高楼层视野开阔,950万,79233元/平,顶层 (共25层) 3室2厅 | 119.9平米 | 西南,https://ke-image.ljcdn.com/110000-inspection/74ffb3d0-f2a2-4703-b46a-d374dfa89eba_1000.jpg!m_fill,w_280,h_210,f_jpg?from=ke.com
20240219,朝阳,双井,101120751847,首城国际B区  高层精装2居  视野好房主自荐,786万,98918元/平,中楼层 (共28层) | 2010年 | 2室1厅 | 79.46平米 | 东北,https://ke-image.ljcdn.com/110000-inspection/pc1_qOdF3PFtL.jpg!m_fill,w_280,h_210,f_jpg?from=ke.com
20240219,朝阳,双井,101120736891,二环边大两居精装修诚意出售满五唯一,680万,63862元/平,低楼层 (共18层) 2室1厅 | 106.48平米 | 西 北,https://ke-image.ljcdn.com/110000-inspection/pc1_jrjQIwzsH_1.jpg!m_fill,w_280,h_210,f_jpg?from=ke.com
20240219,朝阳,双井,101120734934,双花园南里一区安静一层（楼下有半地下）可贷款,685万,73696元/平,底层 (共6层) 2室1厅 | 92.95平米 | 南 北,https://ke-image.ljcdn.com/110000-inspection/pc1_bnLUZzoZl_1.jpg!m_fill,w_280,h_210,f_jpg?from=ke.com
20240219,朝阳,双井,101120716338,双花园南里一区 满五唯一 东西通透两居室精装修,568万,77101元/平,中楼层 (共6层) 2室1厅 | 73.67平米 | 西 东,https://ke-image.ljcdn.com/110000-inspection/pc1_2UlNzANzj.jpg!m_fill,w_280,h_210,f_jpg?from=ke.com
20240219,朝阳,双井,101120714961,安静不临街采光不遮挡装修保养好,1380万,95430元/平,低楼层 (共28层) | 2011年 | 3室1厅 | 144.61平米 | 南,https://ke-image.ljcdn.com/110000-inspection/pc1_drxjsck8u.jpg!m_fill,w_280,h_210,f_jpg?from=ke.com
20240219,朝阳,双井,101120713919,精装一居室东向不临街有大阳台老社区少见好户型！,290万,58421元/平,顶层 (共12层) | 1983年 | 1室1厅 | 49.64平米 | 东,https://ke-image.ljcdn.com/110000-inspection/pc1_ZhMAeeB4U_1.jpg!m_fill,w_280,h_210,f_jpg?from=ke.com
20240219,朝阳,双井,101120713905,九龙花园 看花园两居室 安静位置 户型方正房主自荐,577万,61292元/平,中楼层 (共22层) | 1999年 | 2室1厅 | 94.14平米 | 西北,https://ke-image.ljcdn.com/110000-inspection/pc1_lHnafWpzG.jpg!m_fill,w_280,h_210,f_jpg?from=ke.com
20240219,朝阳,双井,101120700065,富力城C区 高层西南三居 房况好可拎包入住,1490万,117314元/平,中楼层 (共25层) | 2005年 | 3室1厅 | 127.01平米 | 西南,https://ke-image.ljcdn.com/110000-inspection/4a2e78cc-24cc-4e6a-bafe-2577f4fb5a63_1000.jpg!m_fill,w_280,h_210,f_jpg?from=ke.com
20240219,朝阳,双井,101120695329,东三环双井 九龙花园小区南北通透大一居,480万,57644元/平,低楼层 (共14层) | 2001年 | 1室1厅 | 83.27平米 | 南 北,https://ke-image.ljcdn.com/110000-inspection/c21ab8bb-c8dd-4d47-b77d-e762d08a2396_1000.jpg!m_fill,w_280,h_210,f_jpg?from=ke.com
20240219,朝阳,双井,101120687075,富力城A区 一层北向观花园一居,700万,98731元/平,底层 (共26层) | 2004年 | 1室1厅 | 70.9平米 | 北,https://ke-image.ljcdn.com/110000-inspection/pc1_1mNE2WJYM.jpg!m_fill,w_280,h_210,f_jpg?from=ke.com
20240219,朝阳,双井,101120686130,首城国际B区 前后花园冬暖夏凉南北通风效果好居住舒适,830万,95359元/平,低楼层 (共20层) 2室1厅 | 87.04平米 | 南 北,https://ke-image.ljcdn.com/110000-inspection/fadc56d0-a863-44d3-b6aa-f63c8cd98e09_1000.jpg!m_fill,w_280,h_210,f_jpg?from=ke.com
20240219,朝阳,双井,101120685052,百环家园东南三居室三室两卫大客厅。房主自荐,930万,66600元/平,中楼层 (共28层) 3室2厅 | 139.64平米 | 东南,https://ke-image.ljcdn.com/110000-inspection/d77a106f-cc37-4471-af3f-a93c7b911e44_1000.jpg!m_fill,w_280,h_210,f_jpg?from=ke.com
20240219,朝阳,双井,101120683393,富力城D区  新上中间位置特殊户型南向两居室房主自荐,1200万,131652元/平,低楼层 (共21层) | 2006年 | 2室1厅 | 91.15平米 | 南,https://ke-image.ljcdn.com/110000-inspection/6a3d1d62-b491-4aba-9c51-d24a410458fb_1000.jpg!m_fill,w_280,h_210,f_jpg?from=ke.com
20240219,朝阳,双井,101120666023,双花园西里   满五唯一  南北通透  精装修,509万,74875元/平,底层 (共6层) | 1989年 | 3室1厅 | 67.98平米 | 南 北,https://ke-image.ljcdn.com/110000-inspection/pc1_VjIArBMeI_1.jpg!m_fill,w_280,h_210,f_jpg?from=ke.com
20240219,朝阳,双井,101120656642,九龙山家园 无遮挡 东向三居室 看房方便,768万,54445元/平,低楼层 (共22层) | 2001年 | 3室2厅 | 141.06平米 | 东北,https://ke-image.ljcdn.com/110000-inspection/8bc06d1a-a1da-42d2-8a78-803f7cfff05a_1000.jpg!m_fill,w_280,h_210,f_jpg?from=ke.com
20240219,朝阳,双井,101120643289,广渠路全南两居室独立大客厅。,455万,65572元/平,中楼层 (共18层) | 1990年 | 2室1厅 | 69.39平米 | 南,https://ke-image.ljcdn.com/110000-inspection/test-86072327-8d79-45b8-a25f-2a666664e2c0.png!m_fill,w_280,h_210,f_jpg?from=ke.com
20240219,朝阳,双井,101120632632,富力城D区 高层南向两居 满五唯一 不临街,1380万,126594元/平,高楼层 (共22层) | 2005年 | 2室2厅 | 109.01平米 | 南,https://ke-image.ljcdn.com/110000-inspection/pc1_4BujO3FbE_1.jpg!m_fill,w_280,h_210,f_jpg?from=ke.com
20240219,朝阳,双井,101120632236,华腾园南向三居满五唯一楼层高无遮挡采光好,950万,80482元/平,中楼层 (共28层) 3室2厅 | 118.04平米 | 南,https://ke-image.ljcdn.com/110000-inspection/c76eef95-d9bb-4015-835f-a7a8684adeb3_1000.jpg!m_fill,w_280,h_210,f_jpg?from=ke.com
20240219,朝阳,双井,101120632033,东三环满配精装修 满五唯一观国贸夜景 双地铁,398万,67173元/平,高楼层 (共28层) | 2005年 | 1室1厅 | 59.25平米 | 北,https://ke-image.ljcdn.com/110000-inspection/pc1_hqWm4KkjW_1.jpg!m_fill,w_280,h_210,f_jpg?from=ke.com
20240219,朝阳,双井,101120629072,双花园西里精装低楼层大一居室政协宿舍管理好,320万,67044元/平,底层 (共6层) 1室1厅 | 47.73平米 | 东,https://ke-image.ljcdn.com/110000-inspection/pc1_av5kHKEnE_1.jpg!m_fill,w_280,h_210,f_jpg?from=ke.com
20240219,朝阳,双井,101120626334,双花园西里 精装修一居室 诚意出售,300万,63039元/平,顶层 (共6层) | 1994年 | 1室1厅 | 47.59平米 | 南,https://ke-image.ljcdn.com/110000-inspection/pc1_56hx3uW5r.jpg!m_fill,w_280,h_210,f_jpg?from=ke.com
20240219,朝阳,双井,101120620089,华腾园一居室看房方便业主诚意出售,499万,78238元/平,底层 (共25层) 1室1厅 | 63.78平米 | 北,https://ke-image.ljcdn.com/110000-inspection/a24717fe-bb08-4cf6-bee8-4c9827957ade_1000.jpg!m_fill,w_280,h_210,f_jpg?from=ke.com
20240219,朝阳,双井,101120603646,双花园南里全明三居室   配套设施完善,480万,62927元/平,顶层 (共6层) | 1989年 | 3室1厅 | 76.28平米 | 东 南 北,https://ke-image.ljcdn.com/110000-inspection/pc1_RtQy6nKBE.jpg!m_fill,w_280,h_210,f_jpg?from=ke.com
20240219,朝阳,双井,101120579151,富力公馆管家式管理西北精装两居室诚意出售房主自荐,1136万,94313元/平,中楼层 (共18层) | 2007年 | 2室1厅 | 120.45平米 | 西北,https://ke-image.ljcdn.com/110000-inspection/pc1_IrSdwV1G2_1.jpg!m_fill,w_280,h_210,f_jpg?from=ke.com
20240219,朝阳,双井,101120542493,满二年观花园 户型方正 明厨明卫 老客户主房主自荐,1039万,111865元/平,中楼层 (共19层) | 2005年 | 2室1厅 | 92.88平米 | 西 北,https://ke-image.ljcdn.com/110000-inspection/pc1_YMdARTCuY_1.jpg!m_fill,w_280,h_210,f_jpg?from=ke.com
20240219,朝阳,双井,101120540488,满五唯一商品房独门独院清净整洁,960万,68660元/平,高楼层 (共26层) 3室2厅 | 139.82平米 | 东南,https://ke-image.ljcdn.com/110000-inspection/pc1_szKzsDDcO_1.jpg!m_fill,w_280,h_210,f_jpg?from=ke.com
20240219,朝阳,双井,101120525679,合生国际花园  南向两居室 满二年 次次顶层 仅有契税房主自荐,1080万,104147元/平,高楼层 (共18层) | 2007年 | 2室2厅 | 103.7平米 | 南,https://ke-image.ljcdn.com/110000-inspection/pc1_CXb5FpWIT.jpg!m_fill,w_280,h_210,f_jpg?from=ke.com
20240219,朝阳,双井,101120524766,苹果社区 高层南向 正对花园 视野敞亮 高品质精装房主自荐,375万,63388元/平,高楼层 (共20层) | 2008年 | 1室0厅 | 59.16平米 | 南,https://ke-image.ljcdn.com/110000-inspection/pc1_IctoakBJ7_1.jpg!m_fill,w_280,h_210,f_jpg?from=ke.com
20240219,朝阳,双井,101120524231,天之骄子 精装修南向2居室 满五年拎包入住,999万,101370元/平,低楼层 (共15层) | 2006年 | 2室2厅 | 98.55平米 | 南,https://ke-image.ljcdn.com/110000-inspection/3b5dd6f0-2cfa-4f65-b725-01e2b31d677d_1000.jpg!m_fill,w_280,h_210,f_jpg?from=ke.com
20240219,朝阳,双井,101120511663,百环家园 3室1厅 西南,900万,64443元/平,顶层 (共28层) 3室1厅 | 139.66平米 | 西南,https://ke-image.ljcdn.com/110000-inspection/pc1_5QDzVNdFR.jpg!m_fill,w_280,h_210,f_jpg?from=ke.com
20240219,朝阳,双井,101120500347,东三环十号线劲松华腾园 东南两居 高楼层视野好,739万,74874元/平,高楼层 (共28层) 2室2厅 | 98.7平米 | 东南,https://ke-image.ljcdn.com/110000-inspection/ef65e0ca-f31e-4165-852a-12e80f11995e_1000.jpg!m_fill,w_280,h_210,f_jpg?from=ke.com
20240219,朝阳,双井,101120481705,百环东向两居 满五唯一商品房 业主诚售,650万,59367元/平,低楼层 (共28层) | 2005年 | 2室1厅 | 109.49平米 | 东,https://ke-image.ljcdn.com/110000-inspection/pc1_SOi9l85uJ.jpg!m_fill,w_280,h_210,f_jpg?from=ke.com
20240219,朝阳,双井,101120481245,苹果南北通透三居室观花园双明卫满五唯一,1350万,93757元/平,低楼层 (共27层) 3室1厅 | 143.99平米 | 南 北,https://ke-image.ljcdn.com/110000-inspection/pc1_zCZKcXTK0.jpg!m_fill,w_280,h_210,f_jpg?from=ke.com
20240219,朝阳,双井,101120478260,百环家园 东南朝向 优质两居室 交通便利 配套齐全房主自荐,680万,67878元/平,低楼层 (共27层) 2室1厅 | 100.18平米 | 东南,https://ke-image.ljcdn.com/110000-inspection/pc1_XMmMAJtaT_1.jpg!m_fill,w_280,h_210,f_jpg?from=ke.com
20240219,朝阳,双井,101120475469,此房满五唯一 西南两居采光好 随时签约,780万,80771元/平,高楼层 (共22层) | 2002年 | 2室2厅 | 96.57平米 | 南 西,https://ke-image.ljcdn.com/110000-inspection/343f4ae7-7c7a-4e1d-bc28-c4bb49f1ef9d_1000.jpg!m_fill,w_280,h_210,f_jpg?from=ke.com
20240219,朝阳,双井,101120466810,世桥国贸  双井高层 双卫大三居采光充足视野好,1390万,81621元/平,高楼层 (共22层) | 2003年 | 3室1厅 | 170.3平米 | 西南,https://ke-image.ljcdn.com/110000-inspection/pc1_u1BsNHET1_1.jpg!m_fill,w_280,h_210,f_jpg?from=ke.com
20240219,朝阳,双井,101120466657,双井地铁站600米满五唯一首套房款首付138万,350万,67115元/平,中楼层 (共6层) | 1993年 | 2室1厅 | 52.15平米 | 西 北,https://ke-image.ljcdn.com/110000-inspection/pc1_IUdE5N7gb.jpg!m_fill,w_280,h_210,f_jpg?from=ke.com
20240219,朝阳,双井,101120466447,苹果社区南区 看花园 安静不临街 满五年唯一可给周期,628万,87405元/平,低楼层 (共23层) | 2005年 | 2室1厅 | 71.85平米 | 北,https://ke-image.ljcdn.com/110000-inspection/pc1_pZ7UPZ1so_1.jpg!m_fill,w_280,h_210,f_jpg?from=ke.com
20240219,朝阳,双井,101120465151,西向观花园一居室安静近地铁,549万,87644元/平,中楼层 (共21层) | 2006年 | 1室1厅 | 62.64平米 | 西,https://ke-image.ljcdn.com/110000-inspection/pc1_kIlBMlyZW_1.jpg!m_fill,w_280,h_210,f_jpg?from=ke.com
20240219,朝阳,双井,101120455732,富力城D区正规一室一厅业主诚意出售,700万,97142元/平,低楼层 (共13层) | 2006年 | 1室1厅 | 72.06平米 | 北,https://ke-image.ljcdn.com/110000-inspection/pc1_az5AErIMX.jpg!m_fill,w_280,h_210,f_jpg?from=ke.com
20240219,朝阳,双井,101120451179,苹果社区 南向两居 单价低 层高3米 落地窗 满五唯一房主自荐,630万,51857元/平,中楼层 (共21层) 2室1厅 | 121.49平米 | 南,https://ke-image.ljcdn.com/110000-inspection/pc1_8OyN6OmGO_1.jpg!m_fill,w_280,h_210,f_jpg?from=ke.com
20240219,朝阳,双井,101120446767,双花园南里一区 次顶层通透好房 自住 保养好 满五唯一,646万,69838元/平,高楼层 (共6层) | 1998年 | 2室2厅 | 92.5平米 | 东 西,https://ke-image.ljcdn.com/110000-inspection/pc1_iYhBbnVgv_1.jpg!m_fill,w_280,h_210,f_jpg?from=ke.com
20240219,朝阳,双井,101120413234,富力城三期南北三居室。业主诚意出售。,1860万,104342元/平,顶层 (共23层) 3室2厅 | 178.26平米 | 南 北,https://ke-image.ljcdn.com/110000-inspection/772d91dc-40b3-4d46-b61d-bd6957508cc7_1000.jpg!m_fill,w_280,h_210,f_jpg?from=ke.com
20240219,朝阳,双井,101120392562,满五年唯一商品房看房方便高楼层无遮挡,368万,64045元/平,高楼层 (共28层) | 2005年 | 1室1厅 | 57.46平米 | 北,https://ke-image.ljcdn.com/110000-inspection/pc1_kUVx2TLka_1.jpg!m_fill,w_280,h_210,f_jpg?from=ke.com
20240219,朝阳,双井,101120365699,华腾园西南精装两居室 满五年唯 一 看房随时,730万,78732元/平,中楼层 (共24层) | 2003年 | 2室1厅 | 92.72平米 | 西南,https://ke-image.ljcdn.com/110000-inspection/pc1_Yj17ulXHu.jpg!m_fill,w_280,h_210,f_jpg?from=ke.com
20240219,朝阳,双井,101120361417,双花园南里一区东向两居满五唯一采光好,798万,65566元/平,低楼层 (共22层) | 2000年 | 2室1厅 | 121.71平米 | 东,https://ke-image.ljcdn.com/110000-inspection/pc1_stQS18JfX_1.jpg!m_fill,w_280,h_210,f_jpg?from=ke.com
20240219,朝阳,双井,101120360168,东二环边上  国企金隅嘉业开发  单价6万出头商品房,730万,60356元/平,中楼层 (共22层) 2室1厅 | 120.95平米 | 东,https://ke-image.ljcdn.com/110000-inspection/pc1_iXAlb76zp_1.jpg!m_fill,w_280,h_210,f_jpg?from=ke.com
20240219,朝阳,双井,101120357394,2012年社区 首城国际 高层南北通透两居 看国贸 看花园,920万,103744元/平,高楼层 (共28层) | 2011年 | 2室1厅 | 88.68平米 | 南 北,https://ke-image.ljcdn.com/110000-inspection/pc1_2dJtipswT.jpg!m_fill,w_280,h_210,f_jpg?from=ke.com
20240219,朝阳,双井,101120347275,广渠门外大街路北区 3室1厅 南 北,500万,72047元/平,中楼层 (共6层) | 1981年 | 3室1厅 | 69.4平米 | 南 北,https://ke-image.ljcdn.com/110000-inspection/6cd7e5b2-a74a-4965-97bf-ab5671f9c1dd_1000.jpg!m_fill,w_280,h_210,f_jpg?from=ke.com
20240219,朝阳,双井,101120345585,合生国际花园 双卫 两居室 东西通透,890万,89161元/平,中楼层 (共18层) 2室1厅 | 99.82平米 | 东 西,https://ke-image.ljcdn.com/110000-inspection/pc1_ougEVXdo3.jpg!m_fill,w_280,h_210,f_jpg?from=ke.com
20240219,朝阳,双井,101120304901,广渠路九龙山家园 满二年 东南向 采光好 无遮挡,1088万,59428元/平,中楼层 (共22层) | 1999年 | 3室2厅 | 183.08平米 | 东南,https://ke-image.ljcdn.com/110000-inspection/c9f4ddb1-4ecd-4756-8e40-97d2668586bf_1000.jpg!m_fill,w_280,h_210,f_jpg?from=ke.com
20240219,朝阳,双井,101120297687,满五唯一明厨明卫东西通透户型双阳台,948万,81276元/平,高楼层 (共20层) | 2006年 | 2室2厅 | 116.64平米 | 东 西,https://ke-image.ljcdn.com/110000-inspection/pc1_Iby37FlBH_1.jpg!m_fill,w_280,h_210,f_jpg?from=ke.com
20240219,朝阳,双井,101120292117,世桥国贸 中高层两居两卫满五年业主在京一套住房,1000万,78896元/平,中楼层 (共22层) 2室1厅 | 126.75平米 | 东 西,https://ke-image.ljcdn.com/110000-inspection/pc1_kfDr2x1Iv.jpg!m_fill,w_280,h_210,f_jpg?from=ke.com
20240219,朝阳,双井,101120279099,一天未住现代轻奢全新房 随时看房  高层景观好房房主自荐,1130万,110191元/平,顶层 (共18层) | 2004年 | 2室1厅 | 102.55平米 | 南 北,https://ke-image.ljcdn.com/110000-inspection/92ee995a-d2d2-4fd5-87f5-387ca62ecc45_1000.jpg!m_fill,w_280,h_210,f_jpg?from=ke.com
20240219,朝阳,双井,101120263135,满五年唯一70年住宅视野开阔户型方正,369万,54570元/平,高楼层 (共21层) | 2008年 | 1室1厅 | 67.62平米 | 南,https://ke-image.ljcdn.com/110000-inspection/a5c1ab6a-51b7-49f2-9864-edfd0af0cbbf_1000.jpg!m_fill,w_280,h_210,f_jpg?from=ke.com
20240219,朝阳,双井,101120203498,富力城A区 中间层 看小区花园 观景 双卫 安静两居,1080万,112325元/平,低楼层 (共28层) 2室1厅 | 96.15平米 | 西北,https://ke-image.ljcdn.com/110000-inspection/pc1_ZzFQwvjtP_1.jpg!m_fill,w_280,h_210,f_jpg?from=ke.com
20240219,朝阳,双井,101120202691,广渠路九龙山家园 后排不临街两居两卫,770万,63689元/平,中楼层 (共22层) | 2001年 | 2室2厅 | 120.9平米 | 西南 西,https://ke-image.ljcdn.com/110000-inspection/pc1_GOMYGcBNC.jpg!m_fill,w_280,h_210,f_jpg?from=ke.com
20240219,朝阳,双井,101120184243,百环中高层小两居 全明格局 无遮挡 有阳光 满五唯一,500万,72182元/平,高楼层 (共26层) | 2005年 | 2室1厅 | 69.27平米 | 西北,https://ke-image.ljcdn.com/110000-inspection/pc1_rVreJjqXj_1.jpg!m_fill,w_280,h_210,f_jpg?from=ke.com
20240219,朝阳,双井,101120177828,满五年唯一 东南朝向 不临街 对花园 安静采光好,999万,102441元/平,低楼层 (共24层) | 2008年 | 2室1厅 | 97.52平米 | 东南,https://ke-image.ljcdn.com/110000-inspection/prod-0edbad33-b017-4780-b0dc-6dee7d8a9df5.jpg!m_fill,w_280,h_210,f_jpg?from=ke.com
20240219,朝阳,双井,101120174427,富力城B区南北通透明卫两居二次装修板楼的中高层,1300万,124082元/平,高楼层 (共9层) | 2004年 | 2室2厅 | 104.77平米 | 南 北,https://ke-image.ljcdn.com/110000-inspection/4447ff9c-aa4f-4cea-bfbf-ff7e6a580022_1000.jpg!m_fill,w_280,h_210,f_jpg?from=ke.com
20240219,朝阳,双井,101120158569,华腾园 东南向两居室 采光好 无遮挡,650万,74998元/平,低楼层 (共28层) | 2003年 | 2室1厅 | 86.67平米 | 东南,https://ke-image.ljcdn.com/110000-inspection/pc1_Zz5Qym5HN.jpg!m_fill,w_280,h_210,f_jpg?from=ke.com
20240219,朝阳,双井,101120144837,户型方正 高层观景 正规一居室 业主诚意出售,478万,96371元/平,中楼层 (共27层) 1室1厅 | 49.6平米 | 北,https://ke-image.ljcdn.com/110000-inspection/pc1_QyFfJOMMC.jpg!m_fill,w_280,h_210,f_jpg?from=ke.com
20240219,朝阳,双井,101120127160,双花园西1997年楼龄南北通透两居室,330万,72432元/平,顶层 (共7层) | 1996年 | 2室1厅 | 45.56平米 | 南 北,https://ke-image.ljcdn.com/110000-inspection/pc1_LiH2foTsh.jpg!m_fill,w_280,h_210,f_jpg?from=ke.com
20240219,朝阳,双井,101120090099,业主自住保持不错位置比较靠中间视野 采光都不差,1220万,112205元/平,高楼层 (共21层) | 2006年 | 2室1厅 | 108.73平米 | 东 东南 南,https://ke-image.ljcdn.com/110000-inspection/pc1_OKLAyuZSe.jpg!m_fill,w_280,h_210,f_jpg?from=ke.com
20240219,朝阳,双井,101120081235,二环外 近地铁 大两居 满五唯一 安静不临街,650万,61304元/平,低楼层 (共18层) 2室1厅 | 106.03平米 | 东南,https://ke-image.ljcdn.com/110000-inspection/pc1_KiLvZp0X7.jpg!m_fill,w_280,h_210,f_jpg?from=ke.com
20240219,朝阳,双井,101120078355,东三环双井地铁92年板楼全南两居明厨明卫。房主自荐,430万,71799元/平,高楼层 (共6层) 2室1厅 | 59.89平米 | 南,https://ke-image.ljcdn.com/110000-inspection/pc1_XOMZbgixf.jpg!m_fill,w_280,h_210,f_jpg?from=ke.com
20240219,朝阳,双井,101120038621,富力城A区  正规两居  全明格局  拎包入住,1020万,114646元/平,低楼层 (共26层) 2室1厅 | 88.97平米 | 东南 北,https://ke-image.ljcdn.com/110000-inspection/pc1_wEjH575O7_1.jpg!m_fill,w_280,h_210,f_jpg?from=ke.com
20240219,朝阳,双井,101120020222,苹果社区北区 看国贸景观 无遮挡 满五年唯一 诚意出售,599万,48799元/平,中楼层 (共20层) | 2008年 | 2室1厅 | 122.75平米 | 北,https://ke-image.ljcdn.com/110000-inspection/pc1_MTsCK17Tc_1.jpg!m_fill,w_280,h_210,f_jpg?from=ke.com
20240219,朝阳,双井,101119992891,广馨居一层大两居看房方便价格合适,650万,63428元/平,底层 (共18层) 2室1厅 | 102.48平米 | 东 南,https://ke-image.ljcdn.com/110000-inspection/pc1_tUSDWMYSw.jpg!m_fill,w_280,h_210,f_jpg?from=ke.com
20240219,朝阳,双井,101119978829,合生国际花园  满二年 新装修 明厨明卫南北三居,1415万,101311元/平,低楼层 (共24层) | 2007年 | 3室1厅 | 139.67平米 | 南 北,https://ke-image.ljcdn.com/110000-inspection/pc1_PH9B0wO5P_1.jpg!m_fill,w_280,h_210,f_jpg?from=ke.com
20240219,朝阳,双井,101119965926,不临三环东南朝向全新精装修拎包入住优质两居,1150万,113379元/平,低楼层 (共28层) | 2004年 | 2室1厅 | 101.43平米 | 东南,https://ke-image.ljcdn.com/110000-inspection/pc1_XlThpMKv6.jpg!m_fill,w_280,h_210,f_jpg?from=ke.com
20240219,朝阳,双井,101119957592,满五唯一商品房装修好楼层高视野好近地铁随时看,373万,64949元/平,中楼层 (共28层) | 2005年 | 1室1厅 | 57.43平米 | 北,https://ke-image.ljcdn.com/110000-inspection/pc1_82b3JpfIP_1.jpg!m_fill,w_280,h_210,f_jpg?from=ke.com
20240219,朝阳,双井,101119956778,富力城A区南向三居室 看花园水系 两梯四户,1568万,111214元/平,中楼层 (共18层) | 2004年 | 3室1厅 | 140.99平米 | 西南,https://ke-image.ljcdn.com/110000-inspection/cb59db27-59e0-44af-9f8f-736d82a4216c_1000.jpg!m_fill,w_280,h_210,f_jpg?from=ke.com
20240219,朝阳,双井,101119947673,有钥匙 中央空调+新风+地暖 精装 安静看花园,3300万,119691元/平,低楼层 (共17层) 4室2厅 | 275.71平米 | 南 北,https://ke-image.ljcdn.com/110000-inspection/pc1_EtDlR2Mss_1.jpg!m_fill,w_280,h_210,f_jpg?from=ke.com
20240219,朝阳,双井,101119936661,合生国际南向两居带一个多功能房功能性强,1100万,105022元/平,中楼层 (共18层) | 2008年 | 2室1厅 | 104.74平米 | 南,https://ke-image.ljcdn.com/110000-inspection/b07bb81a-7892-4146-b3f3-5dc15aba97b7_1000.jpg!m_fill,w_280,h_210,f_jpg?from=ke.com
20240219,朝阳,双井,101119932724,苹果社区南区 高层 满五年唯一 观花园不临街,605万,84145元/平,高楼层 (共22层) | 2005年 | 2室1厅 | 71.9平米 | 北,https://ke-image.ljcdn.com/110000-inspection/pc1_hUCRzsdKM_1.jpg!m_fill,w_280,h_210,f_jpg?from=ke.com
20240219,朝阳,双井,101119900858,浪漫首城B区 南向安静不临街 采光充足,799万,89927元/平,底层 (共28层) 2室1厅 | 88.85平米 | 南,https://ke-image.ljcdn.com/110000-inspection/pc1_hG4lFSRyv.jpg!m_fill,w_280,h_210,f_jpg?from=ke.com
20240219,朝阳,双井,101119898877,富力城D区 高层南北三居 满五唯一,2000万,127162元/平,高楼层 (共21层) | 2006年 | 3室2厅 | 157.28平米 | 南 北,https://ke-image.ljcdn.com/110000-inspection/627ca161-e038-4aed-a943-315ab86027f8_1000.jpg!m_fill,w_280,h_210,f_jpg?from=ke.com
20240219,朝阳,双井,101119890656,双井地铁口 2017年装修满五唯一  户型方正采光充足房主自荐,460万,67350元/平,中楼层 (共14层) 2室1厅 | 68.3平米 | 西 东北,https://ke-image.ljcdn.com/110000-inspection/pc1_hWBTNRufD_1.jpg!m_fill,w_280,h_210,f_jpg?from=ke.com
20240219,朝阳,双井,101119886116,东三环双井 满五年 东南三居 楼层适中 近地铁,535万,67203元/平,中楼层 (共16层) | 1986年 | 3室1厅 | 79.61平米 | 东 南,https://ke-image.ljcdn.com/110000-inspection/pc1_YycycK2qN_1.jpg!m_fill,w_280,h_210,f_jpg?from=ke.com
20240219,朝阳,双井,101119878348,双花园南里 2室1厅 南,260万,52846元/平,地下室 (共6层) | 1989年 | 2室1厅 | 49.2平米 | 南,https://ke-image.ljcdn.com/110000-inspection/pc1_RRDHtsrpi_1.jpg!m_fill,w_280,h_210,f_jpg?from=ke.com
20240219,朝阳,双井,101119853317,双井板楼社区 小区中间位置 高层四居室急售满五唯一,1758万,100844元/平,高楼层 (共24层) | 2008年 | 4室1厅 | 174.33平米 | 南 北,https://ke-image.ljcdn.com/110000-inspection/b6e355a5-d611-4a38-a8f7-a982a331b679_1000.jpg!m_fill,w_280,h_210,f_jpg?from=ke.com
20240219,朝阳,双井,101119826660,东二环外广渠门1997年建成 南北通透三居室,653万,65827元/平,顶层 (共6层) | 1997年 | 3室1厅 | 99.2平米 | 南 北,https://ke-image.ljcdn.com/110000-inspection/pc1_us8hgpcav.jpg!m_fill,w_280,h_210,f_jpg?from=ke.com
20240219,朝阳,双井,101119789999,乐成国际 满五年唯一花园两居可以拎包入住。房主自荐,1089万,106515元/平,底层 (共16层) | 2006年 | 2室2厅 | 102.24平米 | 西南,https://ke-image.ljcdn.com/110000-inspection/a940f045-2153-4aa6-b416-72de85d0764b_1000.jpg!m_fill,w_280,h_210,f_jpg?from=ke.com
20240219,朝阳,双井,101119788885,诚意出售东向无噪音采光好满五唯一,299万,57434元/平,低楼层 (共12层) | 1983年 | 2室0厅 | 52.06平米 | 东,https://ke-image.ljcdn.com/110000-inspection/pc1_w4FhvFPp8.jpg!m_fill,w_280,h_210,f_jpg?from=ke.com
20240219,朝阳,双井,101119755908,苹果社区南区 5室2厅 东 南 西 北,2830万,83872元/平,顶层 (共27层) | 2005年 | 5室2厅 | 337.42平米 | 东 南 西 北,https://ke-image.ljcdn.com/110000-inspection/pc1_s1haMpRcn_1.jpg!m_fill,w_280,h_210,f_jpg?from=ke.com
20240219,朝阳,双井,101119746674,双井北里国贸  双井  南北两居室,379万,68461元/平,高楼层 (共6层) 2室1厅 | 55.36平米 | 南 北,https://ke-image.ljcdn.com/110000-inspection/pc1_1mP8lPdzF_1.jpg!m_fill,w_280,h_210,f_jpg?from=ke.com
20240219,朝阳,双井,101119727707,东南三居位置安静二次装修随时签约,1360万,110507元/平,低楼层 (共26层) | 2004年 | 3室2厅 | 123.07平米 | 东南,https://ke-image.ljcdn.com/110000-inspection/pc1_Xa5PoZVIk_1.jpg!m_fill,w_280,h_210,f_jpg?from=ke.com
20240219,朝阳,双井,101119722951,户型西南采光通风好满五年不唯一无抵押户口,1099万,106328元/平,中楼层 (共12层) | 2006年 | 2室1厅 | 103.36平米 | 西南,https://ke-image.ljcdn.com/110000-inspection/862b7929-f3f3-49cb-840f-fb9078f31412_1000.jpg!m_fill,w_280,h_210,f_jpg?from=ke.com
20240219,朝阳,双井,101119703812,富力城C区 北向观景一居室业主诚意出售,699万,109941元/平,低楼层 (共25层) | 2005年 | 1室1厅 | 63.58平米 | 北,https://ke-image.ljcdn.com/110000-inspection/pc1_oRJaouX2v.jpg!m_fill,w_280,h_210,f_jpg?from=ke.com
20240219,朝阳,双井,101119654286,满两年CBD商圈东三环边上人车分流,550万,76741元/平,中楼层 (共11层) | 2002年 | 1室1厅 | 71.67平米 | 北,https://ke-image.ljcdn.com/110000-inspection/eb2e8492-f162-4c8a-ad19-6bfe8a11f331_1000.jpg!m_fill,w_280,h_210,f_jpg?from=ke.com
20240219,朝阳,双井,101119637299,富力城一期地铁十号线七号线双线通过,1380万,108304元/平,高楼层 (共26层) 3室1厅 | 127.42平米 | 东南,https://ke-image.ljcdn.com/110000-inspection/pc1_MPtkMh9H1.jpg!m_fill,w_280,h_210,f_jpg?from=ke.com
20240219,朝阳,双井,101119621588,双花园南里二区 二次装修 全新入住 朝南大一居,580万,74075元/平,中楼层 (共22层) | 2002年 | 1室2厅 | 78.3平米 | 西南,https://ke-image.ljcdn.com/110000-inspection/pc1_ydASZ2Org.jpg!m_fill,w_280,h_210,f_jpg?from=ke.com
20240219,朝阳,双井,101119611258,富力城A区 地铁7换10 全明安静 不临街采光好 五年唯一,1080万,114919元/平,中楼层 (共26层) 2室2厅 | 93.98平米 | 西南 北,https://ke-image.ljcdn.com/110000-inspection/pc1_8pBmVpY8R_1.jpg!m_fill,w_280,h_210,f_jpg?from=ke.com
20240219,朝阳,双井,101119607492,富力城C区老业主的房子信任链家看房随时,998万,109611元/平,低楼层 (共25层) | 2005年 | 2室2厅 | 91.05平米 | 西北,https://ke-image.ljcdn.com/110000-inspection/pc1_HaoxJnIM5.jpg!m_fill,w_280,h_210,f_jpg?from=ke.com
20240219,朝阳,双井,101119607455,合生国际花园 2室1厅 东 西,979万,97949元/平,低楼层 (共18层) 2室1厅 | 99.95平米 | 东 西,https://ke-image.ljcdn.com/110000-inspection/pc1_VzfwQizm1.jpg!m_fill,w_280,h_210,f_jpg?from=ke.com
20240219,朝阳,双井,101119604275,苹果社区北区 朝南向无遮挡 满五唯一,340万,57472元/平,低楼层 (共21层) | 2008年 | 1室0厅 | 59.16平米 | 南,https://ke-image.ljcdn.com/110000-inspection/pc1_2jPMisSY0_1.jpg!m_fill,w_280,h_210,f_jpg?from=ke.com
20240219,朝阳,双井,101119587333,东三环百环家园 正规一居 看小区花园 满五年商品房,355万,61740元/平,顶层 (共27层) | 2005年 | 1室1厅 | 57.5平米 | 北,https://ke-image.ljcdn.com/110000-inspection/pc1_ao4ZMk6rW_1.jpg!m_fill,w_280,h_210,f_jpg?from=ke.com
20240219,朝阳,双井,101119581742,东三环内双井板块东南北朝向正规三居,849万,72932元/平,中楼层 (共22层) 3室1厅 | 116.41平米 | 东 南 北,https://ke-image.ljcdn.com/110000-inspection/pc1_Y2naAnQWQ_1.jpg!m_fill,w_280,h_210,f_jpg?from=ke.com
20240219,朝阳,双井,101119571511,此房南北通透全天采光无遮挡高层带明卫看花园,2350万,123425元/平,高楼层 (共15层) | 2005年 | 3室2厅 | 190.4平米 | 南 北,https://ke-image.ljcdn.com/110000-inspection/b114e23b-bdcb-448a-b646-1b0ae7f31beb_1000.jpg!m_fill,w_280,h_210,f_jpg?from=ke.com
20240219,朝阳,双井,101119568339,国贸后花园 双花园南里二区小两居双地铁诚意出售,638万,81482元/平,低楼层 (共22层) 2室1厅 | 78.3平米 | 西南,https://ke-image.ljcdn.com/110000-inspection/4a2752a8-39f7-46e8-bb59-c96a737f3182_1000.jpg!m_fill,w_280,h_210,f_jpg?from=ke.com
20240219,朝阳,双井,101119527245,东二环海关总署 板楼南北四居室使用率高 南北双线通透房主自荐,1988万,111286元/平,中楼层 (共10层) | 2008年 | 4室1厅 | 178.64平米 | 南 北,https://ke-image.ljcdn.com/110000-inspection/cab201c1-1834-49aa-9769-7300ad28d8c7_1000.jpg!m_fill,w_280,h_210,f_jpg?from=ke.com
20240219,朝阳,双井,101119515377,A派公寓 东南二居室 户型方正 随时看房,1016万,94821元/平,低楼层 (共16层) | 2008年 | 2室2厅 | 107.15平米 | 东南,https://ke-image.ljcdn.com/110000-inspection/pc1_Pqh6le5in.jpg!m_fill,w_280,h_210,f_jpg?from=ke.com
20240219,朝阳,双井,101119494335,华腾园二期大两居室 户型好 带24小时热水,758万,71917元/平,中楼层 (共24层) | 2003年 | 2室1厅 | 105.4平米 | 东南,https://ke-image.ljcdn.com/110000-inspection/pc1_W0EkvglEX.jpg!m_fill,w_280,h_210,f_jpg?from=ke.com
20240219,朝阳,双井,101119488265,富力城A区 楼层适中 景观房 只有契税,580万,97153元/平,中楼层 (共28层) | 2004年 | 1室0厅 | 59.7平米 | 北,https://ke-image.ljcdn.com/110000-inspection/pc1_vyqb1Oazo_1.jpg!m_fill,w_280,h_210,f_jpg?from=ke.com
20240219,朝阳,双井,101119475980,70年住宅 满五唯一 高层观国贸 有燃气 可看房房主自荐,660万,50440元/平,高楼层 (共21层) 2室1厅 | 130.85平米 | 东北,https://ke-image.ljcdn.com/110000-inspection/pc1_VyudczoUS_1.jpg!m_fill,w_280,h_210,f_jpg?from=ke.com
20240219,朝阳,双井,101119462476,东南双朝向采光通风效果很好安静不临街。,792万,61654元/平,低楼层 (共21层) | 2005年 | 2室1厅 | 128.46平米 | 东 南,https://ke-image.ljcdn.com/110000-inspection/pc1_EVSiM5RhW.jpg!m_fill,w_280,h_210,f_jpg?from=ke.com
20240219,朝阳,双井,101119457625,非常生活东三环双井拐角窗 采光好无遮挡,705万,83829元/平,中楼层 (共23层) | 2004年 | 2室1厅 | 84.1平米 | 西南,https://ke-image.ljcdn.com/110000-inspection/pc1_1CdCU8W3I_1.jpg!m_fill,w_280,h_210,f_jpg?from=ke.com
20240219,朝阳,双井,101119457050,CBD总部公寓一期 二次装修视野好,788万,89536元/平,低楼层 (共9层) | 2004年 | 1室1厅 | 88.01平米 | 西,https://ke-image.ljcdn.com/110000-inspection/pc1_V4K1yFGJX_1.jpg!m_fill,w_280,h_210,f_jpg?from=ke.com
20240219,朝阳,双井,101119447868,双井地铁边精致小一居高层视野好,315万,75450元/平,高楼层 (共23层) | 2004年 | 1室0厅 | 41.75平米 | 北,https://ke-image.ljcdn.com/110000-inspection/pc1_exC9sATnp.jpg!m_fill,w_280,h_210,f_jpg?from=ke.com
20240219,朝阳,双井,101119433824,世桥国贸 板楼南北通透三居户型方正格局合理,1160万,78875元/平,底层 (共12层) | 2003年 | 3室1厅 | 147.07平米 | 南 北,https://ke-image.ljcdn.com/110000-inspection/pc1_zMWA4qgVh_1.jpg!m_fill,w_280,h_210,f_jpg?from=ke.com
20240219,朝阳,双井,101119427832,次顶层三居  博洛尼装修  采光无遮挡  低密度洋房,1530万,110144元/平,高楼层 (共9层) 3室2厅 | 138.91平米 | 南 北,https://ke-image.ljcdn.com/110000-inspection/pc1_pExTHubWz.jpg!m_fill,w_280,h_210,f_jpg?from=ke.com
20240219,朝阳,双井,101119423830,苹果社区 精装开间 层高3米 观国贸 楼龄新,335万,56284元/平,中楼层 (共21层) | 2008年 | 1室0厅 | 59.52平米 | 北,https://ke-image.ljcdn.com/110000-inspection/3b605d46-fd05-491a-9cb1-1a8c933c2a86_1000.jpg!m_fill,w_280,h_210,f_jpg?from=ke.com
20240219,朝阳,双井,101119417855,天之骄子东西通透两居中间层看花园带明卫急售,890万,81301元/平,中楼层 (共20层) | 2006年 | 2室2厅 | 109.47平米 | 东 西,https://ke-image.ljcdn.com/110000-inspection/pc1_FQI4wQAcS_1.jpg!m_fill,w_280,h_210,f_jpg?from=ke.com
20240219,朝阳,双井,101119411921,合生国际花园东向一居二次精装拎包入住。,660万,108073元/平,高楼层 (共18层) 1室1厅 | 61.07平米 | 东,https://ke-image.ljcdn.com/110000-inspection/pc1_OcX0pong2_1.jpg!m_fill,w_280,h_210,f_jpg?from=ke.com
20240219,朝阳,双井,101119388345,龙吟半岛南向两居室满五年唯一户型方正无抵押,1450万,125858元/平,高楼层 (共22层) 2室1厅 | 115.21平米 | 南,https://ke-image.ljcdn.com/110000-inspection/pc1_TdhLIiwOE.jpg!m_fill,w_280,h_210,f_jpg?from=ke.com
20240219,朝阳,双井,101119371922,优选好房！全天采光 精装两居 落地阳台 安静不临铁路,760万,88579元/平,低楼层 (共22层) 2室1厅 | 85.8平米 | 西南,https://ke-image.ljcdn.com/110000-inspection/866d8284-2f9d-4fd7-8bae-ad43add96286_1000.jpg!m_fill,w_280,h_210,f_jpg?from=ke.com
20240219,朝阳,双井,101119362214,世桥国贸 通透两居.满五.在京唯一客厅正观小区花园,950万,81777元/平,低楼层 (共12层) | 2003年 | 2室1厅 | 116.17平米 | 东 西,https://ke-image.ljcdn.com/110000-inspection/pc1_7d2sl42FQ_1.jpg!m_fill,w_280,h_210,f_jpg?from=ke.com
20240219,朝阳,双井,101119360054,主推：D12号楼 中间位置 满5唯1 高层 自住可看,1880万,119313元/平,高楼层 (共22层) | 2006年 | 3室2厅 | 157.57平米 | 南 北,https://ke-image.ljcdn.com/110000-inspection/pc1_1Dbxzhv2N_1.jpg!m_fill,w_280,h_210,f_jpg?from=ke.com
20240219,朝阳,双井,101119356363,双井天之骄子小区全南向大三居看花园不临街！,1390万,88198元/平,低楼层 (共15层) | 2006年 | 3室2厅 | 157.6平米 | 南,https://ke-image.ljcdn.com/110000-inspection/c494439f-bd7c-4b41-b220-bca83e1cf0ef_1000.jpg!m_fill,w_280,h_210,f_jpg?from=ke.com
20240219,朝阳,双井,101119326317,A派公寓 洋房社区 有钥匙可以看房 70年商品房,798万,99527元/平,底层 (共9层) | 2008年 | 2室1厅 | 80.18平米 | 西北,https://ke-image.ljcdn.com/110000-inspection/pc1_zQhsaFrzo_1.jpg!m_fill,w_280,h_210,f_jpg?from=ke.com
20240219,朝阳,双井,101119323526,不临三环大面积大阳台更方正更实用优质一居房主自荐,760万,106057元/平,中楼层 (共28层) 1室1厅 | 71.66平米 | 南,https://ke-image.ljcdn.com/110000-inspection/pc1_4j1vpnEMM.jpg!m_fill,w_280,h_210,f_jpg?from=ke.com
20240219,朝阳,双井,101119320057,双花园南里二区 6层板楼带电梯 南北通透三居 带地下室,1580万,114485元/平,底层 (共6层) 3室1厅 | 138.01平米 | 南 北,https://ke-image.ljcdn.com/110000-inspection/pc1_yadjcHxPk.jpg!m_fill,w_280,h_210,f_jpg?from=ke.com
20240219,朝阳,双井,101119319979,有落地飘窗 中高楼层 视野好 南向采光好无遮挡,868万,90295元/平,中楼层 (共21层) | 2005年 | 2室1厅 | 96.13平米 | 南,https://ke-image.ljcdn.com/110000-inspection/9e762e63-538e-4a0d-9a7e-912dd6695e21_1000.jpg!m_fill,w_280,h_210,f_jpg?from=ke.com
20240219,朝阳,双井,101119303233,首城国际C区南北通透三居室前后看花园,1820万,114416元/平,低楼层 (共28层) | 2011年 | 3室2厅 | 159.07平米 | 北 南,https://ke-image.ljcdn.com/110000-inspection/pc1_GAeKtzU7H.jpg!m_fill,w_280,h_210,f_jpg?from=ke.com
20240219,朝阳,双井,101119299685,富力城D区水系位置南北通透3居室 满5年唯一,1700万,108088元/平,低楼层 (共21层) 3室2厅 | 157.28平米 | 南 北,https://ke-image.ljcdn.com/110000-inspection/pc1_FlTr1Qgqd.jpg!m_fill,w_280,h_210,f_jpg?from=ke.com
20240219,朝阳,双井,101119287482,双井实用三居室精装修南北通透不临街一层有亭台房主自荐,528万,76789元/平,底层 (共6层) | 1979年 | 3室1厅 | 68.76平米 | 南 北,https://ke-image.ljcdn.com/110000-inspection/pc1_pBjNojpIk.jpg!m_fill,w_280,h_210,f_jpg?from=ke.com
20240219,朝阳,双井,101119284598,CBD总部公寓一期中间楼层南北两居,1388万,118633元/平,中楼层 (共12层) | 2004年 | 2室1厅 | 117平米 | 南 北,https://ke-image.ljcdn.com/110000-inspection/pc1_cPGG6X9HE.jpg!m_fill,w_280,h_210,f_jpg?from=ke.com
20240219,朝阳,双井,101119282500,苹果社区 精装带飘窗三居 业主诚意出售,980万,93343元/平,高楼层 (共22层) | 2005年 | 3室1厅 | 104.99平米 | 东 南,https://ke-image.ljcdn.com/110000-inspection/pc1_WcLaIKJfM_1.jpg!m_fill,w_280,h_210,f_jpg?from=ke.com
20240219,朝阳,双井,101119280039,苹果社区 精装开间 观国贸 面宽4米 层高3米 楼龄新,355万,59644元/平,中楼层 (共21层) | 2008年 | 1室0厅 | 59.52平米 | 北,https://ke-image.ljcdn.com/110000-inspection/pc1_b5gFSsMlf_1.jpg!m_fill,w_280,h_210,f_jpg?from=ke.com
20240219,朝阳,双井,101119265359,合生国际 小区中间位置南向三居观花园 不临街,1330万,98018元/平,高楼层 (共22层) 3室2厅 | 135.69平米 | 南,https://ke-image.ljcdn.com/110000-inspection/pc1_vYegTZeYn.jpg!m_fill,w_280,h_210,f_jpg?from=ke.com
20240219,朝阳,双井,101119237714,苹果社区南区 1室1厅 北,529万,86964元/平,中楼层 (共27层) 1室1厅 | 60.83平米 | 北,https://ke-image.ljcdn.com/110000-inspection/pc1_Sy2Q8Bw1F_1.jpg!m_fill,w_280,h_210,f_jpg?from=ke.com
20240219,朝阳,双井,101119225357,富力城D区中间位置 百万装修拎包入住 高楼层全南两居,1485万,132460元/平,顶层 (共22层) | 2005年 | 2室1厅 | 112.11平米 | 南,https://ke-image.ljcdn.com/110000-inspection/pc1_wJhhxAfWs_1.jpg!m_fill,w_280,h_210,f_jpg?from=ke.com
20240219,朝阳,双井,101119215978,观景小区花园不临三环全新精装修拎包入住优质房主自荐,938万,107139元/平,中楼层 (共26层) | 2004年 | 2室1厅 | 87.55平米 | 西北,https://ke-image.ljcdn.com/110000-inspection/pc1_2fMxthUnl_1.jpg!m_fill,w_280,h_210,f_jpg?from=ke.com
20240219,朝阳,双井,101119205452,东环18正规一居保养好小区户数少密度低适合居住,579万,80787元/平,低楼层 (共11层) | 2002年 | 1室1厅 | 71.67平米 | 北,https://ke-image.ljcdn.com/110000-inspection/pc1_Pf064xYDL.jpg!m_fill,w_280,h_210,f_jpg?from=ke.com
20240219,朝阳,双井,101119192749,富力十号 特殊户型 东南北观国贸CBD看整体小区花园,3800万,163822元/平,顶层 (共18层) | 2012年 | 3室1厅 | 231.96平米 | 东南 北,https://ke-image.ljcdn.com/110000-inspection/pc1_ljs24qVYT_1.jpg!m_fill,w_280,h_210,f_jpg?from=ke.com
20240219,朝阳,双井,101119184218,眼镜户型3居2卫 品质精装 乐华梅兰全屋定制,908万,75730元/平,低楼层 (共25层) 3室2厅 | 119.9平米 | 西南,https://ke-image.ljcdn.com/110000-inspection/pc1_836T2Pxz7.jpg!m_fill,w_280,h_210,f_jpg?from=ke.com
20240219,朝阳,双井,101119172313,天之骄子东西双通透三居满五唯一明厨明卫中楼层,1166万,82872元/平,中楼层 (共20层) | 2006年 | 3室2厅 | 140.7平米 | 东 西,https://ke-image.ljcdn.com/110000-inspection/pc1_SyamY2mgV_1.jpg!m_fill,w_280,h_210,f_jpg?from=ke.com
20240219,朝阳,双井,101119169277,双井东院两居室精装修7号线10号线双井,348万,65035元/平,顶层 (共6层) 2室1厅 | 53.51平米 | 南 北,https://ke-image.ljcdn.com/110000-inspection/pc1_mjUchMdYQ.jpg!m_fill,w_280,h_210,f_jpg?from=ke.com
20240219,朝阳,双井,101119163315,时代国际 南北两居 满五年唯一 接地气好房 有钥匙,818万,82928元/平,底层 (共19层) | 2006年 | 2室1厅 | 98.64平米 | 南 北,https://ke-image.ljcdn.com/110000-inspection/pc1_TUXA7NJue.jpg!m_fill,w_280,h_210,f_jpg?from=ke.com
20240219,朝阳,双井,101119121085,乐成国际普宅三居室业主诚意出售满五唯一看房随时,1398万,104236元/平,低楼层 (共13层) | 2006年 | 3室2厅 | 134.12平米 | 东 南 西,https://ke-image.ljcdn.com/110000-inspection/pc1_hHWfQwDlE_1.jpg!m_fill,w_280,h_210,f_jpg?from=ke.com
20240219,朝阳,双井,101119118140,明厨明卫双卫三居观花园不临街满五唯一换房诚售房主自荐,1300万,99305元/平,中楼层 (共27层) 3室1厅 | 130.91平米 | 西南,https://ke-image.ljcdn.com/110000-inspection/pc1_iu6NoHgzG.jpg!m_fill,w_280,h_210,f_jpg?from=ke.com
20240219,朝阳,双井,101119100246,合生国际花园全南三居室 采光好 无遮挡,1379万,101869元/平,低楼层 (共24层) | 2007年 | 3室1厅 | 135.37平米 | 南,https://ke-image.ljcdn.com/110000-inspection/pc1_QCKhyfWSh.jpg!m_fill,w_280,h_210,f_jpg?from=ke.com
20240219,朝阳,双井,101119099513,满五唯一  中间楼层  配套完善,340万,64468元/平,低楼层 (共6层) | 1980年 | 2室1厅 | 52.74平米 | 东 西,https://ke-image.ljcdn.com/110000-inspection/pc1_sntmFlV1F.jpg!m_fill,w_280,h_210,f_jpg?from=ke.com
20240219,朝阳,双井,101119087483,双花园南里 2室1厅 南 北,390万,78519元/平,底层 (共6层) | 1986年 | 2室1厅 | 49.67平米 | 南 北,https://ke-image.ljcdn.com/110000-inspection/pc1_4TYCop10y_1.jpg!m_fill,w_280,h_210,f_jpg?from=ke.com
20240219,朝阳,双井,101119071106,乐成国际 全明格局三居 2梯四户高楼层,1570万,107682元/平,高楼层 (共16层) | 2006年 | 3室1厅 | 145.8平米 | 南 北,https://ke-image.ljcdn.com/110000-inspection/pc1_k84NF7Yov_1.jpg!m_fill,w_280,h_210,f_jpg?from=ke.com
20240219,朝阳,双井,101119070335,时代国际嘉园三室两厅两卫诚意出售,1380万,93193元/平,低楼层 (共12层) | 2006年 | 3室1厅 | 148.08平米 | 南 西 北,https://ke-image.ljcdn.com/110000-inspection/pc1_NTOuwCMuR_1.jpg!m_fill,w_280,h_210,f_jpg?from=ke.com
20240219,朝阳,双井,101119033443,苹果社区南区 不临街观花园交易简单,480万,86831元/平,中楼层 (共21层) | 2005年 | 1室0厅 | 55.28平米 | 北,https://ke-image.ljcdn.com/110000-inspection/pc1_RBFvqVzv3_1.jpg!m_fill,w_280,h_210,f_jpg?from=ke.com
20240219,朝阳,双井,101119021324,东二环+西南两居+安静不临街+双地铁+配套成熟社区房主自荐,690万,64330元/平,顶层 (共18层) 2室2厅 | 107.26平米 | 西南,https://ke-image.ljcdn.com/110000-inspection/b98aef6f-57b1-473c-a5a3-8f196f49b1d4_1000.jpg!m_fill,w_280,h_210,f_jpg?from=ke.com
20240219,朝阳,双井,101118992117,乐成国际百万装修次顶层南北通透,1650万,116674元/平,高楼层 (共12层) | 2006年 | 3室2厅 | 141.42平米 | 南 北,https://ke-image.ljcdn.com/110000-inspection/pc1_NWwXZEtIF_1.jpg!m_fill,w_280,h_210,f_jpg?from=ke.com
20240219,朝阳,双井,101118990063,富力城D区龙吟半岛看花园的四居室,2350万,109537元/平,高楼层 (共22层) | 2005年 | 4室1厅 | 214.54平米 | 西南,https://ke-image.ljcdn.com/110000-inspection/pc1_Nzh4eHstz_1.jpg!m_fill,w_280,h_210,f_jpg?from=ke.com
20240219,朝阳,双井,101118974922,合生国际花园  东西通透大两居二次装修采光好,1030万,97677元/平,中楼层 (共18层) | 2008年 | 2室1厅 | 105.45平米 | 东 西,https://ke-image.ljcdn.com/110000-inspection/pc1_07J6L8081_1.jpg!m_fill,w_280,h_210,f_jpg?from=ke.com
20240219,朝阳,双井,101118969721,乐成国际南北三居室 客厅观花园 双卧朝南房主自荐,1599万,108260元/平,低楼层 (共20层) | 2006年 | 3室1厅 | 147.7平米 | 南 北,https://ke-image.ljcdn.com/110000-inspection/pc1_OU8C6CZdt_1.jpg!m_fill,w_280,h_210,f_jpg?from=ke.com
20240219,朝阳,双井,101118964921,双花园西里南北通透两居满五不唯一看房有钥匙,385万,71376元/平,中楼层 (共6层) 2室1厅 | 53.94平米 | 南 北,https://ke-image.ljcdn.com/110000-inspection/c774d77f-a676-4b38-a36a-148ddb7b5015_1000.jpg!m_fill,w_280,h_210,f_jpg?from=ke.com
20240219,朝阳,双井,101118962761,广渠门双花园西里 1999年房 满五年商品房 全明户型,660万,72345元/平,中楼层 (共7层) | 1999年 | 2室1厅 | 91.23平米 | 东北,https://ke-image.ljcdn.com/110000-inspection/pc1_EADhXYOWv.jpg!m_fill,w_280,h_210,f_jpg?from=ke.com
20240219,朝阳,双井,101118955372,苹果社区南区业主诚意出售看房方便,980万,87618元/平,中楼层 (共27层) 2室1厅 | 111.85平米 | 南,https://ke-image.ljcdn.com/110000-inspection/pc1_tpV7jPOHa.jpg!m_fill,w_280,h_210,f_jpg?from=ke.com
20240219,朝阳,双井,101118936628,A区主打户型通风很好采光很好价格合适优质房主自荐,940万,105654元/平,低楼层 (共26层) 2室1厅 | 88.97平米 | 东南 北,https://ke-image.ljcdn.com/110000-inspection/pc1_OQdrQnGkv_1.jpg!m_fill,w_280,h_210,f_jpg?from=ke.com
20240219,朝阳,双井,101118920163,天之骄子双卫 满五唯一 俯瞰大花园水系 安静不临街,998万,91476元/平,低楼层 (共20层) | 2006年 | 2室2厅 | 109.1平米 | 南 西,https://ke-image.ljcdn.com/110000-inspection/pc1_VD2x2sRMl.jpg!m_fill,w_280,h_210,f_jpg?from=ke.com
20240219,朝阳,双井,101118901732,世桥国贸 中楼层.通透两居客厅正观小区花园,930万,80304元/平,中楼层 (共12层) | 2003年 | 2室1厅 | 115.81平米 | 东 西,https://ke-image.ljcdn.com/110000-inspection/pc1_0GON5zomF_1.jpg!m_fill,w_280,h_210,f_jpg?from=ke.com
20240219,朝阳,双井,101118873764,双井东院 2室1厅 南,460万,74242元/平,中楼层 (共14层) 2室1厅 | 61.96平米 | 南,https://ke-image.ljcdn.com/110000-inspection/pc1_MQ4AHcrSt.jpg!m_fill,w_280,h_210,f_jpg?from=ke.com
20240219,朝阳,双井,101118866757,时代国际嘉园 全南向2居室 满五年唯一 诚意出售房主自荐,870万,79773元/平,顶层 (共21层) 2室1厅 | 109.06平米 | 南,https://ke-image.ljcdn.com/110000-inspection/pc1_QCtOGk8oa.jpg!m_fill,w_280,h_210,f_jpg?from=ke.com
20240219,朝阳,双井,101118805334,双井北里 中间楼层 三居双阳台 满五年唯一房主自荐,515万,58470元/平,中楼层 (共16层) 3室1厅 | 88.08平米 | 西南,https://ke-image.ljcdn.com/110000-inspection/pc1_revw4DXQX_1.jpg!m_fill,w_280,h_210,f_jpg?from=ke.com
20240219,朝阳,双井,101118804189,时代国际~满五年唯一~小户型~格局好~视野棒~近地铁,340万,95533元/平,中楼层 (共12层) 1室0厅 | 35.59平米 | 北,https://ke-image.ljcdn.com/110000-inspection/pc1_Rb9DJoY2f_1.jpg!m_fill,w_280,h_210,f_jpg?from=ke.com
20240219,朝阳,双井,101118801552,苹果社区南区【精装修】【满五年唯一】【双卫两居】,1020万,92745元/平,低楼层 (共27层) 2室1厅 | 109.98平米 | 南,https://ke-image.ljcdn.com/110000-inspection/pc1_I8GzLbzyc.jpg!m_fill,w_280,h_210,f_jpg?from=ke.com
20240219,朝阳,双井,101118773327,富力城B区南北通透两居室 明厨明卫 随时可看,1100万,102165元/平,高楼层 (共12层) | 2004年 | 2室2厅 | 107.67平米 | 南 北,https://ke-image.ljcdn.com/110000-inspection/pc1_mwtQ5wrXv_1.jpg!m_fill,w_280,h_210,f_jpg?from=ke.com
20240219,朝阳,双井,101118772573,富力城2室2卫 眼镜户型 看小区花园 安静不临街,1130万,113363元/平,底层 (共26层) 2室1厅 | 99.68平米 | 南,https://ke-image.ljcdn.com/110000-inspection/pc1_jZaXgpArQ_1.jpg!m_fill,w_280,h_210,f_jpg?from=ke.com
20240219,朝阳,双井,101118769327,东三环双井 百环家园 东南朝向 直通地库 装修保养好,616万,61471元/平,中楼层 (共28层) | 2005年 | 2室1厅 | 100.21平米 | 东南,https://ke-image.ljcdn.com/110000-inspection/pc1_qrlncevJ4.jpg!m_fill,w_280,h_210,f_jpg?from=ke.com
20240219,朝阳,双井,101118766240,西南小三居满五唯一保养好主卧带落地飘窗,960万,91438元/平,中楼层 (共22层) | 2005年 | 3室1厅 | 104.99平米 | 西南,https://ke-image.ljcdn.com/110000-inspection/pc1_O60AnF4Ez.jpg!m_fill,w_280,h_210,f_jpg?from=ke.com
20240219,朝阳,双井,101118754748,急  采光好富力城D区 五年唯一2居2卫7号广渠门外,1298万,120286元/平,低楼层 (共14层) | 2008年 | 2室2厅 | 107.91平米 | 南,https://ke-image.ljcdn.com/110000-inspection/pc1_xaUYIue3R.jpg!m_fill,w_280,h_210,f_jpg?from=ke.com
20240219,朝阳,双井,101118738921,富力城D区 带明卫方正两居  卧室独立进门带玄关,1380万,127225元/平,低楼层 (共20层) 2室1厅 | 108.47平米 | 西南,https://ke-image.ljcdn.com/110000-inspection/pc1_5MpQkHDVh_1.jpg!m_fill,w_280,h_210,f_jpg?from=ke.com
20240219,朝阳,双井,101118732089,国贸  精装小户型  正看花园  配套完善  交通便利,570万,95478元/平,高楼层 (共28层) | 2004年 | 1室0厅 | 59.7平米 | 北,https://ke-image.ljcdn.com/110000-inspection/pc1_w2MgIC6Pg.jpg!m_fill,w_280,h_210,f_jpg?from=ke.com
20240219,朝阳,双井,101118720408,本房是富力城A区西南北两居室中高楼层视野开阔,1080万,119456元/平,中楼层 (共26层) | 2004年 | 2室1厅 | 90.41平米 | 西南 北,https://ke-image.ljcdn.com/110000-inspection/pc1_t0iVqoAFw_1.jpg!m_fill,w_280,h_210,f_jpg?from=ke.com
20240219,朝阳,双井,101118715470,东三环双井 苹果社区 南向两居带飘窗 中间层采光好,895万,93171元/平,中楼层 (共22层) | 2005年 | 2室1厅 | 96.06平米 | 南,https://ke-image.ljcdn.com/110000-inspection/pc1_KyfX5BYe8.jpg!m_fill,w_280,h_210,f_jpg?from=ke.com
20240219,朝阳,双井,101118709656,苹果社区北区 住宅 南向 高层无遮挡房主自荐,355万,52500元/平,高楼层 (共21层) | 2008年 | 1室0厅 | 67.62平米 | 南,https://ke-image.ljcdn.com/110000-inspection/4f1e5f30-57cb-4ed0-a768-a9ef39158b43_1000.jpg!m_fill,w_280,h_210,f_jpg?from=ke.com
20240219,朝阳,双井,101118691066,合生国际花园 双卫两居 两年前全新装修房主自荐,1050万,102131元/平,顶层 (共18层) | 2008年 | 2室1厅 | 102.81平米 | 西南,https://ke-image.ljcdn.com/110000-inspection/pc1_5IAZSRCfD.jpg!m_fill,w_280,h_210,f_jpg?from=ke.com
20240219,朝阳,双井,101118688227,双花园西里 2室1厅 西南,399万,75156元/平,低楼层 (共6层) | 1988年 | 2室1厅 | 53.09平米 | 西南,https://ke-image.ljcdn.com/110000-inspection/pc1_bk0PUVfLs.jpg!m_fill,w_280,h_210,f_jpg?from=ke.com
20240219,朝阳,双井,101118685289,双井南北三居室户型方正无浪费电梯楼高楼层视野好,558万,71898元/平,中楼层 (共14层) 3室1厅 | 77.61平米 | 南 北,https://ke-image.ljcdn.com/110000-inspection/pc1_YfjiZ9GUc.jpg!m_fill,w_280,h_210,f_jpg?from=ke.com
20240219,朝阳,双井,101118679772,东三环双井 苹果社区南区开间 高楼层 视野好 诚意出售,428万,77467元/平,中楼层 (共22层) | 2005年 | 1室0厅 | 55.25平米 | 北,https://ke-image.ljcdn.com/110000-inspection/pc1_58qyXf6Aw_1.jpg!m_fill,w_280,h_210,f_jpg?from=ke.com
20240219,朝阳,双井,101118669089,富力城A区精美观景一居 安静不临街 地铁通勤 看房方便,580万,90981元/平,低楼层 (共28层) | 2004年 | 1室1厅 | 63.75平米 | 北,https://ke-image.ljcdn.com/110000-inspection/pc1_TUJxcItyU_1.jpg!m_fill,w_280,h_210,f_jpg?from=ke.com
20240219,朝阳,双井,101118639166,此房满五唯一中高楼层视野好户型方正采光充足。,908万,94456元/平,中楼层 (共21层) | 2005年 | 2室1厅 | 96.13平米 | 南,https://ke-image.ljcdn.com/110000-inspection/pc1_fmzpTcp0O.jpg!m_fill,w_280,h_210,f_jpg?from=ke.com
20240219,朝阳,双井,101118614138,双花园南里 国贸边 配套设施完善 刚需两居室,288万,57497元/平,顶层 (共6层) | 1980年 | 2室1厅 | 50.09平米 | 东 西,https://ke-image.ljcdn.com/110000-inspection/pc1_8hl2rNX7D_1.jpg!m_fill,w_280,h_210,f_jpg?from=ke.com
20240219,朝阳,双井,101118612331,国贸双井满五年唯一不临街东向一居室视野好,439万,68680元/平,高楼层 (共23层) | 2004年 | 1室1厅 | 63.92平米 | 东,https://ke-image.ljcdn.com/110000-inspection/pc1_sHx53a7Ic_1.jpg!m_fill,w_280,h_210,f_jpg?from=ke.com
20240219,朝阳,双井,101118605467,正规一居户型方正格局设计合理。,428万,86273元/平,中楼层 (共27层) | 2005年 | 1室1厅 | 49.61平米 | 北,https://ke-image.ljcdn.com/110000-inspection/pc1_eHrdkfj0V_1.jpg!m_fill,w_280,h_210,f_jpg?from=ke.com
20240219,朝阳,双井,101118591822,时代国际嘉园双井地铁10号线,330万,92723元/平,中楼层 (共12层) 1室1厅 | 35.59平米 | 北,https://ke-image.ljcdn.com/110000-inspection/pc1_y0SYpH4U3.jpg!m_fill,w_280,h_210,f_jpg?from=ke.com
20240219,朝阳,双井,101118578740,高楼层 看国贸 视野好 可以多贷款,860万,91286元/平,高楼层 (共21层) | 2005年 | 2室1厅 | 94.21平米 | 西北,https://ke-image.ljcdn.com/110000-inspection/pc1_CrFWUzt35_1.jpg!m_fill,w_280,h_210,f_jpg?from=ke.com
20240219,朝阳,双井,101118564804,东二环边3居室3面采光无遮挡方便看房,550万,74164元/平,中楼层 (共7层) 3室1厅 | 74.16平米 | 东 南 西,https://ke-image.ljcdn.com/110000-inspection/pc1_AUJdg0tRb.jpg!m_fill,w_280,h_210,f_jpg?from=ke.com
20240219,朝阳,双井,101118541574,此房满五年户型方正无浪费面积业主诚意出售,545万,79948元/平,低楼层 (共11层) | 2002年 | 1室1厅 | 68.17平米 | 北,https://ke-image.ljcdn.com/110000-inspection/pc1_MdoXdFoIQ.jpg!m_fill,w_280,h_210,f_jpg?from=ke.com
20240219,朝阳,双井,101118504142,双井苹果社区南区西南三居中间楼层 四万平大花园,960万,91438元/平,中楼层 (共22层) | 2005年 | 3室1厅 | 104.99平米 | 西南,https://ke-image.ljcdn.com/110000-inspection/pc1_FEt9dSwcc.jpg!m_fill,w_280,h_210,f_jpg?from=ke.com
20240219,朝阳,双井,101118483908,合生国际花园 南北通透2+1户型南观花园北观国贸景观,1050万,105000元/平,低楼层 (共18层) | 2008年 | 2室1厅 | 100平米 | 南 北,https://ke-image.ljcdn.com/110000-inspection/pc1_WaREYycGD.jpg!m_fill,w_280,h_210,f_jpg?from=ke.com
20240219,朝阳,双井,101118479569,国贸边上  配套设施完善  刚需两居室,273万,47770元/平,顶层 (共6层) | 1983年 | 2室1厅 | 57.15平米 | 东 西,https://ke-image.ljcdn.com/110000-inspection/pc1_b5HVBN5Ug.jpg!m_fill,w_280,h_210,f_jpg?from=ke.com
20240219,朝阳,双井,101118428456,东三环双井地铁口800米南向一居业主诚意出售,298万,67666元/平,中楼层 (共6层) | 1993年 | 1室1厅 | 44.04平米 | 南,https://ke-image.ljcdn.com/110000-inspection/pc1_kXW0vgdvw_1.jpg!m_fill,w_280,h_210,f_jpg?from=ke.com
20240219,朝阳,双井,101118420361,满五唯一 4万平米园林绿化 人车分流 高层无遮挡采光好,860万,89593元/平,中楼层 (共23层) | 2005年 | 2室1厅 | 95.99平米 | 南,https://ke-image.ljcdn.com/110000-inspection/pc1_G0p2rpcOL_1.jpg!m_fill,w_280,h_210,f_jpg?from=ke.com
20240219,朝阳,双井,101118392261,富力城三期龙吟半岛西南北四居室,3480万,126220元/平,中楼层 (共17层) | 2006年 | 4室2厅 | 275.71平米 | 西南 北,https://ke-image.ljcdn.com/110000-inspection/pc1_l9HEVZEes.jpg!m_fill,w_280,h_210,f_jpg?from=ke.com
20240219,朝阳,双井,101118388673,乐成国际南向两居室满五唯一金地物业诚意出售,1138万,104510元/平,低楼层 (共20层) | 2006年 | 2室1厅 | 108.89平米 | 南,https://ke-image.ljcdn.com/110000-inspection/pc1_P6mrHrC3d_1.jpg!m_fill,w_280,h_210,f_jpg?from=ke.com
20240219,朝阳,双井,101118388620,双井  看花园  三个阳台精装修大两居室  商品房可贷款,590万,52778元/平,低楼层 (共28层) | 2005年 | 2室1厅 | 111.79平米 | 东北,https://ke-image.ljcdn.com/110000-inspection/pc1_3qP31u6i4_1.jpg!m_fill,w_280,h_210,f_jpg?from=ke.com
20240219,朝阳,双井,101118385576,东二环边  海关总央产房    管理好,558万,68091元/平,顶层 (共6层) | 1997年 | 2室1厅 | 81.95平米 | 东 西,https://ke-image.ljcdn.com/110000-inspection/pc1_FAZkULGYX_1.jpg!m_fill,w_280,h_210,f_jpg?from=ke.com
20240219,朝阳,双井,101118381188,40万精装修 南区正规两居 地暖 观景 观国贸 拎包入住,928万,98577元/平,中楼层 (共22层) | 2005年 | 2室1厅 | 94.14平米 | 西北,https://ke-image.ljcdn.com/110000-inspection/pc1_5GKwIWrI5_2.jpg!m_fill,w_280,h_210,f_jpg?from=ke.com
20240219,朝阳,双井,101118380434,世桥国贸 板楼两居 1梯2户 明厨明卫 精致园林 近国贸,1040万,88129元/平,中楼层 (共12层) 2室1厅 | 118.01平米 | 东 西,https://ke-image.ljcdn.com/110000-inspection/pc1_zLl3YXVqB_1.jpg!m_fill,w_280,h_210,f_jpg?from=ke.com
20240219,朝阳,双井,101118376512,合生国际花园东向一居室正对小区花园超安静,628万,103002元/平,低楼层 (共18层) | 2008年 | 1室1厅 | 60.97平米 | 东,https://ke-image.ljcdn.com/110000-inspection/pc1_L8uegsPrI.jpg!m_fill,w_280,h_210,f_jpg?from=ke.com
20240219,朝阳,双井,101118363570,双花园南里南北通透二居室安静的小区,360万,63114元/平,底层 (共6层) | 1989年 | 2室1厅 | 57.04平米 | 南 北,https://ke-image.ljcdn.com/110000-inspection/pc1_ipr4zgsJN.jpg!m_fill,w_280,h_210,f_jpg?from=ke.com
20240219,朝阳,双井,101118352228,合生国际花园 东南观花园两居双卫不临街 采光好,1020万,102246元/平,中楼层 (共18层) | 2008年 | 2室1厅 | 99.76平米 | 东南,https://ke-image.ljcdn.com/110000-inspection/pc1_zADaR2HQh.jpg!m_fill,w_280,h_210,f_jpg?from=ke.com
20240219,朝阳,双井,101118336447,富力城D区 三阳开泰户型 三室三卫 不临街 百米楼间距,2500万,133769元/平,高楼层 (共15层) | 2005年 | 3室2厅 | 186.89平米 | 南 北,https://ke-image.ljcdn.com/110000-inspection/pc1_I959hxgxN.jpg!m_fill,w_280,h_210,f_jpg?from=ke.com
20240219,朝阳,双井,101118329853,新上 华腾园 二期大三居 满五唯一 有24小时热水,908万,69261元/平,中楼层 (共28层) | 2002年 | 3室2厅 | 131.1平米 | 北 东南,https://ke-image.ljcdn.com/110000-inspection/9633ebce-4413-4a59-83ed-4a711a8c7aa5_1000.jpg!m_fill,w_280,h_210,f_jpg?from=ke.com
20240219,朝阳,双井,101118329232,CBD国贸高层观花园一居室满五年唯一近地铁,530万,87953元/平,中楼层 (共22层) | 2005年 | 1室1厅 | 60.26平米 | 北,https://ke-image.ljcdn.com/110000-inspection/pc1_ib10OLQzX.jpg!m_fill,w_280,h_210,f_jpg?from=ke.com
20240219,朝阳,双井,101118323471,时代国际嘉园 2室1厅 南,1050万,106319元/平,高楼层 (共19层) 2室1厅 | 98.76平米 | 南,https://ke-image.ljcdn.com/110000-inspection/pc1_gwjFDcpCH.jpg!m_fill,w_280,h_210,f_jpg?from=ke.com
20240219,朝阳,双井,101118321859,天之骄子中楼层南向看花园双卫两居满五唯一,999万,94728元/平,中楼层 (共22层) | 2006年 | 2室1厅 | 105.46平米 | 南,https://ke-image.ljcdn.com/110000-inspection/pc1_R22490JU6.jpg!m_fill,w_280,h_210,f_jpg?from=ke.com
20240219,朝阳,双井,101118320077,乐成国际   满五年唯一 东南户型  2梯2户 周期可谈,1179万,103631元/平,顶层 (共20层) | 2006年 | 2室1厅 | 113.77平米 | 东南,https://ke-image.ljcdn.com/110000-inspection/pc1_tv1kODBzA.jpg!m_fill,w_280,h_210,f_jpg?from=ke.com
20240219,朝阳,双井,101118304533,富力城A区  景观三居室  满五唯一  给换房周期,1330万,108439元/平,低楼层 (共26层) 3室1厅 | 122.65平米 | 西南,https://ke-image.ljcdn.com/110000-inspection/4c94dd3f-5814-4e2c-814e-728cc4a44144_1000.jpg!m_fill,w_280,h_210,f_jpg?from=ke.com
20240219,朝阳,双井,101118284944,CBD总部公寓二期 满五年唯一 诚意出售 随时可以签约,423万,95615元/平,中楼层 (共14层) | 2005年 | 1室0厅 | 44.24平米 | 西,https://ke-image.ljcdn.com/110000-inspection/pc1_aHKh60bBx_1.jpg!m_fill,w_280,h_210,f_jpg?from=ke.com
20240219,朝阳,双井,101118284864,海关家属+南北通透三居+有10平地下室+得房率90% 以上,930万,84110元/平,高楼层 (共6层) 3室1厅 | 110.57平米 | 南 北,https://ke-image.ljcdn.com/110000-inspection/pc1_7wFiwepZQ.jpg!m_fill,w_280,h_210,f_jpg?from=ke.com
20240219,朝阳,双井,101118283233,满五年  一手业主 二次装修 高楼层采光好看房方便,329万,77140元/平,中楼层 (共18层) | 1991年 | 1室0厅 | 42.65平米 | 南,https://ke-image.ljcdn.com/110000-inspection/pc1_cmagQ0KK2_1.jpg!m_fill,w_280,h_210,f_jpg?from=ke.com
20240219,朝阳,双井,101118275321,双井国贸 怡馨园  正规大两居  双地铁  配套齐全,789万,83404元/平,低楼层 (共24层) 2室1厅 | 94.6平米 | 东,https://ke-image.ljcdn.com/110000-inspection/pc1_Klxek1AfE.jpg!m_fill,w_280,h_210,f_jpg?from=ke.com
20240219,朝阳,双井,101118271800,苹果南区 方正两居 观花园 满五唯一 随时看房诚心出售房主自荐,825万,87636元/平,低楼层 (共22层) 2室1厅 | 94.14平米 | 西北,https://ke-image.ljcdn.com/110000-inspection/pc1_shZfXGqyC.jpg!m_fill,w_280,h_210,f_jpg?from=ke.com
20240219,朝阳,双井,101118268269,非常生活满五唯一业主诚意出售,498万,72164元/平,顶层 (共23层) | 2004年 | 1室1厅 | 69.01平米 | 西 北,https://ke-image.ljcdn.com/110000-inspection/pc1_LSq2ub2oy.jpg!m_fill,w_280,h_210,f_jpg?from=ke.com
20240219,朝阳,双井,101118263094,双井 东三环 中间层东向两居室 交通便利,329万,62799元/平,中楼层 (共6层) 2室1厅 | 52.39平米 | 东 西,https://ke-image.ljcdn.com/110000-inspection/5b1a4399-24cb-4e9f-9875-608416ba8b6e_1000.jpg!m_fill,w_280,h_210,f_jpg?from=ke.com
20240219,朝阳,双井,101118219786,乐成国际 东南三居室 百万装修 业主诚意卖 看房方便,1449万,105782元/平,低楼层 (共12层) | 2006年 | 3室1厅 | 136.98平米 | 东 南,https://ke-image.ljcdn.com/110000-inspection/pc1_sm29Wt479.jpg!m_fill,w_280,h_210,f_jpg?from=ke.com
20240219,朝阳,双井,101118209981,东三环 高层南向一居室 满五年 稳定签约房主自荐,299万,70553元/平,高楼层 (共18层) | 1991年 | 1室1厅 | 42.38平米 | 南,https://ke-image.ljcdn.com/110000-inspection/d8903c88-d6f2-4705-b1e5-01079be680e5_1000.jpg!m_fill,w_280,h_210,f_jpg?from=ke.com
20240219,朝阳,双井,101118187928,富力城D区南北通透明厨明卫景观四居室,2450万,117130元/平,中楼层 (共21层) | 2006年 | 4室2厅 | 209.17平米 | 南 北,https://ke-image.ljcdn.com/110000-inspection/51e27584-0661-4d10-a2c1-1994234b360e_1000.jpg!m_fill,w_280,h_210,f_jpg?from=ke.com
20240219,朝阳,双井,101118187129,富力城A区看花园两居 高楼层视野好 安静不临街,946万,109339元/平,中楼层 (共26层) | 2004年 | 2室2厅 | 86.52平米 | 东北,https://ke-image.ljcdn.com/110000-inspection/c53ebf37-4538-48f4-a8ed-fea62cc6237a_1000.jpg!m_fill,w_280,h_210,f_jpg?from=ke.com
20240219,朝阳,双井,101118181845,乐成国际 南北三居室 边户 全明格局 只有契税 装修好,1566万,104019元/平,低楼层 (共17层) | 2006年 | 3室1厅 | 150.55平米 | 南 北,https://ke-image.ljcdn.com/110000-inspection/pc1_aHnIWCJE2_1.jpg!m_fill,w_280,h_210,f_jpg?from=ke.com
20240219,朝阳,双井,101118180611,挑高3.6米南北通透三居室人车分流一梯两户房主自荐,1246万,74701元/平,低楼层 (共14层) | 2002年 | 3室2厅 | 166.8平米 | 南 北,https://ke-image.ljcdn.com/110000-inspection/pc1_fwNxST1PB.jpg!m_fill,w_280,h_210,f_jpg?from=ke.com
20240219,朝阳,双井,101118149844,世桥国贸 南北两居 明卫精装修小区美景尽收眼底,1020万,83972元/平,低楼层 (共22层) 2室1厅 | 121.47平米 | 南 北,https://ke-image.ljcdn.com/110000-inspection/adda3db6-8f8b-4f37-b5c3-8a1cc143f2cd_1000.jpg!m_fill,w_280,h_210,f_jpg?from=ke.com
20240219,朝阳,双井,101118149182,户型方正格局无浪费小三居户型实用性强,970万,92329元/平,中楼层 (共21层) 3室1厅 | 105.06平米 | 西南,https://ke-image.ljcdn.com/110000-inspection/pc1_6if1UkINC.jpg!m_fill,w_280,h_210,f_jpg?from=ke.com
20240219,朝阳,双井,101118137598,富力城D区 南北大三居 中间位置 前后花园 三面朝南,2650万,111782元/平,低楼层 (共17层) | 2006年 | 3室2厅 | 237.07平米 | 南 北,https://ke-image.ljcdn.com/110000-inspection/pc1_5ZDK9lAUN.jpg!m_fill,w_280,h_210,f_jpg?from=ke.com
20240219,朝阳,双井,101118111980,高层南向两居挑高3米婚房装修满五年唯一,870万,90569元/平,顶层 (共22层) | 2005年 | 2室1厅 | 96.06平米 | 南,https://ke-image.ljcdn.com/110000-inspection/06234460-a3d2-46d7-a9a5-276440deaecc_1000.jpg!m_fill,w_280,h_210,f_jpg?from=ke.com
20240219,朝阳,双井,101118090718,苹果社区南区 满五唯一 全明户型 采光足 观花园,1399万,86551元/平,低楼层 (共27层) | 2005年 | 3室1厅 | 161.64平米 | 南 北,https://ke-image.ljcdn.com/110000-inspection/pc1_PuBPKmbOm.jpg!m_fill,w_280,h_210,f_jpg?from=ke.com
20240219,朝阳,双井,101118083793,双花园南里一区东西通透满五唯一小区管理好,600万,73127元/平,底层 (共6层) | 1997年 | 2室1厅 | 82.05平米 | 东 西,https://ke-image.ljcdn.com/110000-inspection/pc1_sT6TmOA0L.jpg!m_fill,w_280,h_210,f_jpg?from=ke.com
20240219,朝阳,双井,101118065896,不临街看花园双卫两居户型精致很少出房,1150万,135025元/平,低楼层 (共16层) 2室1厅 | 85.17平米 | 西北,https://ke-image.ljcdn.com/110000-inspection/pc1_5s1tt7K9C.jpg!m_fill,w_280,h_210,f_jpg?from=ke.com
20240219,朝阳,双井,101118053688,南北通透一梯两户的洋房次顶层满五唯一只有契税,1678万,120555元/平,高楼层 (共9层) | 2007年 | 3室2厅 | 139.19平米 | 南 北,https://ke-image.ljcdn.com/110000-inspection/pc1_oYQ9AhWvl.jpg!m_fill,w_280,h_210,f_jpg?from=ke.com
20240219,朝阳,双井,101118020740,东二环/大两居室/满五唯一/全明格局安静不临街/随签,610万,57288元/平,中楼层 (共18层) | 2000年 | 2室1厅 | 106.48平米 | 北,https://ke-image.ljcdn.com/110000-inspection/pc1_M3iHgoZKX_1.jpg!m_fill,w_280,h_210,f_jpg?from=ke.com
20240219,朝阳,双井,101118016225,视野开阔满五年唯一配套齐全交通出行方便,405万,69007元/平,低楼层 (共18层) | 1991年 | 2室1厅 | 58.69平米 | 南,https://ke-image.ljcdn.com/110000-inspection/pc1_AFLf1UM1p_1.jpg!m_fill,w_280,h_210,f_jpg?from=ke.com
20240219,朝阳,双井,101117991997,双花园西里南北通透两居满五年不唯一央产房,388万,65563元/平,顶层 (共7层) | 1997年 | 2室1厅 | 59.18平米 | 南 北,https://ke-image.ljcdn.com/110000-inspection/pc1_il9g9W13Q_1.jpg!m_fill,w_280,h_210,f_jpg?from=ke.com
20240219,朝阳,双井,101117969541,正规一室一厅诚意出售无浪费面积,418万,84258元/平,中楼层 (共27层) | 2005年 | 1室1厅 | 49.61平米 | 北,https://ke-image.ljcdn.com/110000-inspection/pc1_wRl1TIXG7_1.jpg!m_fill,w_280,h_210,f_jpg?from=ke.com
20240219,朝阳,双井,101117939860,富力城D区高层看花园一居 满五唯一诚意出售,660万,99323元/平,高楼层 (共14层) | 2007年 | 1室1厅 | 66.45平米 | 北,https://ke-image.ljcdn.com/110000-inspection/pc1_GYh8sBXDA.jpg!m_fill,w_280,h_210,f_jpg?from=ke.com
20240219,朝阳,双井,101117937090,富力城三期 方正全南三居 满五唯一 没有抵押诚意出售,1799万,122841元/平,高楼层 (共15层) | 2005年 | 3室2厅 | 146.45平米 | 南,https://ke-image.ljcdn.com/110000-inspection/pc1_zkb2HuoHR.jpg!m_fill,w_280,h_210,f_jpg?from=ke.com
20240219,朝阳,双井,101117934405,乐成国际高层大天台南北通透两居室,1100万,106332元/平,顶层 (共12层) | 2006年 | 2室1厅 | 103.45平米 | 南 北,https://ke-image.ljcdn.com/110000-inspection/pc1_hR4FXFNkp.jpg!m_fill,w_280,h_210,f_jpg?from=ke.com
20240219,朝阳,双井,101117930418,双花园南里一区正规的2居室高楼层视野好,730万,59979元/平,高楼层 (共22层) | 2000年 | 2室2厅 | 121.71平米 | 西,https://ke-image.ljcdn.com/110000-inspection/ad400928-cf4c-49db-8a9c-977807ca2be9_1000.jpg!m_fill,w_280,h_210,f_jpg?from=ke.com
20240219,朝阳,双井,101117924536,报价调整 首套贷款461万只有契税 诚心出售 看房随时,708万,75208元/平,低楼层 (共21层) 2室1厅 | 94.14平米 | 西北,https://ke-image.ljcdn.com/110000-inspection/pc1_wRIefhPt3.jpg!m_fill,w_280,h_210,f_jpg?from=ke.com
20240219,朝阳,双井,101117920402,富力城E区 正规一居室 业主二次装修 可拎包入住,880万,93419元/平,低楼层 (共18层) | 2007年 | 1室1厅 | 94.2平米 | 北,https://ke-image.ljcdn.com/110000-inspection/pc1_BneTrUxAo.jpg!m_fill,w_280,h_210,f_jpg?from=ke.com
20240219,朝阳,双井,101117881065,价格合适优质三居采光充足没有遮挡房主自荐,1400万,106013元/平,低楼层 (共28层) 3室2厅 | 132.06平米 | 东南,https://ke-image.ljcdn.com/110000-inspection/pc1_SWLw0Cu7U.jpg!m_fill,w_280,h_210,f_jpg?from=ke.com
20240219,朝阳,双井,101117848734,此房满五唯一不临街观花园重新装修诚意出售,470万,85022元/平,中楼层 (共21层) | 2005年 | 1室0厅 | 55.28平米 | 北,https://ke-image.ljcdn.com/110000-inspection/pc1_zt9TDKrvU.jpg!m_fill,w_280,h_210,f_jpg?from=ke.com
20240219,朝阳,双井,101117837259,双花园西里 全国政协宿舍 东向2居 安静小区 1994年房,440万,66446元/平,底层 (共6层) 2室1厅 | 66.22平米 | 东,https://ke-image.ljcdn.com/110000-inspection/pc1_p8tSpx528.jpg!m_fill,w_280,h_210,f_jpg?from=ke.com
20240219,朝阳,双井,101117825619,苹果南区 中间楼栋 正对小区花园 平层观景 看房方便,525万,87137元/平,低楼层 (共22层) | 2005年 | 1室1厅 | 60.25平米 | 北,https://ke-image.ljcdn.com/110000-inspection/pc1_fzzCp2tWf_1.jpg!m_fill,w_280,h_210,f_jpg?from=ke.com
20240219,朝阳,双井,101117792697,天之骄子双卫两居室高楼层满五年唯一,938万,95181元/平,顶层 (共15层) 2室1厅 | 98.55平米 | 南,https://ke-image.ljcdn.com/110000-inspection/pc1_JNrgeEA9E.jpg!m_fill,w_280,h_210,f_jpg?from=ke.com
20240219,朝阳,双井,101117772424,苹果社区南区  经典小三居 户型方正 诚意出售 采光好,963万,91724元/平,低楼层 (共22层) 3室1厅 | 104.99平米 | 西南,https://ke-image.ljcdn.com/110000-inspection/pc1_3YomHyaOo.jpg!m_fill,w_280,h_210,f_jpg?from=ke.com
20240219,朝阳,双井,101117755508,国贸 双井  富力城 全明格局一居室,665万,100865元/平,低楼层 (共28层) | 2004年 | 1室1厅 | 65.93平米 | 西北,https://ke-image.ljcdn.com/110000-inspection/pc1_lCx0MJtt5.jpg!m_fill,w_280,h_210,f_jpg?from=ke.com
20240219,朝阳,双井,101117719526,天之骄子+少有能贷款+满五唯一+全明格局低楼层+诚心卖,880万,89295元/平,低楼层 (共15层) 2室1厅 | 98.55平米 | 南,https://ke-image.ljcdn.com/110000-inspection/pc1_r5TAXa70q.jpg!m_fill,w_280,h_210,f_jpg?from=ke.com
20240219,朝阳,双井,101117715365,挑高3m 落地窗温馨舒适开间 CBD商圈 位置好 诚意出售,340万,61886元/平,中楼层 (共21层) | 2008年 | 1室0厅 | 54.94平米 | 北,https://ke-image.ljcdn.com/110000-inspection/pc1_MtzCOnw0s.jpg!m_fill,w_280,h_210,f_jpg?from=ke.com
20240219,朝阳,双井,101117696056,苹果社区一居 正观国贸 视野开阔 景色好,350万,48524元/平,中楼层 (共20层) | 2008年 | 1室1厅 | 72.13平米 | 北,https://ke-image.ljcdn.com/110000-inspection/pc1_XRfHAz6xH.jpg!m_fill,w_280,h_210,f_jpg?from=ke.com
20240219,朝阳,双井,101117668525,苹果南区南北两居室带飘窗满五唯一 诚意出售,938万,96334元/平,中楼层 (共21层) | 2005年 | 2室1厅 | 97.37平米 | 南 北,https://ke-image.ljcdn.com/110000-inspection/pc1_PjByN9emB.jpg!m_fill,w_280,h_210,f_jpg?from=ke.com
20240219,朝阳,双井,101117653006,二环边带电梯南向一居室  无遮挡装修好 拎包入住,320万,72415元/平,高楼层 (共18层) 1室1厅 | 44.19平米 | 南,https://ke-image.ljcdn.com/110000-inspection/pc1_lgbgHXg8d.jpg!m_fill,w_280,h_210,f_jpg?from=ke.com
20240219,朝阳,双井,101117558703,富力十号客厅南向南北通透三居室,3907万,169959元/平,高楼层 (共18层) | 2012年 | 3室1厅 | 229.88平米 | 南 北,https://ke-image.ljcdn.com/110000-inspection/pc1_MZ3HNrrhP_1.jpg!m_fill,w_280,h_210,f_jpg?from=ke.com
20240219,朝阳,双井,101117554738,合生国际花园南向朝花园明亮方正两居室,1020万,104594元/平,低楼层 (共24层) 2室1厅 | 97.52平米 | 东南,https://ke-image.ljcdn.com/110000-inspection/pc1_nygupUndT.jpg!m_fill,w_280,h_210,f_jpg?from=ke.com
20240219,朝阳,双井,101117411117,富力城A区 高层观景两居 正对小区花园,1080万,112325元/平,高楼层 (共28层) 2室1厅 | 96.15平米 | 东北,https://ke-image.ljcdn.com/110000-inspection/pc1_LozhaiIFK.jpg!m_fill,w_280,h_210,f_jpg?from=ke.com
20240219,朝阳,双井,101117370461,樱花半岛 户型方正 随时签约 安静舒适房主自荐,1399万,115192元/平,低楼层 (共25层) | 2005年 | 2室1厅 | 121.45平米 | 南,https://ke-image.ljcdn.com/110000-inspection/dee758aa-7322-483e-81c1-0806084fa191_1000.jpg!m_fill,w_280,h_210,f_jpg?from=ke.com
20240219,朝阳,双井,101117320336,地铁10号线双井站全南两居明厨明卫满五唯一,409万,68292元/平,中楼层 (共6层) | 1992年 | 2室1厅 | 59.89平米 | 南,https://ke-image.ljcdn.com/110000-inspection/pc1_ZLv9Hc9Fe.jpg!m_fill,w_280,h_210,f_jpg?from=ke.com
20240219,朝阳,双井,101117307245,东南西朝向3居室满五唯一采光充足,650万,61694元/平,高楼层 (共7层) 3室1厅 | 105.36平米 | 东 南 西,https://ke-image.ljcdn.com/110000-inspection/pc1_CcgXLy5OG.jpg!m_fill,w_280,h_210,f_jpg?from=ke.com
20240219,朝阳,双井,101117301993,时代国际嘉园7号线10号线双井国贸,359万,88229元/平,中楼层 (共21层) 1室0厅 | 40.69平米 | 北,https://ke-image.ljcdn.com/110000-inspection/pc1_bsd1UffGI.jpg!m_fill,w_280,h_210,f_jpg?from=ke.com
20240219,朝阳,双井,101117246955,苹果社区南区南北通透两居室满五唯一净挑高2.9米,938万,96403元/平,顶层 (共22层) | 2005年 | 2室1厅 | 97.3平米 | 南 北,https://ke-image.ljcdn.com/110000-inspection/pc1_L6PBYnGzg.jpg!m_fill,w_280,h_210,f_jpg?from=ke.com
20240219,朝阳,双井,101117165296,富力城A区西南三居室270度观景带大阳台满五唯一,1590万,111244元/平,高楼层 (共26层) 3室2厅 | 142.93平米 | 西南,https://ke-image.ljcdn.com/110000-inspection/pc1_VyosDL4E7.jpg!m_fill,w_280,h_210,f_jpg?from=ke.com
20240219,朝阳,双井,101117135778,东三环双井  4米面宽  正规一居 诚意出售,435万,68623元/平,低楼层 (共27层) | 2005年 | 1室1厅 | 63.39平米 | 北,https://ke-image.ljcdn.com/110000-inspection/pc1_UnfHFcJc4_1.jpg!m_fill,w_280,h_210,f_jpg?from=ke.com
20240219,朝阳,双井,101117121857,新上房源  东二环外 高楼层 大阳台 西向无遮挡,730万,60356元/平,顶层 (共22层) 2室1厅 | 120.95平米 | 西,https://ke-image.ljcdn.com/110000-inspection/pc1_42NPdHAPA.jpg!m_fill,w_280,h_210,f_jpg?from=ke.com
20240219,朝阳,双井,101117120847,南向 落地窗 楼道干净 免费保洁  满五唯一只有契税,370万,62543元/平,低楼层 (共21层) | 2008年 | 1室0厅 | 59.16平米 | 南,https://ke-image.ljcdn.com/110000-inspection/aabe4151-2146-42a1-bd5a-1d8c71dd45e7_1000.jpg!m_fill,w_280,h_210,f_jpg?from=ke.com
20240219,朝阳,双井,101117110429,国贸双井高层南向一居近地铁小区有物业管理,299万,70106元/平,高楼层 (共18层) | 1991年 | 1室1厅 | 42.65平米 | 南,https://ke-image.ljcdn.com/110000-inspection/pc1_QLVbhsfJi.jpg!m_fill,w_280,h_210,f_jpg?from=ke.com
20240219,朝阳,双井,101117086606,富力城D区+前后花园+南北四居+中间楼层+带保姆间,2580万,123345元/平,中楼层 (共21层) 4室2厅 | 209.17平米 | 东 南 北,https://ke-image.ljcdn.com/110000-inspection/pc1_FhiRO7YL2_1.jpg!m_fill,w_280,h_210,f_jpg?from=ke.com
20240219,朝阳,双井,101117078041,满五年唯一 随时看房 无抵押 无户口 视野好 稳定签约房主自荐,610万,84841元/平,顶层 (共22层) 2室1厅 | 71.9平米 | 北,https://ke-image.ljcdn.com/110000-inspection/pc1_rCVxI9Ogp.jpg!m_fill,w_280,h_210,f_jpg?from=ke.com
20240219,朝阳,双井,101117046553,乐成国际 一梯两户  高楼层 南北通透 满五年唯一,1449万,101742元/平,高楼层 (共16层) | 2006年 | 3室2厅 | 142.42平米 | 南 北,https://ke-image.ljcdn.com/110000-inspection/pc1_PcyOhZCY3.jpg!m_fill,w_280,h_210,f_jpg?from=ke.com
20240219,朝阳,双井,101117022853,位置好.装修好.户型好客厅两卧室朝南业主诚心出售,3200万,136496元/平,高楼层 (共14层) 3室2厅 | 234.44平米 | 南 北,https://ke-image.ljcdn.com/110000-inspection/pc1_J6LLqsLqF_1.jpg!m_fill,w_280,h_210,f_jpg?from=ke.com
20240219,朝阳,双井,101116951247,乐成国际 精装两居室 诚意出售房主自荐,1298万,119203元/平,低楼层 (共20层) | 2006年 | 2室1厅 | 108.89平米 | 东南,https://ke-image.ljcdn.com/110000-inspection/8876290c-fcc6-4152-bcc9-db87db70c793_1000.jpg!m_fill,w_280,h_210,f_jpg?from=ke.com
20240219,朝阳,双井,101116940185,双井东院 南北通透精装两居 业主诚售看房方便,310万,58679元/平,顶层 (共6层) | 1979年 | 2室1厅 | 52.83平米 | 南 北,https://ke-image.ljcdn.com/110000-inspection/pc1_Cup4Apa43.jpg!m_fill,w_280,h_210,f_jpg?from=ke.com
20240219,朝阳,双井,101116917036,富力城C区 高层东北两居 视野好 有钥匙 随时看,1010万,111652元/平,高楼层 (共25层) | 2005年 | 2室2厅 | 90.46平米 | 东北,https://ke-image.ljcdn.com/110000-inspection/c9512226-2718-40eb-b3d4-e501f78f2eec_1000.jpg!m_fill,w_280,h_210,f_jpg?from=ke.com
20240219,朝阳,双井,101116915067,客厅看花园 无遮挡 卧室阳光充足 通风效果好房主自荐,922万,107372元/平,底层 (共16层) | 2008年 | 2室1厅 | 85.87平米 | 西 北,https://ke-image.ljcdn.com/110000-inspection/pc1_QkiNxglvk.jpg!m_fill,w_280,h_210,f_jpg?from=ke.com
20240219,朝阳,双井,101116906867,苹果社区南区一居室不临街观花园满五唯一,450万,81463元/平,中楼层 (共22层) | 2005年 | 1室0厅 | 55.24平米 | 北,https://ke-image.ljcdn.com/110000-inspection/pc1_Ft2beYLSL_1.jpg!m_fill,w_280,h_210,f_jpg?from=ke.com
20240219,朝阳,双井,101116825536,时代国际嘉园 西向一居室  看小区花园 精装修诚意出售,568万,90677元/平,低楼层 (共21层) | 2006年 | 1室1厅 | 62.64平米 | 西,https://ke-image.ljcdn.com/110000-inspection/pc1_AvHxECywJ.jpg!m_fill,w_280,h_210,f_jpg?from=ke.com
20240219,朝阳,双井,101116621967,富力城A区 精装修 东向一居室 明厨明卫 看房方便房主自荐,690万,105780元/平,低楼层 (共28层) | 2004年 | 1室1厅 | 65.23平米 | 东北,https://ke-image.ljcdn.com/110000-inspection/pc1_jPSFcr1g7.jpg!m_fill,w_280,h_210,f_jpg?from=ke.com
20240219,朝阳,双井,101116608658,落地窗 边户大两居 高层看国贸 新装修 满五唯一,880万,67253元/平,高楼层 (共20层) 2室1厅 | 130.85平米 | 西北,https://ke-image.ljcdn.com/110000-inspection/pc1_QCtvWyaaE_1.jpg!m_fill,w_280,h_210,f_jpg?from=ke.com
20240219,朝阳,双井,101116575392,双花园西里 南北通透三居室 不临街,318万,52930元/平,地下室 (共6层) | 1989年 | 3室1厅 | 60.08平米 | 南 北,https://ke-image.ljcdn.com/110000-inspection/pc1_hwZkj8ziS.jpg!m_fill,w_280,h_210,f_jpg?from=ke.com
20240219,朝阳,双井,101116566622,东三环 双井 苹果社区南区经典一居 满五年唯一,459万,92541元/平,低楼层 (共27层) | 2005年 | 1室1厅 | 49.6平米 | 北,https://ke-image.ljcdn.com/110000-inspection/pc1_mTd89S5pn.jpg!m_fill,w_280,h_210,f_jpg?from=ke.com
20240219,朝阳,双井,101116541061,新出 双井国贸10  7号线  正规一居室全明格局,720万,118930元/平,中楼层 (共28层) | 2004年 | 1室1厅 | 60.54平米 | 西,https://ke-image.ljcdn.com/110000-inspection/pc1_CQ8c9Lpqa.jpg!m_fill,w_280,h_210,f_jpg?from=ke.com
20240219,朝阳,双井,101116530543,合生国际花园总价合适的三居业主靠谱出售满五唯一,1290万,99530元/平,低楼层 (共18层) | 2007年 | 3室1厅 | 129.61平米 | 西南,https://ke-image.ljcdn.com/110000-inspection/pc1_YrLGTELIU.jpg!m_fill,w_280,h_210,f_jpg?from=ke.com
20240219,朝阳,双井,101116526264,国贸双井正规一居室四周不临街安静安全,535万,77525元/平,低楼层 (共23层) | 2004年 | 1室1厅 | 69.01平米 | 西北,https://ke-image.ljcdn.com/110000-inspection/pc1_7SOvWx9oy.jpg!m_fill,w_280,h_210,f_jpg?from=ke.com
20240219,朝阳,双井,101116352038,时代国际嘉园 70年产权住宅 满五唯一 开间 有燃气房主自荐,318万,93338元/平,中楼层 (共19层) | 2006年 | 1室0厅 | 34.07平米 | 北,https://ke-image.ljcdn.com/110000-inspection/pc1_OzKfk68A6_1.jpg!m_fill,w_280,h_210,f_jpg?from=ke.com
20240219,朝阳,双井,101116214573,富力城A区正规一居明厨明卫  落地窗视野好 二次装修过,770万,114448元/平,高楼层 (共28层) | 2004年 | 1室1厅 | 67.28平米 | 西,https://ke-image.ljcdn.com/110000-inspection/pc1_TUHx5MzPO_1.jpg!m_fill,w_280,h_210,f_jpg?from=ke.com
20240219,朝阳,双井,101116192469,A派公寓南北两居室满五唯一视野好,1388万,124151元/平,顶层 (共9层) | 2007年 | 2室2厅 | 111.8平米 | 南 北,https://ke-image.ljcdn.com/110000-inspection/pc1_jV0cpZnOC.jpg!m_fill,w_280,h_210,f_jpg?from=ke.com
20240219,朝阳,双井,101116074296,首城国际B区浪漫首城 精装修 两居室,856万,107728元/平,低楼层 (共28层) | 2010年 | 2室1厅 | 79.46平米 | 东北,https://ke-image.ljcdn.com/110000-inspection/pc1_ArzkzZSqJ_1.jpg!m_fill,w_280,h_210,f_jpg?from=ke.com
20240219,朝阳,双井,101115983088,双井东院 双井地铁B口 小两居 精装修 拎包入住,315万,67757元/平,高楼层 (共6层) | 1980年 | 2室1厅 | 46.49平米 | 东 南 北,https://ke-image.ljcdn.com/110000-inspection/b1419e6d-addb-481b-a7f7-0a0220e67de4_1000.jpg!m_fill,w_280,h_210,f_jpg?from=ke.com
20240219,朝阳,双井,101115820430,富力城D区 次顶层 东南三居 满五唯一 采光视野佳,1710万,123075元/平,高楼层 (共15层) | 2005年 | 3室2厅 | 138.94平米 | 东南,https://ke-image.ljcdn.com/110000-inspection/pc1_VwYZy6S7f_1.jpg!m_fill,w_280,h_210,f_jpg?from=ke.com
20240219,朝阳,双井,101115776616,富力十号把东户4居室带明卫 市区内闹中取静低密大平层,4700万,162811元/平,低楼层 (共18层) | 2012年 | 4室1厅 | 288.68平米 | 东 南 北,https://ke-image.ljcdn.com/110000-inspection/pc1_LGyQhzeJj_1.jpg!m_fill,w_280,h_210,f_jpg?from=ke.com
20240219,朝阳,双井,101115728047,高层观花园南向两居室 主卧带独立明卫满五年唯一,958万,85781元/平,中楼层 (共27层) | 2005年 | 2室1厅 | 111.68平米 | 东南,https://ke-image.ljcdn.com/110000-inspection/pc1_p2PMW6Kbk_2.jpg!m_fill,w_280,h_210,f_jpg?from=ke.com
20240219,朝阳,双井,101115706698,满五年唯一 精装修 高楼层 南向观花园房主自荐,370万,62543元/平,高楼层 (共20层) | 2008年 | 1室0厅 | 59.16平米 | 南,https://ke-image.ljcdn.com/110000-inspection/808a4e65-c2f5-47cb-b346-cedb8dee7b44_1000.jpg!m_fill,w_280,h_210,f_jpg?from=ke.com
20240219,朝阳,双井,101115664085,南北通透大两居带有独立花园前后不临街,1430万,99784元/平,底层 (共17层) | 2005年 | 2室1厅 | 143.31平米 | 南 北,https://ke-image.ljcdn.com/110000-inspection/pc1_9epzGTBHY_1.jpg!m_fill,w_280,h_210,f_jpg?from=ke.com
20240219,朝阳,双井,101115656674,世桥国贸次顶层大三居是精装修视野佳满五唯一,1350万,86092元/平,高楼层 (共22层) 3室1厅 | 156.81平米 | 南,https://ke-image.ljcdn.com/110000-inspection/pc1_vrPXZROVz_1.jpg!m_fill,w_280,h_210,f_jpg?from=ke.com
20240219,朝阳,双井,101115645851,明厨、明卫、高层视野好、采光好、两卧室都大房主自荐,1120万,104254元/平,顶层 (共18层) | 2008年 | 2室1厅 | 107.43平米 | 东 西,https://ke-image.ljcdn.com/110000-inspection/pc1_Eo7VS36Ie.jpg!m_fill,w_280,h_210,f_jpg?from=ke.com
20240219,朝阳,双井,101115544535,俯瞰十二星座   百万装修   保养的好,1820万,100983元/平,低楼层 (共18层) | 2008年 | 3室1厅 | 180.23平米 | 南,https://ke-image.ljcdn.com/110000-inspection/pc1_5PO7vhsIn.jpg!m_fill,w_280,h_210,f_jpg?from=ke.com
20240219,朝阳,双井,101115464057,双井东院 双卧朝南的南北通透两居室 精装修诚意卖,483万,75024元/平,高楼层 (共14层) | 1990年 | 2室1厅 | 64.38平米 | 南 北,https://ke-image.ljcdn.com/110000-inspection/pc1_LZ2bhkI38.jpg!m_fill,w_280,h_210,f_jpg?from=ke.com
20240219,朝阳,双井,101115441437,双井时代国际嘉园小区 西向看花园开间业主诚意卖,463万,82931元/平,中楼层 (共21层) | 2006年 | 1室0厅 | 55.83平米 | 西,https://ke-image.ljcdn.com/110000-inspection/pc1_rrxtTvhKC_1.jpg!m_fill,w_280,h_210,f_jpg?from=ke.com
20240219,朝阳,双井,101115322916,双井北里 三环边近地铁满五唯一 南向一居保持好房主自荐,298万,63649元/平,低楼层 (共16层) | 1986年 | 1室1厅 | 46.82平米 | 南,https://ke-image.ljcdn.com/110000-inspection/pc1_zzatBw3tp.jpg!m_fill,w_280,h_210,f_jpg?from=ke.com
20240219,朝阳,双井,101114954390,双花园西里南北三居室二次装修保养好,685万,75968元/平,顶层 (共7层) | 1999年 | 3室1厅 | 90.17平米 | 南 北,https://ke-image.ljcdn.com/110000-inspection/4cbac9cb-2872-4d63-a641-3bf934d331e4_1000.jpg!m_fill,w_280,h_210,f_jpg?from=ke.com
20240219,朝阳,双井,101114808856,CBD国贸北向大开间层高3米正观国贸对望中国尊,330万,55781元/平,中楼层 (共21层) | 2008年 | 1室0厅 | 59.16平米 | 北,https://ke-image.ljcdn.com/110000-inspection/pc1_juEk83kPS_1.jpg!m_fill,w_280,h_210,f_jpg?from=ke.com
20240219,朝阳,双井,101114800598,富力城A区一居室业主在京诚意出售,638万,100063元/平,中楼层 (共28层) | 2004年 | 1室0厅 | 63.76平米 | 北,https://ke-image.ljcdn.com/110000-inspection/pc1_Y9a7K54ET.jpg!m_fill,w_280,h_210,f_jpg?from=ke.com
20240219,朝阳,双井,101114738700,双井精装两居 品质社区 低密度 有车位房主自荐,929万,108187元/平,低楼层 (共16层) | 2008年 | 2室1厅 | 85.87平米 | 东北,https://ke-image.ljcdn.com/110000-inspection/pc1_JJICzk5Hc_1.jpg!m_fill,w_280,h_210,f_jpg?from=ke.com
20240219,朝阳,双井,101114737491,合生国际高层南北通透卫生间明卫的三居室,1430万,110000元/平,中楼层 (共18层) | 2007年 | 3室2厅 | 130平米 | 南 北,https://ke-image.ljcdn.com/110000-inspection/pc1_RbQJTAGko.jpg!m_fill,w_280,h_210,f_jpg?from=ke.com
20240219,朝阳,双井,101114462961,东三环双井地铁、南北通透业主诚意出售,368万,58711元/平,顶层 (共6层) | 1993年 | 2室1厅 | 62.68平米 | 南 北,https://ke-image.ljcdn.com/110000-inspection/pc1_5yBQ7xPQN.jpg!m_fill,w_280,h_210,f_jpg?from=ke.com
20240219,朝阳,双井,101114438800,富力城D区 客厅朝北 看小区花园,1100万,119164元/平,中楼层 (共11层) | 2008年 | 2室1厅 | 92.31平米 | 西北,https://ke-image.ljcdn.com/110000-inspection/pc1_xfo26prLp_1.jpg!m_fill,w_280,h_210,f_jpg?from=ke.com
20240219,朝阳,双井,101114438712,富力城D区 精装修小三居 保养好 采光充足,1560万,122642元/平,低楼层 (共11层) | 2008年 | 3室1厅 | 127.2平米 | 西南,https://ke-image.ljcdn.com/110000-inspection/pc1_OtNpVP9ir_1.jpg!m_fill,w_280,h_210,f_jpg?from=ke.com
20240219,朝阳,双井,101114196414,双井怡馨园精装大三居满五年唯一 诚意出售,1150万,71979元/平,低楼层 (共24层) | 1998年 | 3室2厅 | 159.77平米 | 东南 北,https://ke-image.ljcdn.com/110000-inspection/pc1_W2Qr2uXgU_1.jpg!m_fill,w_280,h_210,f_jpg?from=ke.com
20240219,朝阳,双井,101114171785,小区北排看花园很安静明厨明卫诚意出售。房主自荐,1169万,89360元/平,底层 (共15层) | 2006年 | 3室2厅 | 130.82平米 | 南 北,https://ke-image.ljcdn.com/110000-inspection/pc1_bBjZWJRjd.jpg!m_fill,w_280,h_210,f_jpg?from=ke.com
20240219,朝阳,双井,101114025318,非常生活正规一居满五唯一诚意出售房主自荐,498万,72164元/平,低楼层 (共23层) | 2004年 | 1室1厅 | 69.01平米 | 西北,https://ke-image.ljcdn.com/110000-inspection/pc1_DVvCGIEqw.jpg!m_fill,w_280,h_210,f_jpg?from=ke.com
20240219,朝阳,双井,101114021324,东三环双井国贸后花园地铁7、10号线双轨交汇,525万,76076元/平,中楼层 (共23层) | 2004年 | 1室1厅 | 69.01平米 | 东北,https://ke-image.ljcdn.com/110000-inspection/pc1_QRDf7JRPm_1.jpg!m_fill,w_280,h_210,f_jpg?from=ke.com
20240219,朝阳,双井,101113954168,双井北里 视野开阔 视野好采光好保养好,385万,65734元/平,中楼层 (共16层) 2室1厅 | 58.57平米 | 西北,https://ke-image.ljcdn.com/110000-inspection/pc1_waXzIbNvd_1.jpg!m_fill,w_280,h_210,f_jpg?from=ke.com
20240219,朝阳,双井,101113900745,东三环双井 乐成国际南向两居 高层视野好 满五年唯一,1288万,118394元/平,高楼层 (共16层) | 2006年 | 2室1厅 | 108.79平米 | 西南,https://ke-image.ljcdn.com/110000-inspection/pc1_5Pkj3ZBKb_1.jpg!m_fill,w_280,h_210,f_jpg?from=ke.com
20240219,朝阳,双井,101113380398,富力城A区 不临街 高层 5年唯一 安静看花园 罗马花园,530万,88778元/平,中楼层 (共28层) | 2004年 | 1室0厅 | 59.7平米 | 北,https://ke-image.ljcdn.com/110000-inspection/pc1_cFvbTprcU_1.jpg!m_fill,w_280,h_210,f_jpg?from=ke.com
20240219,朝阳,双井,101113278339,合生国际花园东南向两居室值得拥有,1070万,113746元/平,低楼层 (共18层) | 2008年 | 2室2厅 | 94.07平米 | 东南,https://ke-image.ljcdn.com/110000-inspection/pc1_V5tc3hctN.jpg!m_fill,w_280,h_210,f_jpg?from=ke.com
20240219,朝阳,双井,101113259376,苹果北区两居 东南双朝向 采光好,868万,67570元/平,中楼层 (共21层) | 2008年 | 2室1厅 | 128.46平米 | 东南,https://ke-image.ljcdn.com/110000-inspection/pc1_kDARKc5Ae_3.jpg!m_fill,w_280,h_210,f_jpg?from=ke.com
20240219,朝阳,双井,101113049023,时代国际精致开间诚意出售满五唯一户型好！,325万,93823元/平,中楼层 (共12层) | 2006年 | 1室0厅 | 34.64平米 | 北,https://ke-image.ljcdn.com/110000-inspection/pc1_B4MFSAfeJ.jpg!m_fill,w_280,h_210,f_jpg?from=ke.com
20240219,朝阳,双井,101113010915,双井地铁边西南向三居客厅有明窗采光好无遮挡,530万,68921元/平,高楼层 (共6层) | 1993年 | 3室2厅 | 76.9平米 | 南,https://ke-image.ljcdn.com/110000-inspection/pc1_NTRK9nCW7_1.jpg!m_fill,w_280,h_210,f_jpg?from=ke.com
20240219,朝阳,双井,101112689051,苹果社区北区高层观景一居室满五唯一诚意出售,493万,65804元/平,中楼层 (共21层) | 2008年 | 1室1厅 | 74.92平米 | 北,https://ke-image.ljcdn.com/110000-inspection/pc1_BwwESJwUP_1.jpg!m_fill,w_280,h_210,f_jpg?from=ke.com
20240219,朝阳,双井,101112681679,富力城一期东南三居室+客厅居中+适宜一家人居住,1590万,112766元/平,低楼层 (共26层) | 2004年 | 3室1厅 | 141平米 | 东南,https://ke-image.ljcdn.com/110000-inspection/test-76b3535f-867a-40e1-8696-3114f2f68095.png!m_fill,w_280,h_210,f_jpg?from=ke.com
20240219,朝阳,双井,101112675644,明厨明卫一居高层不遮挡可以看房老业主诚意卖房主自荐,733万,112372元/平,中楼层 (共28层) | 2004年 | 1室1厅 | 65.23平米 | 东北,https://ke-image.ljcdn.com/110000-inspection/pc1_qrOGQwTrN_1.jpg!m_fill,w_280,h_210,f_jpg?from=ke.com
20240219,朝阳,双井,101112647201,富力城D区 满五年唯一 装修好 朝花园,800万,113524元/平,中楼层 (共14层) | 2008年 | 1室1厅 | 70.47平米 | 北,https://ke-image.ljcdn.com/110000-inspection/pc1_ZhD7cK4Be_1.jpg!m_fill,w_280,h_210,f_jpg?from=ke.com
20240219,朝阳,双井,101112288182,华腾园 三面宽三居 高层位置采光好 无遮挡,910万,75967元/平,高楼层 (共26层) | 2001年 | 3室2厅 | 119.79平米 | 西南,https://ke-image.ljcdn.com/110000-inspection/pc1_npbhfQqX6_1.jpg!m_fill,w_280,h_210,f_jpg?from=ke.com
20240219,朝阳,双井,101111934083,龙吟半岛  主打户型南北三居  稳定签约 诚意出售,1899万,120388元/平,低楼层 (共26层) | 2005年 | 3室1厅 | 157.74平米 | 南 北,https://ke-image.ljcdn.com/110000-inspection/pc1_5mVHeIILt_1.jpg!m_fill,w_280,h_210,f_jpg?from=ke.com
20240219,朝阳,双井,101111365883,中间层观国贸开间 精装修 家具家电都有 拎包入住,340万,57472元/平,低楼层 (共21层) | 2008年 | 1室0厅 | 59.16平米 | 北,https://ke-image.ljcdn.com/110000-inspection/pc1_6n2cXlinf_1.jpg!m_fill,w_280,h_210,f_jpg?from=ke.com
20240219,朝阳,双井,101110507623,苹果社区北区朝南开间高楼层视野好业主诚意出售,389万,65754元/平,高楼层 (共21层) | 2008年 | 1室1厅 | 59.16平米 | 南,https://ke-image.ljcdn.com/110000-inspection/pc1_4xxpQA9vA_1.jpg!m_fill,w_280,h_210,f_jpg?from=ke.com
20240219,朝阳,双井,101110223379,南北通透 明厨明卫 正规四居 满五唯一,2000万,119861元/平,底层 (共18层) | 2008年 | 4室2厅 | 166.86平米 | 东 南 北,https://ke-image.ljcdn.com/110000-inspection/pc1_rF1YYy0M8_1.jpg!m_fill,w_280,h_210,f_jpg?from=ke.com
20240219,朝阳,双井,101109717172,北区开间 原始装修 自如房不方便看 房子可谈、能签约,385万,65078元/平,中楼层 (共20层) | 2008年 | 1室1厅 | 59.16平米 | 北,https://ke-image.ljcdn.com/110000-inspection/pc1_gmNrMHmm5_1.jpg!m_fill,w_280,h_210,f_jpg?from=ke.com
20240219,朝阳,双井,101107709888,业主卖房明确诚意出售高楼层 南向不临街 视野好,390万,65923元/平,低楼层 (共21层) | 2008年 | 1室0厅 | 59.16平米 | 南,https://ke-image.ljcdn.com/110000-inspection/pc1_xAP4AF6w7_1.jpg!m_fill,w_280,h_210,f_jpg?from=ke.com
20240219,朝阳,双井,101103603820,国贸双井高层南向三居室格局方正精装修,900万,74154元/平,低楼层 (共33层) | 2007年 | 3室2厅 | 121.37平米 | 南,https://ke-image.ljcdn.com/110000-inspection/test-c329af97-28ce-47c6-acf8-102a30d46f16.png!m_fill,w_280,h_210,f_jpg?from=ke.com
20240219,朝阳,双井,101103230135,二环外 带电梯高层东南两居室 视野开阔无遮挡,445万,69358元/平,顶层 (共18层) | 1988年 | 2室1厅 | 64.16平米 | 东南,https://ke-image.ljcdn.com/110000-inspection/test-d492f72a-06e9-45f8-b21d-24315e29f448.png!m_fill,w_280,h_210,f_jpg?from=ke.com
20240219,朝阳,双井,101122887441,CBD总部公寓一期  一梯三户 一居可当两居用,686万,93896元/平,中楼层 (共9层) | 2004年 | 1室1厅 | 73.06平米 | 东 西,https://ke-image.ljcdn.com/110000-inspection/f68793eb-c5f6-4a0a-ad04-a72c2bacb210_1000.jpg!m_fill,w_280,h_210,f_jpg?from=ke.com
20240219,朝阳,双井,101122886497,苹果社区北区 1室0厅 南,425万,63557元/平,中楼层 (共21层) | 2008年 | 1室0厅 | 66.87平米 | 南,https://ke-image.ljcdn.com/110000-inspection/pc1_0NQmFpEPH_1.jpg!m_fill,w_280,h_210,f_jpg?from=ke.com
20240219,朝阳,双井,101122879753,苹果社区北区 1室0厅 北,310万,52401元/平,中楼层 (共20层) | 2008年 | 1室0厅 | 59.16平米 | 北,https://ke-image.ljcdn.com/110000-inspection/pc1_TATAI6k0s_1.jpg!m_fill,w_280,h_210,f_jpg?from=ke.com
20240219,朝阳,双井,101122874081,苹果社区南区高层观国贸双卫两居诚意出售,650万,67779元/平,中楼层 (共27层) | 2005年 | 2室1厅 | 95.9平米 | 北,https://ke-image.ljcdn.com/110000-inspection/pc1_gPIwYQGJP.jpg!m_fill,w_280,h_210,f_jpg?from=ke.com
20240219,朝阳,双井,101122873791,原质jian局家属楼  房子质量好  精装修  88%得房率,740万,71678元/平,中楼层 (共6层) 2室1厅 | 103.24平米 | 东 西,https://ke-image.ljcdn.com/110000-inspection/pc1_yBTcygSs0.jpg!m_fill,w_280,h_210,f_jpg?from=ke.com
20240219,朝阳,双井,101122868010,高层南北通透三居室前后不临街景观视野好满五唯一,1798万,109355元/平,顶层 (共23层) 3室1厅 | 164.42平米 | 南 北,https://ke-image.ljcdn.com/110000-inspection/pc1_93P7Yu1gc_1.jpg!m_fill,w_280,h_210,f_jpg?from=ke.com
20240219,朝阳,双井,101122867897,双井 首城国际小2居 满5唯一 户型方正 东南朝向房主自荐,580万,83731元/平,低楼层 (共28层) 2室1厅 | 69.27平米 | 东南,https://ke-image.ljcdn.com/110000-inspection/2a0aeb8b-5938-452a-964e-c42bfec621ef_1000.jpg!m_fill,w_280,h_210,f_jpg?from=ke.com
20240219,朝阳,双井,101122867434,CBD总部公寓二期 1室1厅 南,669万,103561元/平,中楼层 (共14层) | 2005年 | 1室1厅 | 64.6平米 | 南,https://ke-image.ljcdn.com/110000-inspection/pc1_r0nIrtF4V.jpg!m_fill,w_280,h_210,f_jpg?from=ke.com
20240219,朝阳,双井,101122850812,国企金隅开发  纯商品房社区  2梯3户 明卫 有车位,1150万,100842元/平,中楼层 (共24层) | 2005年 | 3室1厅 | 114.04平米 | 南 北,https://ke-image.ljcdn.com/110000-inspection/pc1_XYb8ku1Qi.jpg!m_fill,w_280,h_210,f_jpg?from=ke.com
20240219,朝阳,双井,101122839016,首城国际D区 经典南向2+1户型  刚需优选  高楼层房主自荐,849万,95857元/平,中楼层 (共28层) | 2010年 | 2室1厅 | 88.57平米 | 南,https://ke-image.ljcdn.com/110000-inspection/c4d918ff-0058-489a-a388-18e0e21ddf05_1000.jpg!m_fill,w_280,h_210,f_jpg?from=ke.com
20240219,朝阳,双井,101122836538,双花园南里一区  高层 无遮挡大三居,790万,54759元/平,高楼层 (共22层) | 1999年 | 3室1厅 | 144.27平米 | 东 北,https://ke-image.ljcdn.com/110000-inspection/0b2bbbc5-f1f6-49ff-903f-1079a5ccbd7a_1000.jpg!m_fill,w_280,h_210,f_jpg?from=ke.com
20240219,朝阳,双井,101122831647,华腾园精装修三居室可拎包入住,808万,64506元/平,底层 (共28层) | 2002年 | 3室1厅 | 125.26平米 | 东南 北,https://ke-image.ljcdn.com/110000-inspection/pc1_QiMheQdN5.jpg!m_fill,w_280,h_210,f_jpg?from=ke.com
20240219,朝阳,双井,101122828475,华腾园精装修两居室西南向看花园,728万,78516元/平,低楼层 (共24层) | 2003年 | 2室1厅 | 92.72平米 | 西南,https://ke-image.ljcdn.com/110000-inspection/a23fc08f-5971-45d0-bc3f-a86f13bb5e94_1000.jpg!m_fill,w_280,h_210,f_jpg?from=ke.com
20240219,朝阳,双井,101122819383,满五年唯一高楼层视野开阔看花园前后不临街,870万,62290元/平,中楼层 (共28层) | 2005年 | 3室1厅 | 139.67平米 | 东南,https://ke-image.ljcdn.com/110000-inspection/pc1_2uQv6JC12.jpg!m_fill,w_280,h_210,f_jpg?from=ke.com
20240219,朝阳,双井,101122813389,九龙花园南北通透两居室 精装可拎包入住,1050万,65959元/平,中楼层 (共14层) | 2001年 | 3室1厅 | 159.19平米 | 南 北,https://ke-image.ljcdn.com/110000-inspection/a4eff7de-01a0-4a1c-8168-437718c4cef0_1000.jpg!m_fill,w_280,h_210,f_jpg?from=ke.com
20240219,朝阳,双井,101122811953,富力城D区双卫两居室中间楼层采光好没有遮挡,1150万,135025元/平,中楼层 (共16层) 2室1厅 | 85.17平米 | 西北,https://ke-image.ljcdn.com/110000-inspection/pc1_cgciZVvNs.jpg!m_fill,w_280,h_210,f_jpg?from=ke.com
20240219,朝阳,双井,101122806748,双井次顶层东南向双卫两居  精装修 满五年唯一,1158万,108073元/平,高楼层 (共16层) 2室1厅 | 107.15平米 | 东南,https://ke-image.ljcdn.com/110000-inspection/pc1_gFUoPGcHb.jpg!m_fill,w_280,h_210,f_jpg?from=ke.com
20240219,朝阳,双井,101122804715,百环家园次顶层优质三居室采光好无遮挡诚意出售,800万,63730元/平,高楼层 (共28层) | 2005年 | 3室1厅 | 125.53平米 | 东南,https://ke-image.ljcdn.com/110000-inspection/pc1_Ud79CAwuV_1.jpg!m_fill,w_280,h_210,f_jpg?from=ke.com
20240219,朝阳,双井,101122799385,广渠路 2室1厅 东,408万,65733元/平,中楼层 (共18层) 2室1厅 | 62.07平米 | 东,https://ke-image.ljcdn.com/110000-inspection/pc1_LIEDdJSIR.jpg!m_fill,w_280,h_210,f_jpg?from=ke.com
20240219,朝阳,双井,101122798982,满五年唯一位置好看花园前后不临街,930万,66572元/平,低楼层 (共28层) | 2005年 | 3室1厅 | 139.7平米 | 东南,https://ke-image.ljcdn.com/110000-inspection/32e8bdd8-80cb-4c7e-84ee-d88ba4b94aa4_1000.jpg!m_fill,w_280,h_210,f_jpg?from=ke.com
20240219,朝阳,双井,101122796290,双花园西里 2室1厅 南 北,480万,76825元/平,中楼层 (共7层) 2室1厅 | 62.48平米 | 南 北,https://ke-image.ljcdn.com/110000-inspection/88c81fb2-30f3-4312-92ae-652e3b1bc229_1000.jpg!m_fill,w_280,h_210,f_jpg?from=ke.com
20240219,朝阳,双井,101122790462,双井百环家园满五年唯一商品房好的精装修中间层,397万,68225元/平,中楼层 (共26层) 1室1厅 | 58.19平米 | 北,https://ke-image.ljcdn.com/110000-inspection/bec4d8c9-f73e-441d-8855-81fcb3854f8e_1000.jpg!m_fill,w_280,h_210,f_jpg?from=ke.com
20240219,朝阳,双井,101122787151,九龙花园正规一居室 后排不临街,488万,72447元/平,中楼层 (共23层) | 2003年 | 1室1厅 | 67.36平米 | 北,https://ke-image.ljcdn.com/110000-inspection/ecb8d8cc-2956-4e78-9a58-4e2d2f1e74a0_1000.jpg!m_fill,w_280,h_210,f_jpg?from=ke.com
20240219,朝阳,双井,101122785982,九龙花园 西南向精装两居 商品房,570万,72207元/平,低楼层 (共20层) | 2001年 | 2室1厅 | 78.94平米 | 西南,https://ke-image.ljcdn.com/110000-inspection/pc1_oKdCCdAQm_1.jpg!m_fill,w_280,h_210,f_jpg?from=ke.com
20240219,朝阳,双井,101122785670,百环家园西南三居室边户无天井视野采光好。,900万,64443元/平,高楼层 (共26层) | 2005年 | 3室1厅 | 139.66平米 | 西南,https://ke-image.ljcdn.com/110000-inspection/pc1_Np72X6n2h_1.jpg!m_fill,w_280,h_210,f_jpg?from=ke.com
20240219,朝阳,双井,101122785635,东三环双井首城国际小三居南北通透接地气看花园,698万,78208元/平,底层 (共28层) 3室1厅 | 89.25平米 | 南 北,https://ke-image.ljcdn.com/110000-inspection/pc1_PlfBqHALf.jpg!m_fill,w_280,h_210,f_jpg?from=ke.com
20240219,朝阳,双井,101122784628,南北通透三居室落地飘台 格局方正不临街,980万,46371元/平,中楼层 (共14层) | 2000年 | 3室1厅 | 211.34平米 | 南 北,https://ke-image.ljcdn.com/110000-inspection/pc1_UFLIdaWXP_1.jpg!m_fill,w_280,h_210,f_jpg?from=ke.com
20240219,朝阳,双井,101122783193,二环边 国贸后花园 舒适大两居 满五唯一单价低 诚意卖,700万,60628元/平,高楼层 (共22层) 2室1厅 | 115.46平米 | 西,https://ke-image.ljcdn.com/110000-inspection/pc1_BIoTgI8jE.jpg!m_fill,w_280,h_210,f_jpg?from=ke.com
20240219,朝阳,双井,101122782423,富力城B区2梯2户不临街朝园林两居室,938万,99354元/平,低楼层 (共18层) | 2004年 | 2室1厅 | 94.41平米 | 东北,https://ke-image.ljcdn.com/110000-inspection/pc1_bOrLkXJcP_1.jpg!m_fill,w_280,h_210,f_jpg?from=ke.com
20240219,朝阳,双井,101122782375,双井首城国际精装一居明厨明卫,420万,90655元/平,低楼层 (共22层) | 2010年 | 1室0厅 | 46.33平米 | 东北,https://ke-image.ljcdn.com/110000-inspection/pc1_h4QCFWtzF.jpg!m_fill,w_280,h_210,f_jpg?from=ke.com
20240219,朝阳,双井,101122779887,广渠门外大街路北区3室1厅有电梯小区后排安静,518万,67616元/平,低楼层 (共18层) | 1988年 | 3室1厅 | 76.61平米 | 西南,https://ke-image.ljcdn.com/110000-inspection/pc1_Z6G0aTY1f.jpg!m_fill,w_280,h_210,f_jpg?from=ke.com
20240219,朝阳,双井,101122773499,双井7-10号线 双卫两居 明厨明卫 业主精装修,998万,82398元/平,中楼层 (共17层) | 2006年 | 2室2厅 | 121.12平米 | 东 西,https://ke-image.ljcdn.com/110000-inspection/pc1_bnqhDog1w_1.jpg!m_fill,w_280,h_210,f_jpg?from=ke.com
20240219,朝阳,双井,101122753384,华腾园 1室1厅 北,521万,81688元/平,高楼层 (共25层) 1室1厅 | 63.78平米 | 北,https://ke-image.ljcdn.com/110000-inspection/pc1_H3xhsiFk5.jpg!m_fill,w_280,h_210,f_jpg?from=ke.com
20240219,朝阳,双井,101122739591,业主自住保养好三居两卫卧室互不干扰视野采光无遮挡,860万,74718元/平,顶层 (共28层) | 2000年 | 3室2厅 | 115.1平米 | 西南,https://ke-image.ljcdn.com/110000-inspection/pc1_fFkg9K8AD_2.jpg!m_fill,w_280,h_210,f_jpg?from=ke.com
20240219,朝阳,双井,101122736873,百环家园 满5年唯一 商品房 无天井 离地铁近 两居,630万,56306元/平,低楼层 (共26层) | 2005年 | 2室1厅 | 111.89平米 | 西北,https://ke-image.ljcdn.com/110000-inspection/pc1_CFTv7GrC0.jpg!m_fill,w_280,h_210,f_jpg?from=ke.com
20240219,朝阳,双井,101122725505,东三环华腾园满二年适合多贷款近两年精装修高层,776万,75013元/平,中楼层 (共25层) 2室2厅 | 103.45平米 | 西南,https://ke-image.ljcdn.com/110000-inspection/pc1_aigC9WYgI.jpg!m_fill,w_280,h_210,f_jpg?from=ke.com
20240219,朝阳,双井,101122725113,富力城B区 南北两居 两梯四户 双卫生间 诚意出售,1058万,103462元/平,低楼层 (共18层) | 2004年 | 2室2厅 | 102.26平米 | 南 北,https://ke-image.ljcdn.com/110000-inspection/pc1_n9Wrzdtmv.jpg!m_fill,w_280,h_210,f_jpg?from=ke.com
20240219,朝阳,双井,101122724796,双井门槛房 近国贸 配套完善  诚意出售,248万,50407元/平,地下室 (共6层) | 1989年 | 2室1厅 | 49.2平米 | 南 北,https://ke-image.ljcdn.com/110000-inspection/pc1_BUbxZji6L.jpg!m_fill,w_280,h_210,f_jpg?from=ke.com
20240219,朝阳,双井,101122717207,百环家园 3室1厅 南 东南,780万,62088元/平,低楼层 (共27层) | 2005年 | 3室1厅 | 125.63平米 | 南 东南,https://ke-image.ljcdn.com/110000-inspection/cfb41e92-a56f-4715-b886-30577aab136e_1000.jpg!m_fill,w_280,h_210,f_jpg?from=ke.com
20240219,朝阳,双井,101122709557,华腾园 3室1厅 南,1040万,85717元/平,高楼层 (共26层) 3室1厅 | 121.33平米 | 南,https://ke-image.ljcdn.com/110000-inspection/pc1_A7MRFYfFp.jpg!m_fill,w_280,h_210,f_jpg?from=ke.com
20240219,朝阳,双井,101122692848,黄木庄3号院 2室1厅 南,395万,67303元/平,中楼层 (共18层) | 1991年 | 2室1厅 | 58.69平米 | 南,https://ke-image.ljcdn.com/110000-inspection/pc1_4fuoHGuxu.jpg!m_fill,w_280,h_210,f_jpg?from=ke.com
20240219,朝阳,双井,101122680160,满五唯一商品房 首付30% 精装修 落地窗看花园双井地铁,796万,56959元/平,低楼层 (共27层) 3室1厅 | 139.75平米 | 西南,https://ke-image.ljcdn.com/110000-inspection/pc1_8Nhtb5ObG.jpg!m_fill,w_280,h_210,f_jpg?from=ke.com
20240219,朝阳,双井,101122674596,双井百环家园南向三居观花园商品房无遮挡,799万,63620元/平,低楼层 (共28层) | 2005年 | 3室1厅 | 125.59平米 | 南,https://ke-image.ljcdn.com/110000-inspection/pc1_rBm5NGACy.jpg!m_fill,w_280,h_210,f_jpg?from=ke.com
20240219,朝阳,双井,101122663015,双井商圈二次装修两居室 中高楼层无遮挡,450万,69552元/平,中楼层 (共12层) | 1983年 | 2室1厅 | 64.7平米 | 东 西,https://ke-image.ljcdn.com/110000-inspection/pc1_k7zptyYIb_1.jpg!m_fill,w_280,h_210,f_jpg?from=ke.com
20240219,朝阳,双井,101122662629,天之骄子北排南北通透满五唯一明厨明卫,1260万,89642元/平,中楼层 (共7层) 3室2厅 | 140.56平米 | 南 北,https://ke-image.ljcdn.com/110000-inspection/pc1_ebtnAliEq.jpg!m_fill,w_280,h_210,f_jpg?from=ke.com
20240219,朝阳,双井,101122659293,首城国际A区 高楼层 观西山 安静 居住舒适,582万,82204元/平,高楼层 (共28层) 1室1厅 | 70.8平米 | 西,https://ke-image.ljcdn.com/110000-inspection/69c133b1-7257-4793-9b85-647845231f44_1000.jpg!m_fill,w_280,h_210,f_jpg?from=ke.com
20240219,朝阳,双井,101122646014,富力城 南北通透4居 次顶层 3线通透2次精装 满5唯1,2530万,102095元/平,高楼层 (共11层) | 2005年 | 4室2厅 | 247.81平米 | 南 北,https://ke-image.ljcdn.com/110000-inspection/pc1_svb3AW03v.jpg!m_fill,w_280,h_210,f_jpg?from=ke.com
20240219,朝阳,双井,101122637965,富力城C区 全新装修 中央空调地暖 西南北四居,2380万,111075元/平,低楼层 (共18层) | 2005年 | 4室2厅 | 214.27平米 | 西南 北,https://ke-image.ljcdn.com/110000-inspection/pc1_fsQFem1pz.jpg!m_fill,w_280,h_210,f_jpg?from=ke.com
20240219,朝阳,双井,101122637674,总监推荐 合生国际花园 高楼层 直观花园三居室 全南向,1325万,97844元/平,高楼层 (共24层) | 2002年 | 3室1厅 | 135.42平米 | 南,https://ke-image.ljcdn.com/110000-inspection/pc1_txIWYTlMI_1.jpg!m_fill,w_280,h_210,f_jpg?from=ke.com
20240219,朝阳,双井,101122633395,首城国际A区 1室1厅 东南,650万,93271元/平,中楼层 (共28层) | 2010年 | 1室1厅 | 69.69平米 | 东南,https://ke-image.ljcdn.com/110000-inspection/pc1_56crWPREZ.jpg!m_fill,w_280,h_210,f_jpg?from=ke.com
20240219,朝阳,双井,101122612360,东三环 双井 非常生活 高楼层大开间 满五年唯一,315万,75450元/平,高楼层 (共23层) | 2004年 | 1室0厅 | 41.75平米 | 北,https://ke-image.ljcdn.com/110000-inspection/pc1_Kv477wfSu.jpg!m_fill,w_280,h_210,f_jpg?from=ke.com
20240219,朝阳,双井,101122602279,双井苹果社区南区双卫两居室高楼层满五唯一,1040万,95888元/平,中楼层 (共27层) | 2005年 | 2室1厅 | 108.46平米 | 南,https://ke-image.ljcdn.com/110000-inspection/pc1_S1ZG3HuZl.jpg!m_fill,w_280,h_210,f_jpg?from=ke.com
20240219,朝阳,双井,101122589314,东三环双井 非常生活 经典开间 满五年业主诚意出售,316万,75689元/平,低楼层 (共23层) | 2004年 | 1室0厅 | 41.75平米 | 北,https://ke-image.ljcdn.com/110000-inspection/970e7b3e-28a1-4fd8-b03a-ed8a50beac5c_1000.jpg!m_fill,w_280,h_210,f_jpg?from=ke.com
20240219,朝阳,双井,101122583231,华腾园景观三居室 北望中国尊 俯视花园 满五唯一,869万,67084元/平,高楼层 (共28层) | 2000年 | 3室1厅 | 129.54平米 | 东北,https://ke-image.ljcdn.com/110000-inspection/c86cdf1c-754b-4e94-94f4-d29602339c8e_1000.jpg!m_fill,w_280,h_210,f_jpg?from=ke.com
20240219,朝阳,双井,101122561634,主推：东南向 只契税 安静看花园 有钥匙,990万,94448元/平,底层 (共9层) | 2004年 | 2室1厅 | 104.82平米 | 东南,https://ke-image.ljcdn.com/110000-inspection/pc1_FNAdQpvqz.jpg!m_fill,w_280,h_210,f_jpg?from=ke.com
20240219,朝阳,双井,101122557869,强烈推荐龙吟半岛 一层有花园两居 全新装修,960万,109778元/平,底层 (共22层) | 2006年 | 2室2厅 | 87.45平米 | 西北,https://ke-image.ljcdn.com/110000-inspection/pc1_PuyEUSHfe_1.jpg!m_fill,w_280,h_210,f_jpg?from=ke.com
20240219,朝阳,双井,101122553796,富力城D区 眼镜户型 客厅+双卧朝南三线通透+保姆间,2350万,123425元/平,低楼层 (共15层) | 2005年 | 3室2厅 | 190.4平米 | 南 北,https://ke-image.ljcdn.com/110000-inspection/pc1_3s2wkJoyN.jpg!m_fill,w_280,h_210,f_jpg?from=ke.com
20240219,朝阳,双井,101122547041,富力城E区 高楼层全南两居室 采光好只有契税,1450万,115107元/平,高楼层 (共18层) | 2007年 | 2室1厅 | 125.97平米 | 南,https://ke-image.ljcdn.com/110000-inspection/pc1_eOro8oBoV.jpg!m_fill,w_280,h_210,f_jpg?from=ke.com
20240219,朝阳,双井,101122545165,CBD总部公寓二期 3室1厅 南 北,1140万,100841元/平,低楼层 (共22层) | 2005年 | 3室1厅 | 113.05平米 | 南 北,https://ke-image.ljcdn.com/110000-inspection/pc1_wjMcAF1V0_1.jpg!m_fill,w_280,h_210,f_jpg?from=ke.com
20240219,朝阳,双井,101122540791,苹果社区北区 2室2厅 南 北,818万,41608元/平,顶层 (共12层) | 2006年 | 2室2厅 | 196.6平米 | 南 北,https://ke-image.ljcdn.com/110000-inspection/pc1_Jg2VBB86q_1.jpg!m_fill,w_280,h_210,f_jpg?from=ke.com
20240219,朝阳,双井,101122528920,富力城D区 仅有带亭子的四居室 南北通透 诚意出售,2720万,113490元/平,底层 (共20层) 4室2厅 | 239.67平米 | 东南 北,https://ke-image.ljcdn.com/110000-inspection/pc1_6tqrP0raT_1.jpg!m_fill,w_280,h_210,f_jpg?from=ke.com
20240219,朝阳,双井,101122513975,边户明卫刚需小3居婚房自住,895万,98667元/平,高楼层 (共28层) | 2010年 | 3室1厅 | 90.71平米 | 南 北,https://ke-image.ljcdn.com/110000-inspection/pc1_sunSdvxfZ.jpg!m_fill,w_280,h_210,f_jpg?from=ke.com
20240219,朝阳,双井,101122499520,苹果社区北区 观国贸全景 视野开阔,328万,59702元/平,高楼层 (共21层) 1室0厅 | 54.94平米 | 北,https://ke-image.ljcdn.com/110000-inspection/pc1_N1LUona5a.jpg!m_fill,w_280,h_210,f_jpg?from=ke.com
20240219,朝阳,双井,101122489787,二次装修 视野开阔 采光充足 户型方正无浪费房主自荐,640万,67291元/平,高楼层 (共33层) | 2007年 | 2室1厅 | 95.11平米 | 东北,https://ke-image.ljcdn.com/110000-inspection/pc1_QikQf7zDc_1.jpg!m_fill,w_280,h_210,f_jpg?from=ke.com
20240219,朝阳,双井,101122467696,双花园南里二区  南向两居带阳台,709万,74750元/平,低楼层 (共22层) | 2002年 | 2室1厅 | 94.85平米 | 西南,https://ke-image.ljcdn.com/110000-inspection/pc1_5GyXtNxW1.jpg!m_fill,w_280,h_210,f_jpg?from=ke.com
20240219,朝阳,双井,101122456387,时代国际嘉园 南北通透2居室 满五年唯一 诚意出售,950万,104064元/平,高楼层 (共12层) 2室1厅 | 91.29平米 | 南 北,https://ke-image.ljcdn.com/110000-inspection/e187df65-fe41-4238-b352-e79161afd442_1000.jpg!m_fill,w_280,h_210,f_jpg?from=ke.com
20240219,朝阳,双井,101122437264,三环内国贸双井前后不临街南北通透 采光好 低楼,500万,65548元/平,底层 (共6层) | 1989年 | 3室1厅 | 76.28平米 | 南 北,https://ke-image.ljcdn.com/110000-inspection/pc1_5bxK7B8cH_1.jpg!m_fill,w_280,h_210,f_jpg?from=ke.com
20240219,朝阳,双井,101122407333,时代国际南北通透两居室保养好满五唯一诚意出售,860万,86112元/平,低楼层 (共21层) | 2006年 | 2室1厅 | 99.87平米 | 南 北,https://ke-image.ljcdn.com/110000-inspection/pc1_9uXYMo7TA.jpg!m_fill,w_280,h_210,f_jpg?from=ke.com
20240219,朝阳,双井,101122395290,富力城D区  东南三居看花园 全新装修 随时看房 诚意卖,1598万,115014元/平,顶层 (共15层) | 2005年 | 3室2厅 | 138.94平米 | 东南,https://ke-image.ljcdn.com/110000-inspection/pc1_dzB7WGVRR_1.jpg!m_fill,w_280,h_210,f_jpg?from=ke.com
20240219,朝阳,双井,101122392378,浪漫首城   可以坐在客厅里看花园的房子,799万,100201元/平,低楼层 (共20层) | 2010年 | 2室1厅 | 79.74平米 | 西北,https://ke-image.ljcdn.com/110000-inspection/9ef8398a-b0aa-4b50-b0a4-0b973394b39c_1000.jpg!m_fill,w_280,h_210,f_jpg?from=ke.com
20240219,朝阳,双井,101122383352,双井 采光视野好 层高3.19米 满5唯一 南向次卧不遮挡,915万,103777元/平,顶层 (共28层) 2室1厅 | 88.17平米 | 南,https://ke-image.ljcdn.com/110000-inspection/b60744b1-3d9c-4e50-bfa0-5a34ca278ad7_1000.jpg!m_fill,w_280,h_210,f_jpg?from=ke.com
20240219,朝阳,双井,101122375899,东三环 双井 百环家园 东南三居室随时可以看房,870万,62295元/平,中楼层 (共28层) | 2005年 | 3室1厅 | 139.66平米 | 东南,https://ke-image.ljcdn.com/110000-inspection/pc1_cMdE96npj_1.jpg!m_fill,w_280,h_210,f_jpg?from=ke.com
20240219,朝阳,双井,101122369036,70年商品房 满五唯一 舒适双卫 二次装修 随时看房,728万,59982元/平,中楼层 (共33层) 3室1厅 | 121.37平米 | 西南,https://ke-image.ljcdn.com/110000-inspection/pc1_ELQYMswwb_1.jpg!m_fill,w_280,h_210,f_jpg?from=ke.com
20240219,朝阳,双井,101122360352,百环家园高层一居观花园满两年商品房随时签约,330万,57472元/平,高楼层 (共28层) | 2005年 | 1室1厅 | 57.42平米 | 东北,https://ke-image.ljcdn.com/110000-inspection/pc1_oAgs5U6WV.jpg!m_fill,w_280,h_210,f_jpg?from=ke.com
20240219,朝阳,双井,101122348812,双井时代国际嘉园小区 东南北通透三居室 双卧朝南急售房主自荐,1010万,92322元/平,中楼层 (共12层) 3室1厅 | 109.4平米 | 东 南 北,https://ke-image.ljcdn.com/110000-inspection/pc1_f3mPKDvuU_1.jpg!m_fill,w_280,h_210,f_jpg?from=ke.com
20240219,朝阳,双井,101122341157,广渠路36号楼院 户型方正 出行方便,390万,85715元/平,底层 (共22层) 1室0厅 | 45.5平米 | 东,https://ke-image.ljcdn.com/110000-inspection/7675f156-917c-410b-9f3e-bf5be6af4e44_1000.jpg!m_fill,w_280,h_210,f_jpg?from=ke.com
20240219,朝阳,双井,101122329758,满五年唯一商品房 南向采光无遮挡 视野开阔,1220万,111528元/平,中楼层 (共17层) | 2006年 | 2室1厅 | 109.39平米 | 南,https://ke-image.ljcdn.com/110000-inspection/pc1_l1m7Nbs1G.jpg!m_fill,w_280,h_210,f_jpg?from=ke.com
20240219,朝阳,双井,101122329508,九龙花园后排不临街+南向三面宽+诚意出售,1148万,62545元/平,中楼层 (共22层) 3室2厅 | 183.55平米 | 西南,https://ke-image.ljcdn.com/110000-inspection/pc1_cDasHdT6m.jpg!m_fill,w_280,h_210,f_jpg?from=ke.com
20240219,朝阳,双井,101122315464,高楼层 观景好 视野开阔 两层130平米面积,580万,89176元/平,高楼层 (共12层) | 2006年 | 2室2厅 | 65.04平米 | 北,https://ke-image.ljcdn.com/110000-inspection/pc1_Q2M807Zic_1.jpg!m_fill,w_280,h_210,f_jpg?from=ke.com
20240219,朝阳,双井,101122307518,国贸双井双花园南里小区 南北通透三居室 格局好,398万,62618元/平,高楼层 (共6层) 3室1厅 | 63.56平米 | 南 北,https://ke-image.ljcdn.com/110000-inspection/pc1_ZdSvM1Lgl_1.jpg!m_fill,w_280,h_210,f_jpg?from=ke.com
20240219,朝阳,双井,101122288267,双井首城国际精装两居南北通透前后看花园,868万,97869元/平,中楼层 (共28层) 2室1厅 | 88.69平米 | 南 北,https://ke-image.ljcdn.com/110000-inspection/pc1_tRStnQRf9.jpg!m_fill,w_280,h_210,f_jpg?from=ke.com
20240219,朝阳,双井,101122285965,苹果社区北区 2室1厅 东,610万,58262元/平,高楼层 (共33层) 2室1厅 | 104.7平米 | 东,https://ke-image.ljcdn.com/110000-inspection/pc1_g6Zjjadpe_2.jpg!m_fill,w_280,h_210,f_jpg?from=ke.com
20240219,朝阳,双井,101122280164,首城国际D区 2室1厅 南 西 北,855万,95425元/平,高楼层 (共28层) | 2010年 | 2室1厅 | 89.6平米 | 南 西 北,https://ke-image.ljcdn.com/110000-inspection/pc1_GeP5quFwl.jpg!m_fill,w_280,h_210,f_jpg?from=ke.com
20240219,朝阳,双井,101122278452,双花园西里 3室1厅 东 南 西,710万,68250元/平,底层 (共7层) | 1998年 | 3室1厅 | 104.03平米 | 东 南 西,https://ke-image.ljcdn.com/110000-inspection/pc1_F8Bg9pIfV_1.jpg!m_fill,w_280,h_210,f_jpg?from=ke.com
20240219,朝阳,双井,101122263403,首城国际C区 4室2厅 南 北,1799万,95150元/平,低楼层 (共28层) | 2011年 | 4室2厅 | 189.07平米 | 南 北,https://ke-image.ljcdn.com/110000-inspection/pc1_J4AilLOfb.jpg!m_fill,w_280,h_210,f_jpg?from=ke.com
20240219,朝阳,双井,101122258103,富力十号 闹中取静私密四居大平层,4300万,152819元/平,低楼层 (共18层) | 2006年 | 4室1厅 | 281.38平米 | 东 南 北,https://ke-image.ljcdn.com/110000-inspection/pc1_dHKhr41Nw_1.jpg!m_fill,w_280,h_210,f_jpg?from=ke.com
20240219,朝阳,双井,101122257805,时代国际南向三居室满五唯一中间楼层采光好,1080万,99056元/平,中楼层 (共19层) 3室1厅 | 109.03平米 | 南,https://ke-image.ljcdn.com/110000-inspection/pc1_0Mu3sY4Hw_1.jpg!m_fill,w_280,h_210,f_jpg?from=ke.com
20240219,朝阳,双井,101122254385,富力十号 中间楼层一览无余无遮挡景观四居,4788万,165859元/平,低楼层 (共18层) 4室2厅 | 288.68平米 | 西 南 北,https://ke-image.ljcdn.com/110000-inspection/ff036240-cb06-46e6-a45d-cec898e410b2_1000.jpg!m_fill,w_280,h_210,f_jpg?from=ke.com
20240219,朝阳,双井,101122251148,苹果社区南区朝南两居室满两年诚意出售,779万,81155元/平,底层 (共23层) | 2005年 | 2室1厅 | 95.99平米 | 南,https://ke-image.ljcdn.com/110000-inspection/pc1_9WgbRZCB8.jpg!m_fill,w_280,h_210,f_jpg?from=ke.com
20240219,朝阳,双井,101122244395,天之骄子南北通透3居室 满五年唯一 诚意出售,1315万,88019元/平,低楼层 (共12层) | 2006年 | 3室1厅 | 149.4平米 | 南 北,https://ke-image.ljcdn.com/110000-inspection/pc1_BdaMKmT86_1.jpg!m_fill,w_280,h_210,f_jpg?from=ke.com
20240219,朝阳,双井,101122238855,双花园南里 2室1厅 南 北,406万,71179元/平,中楼层 (共6层) | 1989年 | 2室1厅 | 57.04平米 | 南 北,https://ke-image.ljcdn.com/110000-inspection/pc1_8MKKVKSA8_1.jpg!m_fill,w_280,h_210,f_jpg?from=ke.com
20240219,朝阳,双井,101122236446,九龙山家园 正规三居室 诚意出售 看房方便,795万,56324元/平,低楼层 (共22层) | 2001年 | 3室2厅 | 141.15平米 | 东北,https://ke-image.ljcdn.com/110000-inspection/bcc5b9f2-1996-4847-af6f-7f7a3dfc9f5d_1000.jpg!m_fill,w_280,h_210,f_jpg?from=ke.com
20240219,朝阳,双井,101122235438,西南向中间楼层客厅落地阳台采光视野好诚意卖,750万,70344元/平,中楼层 (共20层) | 2001年 | 2室1厅 | 106.62平米 | 西南,https://ke-image.ljcdn.com/110000-inspection/pc1_F3Tsr1mdA.jpg!m_fill,w_280,h_210,f_jpg?from=ke.com
20240219,朝阳,双井,101122222412,满五年唯一商品房 精装修 户型方正无天井,670万,59950元/平,中楼层 (共26层) 2室1厅 | 111.76平米 | 西 北,https://ke-image.ljcdn.com/110000-inspection/pc1_SlYW8l3gI_1.jpg!m_fill,w_280,h_210,f_jpg?from=ke.com
20240219,朝阳,双井,101122209764,首城国际B区 全新装两居室 拎包入住,925万,105162元/平,顶层 (共20层) | 2010年 | 2室1厅 | 87.96平米 | 南,https://ke-image.ljcdn.com/110000-inspection/pc1_nPmaDuDZd_1.jpg!m_fill,w_280,h_210,f_jpg?from=ke.com
20240219,朝阳,双井,101122201635,南北通透三居三阳台人车分流高层无遮挡一梯两户,1200万,71943元/平,中楼层 (共14层) 3室2厅 | 166.8平米 | 南 北,https://ke-image.ljcdn.com/110000-inspection/2e5c556a-452a-4276-a25b-2268c615ef69_1000.jpg!m_fill,w_280,h_210,f_jpg?from=ke.com
20240219,朝阳,双井,101122189065,富力城C区双卫两居一层带独立花园衣帽间只有契税房主自荐,1100万,109792元/平,底层 (共19层) | 2005年 | 2室2厅 | 100.19平米 | 北,https://ke-image.ljcdn.com/110000-inspection/1dacef6c-154f-4864-9c70-313ed20e64ad_1000.jpg!m_fill,w_280,h_210,f_jpg?from=ke.com
20240219,朝阳,双井,101122184726,新政出台 双井首城国际次新房 高层采光视野 首付110万,339万,71474元/平,顶层 (共28层) 1室0厅 | 47.43平米 | 东,https://ke-image.ljcdn.com/110000-inspection/pc1_Cu8tra4V6.jpg!m_fill,w_280,h_210,f_jpg?from=ke.com
20240219,朝阳,双井,101122164530,富力城二期看花园的高层四居室二次装修,2450万,101778元/平,高楼层 (共16层) | 2005年 | 4室2厅 | 240.72平米 | 东南 北,https://ke-image.ljcdn.com/110000-inspection/pc1_Og2UcCu9s_1.jpg!m_fill,w_280,h_210,f_jpg?from=ke.com
20240219,朝阳,双井,101122131631,百环家园满五唯一商品房一居室 高楼层无遮挡 诚意出售房主自荐,340万,58390元/平,中楼层 (共27层) | 2005年 | 1室0厅 | 58.23平米 | 北,https://ke-image.ljcdn.com/110000-inspection/pc1_EzYYj5EaE.jpg!m_fill,w_280,h_210,f_jpg?from=ke.com
20240219,朝阳,双井,101122119484,百环家园满五年唯一商品房 中间楼层 视野开阔 无天井,820万,59724元/平,中楼层 (共26层) | 2005年 | 3室1厅 | 137.3平米 | 东南,https://ke-image.ljcdn.com/110000-inspection/pc1_AmCdmTep9_1.jpg!m_fill,w_280,h_210,f_jpg?from=ke.com
20240219,朝阳,双井,101122079021,苹果社区南区二次装修一年多 满五唯一 看国贸夜景,512万,84294元/平,低楼层 (共27层) 1室1厅 | 60.74平米 | 北,https://ke-image.ljcdn.com/110000-inspection/pc1_9ShjDvzO1.jpg!m_fill,w_280,h_210,f_jpg?from=ke.com
20240219,朝阳,双井,101122078535,满五唯一高层南向采光充足视野好,862万,89736元/平,顶层 (共22层) | 2005年 | 2室1厅 | 96.06平米 | 南,https://ke-image.ljcdn.com/110000-inspection/pc1_wWnoZMJCh_1.jpg!m_fill,w_280,h_210,f_jpg?from=ke.com
20240219,朝阳,双井,101122057220,海关单位房管理好 南北通透 带地下储物间 婚房装修,575万,61485元/平,顶层 (共6层) 2室1厅 | 93.52平米 | 南 北,https://ke-image.ljcdn.com/110000-inspection/pc1_arx7qmwp4_1.jpg!m_fill,w_280,h_210,f_jpg?from=ke.com
20240219,朝阳,双井,101122045685,富力城A区 观景两居室 明厨明卫 采光良好,1100万,111630元/平,低楼层 (共28层) | 2004年 | 2室1厅 | 98.54平米 | 东北,https://ke-image.ljcdn.com/110000-inspection/pc1_LC1cS03xv.jpg!m_fill,w_280,h_210,f_jpg?from=ke.com
20240219,朝阳,双井,101122044244,东三环  环境好   华腾园东南三居室,918万,76564元/平,高楼层 (共25层) | 2001年 | 3室2厅 | 119.9平米 | 东南,https://ke-image.ljcdn.com/110000-inspection/pc1_iBjPjcVzX.jpg!m_fill,w_280,h_210,f_jpg?from=ke.com
20240219,朝阳,双井,101122043394,双井广渠路小区东南中间层两居近地铁装修好,410万,60455元/平,中楼层 (共18层) | 1990年 | 2室1厅 | 67.82平米 | 东南,https://ke-image.ljcdn.com/110000-inspection/pc1_6JFdGP2zj.jpg!m_fill,w_280,h_210,f_jpg?from=ke.com
20240219,朝阳,双井,101122040655,此房安静不临街户型方正好利用无抵押诚意出售,610万,55703元/平,低楼层 (共28层) | 2005年 | 2室1厅 | 109.51平米 | 东,https://ke-image.ljcdn.com/110000-inspection/pc1_3VEm3FpVs.jpg!m_fill,w_280,h_210,f_jpg?from=ke.com
20240219,朝阳,双井,101122032387,首城国际A区 南向一室一厅 采光无遮挡,596万,92561元/平,中楼层 (共18层) | 2010年 | 1室1厅 | 64.39平米 | 南,https://ke-image.ljcdn.com/110000-inspection/pc1_EZZxWb2zn_1.jpg!m_fill,w_280,h_210,f_jpg?from=ke.com
20240219,朝阳,双井,101122032309,百环家园 3室1厅 西南,848万,66054元/平,低楼层 (共28层) | 2005年 | 3室1厅 | 128.38平米 | 西南,https://ke-image.ljcdn.com/110000-inspection/pc1_F00X82uZp.jpg!m_fill,w_280,h_210,f_jpg?from=ke.com
20240219,朝阳,双井,101122032202,首城国际B区 精装可拎包住 前后不临街 交易只有契税,750万,94080元/平,高楼层 (共20层) | 2010年 | 2室1厅 | 79.72平米 | 西北,https://ke-image.ljcdn.com/110000-inspection/23c14a5e-2d9e-4a94-be81-607e74cea62c_1000.jpg!m_fill,w_280,h_210,f_jpg?from=ke.com
20240219,朝阳,双井,101122031067,二次装修 高层观国贸loft 双层使用面积有燃气满五唯一,660万,101477元/平,高楼层 (共12层) | 2006年 | 1室1厅 | 65.04平米 | 北,https://ke-image.ljcdn.com/110000-inspection/pc1_8wSb3f3UC_1.jpg!m_fill,w_280,h_210,f_jpg?from=ke.com
20240219,朝阳,双井,101122004975,华腾园 视野好 采光充足 无遮挡,898万,68760元/平,低楼层 (共28层) | 2001年 | 3室1厅 | 130.6平米 | 西南 北,https://ke-image.ljcdn.com/110000-inspection/pc1_yDKcMihq8_2.jpg!m_fill,w_280,h_210,f_jpg?from=ke.com
20240219,朝阳,双井,101121998714,首城国际B区 中间楼栋两居室  不临街,666万,83932元/平,底层 (共20层) | 2010年 | 2室1厅 | 79.35平米 | 西北,https://ke-image.ljcdn.com/110000-inspection/24df6557-73c7-4230-8bc4-c86cfefd3ac2_1000.jpg!m_fill,w_280,h_210,f_jpg?from=ke.com
20240219,朝阳,双井,101121998696,首城南向两居 两梯四户 中间层看花园 不临街满五唯一,868万,97958元/平,低楼层 (共28层) 2室2厅 | 88.61平米 | 南,https://ke-image.ljcdn.com/110000-inspection/pc1_th8yAGK1x.jpg!m_fill,w_280,h_210,f_jpg?from=ke.com
20240219,朝阳,双井,101121998663,首城国际B区 南向两居室 看花园 满五年唯一,890万,102760元/平,中楼层 (共27层) | 2010年 | 2室1厅 | 86.61平米 | 南,https://ke-image.ljcdn.com/110000-inspection/pc1_JH8fKQLnD.jpg!m_fill,w_280,h_210,f_jpg?from=ke.com
20240219,朝阳,双井,101121998294,东三环 正规一居 看小区花园 满五年商品房房主自荐,328万,57084元/平,低楼层 (共28层) | 2005年 | 1室1厅 | 57.46平米 | 北,https://ke-image.ljcdn.com/110000-inspection/pc1_9ZBMJ2WN4_1.jpg!m_fill,w_280,h_210,f_jpg?from=ke.com
20240219,朝阳,双井,101121997506,东三环国贸高层南向正规一居室 二次装修 拎包入住,570万,79014元/平,顶层 (共12层) | 2006年 | 1室1厅 | 72.14平米 | 南,https://ke-image.ljcdn.com/110000-inspection/pc1_rmqYnB7C4_1.jpg!m_fill,w_280,h_210,f_jpg?from=ke.com
20240219,朝阳,双井,101121995229,富力城D区+一居室+高层观景+视野开阔房主自荐,720万,99917元/平,高楼层 (共13层) | 2006年 | 1室1厅 | 72.06平米 | 北,https://ke-image.ljcdn.com/110000-inspection/cd1338b6-f43e-41e4-b2f6-56239a02c8f5_1000.jpg!m_fill,w_280,h_210,f_jpg?from=ke.com
20240219,朝阳,双井,101121969593,双井 九龙山 明厨明卫一居室 观小区花园景观 闹中取静,480万,59487元/平,中楼层 (共22层) | 1999年 | 1室1厅 | 80.69平米 | 北,https://ke-image.ljcdn.com/110000-inspection/pc1_kIU4Q2aE3_1.jpg!m_fill,w_280,h_210,f_jpg?from=ke.com
20240219,朝阳,双井,101121957938,满五唯一一梯五户低板楼无遮挡出行便利,385万,87421元/平,中楼层 (共12层) | 2006年 | 1室0厅 | 44.04平米 | 北,https://ke-image.ljcdn.com/110000-inspection/pc1_jVoDxrTX5_1.jpg!m_fill,w_280,h_210,f_jpg?from=ke.com
20240219,朝阳,双井,101121955865,A派公寓南北通透两居室精装修视野很好,1168万,111027元/平,中楼层 (共16层) 2室1厅 | 105.2平米 | 南 北,https://ke-image.ljcdn.com/110000-inspection/pc1_6O1wNv47K.jpg!m_fill,w_280,h_210,f_jpg?from=ke.com
20240219,朝阳,双井,101121953981,总价便宜 优质观国贸两居 不临街 采光好,750万,94388元/平,低楼层 (共28层) | 2010年 | 2室1厅 | 79.46平米 | 西北,https://ke-image.ljcdn.com/110000-inspection/25214d55-8771-4cb6-94da-45a98318859f_1000.jpg!m_fill,w_280,h_210,f_jpg?from=ke.com
20240219,朝阳,双井,101121947531,九龙花园南向复式落地阳台采光好,898万,43855元/平,底层 (共14层) | 2000年 | 3室2厅 | 204.77平米 | 南,https://ke-image.ljcdn.com/110000-inspection/211a85dc-31cd-4774-ad53-c1de09e5fe86_1000.jpg!m_fill,w_280,h_210,f_jpg?from=ke.com
20240219,朝阳,双井,101121940841,双井地铁边观花园大一居满五年唯一近国贸,629万,87544元/平,中楼层 (共23层) 1室1厅 | 71.85平米 | 北,https://ke-image.ljcdn.com/110000-inspection/pc1_TjLhgm5Qf.jpg!m_fill,w_280,h_210,f_jpg?from=ke.com
20240219,朝阳,双井,101121899210,非常生活 1室1厅 东,460万,70901元/平,顶层 (共23层) | 2004年 | 1室1厅 | 64.88平米 | 东,https://ke-image.ljcdn.com/110000-inspection/77103038-f007-41b1-b1fd-a000866373e9_1000.jpg!m_fill,w_280,h_210,f_jpg?from=ke.com
20240219,朝阳,双井,101121896651,富力城D区 二次装修 高层南向两居,1280万,118563元/平,顶层 (共14层) | 2007年 | 2室2厅 | 107.96平米 | 南,https://ke-image.ljcdn.com/110000-inspection/pc1_esFyQH5dO.jpg!m_fill,w_280,h_210,f_jpg?from=ke.com
20240219,朝阳,双井,101121894954,合生国际花园中高楼层东南向两居室带阳台,1030万,102072元/平,中楼层 (共18层) | 2007年 | 2室1厅 | 100.91平米 | 东南,https://ke-image.ljcdn.com/110000-inspection/pc1_MIZehqwvm.jpg!m_fill,w_280,h_210,f_jpg?from=ke.com
20240219,朝阳,双井,101121880768,2007年社区北向观国贸夜景净层高5.6米落地窗,498万,81734元/平,中楼层 (共12层) | 2006年 | 2室2厅 | 60.93平米 | 北,https://ke-image.ljcdn.com/110000-inspection/pc1_AZrH4rbuu_1.jpg!m_fill,w_280,h_210,f_jpg?from=ke.com
20240219,朝阳,双井,101121880731,2008年新小区北向观国贸夜景净层高5.6米落地窗,550万,84564元/平,中楼层 (共12层) | 2006年 | 2室2厅 | 65.04平米 | 北,https://ke-image.ljcdn.com/110000-inspection/pc1_vMaBNBOdA_1.jpg!m_fill,w_280,h_210,f_jpg?from=ke.com
20240219,朝阳,双井,101121878710,广馨居 2室1厅 西北,685万,64332元/平,中楼层 (共18层) | 2000年 | 2室1厅 | 106.48平米 | 西北,https://ke-image.ljcdn.com/110000-inspection/330cc3f2-3c23-4093-ba6f-057b90668e6f_1000.jpg!m_fill,w_280,h_210,f_jpg?from=ke.com
20240219,朝阳,双井,101121877703,CBD总部公寓二期 精装修东南一居 高楼层格局方正房主自荐,549万,84985元/平,顶层 (共14层) | 2005年 | 1室1厅 | 64.6平米 | 东南,https://ke-image.ljcdn.com/110000-inspection/pc1_6BUJjQ0X0.jpg!m_fill,w_280,h_210,f_jpg?from=ke.com
20240219,朝阳,双井,101121871412,挑高3.6米南北通透三居满五唯一小区舒适静谧,1250万,74990元/平,低楼层 (共11层) 3室1厅 | 166.69平米 | 南 北,https://ke-image.ljcdn.com/110000-inspection/pc1_t8xRYjAZv.jpg!m_fill,w_280,h_210,f_jpg?from=ke.com
20240219,朝阳,双井,101121848755,南向一居居住安静层高3米、大落地窗有钥匙可看,320万,54091元/平,低楼层 (共21层) | 2008年 | 1室0厅 | 59.16平米 | 南,https://ke-image.ljcdn.com/110000-inspection/be65f4d4-d26e-4dce-a4ad-d6d181fbb434_1000.jpg!m_fill,w_280,h_210,f_jpg?from=ke.com
20240219,朝阳,双井,101121846577,合生国际花园 2室1厅 东 西,950万,95172元/平,中楼层 (共18层) | 2007年 | 2室1厅 | 99.82平米 | 东 西,https://ke-image.ljcdn.com/110000-inspection/pc1_ph0J7Q73s_1.jpg!m_fill,w_280,h_210,f_jpg?from=ke.com
20240219,朝阳,双井,101121844394,东三环  双井  观景大两居  三个阳台  居住舒服,655万,58593元/平,中楼层 (共28层) | 2005年 | 2室1厅 | 111.79平米 | 西北,https://ke-image.ljcdn.com/110000-inspection/pc1_V2ADUcIFE_1.jpg!m_fill,w_280,h_210,f_jpg?from=ke.com
20240219,朝阳,双井,101121827429,时代国际嘉园南向一层两居室正对小区花园 满五唯一,828万,83840元/平,底层 (共19层) | 2006年 | 2室1厅 | 98.76平米 | 南,https://ke-image.ljcdn.com/110000-inspection/pc1_mx0aoRZ1U_1.jpg!m_fill,w_280,h_210,f_jpg?from=ke.com
20240219,朝阳,双井,101121822498,全明格局两居室高楼层无遮挡无天井 诚意卖看房随时,680万,64273元/平,高楼层 (共20层) | 2001年 | 2室1厅 | 105.8平米 | 东 南 西 北,https://ke-image.ljcdn.com/110000-inspection/pc1_QOcdBbAj0_1.jpg!m_fill,w_280,h_210,f_jpg?from=ke.com
20240219,朝阳,双井,101121818980,南北通透一居室客厅卧室朝南卧室落地飘台,455万,73234元/平,高楼层 (共20层) | 2005年 | 1室1厅 | 62.13平米 | 南 北,https://ke-image.ljcdn.com/110000-inspection/pc1_v7Ua4XKRR.jpg!m_fill,w_280,h_210,f_jpg?from=ke.com
20240219,朝阳,双井,101121812752,九龙花园东南看花园+双卫两居室+满五唯一,688万,53734元/平,顶层 (共22层) | 2000年 | 2室1厅 | 128.04平米 | 东,https://ke-image.ljcdn.com/110000-inspection/pc1_PApWp0UtB_1.jpg!m_fill,w_280,h_210,f_jpg?from=ke.com
20240219,朝阳,双井,101121804870,东三环双井 时代国际嘉园 视野开阔 明厨明卫,960万,96125元/平,顶层 (共21层) | 2006年 | 2室2厅 | 99.87平米 | 南 北,https://ke-image.ljcdn.com/110000-inspection/pc1_fOJv6WlqR.jpg!m_fill,w_280,h_210,f_jpg?from=ke.com
20240219,朝阳,双井,101121783543,南北向采光无遮挡通透户型2012年小区。,850万,97983元/平,低楼层 (共28层) 2室1厅 | 86.75平米 | 南 北,https://ke-image.ljcdn.com/110000-inspection/7aca8248-cb0a-4606-9ffb-909a3bb26638_1000.jpg!m_fill,w_280,h_210,f_jpg?from=ke.com
20240219,朝阳,双井,101121783292,百环家园 满五唯一商品房 近地铁市场价格,856万,61310元/平,低楼层 (共28层) | 2005年 | 3室1厅 | 139.62平米 | 西南,https://ke-image.ljcdn.com/110000-inspection/pc1_cwMZpDOjP.jpg!m_fill,w_280,h_210,f_jpg?from=ke.com
20240219,朝阳,双井,101121779995,东三环双井苹果社区南区满五唯一高楼层观景房,440万,79595元/平,高楼层 (共21层) | 2005年 | 1室0厅 | 55.28平米 | 北,https://ke-image.ljcdn.com/110000-inspection/pc1_cZMIocfxa.jpg!m_fill,w_280,h_210,f_jpg?from=ke.com
20240219,朝阳,双井,101121773460,满五唯一客户只交契税南北通透双层使用面积,1250万,63581元/平,高楼层 (共12层) | 2006年 | 4室2厅 | 196.6平米 | 南 北 西,https://ke-image.ljcdn.com/110000-inspection/pc1_rszvPwxsD_1.jpg!m_fill,w_280,h_210,f_jpg?from=ke.com
20240219,朝阳,双井,101121773489,高层观景房双层使用面积满五唯一层高5.6米,520万,79951元/平,高楼层 (共12层) 2室2厅 | 65.04平米 | 北,https://ke-image.ljcdn.com/110000-inspection/pc1_ehHEkdvsd_1.jpg!m_fill,w_280,h_210,f_jpg?from=ke.com
20240219,朝阳,双井,101121770638,高楼层东南向双卫三居满五年唯一08年商品房,860万,58656元/平,高楼层 (共33层) 3室1厅 | 146.62平米 | 东南,https://ke-image.ljcdn.com/110000-inspection/pc1_iPF4A7PbL_1.jpg!m_fill,w_280,h_210,f_jpg?from=ke.com
20240219,朝阳,双井,101121762946,双井时代国际嘉园小区精装修南向正规一居室。,775万,105687元/平,高楼层 (共21层) | 2006年 | 1室1厅 | 73.33平米 | 南,https://ke-image.ljcdn.com/110000-inspection/pc1_KthyzvLih.jpg!m_fill,w_280,h_210,f_jpg?from=ke.com
20240219,朝阳,双井,101121744966,合生国际花园 东院  次顶层 2次精装 次顶采光好 5年1,999万,99950元/平,高楼层 (共18层) | 2008年 | 2室1厅 | 99.95平米 | 东 西,https://ke-image.ljcdn.com/110000-inspection/pc1_BzYGqa5pn.jpg!m_fill,w_280,h_210,f_jpg?from=ke.com
20240219,朝阳,双井,101121741764,东三环双井南向一居室电梯直达阳光无挡,298万,67590元/平,中楼层 (共14层) | 1984年 | 1室1厅 | 44.09平米 | 南,https://ke-image.ljcdn.com/110000-inspection/pc1_C18CVl0ir.jpg!m_fill,w_280,h_210,f_jpg?from=ke.com
20240219,朝阳,双井,101121724206,华腾园二期东南向三居高楼层无遮挡采光好,849万,66055元/平,顶层 (共28层) | 2002年 | 3室1厅 | 128.53平米 | 东南,https://ke-image.ljcdn.com/110000-inspection/pc1_MY7zNlh2C.jpg!m_fill,w_280,h_210,f_jpg?from=ke.com
20240219,朝阳,双井,101121717928,苹果社区北区LOFT 单层面积74.34 净高5.4米 带燃气,684万,92010元/平,低楼层 (共12层) | 2006年 | 3室2厅 | 74.34平米 | 北,https://ke-image.ljcdn.com/110000-inspection/pc1_dvNOhPeCg_1.jpg!m_fill,w_280,h_210,f_jpg?from=ke.com
20240219,朝阳,双井,101121716006,富力城C区二次精装修东南三居 业主诚意出售 无抵押,1400万,110367元/平,中楼层 (共25层) | 2005年 | 3室1厅 | 126.85平米 | 东南,https://ke-image.ljcdn.com/110000-inspection/pc1_f31BgLjnD.jpg!m_fill,w_280,h_210,f_jpg?from=ke.com
20240219,朝阳,双井,101121714662,富力城A区高层全南两居 户型方正 二次精装修 诚意出售,1045万,118106元/平,高楼层 (共28层) | 2004年 | 2室1厅 | 88.48平米 | 南,https://ke-image.ljcdn.com/110000-inspection/pc1_AwnQNwgFz_2.jpg!m_fill,w_280,h_210,f_jpg?from=ke.com
20240219,朝阳,双井,101121657673,东三环南路 3室1厅 东 东北,358万,53473元/平,低楼层 (共16层) | 2001年 | 3室1厅 | 66.95平米 | 东 东北,https://ke-image.ljcdn.com/110000-inspection/70aea9cd-d186-46c6-9b83-28ed9a8c543e_1000.jpg!m_fill,w_280,h_210,f_jpg?from=ke.com
20240219,朝阳,双井,101121654809,东三环 双井 苹果社区南区 高层 跃层双卫两居 诚售,658万,68635元/平,高楼层 (共27层) | 2005年 | 2室2厅 | 95.87平米 | 北,https://ke-image.ljcdn.com/110000-inspection/pc1_4ONnPdZnO_1.jpg!m_fill,w_280,h_210,f_jpg?from=ke.com
20240219,朝阳,双井,101121644832,CBD总部公寓二期 南向一居 格局方正 中间楼层 采光好房主自荐,599万,92653元/平,低楼层 (共14层) | 2005年 | 1室1厅 | 64.65平米 | 西南,https://ke-image.ljcdn.com/110000-inspection/pc1_GaPiAlHeK.jpg!m_fill,w_280,h_210,f_jpg?from=ke.com
20240219,朝阳,双井,101121626636,九龙花园满五唯一+无遮挡+精装自住,699万,71400元/平,低楼层 (共22层) | 1999年 | 2室1厅 | 97.9平米 | 东南,https://ke-image.ljcdn.com/110000-inspection/pc1_1neFFav3Y.jpg!m_fill,w_280,h_210,f_jpg?from=ke.com
20240219,朝阳,双井,101121619221,双井天之骄子东西通透双明卫 自家花园 安静不临街房主自荐,1138万,93957元/平,底层 (共17层) | 2006年 | 3室1厅 | 121.12平米 | 东 西,https://ke-image.ljcdn.com/110000-inspection/pc1_uWROqFPsA.jpg!m_fill,w_280,h_210,f_jpg?from=ke.com
20240219,朝阳,双井,101121609947,双花园西里 南向一居 满五唯一 1997年房 彩光好房主自荐,265万,58166元/平,顶层 (共6层) | 1997年 | 1室1厅 | 45.56平米 | 南,https://ke-image.ljcdn.com/110000-inspection/pc1_xS1mqDUwV_1.jpg!m_fill,w_280,h_210,f_jpg?from=ke.com
20240219,朝阳,双井,101121589804,苹果社区大一居 满五年唯一 高层 观景,588万,92760元/平,高楼层 (共27层) | 2005年 | 1室1厅 | 63.39平米 | 北,https://ke-image.ljcdn.com/110000-inspection/9ede4776-ae8a-4f27-bfbf-1f5d94c89d7c_1000.jpg!m_fill,w_280,h_210,f_jpg?from=ke.com
20240219,朝阳,双井,101121580212,乐成国际小区 边户 南北通透三居室,1388万,95199元/平,低楼层 (共16层) | 2006年 | 3室2厅 | 145.8平米 | 南 北,https://ke-image.ljcdn.com/110000-inspection/6297f880-f087-415f-9873-8b537e465cc3_1000.jpg!m_fill,w_280,h_210,f_jpg?from=ke.com
20240219,朝阳,双井,101121563967,苹果社区北区 2室1厅 北,498万,64718元/平,低楼层 (共33层) | 2007年 | 2室1厅 | 76.95平米 | 北,https://ke-image.ljcdn.com/110000-inspection/pc1_u8vPwOhCh_1.jpg!m_fill,w_280,h_210,f_jpg?from=ke.com
20240219,朝阳,双井,101121556022,广渠路九龙山家园 高楼层 采光好 视野开阔,645万,60953元/平,高楼层 (共20层) | 2001年 | 2室1厅 | 105.82平米 | 东南 西北,https://ke-image.ljcdn.com/110000-inspection/pc1_DtHH1kzo2_1.jpg!m_fill,w_280,h_210,f_jpg?from=ke.com
20240219,朝阳,双井,101121555550,九龙花园 后排不临街+南向三面宽落地阳台+诚意出售房主自荐,958万,64081元/平,低楼层 (共22层) 3室1厅 | 149.5平米 | 东南,https://ke-image.ljcdn.com/110000-inspection/pc1_he6wEn6gi.jpg!m_fill,w_280,h_210,f_jpg?from=ke.com
20240219,朝阳,双井,101121555032,乐成国际  高楼层 南向两居室 看房方便,1200万,110203元/平,中楼层 (共20层) | 2006年 | 2室1厅 | 108.89平米 | 南,https://ke-image.ljcdn.com/110000-inspection/18bfab2f-2597-440f-a664-ba7d7f3eab23_1000.jpg!m_fill,w_280,h_210,f_jpg?from=ke.com
20240219,朝阳,双井,101121549306,九龙花园满五唯一两居室 东向无遮挡,698万,65259元/平,中楼层 (共22层) | 1999年 | 2室1厅 | 106.96平米 | 东,https://ke-image.ljcdn.com/110000-inspection/2846857b-f6e4-4a4f-964d-213bd3b1b9fb_1000.jpg!m_fill,w_280,h_210,f_jpg?from=ke.com
20240219,朝阳,双井,101121510847,时代国际嘉园地铁十号七号线双井站南向一居房主自荐,640万,87277元/平,中楼层 (共21层) 1室1厅 | 73.33平米 | 南,https://ke-image.ljcdn.com/110000-inspection/pc1_b7inun1Sb_1.jpg!m_fill,w_280,h_210,f_jpg?from=ke.com
20240219,朝阳,双井,101121502439,东南向两居 满五年唯一 产权清晰诚意卖,545万,60056元/平,中楼层 (共20层) | 2001年 | 2室1厅 | 90.75平米 | 东南,https://ke-image.ljcdn.com/110000-inspection/cfc3406f-d8b9-4e5e-b695-f330a6053376_1000.jpg!m_fill,w_280,h_210,f_jpg?from=ke.com
20240219,朝阳,双井,101121501127,南北通透大三居 边户 三面采光全明格局,1600万,106277元/平,中楼层 (共17层) | 2006年 | 3室1厅 | 150.55平米 | 南 北,https://ke-image.ljcdn.com/110000-inspection/pc1_kqwaHUmwZ_1.jpg!m_fill,w_280,h_210,f_jpg?from=ke.com
20240219,朝阳,双井,101121492576,九龙花园 一层西向一居户型方正对小区花园,455万,65904元/平,底层 (共22层) | 2001年 | 1室1厅 | 69.04平米 | 西南,https://ke-image.ljcdn.com/110000-inspection/8529eaf0-bc79-4f4e-93b6-5046e549115e_1000.jpg!m_fill,w_280,h_210,f_jpg?from=ke.com
20240219,朝阳,双井,101121485247,华腾园 精装三代同堂三居室 看西山 满五年 家庭一套,1059万,80258元/平,中楼层 (共28层) | 2000年 | 3室2厅 | 131.95平米 | 西南,https://ke-image.ljcdn.com/110000-inspection/pc1_qnVSW5eZu.jpg!m_fill,w_280,h_210,f_jpg?from=ke.com
20240219,朝阳,双井,101121484777,东三环 满五年 家庭一套房 小三居 近地铁 刚需置换,428万,62382元/平,中楼层 (共14层) | 1982年 | 3室1厅 | 68.61平米 | 东南 北,https://ke-image.ljcdn.com/110000-inspection/2619ee13-c42a-47d0-a747-767a543f87eb_1000.jpg!m_fill,w_280,h_210,f_jpg?from=ke.com
20240219,朝阳,双井,101121484550,东三环双井精装两居室采光好视野好,630万,65742元/平,高楼层 (共28层) | 2005年 | 2室1厅 | 95.83平米 | 西南,https://ke-image.ljcdn.com/110000-inspection/pc1_YnZjeQDL3.jpg!m_fill,w_280,h_210,f_jpg?from=ke.com
20240219,朝阳,双井,101121484387,富力城C区东南北大三居 看花园保养好,2156万,105972元/平,低楼层 (共17层) | 2005年 | 3室1厅 | 203.45平米 | 东南 北,https://ke-image.ljcdn.com/110000-inspection/baef2ae8-4353-4915-b7a9-6b18c2b8194f_1000.jpg!m_fill,w_280,h_210,f_jpg?from=ke.com
20240219,朝阳,双井,101121480844,南北通透板楼三居室 诚意卖价格可谈 面积大适合改善,950万,56034元/平,中楼层 (共14层) | 2001年 | 3室1厅 | 169.54平米 | 南 北,https://ke-image.ljcdn.com/110000-inspection/pc1_HN75GM94z_1.jpg!m_fill,w_280,h_210,f_jpg?from=ke.com
20240219,朝阳,双井,101121477965,满五年唯一东南向产权清晰随时签约看房方便,668万,76527元/平,高楼层 (共28层) | 2002年 | 2室2厅 | 87.29平米 | 东南,https://ke-image.ljcdn.com/110000-inspection/pc1_fxJ8X4zZJ.jpg!m_fill,w_280,h_210,f_jpg?from=ke.com
20240219,朝阳,双井,101121476758,华腾园高楼层大两居满五唯一业主急售看房方便,783万,71383元/平,顶层 (共25层) 2室2厅 | 109.69平米 | 东南 北,https://ke-image.ljcdn.com/110000-inspection/pc1_CS3ggESZC.jpg!m_fill,w_280,h_210,f_jpg?from=ke.com
20240219,朝阳,双井,101121471958,百环家园  广渠路66号院  广渠路65号院,340万,57384元/平,高楼层 (共28层) | 2005年 | 1室1厅 | 59.25平米 | 北,https://ke-image.ljcdn.com/110000-inspection/pc1_cEohXmVw6.jpg!m_fill,w_280,h_210,f_jpg?from=ke.com
20240219,朝阳,双井,101121469082,广渠路 正规一居室  南北通透,278万,63053元/平,低楼层 (共14层) | 1984年 | 1室1厅 | 44.09平米 | 南 北,https://ke-image.ljcdn.com/110000-inspection/pc1_SAM7fZQsV.jpg!m_fill,w_280,h_210,f_jpg?from=ke.com
20240219,朝阳,双井,101121459347,富力城A区高层景观两居室采光视野好,1138万,112196元/平,高楼层 (共28层) | 2004年 | 2室1厅 | 101.43平米 | 西南,https://ke-image.ljcdn.com/110000-inspection/pc1_PUQ1NM91M.jpg!m_fill,w_280,h_210,f_jpg?from=ke.com
20240219,朝阳,双井,101121447502,九龙花园 3室1厅 东南,990万,73541元/平,高楼层 (共23层) 3室1厅 | 134.62平米 | 东南,https://ke-image.ljcdn.com/110000-inspection/pc1_xjFyh9WK0.jpg!m_fill,w_280,h_210,f_jpg?from=ke.com
20240219,朝阳,双井,101121445100,首城国际D区 全南两居 采光好 诚意出售 随时看房,810万,91609元/平,底层 (共28层) 2室1厅 | 88.42平米 | 南,https://ke-image.ljcdn.com/110000-inspection/0ac40da5-d6fd-4c5c-b7f5-ae7a591d37e5_1000.jpg!m_fill,w_280,h_210,f_jpg?from=ke.com
20240219,朝阳,双井,101121442719,富力城C区+南向大两居室+每个房间都有阳光,1398万,109751元/平,高楼层 (共19层) | 2005年 | 2室1厅 | 127.38平米 | 南,https://ke-image.ljcdn.com/110000-inspection/pc1_24T9XOzkP.jpg!m_fill,w_280,h_210,f_jpg?from=ke.com
20240219,朝阳,双井,101121438307,华腾园二期 北向一居室 看房方便 诚意出售,415万,70339元/平,顶层 (共28层) | 2003年 | 1室1厅 | 59平米 | 北,https://ke-image.ljcdn.com/110000-inspection/pc1_9Nkem4XK1.jpg!m_fill,w_280,h_210,f_jpg?from=ke.com
20240219,朝阳,双井,101121413591,合生国际花园 2室1厅 南,1160万,96354元/平,中楼层 (共17层) 2室1厅 | 120.39平米 | 南,https://ke-image.ljcdn.com/110000-inspection/pc1_kYdcY8X4z_1.jpg!m_fill,w_280,h_210,f_jpg?from=ke.com
20240219,朝阳,双井,101121413458,满五唯一商品房户型方正没有遮挡视野开阔,640万,57292元/平,顶层 (共28层) | 2005年 | 2室1厅 | 111.71平米 | 西北,https://ke-image.ljcdn.com/110000-inspection/pc1_B3QDzJrUj_1.jpg!m_fill,w_280,h_210,f_jpg?from=ke.com
20240219,朝阳,双井,101121413165,满五唯一东三环边上正规西北一居正观国贸,573万,72258元/平,低楼层 (共14层) 1室1厅 | 79.3平米 | 西北,https://ke-image.ljcdn.com/110000-inspection/pc1_PrGYlsKtP.jpg!m_fill,w_280,h_210,f_jpg?from=ke.com
20240219,朝阳,双井,101121404772,富力城C区 樱花半岛 环境优美 中高楼层 视野好,720万,113244元/平,中楼层 (共25层) | 2005年 | 1室1厅 | 63.58平米 | 北,https://ke-image.ljcdn.com/110000-inspection/pc1_3bKrGW4b8.jpg!m_fill,w_280,h_210,f_jpg?from=ke.com
20240219,朝阳,双井,101121401176,广渠路 2室1厅 东南,465万,65291元/平,中楼层 (共18层) 2室1厅 | 71.22平米 | 东南,https://ke-image.ljcdn.com/110000-inspection/a3762e35-205f-43bc-8c3b-725536463a27_1000.jpg!m_fill,w_280,h_210,f_jpg?from=ke.com
20240219,朝阳,双井,101121400939,满五唯一高层两居室 南向视野采光好,1218万,111345元/平,中楼层 (共17层) | 2006年 | 2室1厅 | 109.39平米 | 南 东南,https://ke-image.ljcdn.com/110000-inspection/8e07b1e5-967b-4eb1-ba04-504378dd65fc_1000.jpg!m_fill,w_280,h_210,f_jpg?from=ke.com
20240219,朝阳,双井,101121397550,富力城A区 满屋唯一 高层视野开阔 安静不临街 无遮挡,585万,91765元/平,高楼层 (共28层) 1室0厅 | 63.75平米 | 北,https://ke-image.ljcdn.com/110000-inspection/pc1_uvATcvqo7_1.jpg!m_fill,w_280,h_210,f_jpg?from=ke.com
20240219,朝阳,双井,101121389043,乐成国际 南北通透三居室 看房方便 中高层,1558万,105485元/平,中楼层 (共20层) | 2006年 | 3室1厅 | 147.7平米 | 南 北,https://ke-image.ljcdn.com/110000-inspection/c6faba55-e137-4e35-beed-22433551b878_1000.jpg!m_fill,w_280,h_210,f_jpg?from=ke.com
20240219,朝阳,双井,101121388155,梦幻首城满五唯一精装修诚意售2010年小区,400万,84034元/平,中楼层 (共22层) | 2010年 | 1室0厅 | 47.6平米 | 西,https://ke-image.ljcdn.com/110000-inspection/pc1_oSl7M4kfm.jpg!m_fill,w_280,h_210,f_jpg?from=ke.com
20240219,朝阳,双井,101121387674,首城国际A区 1室1厅 南,630万,97842元/平,中楼层 (共18层) | 2010年 | 1室1厅 | 64.39平米 | 南,https://ke-image.ljcdn.com/110000-inspection/pc1_Ub1iktiog.jpg!m_fill,w_280,h_210,f_jpg?from=ke.com
20240219,朝阳,双井,101121383774,70年商品房 南向采光 景观花园 复式挑空,646万,99385元/平,中楼层 (共12层) | 2006年 | 2室2厅 | 65平米 | 南,https://ke-image.ljcdn.com/110000-inspection/pc1_WMmPa4Rgw.jpg!m_fill,w_280,h_210,f_jpg?from=ke.com
20240219,朝阳,双井,101121373405,劲松地铁站 附近 南向两居室 采光好 视野好,420万,70958元/平,中楼层 (共16层) | 1986年 | 2室1厅 | 59.19平米 | 西南,https://ke-image.ljcdn.com/110000-inspection/a4791835-ceb4-46b9-bb2a-ea2a39ca0c6d_1000.jpg!m_fill,w_280,h_210,f_jpg?from=ke.com
20240219,朝阳,双井,101121355992,双井首城国际A区南向开间高层满五唯一,510万,93134元/平,高楼层 (共28层) | 2010年 | 1室0厅 | 54.76平米 | 南,https://ke-image.ljcdn.com/110000-inspection/pc1_hzfHJ9VVu.jpg!m_fill,w_280,h_210,f_jpg?from=ke.com
20240219,朝阳,双井,101121355687,九龙花园南北通透一居室 高层视野好 南向大阳台房主自荐,428万,68888元/平,高楼层 (共20层) | 2001年 | 1室1厅 | 62.13平米 | 南 北,https://ke-image.ljcdn.com/110000-inspection/pc1_jHBHj1ERl_1.jpg!m_fill,w_280,h_210,f_jpg?from=ke.com
20240219,朝阳,双井,101121345755,东三环双井一居室双阳台采光好位置好。,308万,64925元/平,底层 (共6层) | 1980年 | 1室1厅 | 47.44平米 | 东,https://ke-image.ljcdn.com/110000-inspection/pc1_wbrbaJqKb.jpg!m_fill,w_280,h_210,f_jpg?from=ke.com
20240219,朝阳,双井,101121345728,百环家园两居室广渠路66号院,670万,67773元/平,中楼层 (共28层) | 2005年 | 2室1厅 | 98.86平米 | 东南 东,https://ke-image.ljcdn.com/110000-inspection/pc1_QIl86GO17_1.jpg!m_fill,w_280,h_210,f_jpg?from=ke.com
20240219,朝阳,双井,101121345694,双井百环家园东南三居室满五年采光好诚意出售,750万,53702元/平,底层 (共28层) 3室2厅 | 139.66平米 | 东南,https://ke-image.ljcdn.com/110000-inspection/pc1_qg5J9us88.jpg!m_fill,w_280,h_210,f_jpg?from=ke.com
20240219,朝阳,双井,101121342699,双井东环18南向双卫两居室 精装修未住过,1160万,91210元/平,高楼层 (共14层) | 2002年 | 2室1厅 | 127.18平米 | 南,https://ke-image.ljcdn.com/110000-inspection/pc1_FNQeOon9t.jpg!m_fill,w_280,h_210,f_jpg?from=ke.com
20240219,朝阳,双井,101121340806,富力城C区 3室1厅 西南 北,2280万,106408元/平,高楼层 (共18层) | 2005年 | 3室1厅 | 214.27平米 | 西南 北,https://ke-image.ljcdn.com/110000-inspection/pc1_qB35lQIeu.jpg!m_fill,w_280,h_210,f_jpg?from=ke.com
20240219,朝阳,双井,101121326347,首城国际B区 精装两居、安静不临街、观花园、采光好,980万,111415元/平,中楼层 (共20层) 2室1厅 | 87.96平米 | 南,https://ke-image.ljcdn.com/110000-inspection/pc1_opNCHbmRd.jpg!m_fill,w_280,h_210,f_jpg?from=ke.com
20240219,朝阳,双井,101121320453,合生国际花园 小三居 观花园 不临街 无遮挡房主自荐,950万,88769元/平,低楼层 (共18层) | 2007年 | 2室1厅 | 107.02平米 | 东 西,https://ke-image.ljcdn.com/110000-inspection/585e2961-17fb-4815-af00-f2d46d8ab10c_1000.jpg!m_fill,w_280,h_210,f_jpg?from=ke.com
20240219,朝阳,双井,101121304180,2013年社区 首城国际 南北带明卫两居 业主诚意出售,868万,97748元/平,低楼层 (共28层) | 2011年 | 2室1厅 | 88.8平米 | 西南 北,https://ke-image.ljcdn.com/110000-inspection/pc1_GJgHXf1r7.jpg!m_fill,w_280,h_210,f_jpg?from=ke.com
20240219,朝阳,双井,101121279834,双花园西里南北两居室、客厅带大窗户,320万,53210元/平,地下室 (共6层) 2室1厅 | 60.14平米 | 南 北,https://ke-image.ljcdn.com/110000-inspection/pc1_i5Ovxrs4P.jpg!m_fill,w_280,h_210,f_jpg?from=ke.com
20240219,朝阳,双井,101121277411,富力城C区全南向三居 二梯三户不临街看花园 格局好,1690万,105619元/平,低楼层 (共20层) | 2005年 | 3室2厅 | 160.01平米 | 南,https://ke-image.ljcdn.com/110000-inspection/pc1_34ABxbHGX.jpg!m_fill,w_280,h_210,f_jpg?from=ke.com
20240219,朝阳,双井,101121258854,富力城A区南向高层一居室 装修好 拎包入住 双地铁房主自荐,780万,111844元/平,中楼层 (共28层) | 2004年 | 1室1厅 | 69.74平米 | 南,https://ke-image.ljcdn.com/110000-inspection/pc1_7CPKVxweD.jpg!m_fill,w_280,h_210,f_jpg?from=ke.com
20240219,朝阳,双井,101121253523,苹果社区北区 高层 西南双卫三居 格局好 没有暗间,799万,54678元/平,中楼层 (共33层) 3室1厅 | 146.13平米 | 西南,https://ke-image.ljcdn.com/110000-inspection/pc1_rZ1D3b2mh_1.jpg!m_fill,w_280,h_210,f_jpg?from=ke.com
20240219,朝阳,双井,101121226064,高层南向复式 面宽8米 层高5.4米 双卫生间 双层面积大,900万,76065元/平,高楼层 (共21层) 3室2厅 | 118.32平米 | 南,https://ke-image.ljcdn.com/110000-inspection/pc1_5FFNCEqu7.jpg!m_fill,w_280,h_210,f_jpg?from=ke.com
20240219,朝阳,双井,101121225620,中间楼层 南排采光无遮挡南北两居房主自荐,870万,100613元/平,低楼层 (共28层) | 2010年 | 2室1厅 | 86.47平米 | 南 北,https://ke-image.ljcdn.com/110000-inspection/4399e2db-2a62-44ac-95f9-1e1fac386a2d_1000.jpg!m_fill,w_280,h_210,f_jpg?from=ke.com
20240219,朝阳,双井,101121222828,九龙花园 三面南向正规四居 诚意出售,1488万,63441元/平,中楼层 (共22层) | 2001年 | 4室2厅 | 234.55平米 | 东南,https://ke-image.ljcdn.com/110000-inspection/pc1_miwWIuUW3.jpg!m_fill,w_280,h_210,f_jpg?from=ke.com
20240219,朝阳,双井,101121219420,东三环双井百环家园满五年唯一高层两居位置好,550万,57412元/平,顶层 (共28层) | 2005年 | 2室1厅 | 95.8平米 | 西南,https://ke-image.ljcdn.com/110000-inspection/pc1_4GEZ0Kkwl_1.jpg!m_fill,w_280,h_210,f_jpg?from=ke.com
20240219,朝阳,双井,101121216976,九龙花园次顶层+后排不临街+满五唯一+动静分离+精装修房主自荐,1098万,53622元/平,高楼层 (共14层) | 1999年 | 3室2厅 | 204.77平米 | 南 北,https://ke-image.ljcdn.com/110000-inspection/pc1_d7EuU4KF1.jpg!m_fill,w_280,h_210,f_jpg?from=ke.com
20240219,朝阳,双井,101121214124,乐成国际 南向二居室 诚意出售,1120万,102857元/平,低楼层 (共20层) | 2006年 | 2室1厅 | 108.89平米 | 南,https://ke-image.ljcdn.com/110000-inspection/7362fba9-542d-4f7c-950b-ef99c17b9ed5_1000.jpg!m_fill,w_280,h_210,f_jpg?from=ke.com
20240219,朝阳,双井,101121205631,首城国际B区中高层业主诚意出售看房提前约,798万,104232元/平,中楼层 (共27层) | 2010年 | 2室1厅 | 76.56平米 | 东北,https://ke-image.ljcdn.com/110000-inspection/pc1_um0sOzGU5.jpg!m_fill,w_280,h_210,f_jpg?from=ke.com
20240219,朝阳,双井,101121202489,东三环华腾园高楼层视野好近十号线地铁,880万,66231元/平,高楼层 (共28层) | 2000年 | 3室2厅 | 132.87平米 | 西南 北,https://ke-image.ljcdn.com/110000-inspection/3fbe414f-197f-4ed9-8c67-ffacbae98da7_1000.jpg!m_fill,w_280,h_210,f_jpg?from=ke.com
20240219,朝阳,双井,101121200103,双井富力城南北三居交通便利带小花园方便看房房主自荐,2350万,128606元/平,底层 (共15层) | 2005年 | 3室2厅 | 182.73平米 | 南 北,https://ke-image.ljcdn.com/110000-inspection/00ce6b84-4b79-4c4f-9f0a-77d660d66440_1000.jpg!m_fill,w_280,h_210,f_jpg?from=ke.com
20240219,朝阳,双井,101121181943,龙吟半岛南向2居2卫带储物间满5年唯1 中层采光好,1398万,121344元/平,低楼层 (共22层) | 2006年 | 2室1厅 | 115.21平米 | 南,https://ke-image.ljcdn.com/110000-inspection/pc1_VhUnlznIv_1.jpg!m_fill,w_280,h_210,f_jpg?from=ke.com
20240219,朝阳,双井,101121178339,富力城A区东南角三居室安静无遮挡,1235万,100554元/平,低楼层 (共26层) | 2004年 | 3室2厅 | 122.82平米 | 东南,https://ke-image.ljcdn.com/110000-inspection/pc1_Kk3bregev.jpg!m_fill,w_280,h_210,f_jpg?from=ke.com
20240219,朝阳,双井,101121171773,南向复式次顶层 面宽8.1米层高5.4米 满五唯一,920万,77756元/平,高楼层 (共20层) 3室1厅 | 118.32平米 | 南,https://ke-image.ljcdn.com/110000-inspection/pc1_OqG0D8cNM.jpg!m_fill,w_280,h_210,f_jpg?from=ke.com
20240219,朝阳,双井,101121171494,华腾园满五年唯一复式格局不临街边户三面采光,1968万,64323元/平,底层 (共28层) | 2003年 | 4室2厅 | 305.96平米 | 西南 北,https://ke-image.ljcdn.com/110000-inspection/29ee1f4f-dba0-4d2c-9150-ad926e6e1832_1000.jpg!m_fill,w_280,h_210,f_jpg?from=ke.com
20240219,朝阳,双井,101121165754,2011年社区 前后不临街看花园 带明卫 餐客分离,1699万,106809元/平,中楼层 (共28层) | 2011年 | 3室2厅 | 159.07平米 | 南 北,https://ke-image.ljcdn.com/110000-inspection/pc1_Do4X0EOkF.jpg!m_fill,w_280,h_210,f_jpg?from=ke.com
20240219,朝阳,双井,101121162179,华腾园二期 西南两居室 满五年 家庭一套房 安静不临街,780万,73509元/平,高楼层 (共25层) | 2003年 | 2室2厅 | 106.11平米 | 西南,https://ke-image.ljcdn.com/110000-inspection/pc1_SnDQFebLk.jpg!m_fill,w_280,h_210,f_jpg?from=ke.com
20240219,朝阳,双井,101121148614,华腾园 无天井户型 户型方正 精装修,795万,85118元/平,低楼层 (共28层) 2室1厅 | 93.4平米 | 东南 北,https://ke-image.ljcdn.com/110000-inspection/pc1_iZcCzLnHf.jpg!m_fill,w_280,h_210,f_jpg?from=ke.com
20240219,朝阳,双井,101121137324,时代国际高层南北通透两居满五唯一看房随时,899万,93384元/平,高楼层 (共19层) 2室1厅 | 96.27平米 | 南 北,https://ke-image.ljcdn.com/110000-inspection/pc1_33w4HVvyA_1.jpg!m_fill,w_280,h_210,f_jpg?from=ke.com
20240219,朝阳,双井,101121114022,龙吟半岛不临街高层四居室有阳台眼镜户型,2780万,114953元/平,高楼层 (共21层) | 2006年 | 4室2厅 | 241.84平米 | 东南 北,https://ke-image.ljcdn.com/110000-inspection/pc1_ZYNMmalg0.jpg!m_fill,w_280,h_210,f_jpg?from=ke.com
20240219,朝阳,双井,101121095104,九龙花园南北通透三居室 精装修,985万,61876元/平,低楼层 (共14层) | 2001年 | 3室1厅 | 159.19平米 | 南 北,https://ke-image.ljcdn.com/110000-inspection/b4c6821a-d3ab-43b7-96bf-de70c3a6d161_1000.jpg!m_fill,w_280,h_210,f_jpg?from=ke.com
20240219,朝阳,双井,101121080864,苹果社区南区正规一居满五唯一朝小区花园无遮挡,480万,79669元/平,低楼层 (共22层) | 2005年 | 1室1厅 | 60.25平米 | 北,https://ke-image.ljcdn.com/110000-inspection/pc1_rvJN6KLD9.jpg!m_fill,w_280,h_210,f_jpg?from=ke.com
20240219,朝阳,双井,101121080320,乐成国际 2室1厅 东 西,1199万,104689元/平,高楼层 (共13层) | 2006年 | 2室1厅 | 114.53平米 | 东 西,https://ke-image.ljcdn.com/110000-inspection/pc1_1lrRZxY1h_1.jpg!m_fill,w_280,h_210,f_jpg?from=ke.com
20240219,朝阳,双井,101121073124,双井地铁时代国际嘉园南北通透两居前后不临街！,779万,83665元/平,底层 (共12层) | 2006年 | 2室1厅 | 93.11平米 | 南 北,https://ke-image.ljcdn.com/110000-inspection/pc1_3wOsOfK8a.jpg!m_fill,w_280,h_210,f_jpg?from=ke.com
20240219,朝阳,双井,101121073108,百环家园 东南两居 商品房 采光好 户型方正,550万,54880元/平,低楼层 (共28层) | 2005年 | 2室1厅 | 100.22平米 | 东南,https://ke-image.ljcdn.com/110000-inspection/3594f195-85e8-494f-b21e-98e14a71edc7_1000.jpg!m_fill,w_280,h_210,f_jpg?from=ke.com
20240219,朝阳,双井,101121072157,富力城百万装修前后观景高购买价高无增值税,2880万,122403元/平,低楼层 (共14层) | 2006年 | 4室2厅 | 235.29平米 | 南 北,https://ke-image.ljcdn.com/110000-inspection/pc1_0AEM1aHvt_1.jpg!m_fill,w_280,h_210,f_jpg?from=ke.com
20240219,朝阳,双井,101121059240,富力城C区 一层 南向三居室 安静不临街房主自荐,2100万,125015元/平,底层 (共17层) | 2005年 | 3室1厅 | 167.98平米 | 南,https://ke-image.ljcdn.com/110000-inspection/pc1_DJvvQbzHK_1.jpg!m_fill,w_280,h_210,f_jpg?from=ke.com
20240219,朝阳,双井,101121057838,国贸-双井东三环优质两居满五年可贷款,313万,54874元/平,高楼层 (共6层) | 1989年 | 2室1厅 | 57.04平米 | 南 北,https://ke-image.ljcdn.com/110000-inspection/pc1_cbfbDk0Ql.jpg!m_fill,w_280,h_210,f_jpg?from=ke.com
20240219,朝阳,双井,101121023788,世桥国贸 满五年.在京唯一高层精装修两居 拎包入住房主自荐,1020万,86434元/平,高楼层 (共12层) | 2003年 | 2室1厅 | 118.01平米 | 东 西,https://ke-image.ljcdn.com/110000-inspection/pc1_doTTlpne2.jpg!m_fill,w_280,h_210,f_jpg?from=ke.com
20240219,朝阳,双井,101121019840,双井 南向一居室  满五年 位置好,308万,68369元/平,低楼层 (共14层) | 1984年 | 1室1厅 | 45.05平米 | 南,https://ke-image.ljcdn.com/110000-inspection/pc1_pBvM3fZKx_1.jpg!m_fill,w_280,h_210,f_jpg?from=ke.com
20240219,朝阳,双井,101120994150,东三环 双井 九龙花园 次顶层两居室 观中国尊,599万,63589元/平,高楼层 (共22层) 2室1厅 | 94.2平米 | 西北,https://ke-image.ljcdn.com/110000-inspection/pc1_GbfJzJJjp.jpg!m_fill,w_280,h_210,f_jpg?from=ke.com
20240219,朝阳,双井,101120972083,房子是北向看花园的两居室视野清新层高三米三,823万,96359元/平,底层 (共18层) | 2004年 | 2室1厅 | 85.41平米 | 北,https://ke-image.ljcdn.com/110000-inspection/pc1_X5SAKX2fB_1.jpg!m_fill,w_280,h_210,f_jpg?from=ke.com
20240219,朝阳,双井,101120958235,国贸双井南观花园北观国贸明卫 采光好,1330万,95444元/平,低楼层 (共24层) | 2007年 | 3室2厅 | 139.35平米 | 南 北,https://ke-image.ljcdn.com/110000-inspection/pc1_Z5UWpwB3v.jpg!m_fill,w_280,h_210,f_jpg?from=ke.com
20240219,朝阳,双井,101120943401,CBD总部公寓二期 中间层 全明格局 南北通透三居室,1350万,104047元/平,中楼层 (共24层) | 2005年 | 3室1厅 | 129.75平米 | 南 北,https://ke-image.ljcdn.com/110000-inspection/pc1_Wv9pTTRDx_1.jpg!m_fill,w_280,h_210,f_jpg?from=ke.com
20240219,朝阳,双井,101120929024,双井 九龙花园 满五唯一商品房 东向高层视野开阔,639万,59742元/平,顶层 (共22层) | 2000年 | 2室1厅 | 106.96平米 | 东,https://ke-image.ljcdn.com/110000-inspection/pc1_wVW7hAjYi.jpg!m_fill,w_280,h_210,f_jpg?from=ke.com
20240219,朝阳,双井,101120922174,双花园西里无遮挡大一居室视野开阔,320万,67044元/平,顶层 (共6层) | 1994年 | 1室0厅 | 47.73平米 | 东,https://ke-image.ljcdn.com/110000-inspection/6a003fb1-19e8-44f8-939e-0af8bff93d0a_1000.jpg!m_fill,w_280,h_210,f_jpg?from=ke.com
20240219,朝阳,双井,101120922139,富力城A区南北通透二居明厨明卫 双阳台 二梯四户板楼,1080万,105315元/平,顶层 (共18层) | 2004年 | 2室1厅 | 102.55平米 | 南 北,https://ke-image.ljcdn.com/110000-inspection/pc1_ueEBOQoBP.jpg!m_fill,w_280,h_210,f_jpg?from=ke.com
20240219,朝阳,双井,101120917434,房本满五年原网签价416万精装修可拎包入住,610万,63575元/平,顶层 (共6层) 2室2厅 | 95.95平米 | 南 北,https://ke-image.ljcdn.com/110000-inspection/3a55d1cd-b08e-4fd0-979d-a61d2aa63887_1000.jpg!m_fill,w_280,h_210,f_jpg?from=ke.com
20240219,朝阳,双井,101120911756,国贸CBD双井合生国际花园南北通透三居双明卫只有契税,1299万,99893元/平,低楼层 (共18层) | 2007年 | 3室1厅 | 130.04平米 | 南 北,https://ke-image.ljcdn.com/110000-inspection/87888586-8f80-4e0d-b6df-5418e046fe45_1000.jpg!m_fill,w_280,h_210,f_jpg?from=ke.com
20240219,朝阳,双井,101120911458,富力城A区 正规一室一厅 视野开阔 国贸景观尽收眼底房主自荐,585万,126789元/平,高楼层 (共26层) | 2004年 | 1室1厅 | 46.14平米 | 北,https://ke-image.ljcdn.com/110000-inspection/pc1_x94oClQIw_1.jpg!m_fill,w_280,h_210,f_jpg?from=ke.com
20240219,朝阳,双井,101120906938,苹果社区北区 3室2厅 西南,899万,61315元/平,高楼层 (共33层) 3室2厅 | 146.62平米 | 西南,https://ke-image.ljcdn.com/110000-inspection/pc1_tBwo09dMt_1.jpg!m_fill,w_280,h_210,f_jpg?from=ke.com
20240219,朝阳,双井,101120906915,满五唯一 近地铁 高层看花园没遮挡边户明卫 只有契税,425万,92836元/平,高楼层 (共22层) | 2010年 | 1室0厅 | 45.78平米 | 西北,https://ke-image.ljcdn.com/110000-inspection/pc1_zsxVb8xsR.jpg!m_fill,w_280,h_210,f_jpg?from=ke.com
20240219,朝阳,双井,101120904220,此房满五唯一大两居高层采光好有大阳台住着舒服,710万,58702元/平,高楼层 (共22层) | 2000年 | 2室1厅 | 120.95平米 | 西,https://ke-image.ljcdn.com/110000-inspection/pc1_k6iK61E6p.jpg!m_fill,w_280,h_210,f_jpg?from=ke.com
20240219,朝阳,双井,101120875730,商品房社区/精装修/东向开间诚意出售/满五唯一,497万,77608元/平,低楼层 (共14层) | 2005年 | 1室0厅 | 64.04平米 | 东,https://ke-image.ljcdn.com/110000-inspection/pc1_RgqwVFXk5.jpg!m_fill,w_280,h_210,f_jpg?from=ke.com
20240219,朝阳,双井,101120870602,九龙花园高层两居室 满五唯一 诚意出售,618万,62311元/平,顶层 (共20层) | 2001年 | 2室1厅 | 99.18平米 | 北 西南,https://ke-image.ljcdn.com/110000-inspection/pc1_5wS4tSseE_1.jpg!m_fill,w_280,h_210,f_jpg?from=ke.com
20240219,朝阳,双井,101120868988,首城国际B区 2室1厅 东 南 北房主自荐,949万,107002元/平,高楼层 (共28层) | 2011年 | 2室1厅 | 88.69平米 | 东 南 北,https://ke-image.ljcdn.com/110000-inspection/5365d3d5-7e4f-4302-ae6d-dbe905083e18_1000.jpg!m_fill,w_280,h_210,f_jpg?from=ke.com
20240219,朝阳,双井,101120867235,天之骄子北排南北三居室明厨明卫 满五唯一,1330万,94186元/平,低楼层 (共12层) | 2006年 | 3室2厅 | 141.21平米 | 南 北,https://ke-image.ljcdn.com/110000-inspection/pc1_uF6aGhPL2.jpg!m_fill,w_280,h_210,f_jpg?from=ke.com
20240219,朝阳,双井,101120864131,怡馨园部长楼 顶层大复式 央产房,2148万,78809元/平,顶层 (共24层) | 1998年 | 5室3厅 | 272.56平米 | 东南,https://ke-image.ljcdn.com/110000-inspection/pc1_vJolpAjE2_1.jpg!m_fill,w_280,h_210,f_jpg?from=ke.com
20240219,朝阳,双井,101120855572,格局好落地阳台面积大居住舒适卧室南北通透不临街,1080万,51103元/平,中楼层 (共14层) | 1999年 | 3室2厅 | 211.34平米 | 南 北,https://ke-image.ljcdn.com/110000-inspection/pc1_yNJaxZWaf.jpg!m_fill,w_280,h_210,f_jpg?from=ke.com
20240219,朝阳,双井,101120844896,富力城C区观花园四居室三面不临街安静满五唯一,2290万,95132元/平,低楼层 (共16层) | 2005年 | 4室1厅 | 240.72平米 | 东 南 北,https://ke-image.ljcdn.com/110000-inspection/pc1_WwfNuH899_1.jpg!m_fill,w_280,h_210,f_jpg?from=ke.com
20240219,朝阳,双井,101120838798,小区楼皇位置 高楼层 视野开阔无遮挡 满五年唯一,1158万,106503元/平,高楼层 (共21层) | 2006年 | 2室1厅 | 108.73平米 | 南,https://ke-image.ljcdn.com/110000-inspection/pc1_TorxlJkaV_1.jpg!m_fill,w_280,h_210,f_jpg?from=ke.com
20240219,朝阳,双井,101120803437,广渠路 2室1厅 东北,419万,57421元/平,中楼层 (共18层) | 1990年 | 2室1厅 | 72.97平米 | 东北,https://ke-image.ljcdn.com/110000-inspection/pc1_8tMSP5XXa_1.jpg!m_fill,w_280,h_210,f_jpg?from=ke.com
20240219,朝阳,双井,101120797610,封闭设社区南向两居2个卫生间三口之家,895万,85868元/平,低楼层 (共17层) | 2006年 | 2室1厅 | 104.23平米 | 南,https://ke-image.ljcdn.com/110000-inspection/pc1_QnAwMs5XI.jpg!m_fill,w_280,h_210,f_jpg?from=ke.com
20240219,朝阳,双井,101120779679,合生国际一区西区全南看花园三居室,1410万,103123元/平,低楼层 (共24层) | 2007年 | 3室2厅 | 136.73平米 | 南,https://ke-image.ljcdn.com/110000-inspection/pc1_r1XAjhAw5_2.jpg!m_fill,w_280,h_210,f_jpg?from=ke.com
20240219,朝阳,双井,101120778792,首城国际B区 精装 高层 南北通透  安静不临街,950万,106551元/平,顶层 (共28层) | 2012年 | 3室1厅 | 89.16平米 | 南 北,https://ke-image.ljcdn.com/110000-inspection/95d37d92-4f8d-455a-bf3d-8dd6dda8b144_1000.jpg!m_fill,w_280,h_210,f_jpg?from=ke.com
20240219,朝阳,双井,101120754180,九龙花园 高层一居 户型方正观景位置,521万,64569元/平,高楼层 (共22层) | 1999年 | 1室1厅 | 80.69平米 | 北,https://ke-image.ljcdn.com/110000-inspection/pc1_gYqAr6tj7_1.jpg!m_fill,w_280,h_210,f_jpg?from=ke.com
20240219,朝阳,双井,101120752780,华腾园 三期 精装一居 满五唯一 正对中国尊,485万,80153元/平,中楼层 (共24层) | 2003年 | 1室1厅 | 60.51平米 | 北,https://ke-image.ljcdn.com/110000-inspection/pc1_7Q4YNOsq1.jpg!m_fill,w_280,h_210,f_jpg?from=ke.com
20240219,朝阳,双井,101120752169,双花园南里二区二环边上近国贸高楼层采光时间长,570万,72797元/平,高楼层 (共22层) | 2002年 | 1室1厅 | 78.3平米 | 西南,https://ke-image.ljcdn.com/110000-inspection/92c9e446-c059-49c9-97da-76600b35a57a_1000.jpg!m_fill,w_280,h_210,f_jpg?from=ke.com
20240219,朝阳,双井,101120748180,满五唯一高层南向一居室诚意卖看房随时,710万,102869元/平,高楼层 (共28层) | 2004年 | 1室1厅 | 69.02平米 | 南,https://ke-image.ljcdn.com/110000-inspection/pc1_dDwIC3ZEJ_1.jpg!m_fill,w_280,h_210,f_jpg?from=ke.com
20240219,朝阳,双井,101120747879,精装一居朝东向采光棒近地铁200米满五年唯一！,488万,85122元/平,低楼层 (共21层) | 2006年 | 1室0厅 | 57.33平米 | 东,https://ke-image.ljcdn.com/110000-inspection/pc1_prNtZP6b4.jpg!m_fill,w_280,h_210,f_jpg?from=ke.com
20240219,朝阳,双井,101120744882,九龙花园 后排精装双卫两居室 不临街正看花园,743万,62733元/平,中楼层 (共22层) | 1999年 | 2室1厅 | 118.44平米 | 西南,https://ke-image.ljcdn.com/110000-inspection/pc1_2TnjVamEl_1.jpg!m_fill,w_280,h_210,f_jpg?from=ke.com
20240219,朝阳,双井,101120742968,满五年唯一商品房户型方正无天井采光充足,549万,52132元/平,低楼层 (共28层) | 2005年 | 2室1厅 | 105.31平米 | 东北,https://ke-image.ljcdn.com/110000-inspection/pc1_inmgLPiv5.jpg!m_fill,w_280,h_210,f_jpg?from=ke.com
20240219,朝阳,双井,101120742916,东三环 封闭式商品房  南向双卫三居室 采光好,948万,80668元/平,低楼层 (共28层) 3室2厅 | 117.52平米 | 南,https://ke-image.ljcdn.com/110000-inspection/1a172706-ffb7-44cb-91eb-d6b8e05eb9dd_1000.jpg!m_fill,w_280,h_210,f_jpg?from=ke.com
20240219,朝阳,双井,101120734670,满五年唯一 净高3.6米 东南北通透四居室 不临街,1520万,73363元/平,低楼层 (共14层) | 2002年 | 4室3厅 | 207.19平米 | 东 南 北,https://ke-image.ljcdn.com/110000-inspection/5c4a01b5-0279-43b8-bf64-5aa238bc4749_1000.jpg!m_fill,w_280,h_210,f_jpg?from=ke.com
20240219,朝阳,双井,101120722463,广渠路九龙山家园 次顶层 采光好 诚意卖房主自荐,495万,61384元/平,高楼层 (共22层) | 2001年 | 1室2厅 | 80.64平米 | 北,https://ke-image.ljcdn.com/110000-inspection/24019446-36bb-46e0-8cd0-46089887dd25_1000.jpg!m_fill,w_280,h_210,f_jpg?from=ke.com
20240219,朝阳,双井,101120716164,双井 广渠路 商品房近地铁 看房随时,558万,58223元/平,低楼层 (共28层) | 2005年 | 2室1厅 | 95.84平米 | 西南,https://ke-image.ljcdn.com/110000-inspection/pc1_kaxSmpgxc.jpg!m_fill,w_280,h_210,f_jpg?from=ke.com
20240219,朝阳,双井,101120711630,华腾园二期一居室 户型方正  视野好房主自荐,495万,82158元/平,中楼层 (共25层) | 2003年 | 1室1厅 | 60.25平米 | 北,https://ke-image.ljcdn.com/110000-inspection/pc1_kYd6D3ANM.jpg!m_fill,w_280,h_210,f_jpg?from=ke.com
20240219,朝阳,双井,101120711556,华腾园东南两室看花园 视野采光无遮挡,666万,72133元/平,底层 (共25层) | 2003年 | 2室1厅 | 92.33平米 | 东南,https://ke-image.ljcdn.com/110000-inspection/pc1_vfXKGYCHF.jpg!m_fill,w_280,h_210,f_jpg?from=ke.com
20240219,朝阳,双井,101120698862,九龙花园后排精装两居室 户型方正房主自荐,668万,70703元/平,高楼层 (共23层) | 2003年 | 2室1厅 | 94.48平米 | 西南 北,https://ke-image.ljcdn.com/110000-inspection/pc1_CNkPHd8Ci.jpg!m_fill,w_280,h_210,f_jpg?from=ke.com
20240219,朝阳,双井,101120694478,国贸双井 A派公寓 小众高品质 环境优美 带阳台 采光好,950万,102283元/平,底层 (共16层) | 2008年 | 2室1厅 | 92.88平米 | 南,https://ke-image.ljcdn.com/110000-inspection/pc1_sFBJ3lFtw.jpg!m_fill,w_280,h_210,f_jpg?from=ke.com
20240219,朝阳,双井,101120692114,东三环内满五年唯一南向双卫复式,1080万,89709元/平,低楼层 (共17层) | 2008年 | 2室2厅 | 120.39平米 | 南,https://ke-image.ljcdn.com/110000-inspection/7ce25f3e-a322-4b90-a58e-9eeeee7febee_1000.jpg!m_fill,w_280,h_210,f_jpg?from=ke.com
20240219,朝阳,双井,101120690772,满五唯一商品房户型方正 后排安静对小区花园,708万,63379元/平,中楼层 (共28层) | 2005年 | 2室1厅 | 111.71平米 | 东北,https://ke-image.ljcdn.com/110000-inspection/pc1_5BiPUM0SD_1.jpg!m_fill,w_280,h_210,f_jpg?from=ke.com
20240219,朝阳,双井,101120687897,富力城B区南向双卫两居格局方正采光好房主自荐,1188万,112479元/平,低楼层 (共14层) | 2005年 | 2室1厅 | 105.62平米 | 南,https://ke-image.ljcdn.com/110000-inspection/pc1_HXqRTm041.jpg!m_fill,w_280,h_210,f_jpg?from=ke.com
20240219,朝阳,双井,101120686883,满五年唯一  观花园  层高2.8米,485万,87736元/平,顶层 (共21层) | 2005年 | 1室0厅 | 55.28平米 | 北,https://ke-image.ljcdn.com/110000-inspection/1d14b1a5-07a2-4a20-8c8e-4eabe52e25f1_1000.jpg!m_fill,w_280,h_210,f_jpg?from=ke.com
20240219,朝阳,双井,101120686626,华腾园满五唯一 满配精装花园HOME 二期户型购房优选,865万,65685元/平,中楼层 (共28层) | 2002年 | 3室1厅 | 131.69平米 | 南 西 北,https://ke-image.ljcdn.com/110000-inspection/pc1_SEYGlvFTo.jpg!m_fill,w_280,h_210,f_jpg?from=ke.com
20240219,朝阳,双井,101120678250,双花园南里一区 西向大两居 精装修拎包入住,729万,60273元/平,低楼层 (共22层) 2室1厅 | 120.95平米 | 西,https://ke-image.ljcdn.com/110000-inspection/pc1_3zTOC1FII_1.jpg!m_fill,w_280,h_210,f_jpg?from=ke.com
20240219,朝阳,双井,101120672974,苹果社区南区 1室1厅 北,730万,101530元/平,中楼层 (共22层) | 2005年 | 1室1厅 | 71.9平米 | 北,https://ke-image.ljcdn.com/110000-inspection/pc1_EYtqP0Dri_1.jpg!m_fill,w_280,h_210,f_jpg?from=ke.com
20240219,朝阳,双井,101120655568,东三环劲松地铁口两居满五唯一看房方便价格可谈,328万,51654元/平,顶层 (共16层) | 1986年 | 2室1厅 | 63.5平米 | 东 北,https://ke-image.ljcdn.com/110000-inspection/b8cc8922-b003-4afd-9274-3b2fa0115411_1000.jpg!m_fill,w_280,h_210,f_jpg?from=ke.com
20240219,朝阳,双井,101120652730,东三环劲松华腾园西南朝向无遮挡三居商品房,899万,77188元/平,中楼层 (共28层) | 2001年 | 3室2厅 | 116.47平米 | 西南,https://ke-image.ljcdn.com/110000-inspection/2821d115-02e4-464f-a54e-5edfbaa2c8dd_1000.jpg!m_fill,w_280,h_210,f_jpg?from=ke.com
20240219,朝阳,双井,101120639078,百环家园 广渠路66号院 双井商圈,710万,63529元/平,中楼层 (共28层) | 2005年 | 2室1厅 | 111.76平米 | 东北,https://ke-image.ljcdn.com/110000-inspection/pc1_3OyiH4A7b.jpg!m_fill,w_280,h_210,f_jpg?from=ke.com
20240219,朝阳,双井,101120629279,华腾园160平 满五年唯一 看房方便 无抵押户口随时签约,1280万,80000元/平,低楼层 (共28层) 5室2厅 | 160平米 | 西 西北,https://ke-image.ljcdn.com/110000-inspection/pc1_Ebew6spOo.jpg!m_fill,w_280,h_210,f_jpg?from=ke.com
20240219,朝阳,双井,101120628882,华腾园 3室1厅 南,980万,80699元/平,顶层 (共25层) 3室1厅 | 121.44平米 | 南,https://ke-image.ljcdn.com/110000-inspection/5f67e43a-ea6b-4cbe-95c0-26259e859cda_1000.jpg!m_fill,w_280,h_210,f_jpg?from=ke.com
20240219,朝阳,双井,101120627046,广渠路九龙山家园 后排不临街 安静 采光好,729万,63205元/平,低楼层 (共22层) | 2001年 | 2室1厅 | 115.34平米 | 西南,https://ke-image.ljcdn.com/110000-inspection/pc1_BeJwo6IIS_1.jpg!m_fill,w_280,h_210,f_jpg?from=ke.com
20240219,朝阳,双井,101120623665,百环家园西南大三居  满五年唯一,910万,65140元/平,低楼层 (共28层) | 2005年 | 3室2厅 | 139.7平米 | 西南,https://ke-image.ljcdn.com/110000-inspection/pc1_HpTMM595J_1.jpg!m_fill,w_280,h_210,f_jpg?from=ke.com
20240219,朝阳,双井,101120622834,华腾园 精装修 看房方便 拎包入住,535万,83883元/平,低楼层 (共25层) 2室1厅 | 63.78平米 | 西北,https://ke-image.ljcdn.com/110000-inspection/pc1_uxtEr9TCC_2.jpg!m_fill,w_280,h_210,f_jpg?from=ke.com
20240219,朝阳,双井,101120622385,华腾园 三居室 看花园 无遮挡,885万,67194元/平,低楼层 (共28层) | 2002年 | 3室2厅 | 131.71平米 | 西南 北,https://ke-image.ljcdn.com/110000-inspection/99ce7604-a26b-4622-ae4e-5b3070487fa3_1000.jpg!m_fill,w_280,h_210,f_jpg?from=ke.com
20240219,朝阳,双井,101120611727,富力十号 位置好 楼层好 眼镜户型  安静四居,4200万,166179元/平,高楼层 (共10层) | 2012年 | 4室2厅 | 252.74平米 | 南 北,https://ke-image.ljcdn.com/110000-inspection/pc1_nyZpA60lV.jpg!m_fill,w_280,h_210,f_jpg?from=ke.com
20240219,朝阳,双井,101120599528,双井东三环单价5万多住宅大面宽落地窗层高3米,620万,51534元/平,低楼层 (共21层) 2室1厅 | 120.31平米 | 南,https://ke-image.ljcdn.com/110000-inspection/pc1_YhMdwzvas_1.jpg!m_fill,w_280,h_210,f_jpg?from=ke.com
20240219,朝阳,双井,101120595023,全明格局南北通透小区中间安静敞亮满五唯一,990万,111625元/平,中楼层 (共28层) 2室1厅 | 88.69平米 | 东 南 北,https://ke-image.ljcdn.com/110000-inspection/c1416a8f-e5e8-42f6-9137-901575c7ca36_1000.jpg!m_fill,w_280,h_210,f_jpg?from=ke.com
20240219,朝阳,双井,101120558093,总监推荐 富力城A区一期建筑质量好  西南安静双卫房主自荐,1038万,102712元/平,低楼层 (共28层) | 2004年 | 2室1厅 | 101.06平米 | 西南,https://ke-image.ljcdn.com/110000-inspection/pc1_eL2PEUvgP.jpg!m_fill,w_280,h_210,f_jpg?from=ke.com
20240219,朝阳,双井,101120526523,世桥国贸东西通透两居室高楼层视野好无遮挡诚意卖,960万,82895元/平,中楼层 (共12层) | 2003年 | 2室1厅 | 115.81平米 | 东 西,https://ke-image.ljcdn.com/110000-inspection/pc1_EJlCJoOlZ.jpg!m_fill,w_280,h_210,f_jpg?from=ke.com
20240219,朝阳,双井,101120517516,华腾园 中间楼层 西南三居室 安静不临街 观小区花园,909万,70723元/平,中楼层 (共28层) | 2002年 | 3室2厅 | 128.53平米 | 西南,https://ke-image.ljcdn.com/110000-inspection/pc1_cbmSYyAU0.jpg!m_fill,w_280,h_210,f_jpg?from=ke.com
20240219,朝阳,双井,101120505577,D区优质一居室 有平台可用 满五唯一 方便看房主自荐,630万,89846元/平,低楼层 (共8层) | 2006年 | 1室1厅 | 70.12平米 | 北,https://ke-image.ljcdn.com/110000-inspection/pc1_bwQp6GHn3.jpg!m_fill,w_280,h_210,f_jpg?from=ke.com
20240219,朝阳,双井,101120478016,双花园南里 3室1厅 南 北,395万,57505元/平,地下室 (共6层) | 1989年 | 3室1厅 | 68.69平米 | 南 北,https://ke-image.ljcdn.com/110000-inspection/pc1_z68pS9ene.jpg!m_fill,w_280,h_210,f_jpg?from=ke.com
20240219,朝阳,双井,101120477538,高层南向复式 总层高5.6米 面宽7.8米 空间大 近国贸房主自荐,930万,77301元/平,高楼层 (共21层) 3室2厅 | 120.31平米 | 南,https://ke-image.ljcdn.com/110000-inspection/pc1_YdidtjH6u_1.jpg!m_fill,w_280,h_210,f_jpg?from=ke.com
20240219,朝阳,双井,101120436715,世桥国贸 南北朝向四居 8.9平米阳台 业主在京一套住房,1480万,89205元/平,高楼层 (共12层) | 2003年 | 4室1厅 | 165.91平米 | 南 北,https://ke-image.ljcdn.com/110000-inspection/pc1_2YXAh9tm9.jpg!m_fill,w_280,h_210,f_jpg?from=ke.com
20240219,朝阳,双井,101120434715,首城国际A 区精装修开间观小区花园,425万,90426元/平,低楼层 (共28层) | 2010年 | 1室0厅 | 47平米 | 西,https://ke-image.ljcdn.com/110000-inspection/pc1_m5mwEfdRi.jpg!m_fill,w_280,h_210,f_jpg?from=ke.com
20240219,朝阳,双井,101120426583,双井时代国际 东向开间 满五年唯一 业主急售房主自荐,458万,80848元/平,顶层 (共21层) 1室0厅 | 56.65平米 | 东,https://ke-image.ljcdn.com/110000-inspection/pc1_EHgQyResR_1.jpg!m_fill,w_280,h_210,f_jpg?from=ke.com
20240219,朝阳,双井,101120381904,富力十号独立合院 精装修 居住很舒适 自带3个车库,6700万,138809元/平,底层 (共3层) | 2012年 | 5室3厅 | 482.68平米 | 南 北,https://ke-image.ljcdn.com/110000-inspection/pc1_8JrisIJJn.jpg!m_fill,w_280,h_210,f_jpg?from=ke.com
20240219,朝阳,双井,101120374177,双井桥南东三环南路边户三居室精装修拎包入住,340万,52373元/平,顶层 (共6层) | 1980年 | 3室1厅 | 64.92平米 | 东 西,https://ke-image.ljcdn.com/110000-inspection/pc1_6B6vAVMKF.jpg!m_fill,w_280,h_210,f_jpg?from=ke.com
20240219,朝阳,双井,101120354952,苹果社区 大复式 高层观国贸 满五唯一 落地窗 楼龄新,1000万,76424元/平,高楼层 (共21层) 4室2厅 | 130.85平米 | 东北,https://ke-image.ljcdn.com/110000-inspection/pc1_mSURgMoFo_1.jpg!m_fill,w_280,h_210,f_jpg?from=ke.com
20240219,朝阳,双井,101120354898,富力城B区少见的两居北向观国贸夜景,666.6万,135433元/平,高楼层 (共12层) | 2004年 | 1室1厅 | 49.22平米 | 东 北,https://ke-image.ljcdn.com/110000-inspection/pc1_eAXIGszsK_1.jpg!m_fill,w_280,h_210,f_jpg?from=ke.com
20240219,朝阳,双井,101120331832,东三环双井 双卧南向带阳台 户型方正,538万,60785元/平,低楼层 (共18层) | 1991年 | 3室1厅 | 88.51平米 | 西南,https://ke-image.ljcdn.com/110000-inspection/pc1_F6sweKG4M.jpg!m_fill,w_280,h_210,f_jpg?from=ke.com
20240219,朝阳,双井,101120327871,时代国际嘉园 1室0厅 北,369万,90686元/平,低楼层 (共21层) | 2006年 | 1室0厅 | 40.69平米 | 北,https://ke-image.ljcdn.com/110000-inspection/pc1_OQ8ealwrl.jpg!m_fill,w_280,h_210,f_jpg?from=ke.com
20240219,朝阳,双井,101120299346,南向观花园 满五唯一 二次装修 自住保养 诚意出售,990万,90017元/平,中楼层 (共27层) 2室1厅 | 109.98平米 | 南,https://ke-image.ljcdn.com/110000-inspection/pc1_KNMQTcPyc.jpg!m_fill,w_280,h_210,f_jpg?from=ke.com
20240219,朝阳,双井,101120267813,双井东院全南两居室 地铁7号线10号线双井站,380万,66749元/平,高楼层 (共6层) | 1980年 | 2室0厅 | 56.93平米 | 南,https://ke-image.ljcdn.com/110000-inspection/pc1_cctj3KA6M.jpg!m_fill,w_280,h_210,f_jpg?from=ke.com
20240219,朝阳,双井,101120248980,富力城A区 满五唯一 两梯六户 两居两卫 安静不临街,1150万,116704元/平,中楼层 (共28层) 2室1厅 | 98.54平米 | 东北,https://ke-image.ljcdn.com/110000-inspection/pc1_MPGij6PVn_1.jpg!m_fill,w_280,h_210,f_jpg?from=ke.com
20240219,朝阳,双井,101120235928,天之骄子南北通透三居北排不临街看花园明厨明卫,1250万,88502元/平,低楼层 (共9层) | 2006年 | 3室2厅 | 141.24平米 | 南 北,https://ke-image.ljcdn.com/110000-inspection/pc1_1OGebQBjE.jpg!m_fill,w_280,h_210,f_jpg?from=ke.com
20240219,朝阳,双井,101120223946,首城国际C区在京唯一住房满五年诚意出售,1460万,98796元/平,中楼层 (共28层) | 2011年 | 3室1厅 | 147.78平米 | 南,https://ke-image.ljcdn.com/110000-inspection/pc1_KYES2VUPh.jpg!m_fill,w_280,h_210,f_jpg?from=ke.com
20240219,朝阳,双井,101120176057,华腾园 精装修 拎包入住 看房方便,515万,80747元/平,低楼层 (共25层) | 2000年 | 2室1厅 | 63.78平米 | 北,https://ke-image.ljcdn.com/110000-inspection/55dac86d-8dc4-4332-be4d-2139848326c3_1000.jpg!m_fill,w_280,h_210,f_jpg?from=ke.com
20240219,朝阳,双井,101120149718,国贸双井满五唯一精装修给周期交通便利房主自荐,510万,65419元/平,底层 (共22层) | 2002年 | 1室1厅 | 77.96平米 | 西南,https://ke-image.ljcdn.com/110000-inspection/pc1_NZBIFYP7L.jpg!m_fill,w_280,h_210,f_jpg?from=ke.com
20240219,朝阳,双井,101120134836,非常生活满五年唯一诚意出售,298万,71378元/平,低楼层 (共23层) | 2004年 | 1室0厅 | 41.75平米 | 北,https://ke-image.ljcdn.com/110000-inspection/pc1_xK5CYayeH.jpg!m_fill,w_280,h_210,f_jpg?from=ke.com
20240219,朝阳,双井,101120126966,九龙花园 后排观景两居室 位置安静视野好 诚意出售,708万,56836元/平,中楼层 (共22层) | 1999年 | 2室1厅 | 124.57平米 | 南 北,https://ke-image.ljcdn.com/110000-inspection/pc1_TFNGpQZZI.jpg!m_fill,w_280,h_210,f_jpg?from=ke.com
20240219,朝阳,双井,101120124908,苹果社区北区 观景房 楼层高 视野无遮挡,800万,89346元/平,中楼层 (共12层) 2室1厅 | 89.54平米 | 北,https://ke-image.ljcdn.com/110000-inspection/pc1_3x9yc4CWT_1.jpg!m_fill,w_280,h_210,f_jpg?from=ke.com
20240219,朝阳,双井,101120123245,富力城A区 北向两居带阳台 业主诚意出售,870万,99714元/平,低楼层 (共26层) | 2004年 | 2室1厅 | 87.25平米 | 北,https://ke-image.ljcdn.com/110000-inspection/1a8015b0-ba22-4627-b908-ec303004ab62_1000.jpg!m_fill,w_280,h_210,f_jpg?from=ke.com
20240219,朝阳,双井,101120071686,富力城D区精装一居室满五唯一只有契税随时签约,708万,100469元/平,低楼层 (共14层) | 2007年 | 1室1厅 | 70.47平米 | 北,https://ke-image.ljcdn.com/110000-inspection/pc1_AAgsjvgpP_1.jpg!m_fill,w_280,h_210,f_jpg?from=ke.com
20240219,朝阳,双井,101120071257,合生国际花园西向一室一厅高层、视野、采光好,650万,99985元/平,顶层 (共18层) 1室1厅 | 65.01平米 | 西,https://ke-image.ljcdn.com/110000-inspection/264f8a9b-244e-49a6-b5f8-05d46f555004_1000.jpg!m_fill,w_280,h_210,f_jpg?from=ke.com
20240219,朝阳,双井,101120065402,精装南向两居  金地物业管理 居住舒适度高 业主诚意,1128万,103687元/平,低楼层 (共16层) | 2006年 | 2室2厅 | 108.79平米 | 东南,https://ke-image.ljcdn.com/110000-inspection/pc1_YN7gPPQaX_1.jpg!m_fill,w_280,h_210,f_jpg?from=ke.com
20240219,朝阳,双井,101120017693,二次装修 满五唯一 正规两居室 视野开阔无遮挡,645万,67817元/平,低楼层 (共33层) | 2007年 | 2室1厅 | 95.11平米 | 西北,https://ke-image.ljcdn.com/110000-inspection/pc1_mSJN86jsb.jpg!m_fill,w_280,h_210,f_jpg?from=ke.com
20240219,朝阳,双井,101119996517,富力城B区 安静两居 低密度人车分流社区 户型方正,890万,98944元/平,中楼层 (共12层) | 2004年 | 2室1厅 | 89.95平米 | 西北,https://ke-image.ljcdn.com/110000-inspection/pc1_uourl1cZy.jpg!m_fill,w_280,h_210,f_jpg?from=ke.com
20240219,朝阳,双井,101119995518,东三环 双井 精装修 复式双卫两居室  满五年唯一 诚售,1009万,82937元/平,高楼层 (共27层) | 2005年 | 3室2厅 | 121.66平米 | 东北,https://ke-image.ljcdn.com/110000-inspection/pc1_uNT4XQT4Z_1.jpg!m_fill,w_280,h_210,f_jpg?from=ke.com
20240219,朝阳,双井,101119986347,双井时代国际带燃气开间落地阳台二次装修！,380万,91921元/平,高楼层 (共12层) | 2006年 | 1室0厅 | 41.34平米 | 北,https://ke-image.ljcdn.com/110000-inspection/pc1_wGerJkwwh_1.jpg!m_fill,w_280,h_210,f_jpg?from=ke.com
20240219,朝阳,双井,101119938266,CBD总部公寓二期81.8平大一居近国贸诚意出售,669万,81745元/平,低楼层 (共14层) | 2005年 | 1室1厅 | 81.84平米 | 西,https://ke-image.ljcdn.com/110000-inspection/pc1_Ld5nlLDb9.jpg!m_fill,w_280,h_210,f_jpg?from=ke.com
20240219,朝阳,双井,101119892587,双花园南里二区西南大一居满五位一高楼层采光好,550万,70243元/平,高楼层 (共22层) 2室1厅 | 78.3平米 | 西南,https://ke-image.ljcdn.com/110000-inspection/pc1_zuQv0B17L.jpg!m_fill,w_280,h_210,f_jpg?from=ke.com
20240219,朝阳,双井,101119881184,双井黄木厂6号院全明两居精装修满五年唯一,368万,61933元/平,顶层 (共6层) 2室1厅 | 59.42平米 | 南,https://ke-image.ljcdn.com/110000-inspection/pc1_1Yjj1l05H.jpg!m_fill,w_280,h_210,f_jpg?from=ke.com
20240219,朝阳,双井,101119865581,富力城C区正规一室一厅安静不临街,660万,99804元/平,中楼层 (共25层) | 2005年 | 1室1厅 | 66.13平米 | 北,https://ke-image.ljcdn.com/110000-inspection/db5eff5c-7fdd-4470-842b-4acd29b19f3c_1000.jpg!m_fill,w_280,h_210,f_jpg?from=ke.com
20240219,朝阳,双井,101119856171,楼层好视野宽阔不临街直观小区花园业主诚意,520万,83294元/平,中楼层 (共28层) | 2004年 | 1室0厅 | 62.43平米 | 北,https://ke-image.ljcdn.com/110000-inspection/pc1_Bq5GYlwAj_1.jpg!m_fill,w_280,h_210,f_jpg?from=ke.com
20240219,朝阳,双井,101119855400,富力城A区一层西南北朝向观小区花园双卫两居室,915万,101408元/平,底层 (共26层) | 2004年 | 2室1厅 | 90.23平米 | 西南 北,https://ke-image.ljcdn.com/110000-inspection/pc1_N1lQyMggj_1.jpg!m_fill,w_280,h_210,f_jpg?from=ke.com
20240219,朝阳,双井,101119835999,富力城A区 2室1厅 南,1000万,112512元/平,高楼层 (共28层) | 2004年 | 2室1厅 | 88.88平米 | 南,https://ke-image.ljcdn.com/110000-inspection/pc1_3JYPgOwH1.jpg!m_fill,w_280,h_210,f_jpg?from=ke.com
20240219,朝阳,双井,101119835910,富力城A区满五唯一高层看房找链家,615万,100000元/平,高楼层 (共28层) | 2004年 | 1室0厅 | 61.5平米 | 北,https://ke-image.ljcdn.com/110000-inspection/4cf9d4ed-f12e-498b-b4eb-ea6fa66b9917_1000.jpg!m_fill,w_280,h_210,f_jpg?from=ke.com
20240219,朝阳,双井,101119772648,急售 4米1大面宽广角 富力城C区 五年唯一 安静不临街,980万,108204元/平,低楼层 (共25层) | 2005年 | 2室1厅 | 90.57平米 | 东 北,https://ke-image.ljcdn.com/110000-inspection/pc1_YX6vZKeBl.jpg!m_fill,w_280,h_210,f_jpg?from=ke.com
20240219,朝阳,双井,101119699607,双井东院南向一居室户型无浪费业主诚意出售随时看,315万,67684元/平,中楼层 (共14层) 1室1厅 | 46.54平米 | 南 北,https://ke-image.ljcdn.com/110000-inspection/pc1_ZxJdhIbpM.jpg!m_fill,w_280,h_210,f_jpg?from=ke.com
20240219,朝阳,双井,101119662902,富力城A区 满五唯一 次顶层 阳台,1100万,126176元/平,高楼层 (共28层) | 2004年 | 2室1厅 | 87.18平米 | 西南,https://ke-image.ljcdn.com/110000-inspection/pc1_lkNX9Utwk.jpg!m_fill,w_280,h_210,f_jpg?from=ke.com
20240219,朝阳,双井,101119646264,东三环 国贸后花园 苹果社区 双卫复式 二次装修,780万,81361元/平,中楼层 (共27层) | 2005年 | 2室1厅 | 95.87平米 | 北,https://ke-image.ljcdn.com/110000-inspection/a66a1f01-7d14-4f9d-b68c-47c56b763921_1000.jpg!m_fill,w_280,h_210,f_jpg?from=ke.com
20240219,朝阳,双井,101119630623,合生国际高层精装观花园朝南两居室,1035万,101501元/平,顶层 (共24层) 2室1厅 | 101.97平米 | 南,https://ke-image.ljcdn.com/110000-inspection/a8f07f3d-38d8-4eae-82f1-c0117ef3d0a3_1000.jpg!m_fill,w_280,h_210,f_jpg?from=ke.com
20240219,朝阳,双井,101119629676,合生汇旁 2011年社区 首城国际 高层眼镜户型三居,1850万,106267元/平,高楼层 (共28层) 3室1厅 | 174.09平米 | 南 北,https://ke-image.ljcdn.com/110000-inspection/pc1_4Mkh2ERAk.jpg!m_fill,w_280,h_210,f_jpg?from=ke.com
20240219,朝阳,双井,101119595409,三阳户型 满五年唯一 三环边 商品房 华腾园 高楼层,1260万,90628元/平,高楼层 (共28层) 3室2厅 | 139.03平米 | 西南,https://ke-image.ljcdn.com/110000-inspection/2daa0221-6cd2-49fe-b7d0-072daa07c3e9_1000.jpg!m_fill,w_280,h_210,f_jpg?from=ke.com
20240219,朝阳,双井,101119580891,乐成国际 南北把边三居  精装 业主诚意卖 满五年唯一,1625万,111546元/平,低楼层 (共21层) | 2006年 | 3室1厅 | 145.68平米 | 南 西 北,https://ke-image.ljcdn.com/110000-inspection/pc1_yfjkmLxwa_2.jpg!m_fill,w_280,h_210,f_jpg?from=ke.com
20240219,朝阳,双井,101119580475,富力城D区 东南北四居 三面采光看小区花园 安静不临街,2780万,117078元/平,中楼层 (共21层) 4室2厅 | 237.45平米 | 东 南 北,https://ke-image.ljcdn.com/110000-inspection/cb176b87-70c3-48df-8442-211091a21ff0_1000.jpg!m_fill,w_280,h_210,f_jpg?from=ke.com
20240219,朝阳,双井,101119554488,九龙花园南北大两居双卫设计小区后排不临街邻双井地铁,699万,56774元/平,低楼层 (共22层) 2室1厅 | 123.12平米 | 南 北,https://ke-image.ljcdn.com/110000-inspection/pc1_t03qya3c4.jpg!m_fill,w_280,h_210,f_jpg?from=ke.com
20240219,朝阳,双井,101119552557,富力城A区高层东北全明格局带有大阳台的一居二次装修,669万,97779元/平,高楼层 (共28层) | 2004年 | 1室1厅 | 68.42平米 | 东,https://ke-image.ljcdn.com/110000-inspection/pc1_ruLLqP8jk_1.jpg!m_fill,w_280,h_210,f_jpg?from=ke.com
20240219,朝阳,双井,101119503945,富力城D区两居室看花园很安静提前沟通可看房,1080万,115682元/平,低楼层 (共16层) 2室1厅 | 93.36平米 | 东北,https://ke-image.ljcdn.com/110000-inspection/pc1_eBvgCLnaZ.jpg!m_fill,w_280,h_210,f_jpg?from=ke.com
20240219,朝阳,双井,101119493771,CBD国贸双井地铁边精致两居高层观国贸满五年唯一房主自荐,666万,96174元/平,中楼层 (共27层) | 2005年 | 2室1厅 | 69.25平米 | 北,https://ke-image.ljcdn.com/110000-inspection/pc1_nq0LrHqwR.jpg!m_fill,w_280,h_210,f_jpg?from=ke.com
20240219,朝阳,双井,101119476338,九龙山家园  后排不临街 采光好,749万,61718元/平,高楼层 (共22层) | 1999年 | 2室1厅 | 121.36平米 | 东南,https://ke-image.ljcdn.com/110000-inspection/pc1_H0PBq0W5d.jpg!m_fill,w_280,h_210,f_jpg?from=ke.com
20240219,朝阳,双井,101119467598,满五唯一很安静采光好南北通透三居品质楼盘,1432万,97177元/平,低楼层 (共16层) | 2006年 | 3室2厅 | 147.36平米 | 南 北,https://ke-image.ljcdn.com/110000-inspection/pc1_rQINYq1Dg.jpg!m_fill,w_280,h_210,f_jpg?from=ke.com
20240219,朝阳,双井,101119438071,业主诚意 看房方便 看花园 不临街,736万,53103元/平,低楼层 (共26层) | 2005年 | 3室1厅 | 138.6平米 | 西南,https://ke-image.ljcdn.com/110000-inspection/pc1_rgaj9y6vM.jpg!m_fill,w_280,h_210,f_jpg?from=ke.com
20240219,朝阳,双井,101119433835,世桥国贸  全南向大复式 采光充足 居住舒适,1740万,76730元/平,底层 (共12层) | 2003年 | 3室2厅 | 226.77平米 | 南,https://ke-image.ljcdn.com/110000-inspection/bdbd9c9a-f232-48d2-8c16-bc68e430d26b_1000.jpg!m_fill,w_280,h_210,f_jpg?from=ke.com
20240219,朝阳,双井,101119433194,合生国际花园中高层精装全南两居室。,1199万,98619元/平,中楼层 (共17层) | 2008年 | 2室1厅 | 121.58平米 | 南,https://ke-image.ljcdn.com/110000-inspection/pc1_wCWiLUedW.jpg!m_fill,w_280,h_210,f_jpg?from=ke.com
20240219,朝阳,双井,101119390883,苹果社区北区70年产权住宅 高层视野好 南向采光好,989万,82096元/平,顶层 (共21层) 5室2厅 | 120.47平米 | 南,https://ke-image.ljcdn.com/110000-inspection/pc1_x33Bf9Ixu.jpg!m_fill,w_280,h_210,f_jpg?from=ke.com
20240219,朝阳,双井,101119371903,富力城A区 1室0厅 北,590万,94506元/平,中楼层 (共28层) | 2004年 | 1室0厅 | 62.43平米 | 北,https://ke-image.ljcdn.com/110000-inspection/pc1_KpWq4qVEF.jpg!m_fill,w_280,h_210,f_jpg?from=ke.com
20240219,朝阳,双井,101119363508,东三环华腾园南向三居室无遮挡视野好唯一住房！,1060万,85025元/平,中楼层 (共28层) | 2002年 | 3室2厅 | 124.67平米 | 南,https://ke-image.ljcdn.com/110000-inspection/pc1_oMA71vQ8e_2.jpg!m_fill,w_280,h_210,f_jpg?from=ke.com
20240219,朝阳,双井,101119351729,合生国际东北观景两居室业主诚意出售,879万,90694元/平,中楼层 (共24层) | 2008年 | 2室1厅 | 96.92平米 | 东北,https://ke-image.ljcdn.com/110000-inspection/pc1_EnXgApgAE.jpg!m_fill,w_280,h_210,f_jpg?from=ke.com
20240219,朝阳,双井,101119351591,富力城D区 观花园高层一居 位置安静视野好 下楼即地铁,730万,101842元/平,顶层 (共14层) | 2008年 | 1室1厅 | 71.68平米 | 北,https://ke-image.ljcdn.com/110000-inspection/pc1_sRbNdhAw9.jpg!m_fill,w_280,h_210,f_jpg?from=ke.com
20240219,朝阳,双井,101119302541,富力城C区 仅需契税 采光无遮挡 房屋安静不临街,1463万,114980元/平,高楼层 (共20层) | 2005年 | 2室1厅 | 127.24平米 | 南,https://ke-image.ljcdn.com/110000-inspection/pc1_t6PSrSSxf.jpg!m_fill,w_280,h_210,f_jpg?from=ke.com
20240219,朝阳,双井,101119291307,满五年唯一无抵押南向两居高层无遮挡采光好,410万,70038元/平,高楼层 (共18层) | 1991年 | 2室1厅 | 58.54平米 | 南,https://ke-image.ljcdn.com/110000-inspection/pc1_HpjSYYhzZ.jpg!m_fill,w_280,h_210,f_jpg?from=ke.com
20240219,朝阳,双井,101119241488,天之骄子 南北通透4居复式  业主诚意出售 满五年唯一,2200万,98461元/平,高楼层 (共12层) | 2006年 | 4室2厅 | 223.44平米 | 南 北,https://ke-image.ljcdn.com/110000-inspection/prod-58d2b595-c825-4c7d-bed8-5422fdd61f20.jpg!m_fill,w_280,h_210,f_jpg?from=ke.com
20240219,朝阳,双井,101119229195,高楼层正规一居室视野开阔 观国贸,709万,113295元/平,高楼层 (共28层) | 2004年 | 1室1厅 | 62.58平米 | 北,https://ke-image.ljcdn.com/110000-inspection/pc1_4IFOKSBLe.jpg!m_fill,w_280,h_210,f_jpg?from=ke.com
20240219,朝阳,双井,101119221381,高楼层带落地飘窗窗外无遮挡视野好,383万,64740元/平,高楼层 (共20层) | 2008年 | 1室0厅 | 59.16平米 | 南,https://ke-image.ljcdn.com/110000-inspection/pc1_dVXpU4zbL_1.jpg!m_fill,w_280,h_210,f_jpg?from=ke.com
20240219,朝阳,双井,101119133441,双井地铁50米南北通透两居室格局棒前后不临街,410万,67379元/平,高楼层 (共6层) | 1980年 | 2室1厅 | 60.85平米 | 南 北,https://ke-image.ljcdn.com/110000-inspection/pc1_rGZcucUcq.jpg!m_fill,w_280,h_210,f_jpg?from=ke.com
20240219,朝阳,双井,101119127936,富力城A区复式四居室比较少的户型诚意卖,1950万,119508元/平,顶层 (共26层) | 2004年 | 4室1厅 | 163.17平米 | 南,https://ke-image.ljcdn.com/110000-inspection/pc1_DxSlky6UK.jpg!m_fill,w_280,h_210,f_jpg?from=ke.com
20240219,朝阳,双井,101119112266,此房满五唯一 南北通透 交通便利主卧和客厅看小区花园,1394万,96833元/平,低楼层 (共15层) | 2006年 | 3室1厅 | 143.96平米 | 南 北,https://ke-image.ljcdn.com/110000-inspection/2b95dfd9-56bf-4325-bc71-d055e8f0797f_1000.jpg!m_fill,w_280,h_210,f_jpg?from=ke.com
20240219,朝阳,双井,101119107015,双井桥东南角 精装三居室拎包住 高楼层视野采光无遮挡,925万,69617元/平,高楼层 (共28层) | 2000年 | 3室1厅 | 132.87平米 | 东南 北,https://ke-image.ljcdn.com/110000-inspection/pc1_AkcD1nRrI.jpg!m_fill,w_280,h_210,f_jpg?from=ke.com
20240219,朝阳,双井,101119083136,满五唯一中间楼层单价低位置好诚意卖,518万,67317元/平,低楼层 (共33层) 1室1厅 | 76.95平米 | 北,https://ke-image.ljcdn.com/110000-inspection/pc1_CHzd7JO8h.jpg!m_fill,w_280,h_210,f_jpg?from=ke.com
20240219,朝阳,双井,101119073659,百环家园  通透大一居  无遮挡观花园,420万,58366元/平,中楼层 (共26层) | 2005年 | 1室1厅 | 71.96平米 | 东 西,https://ke-image.ljcdn.com/110000-inspection/pc1_YUELpPYqp.jpg!m_fill,w_280,h_210,f_jpg?from=ke.com
20240219,朝阳,双井,101119065868,东三环内双花园南里两居满五年唯一,328万,59164元/平,顶层 (共6层) 2室1厅 | 55.44平米 | 东 西,https://ke-image.ljcdn.com/110000-inspection/7ffb1b4e-eef5-49a9-8b5a-4a0cfd64960b_1000.jpg!m_fill,w_280,h_210,f_jpg?from=ke.com
20240219,朝阳,双井,101119064891,富力城A区 开间 诚心出售 高层视野 可观小区花园,569万,95310元/平,中楼层 (共28层) 1室0厅 | 59.7平米 | 北,https://ke-image.ljcdn.com/110000-inspection/pc1_AUOtNlotk.jpg!m_fill,w_280,h_210,f_jpg?from=ke.com
20240219,朝阳,双井,101119064225,苹果社区北区此房满五年唯一价格可商量看房随时,568万,55313元/平,低楼层 (共33层) 2室1厅 | 102.69平米 | 西,https://ke-image.ljcdn.com/110000-inspection/pc1_gDDNos3mC.jpg!m_fill,w_280,h_210,f_jpg?from=ke.com
20240219,朝阳,双井,101119044119,东三环国贸南向高层一居室采光好无遮挡。看房方便,285万,67249元/平,底层 (共18层) | 1991年 | 1室1厅 | 42.38平米 | 南,https://ke-image.ljcdn.com/110000-inspection/pc1_PHaLFHrhc.jpg!m_fill,w_280,h_210,f_jpg?from=ke.com
20240219,朝阳,双井,101119029760,富力十号南北通透无抵押无贷款高楼层采光好,3630万,157909元/平,高楼层 (共18层) | 2012年 | 3室2厅 | 229.88平米 | 南 北,https://ke-image.ljcdn.com/110000-inspection/pc1_zc9FYNU7J_1.jpg!m_fill,w_280,h_210,f_jpg?from=ke.com
20240219,朝阳,双井,101119016863,150多万装修的观景房一天未住只有契税,1499万,108576元/平,顶层 (共12层) | 2006年 | 3室1厅 | 138.06平米 | 东南,https://ke-image.ljcdn.com/110000-inspection/pc1_VN2jOOqoY.jpg!m_fill,w_280,h_210,f_jpg?from=ke.com
20240219,朝阳,双井,101119003536,富力城D区龙吟半岛全新装修南北通透,865万,108004元/平,中楼层 (共21层) | 2008年 | 2室1厅 | 80.09平米 | 南 北,https://ke-image.ljcdn.com/110000-inspection/6200b5b0-20da-4ead-bbde-ca04ad850ba4_1000.jpg!m_fill,w_280,h_210,f_jpg?from=ke.com
20240219,朝阳,双井,101118970397,富力城B区 观花园一居室 满分新装 满二年 仅契税 安静,730万,120722元/平,中楼层 (共14层) | 2005年 | 1室1厅 | 60.47平米 | 北,https://ke-image.ljcdn.com/110000-inspection/pc1_rpvZ1bUF1.jpg!m_fill,w_280,h_210,f_jpg?from=ke.com
20240219,朝阳,双井,101118896573,CBD国贸后花园 苹果社区高层一居室 观花园 近地铁,505万,83748元/平,中楼层 (共21层) | 2005年 | 1室1厅 | 60.3平米 | 北,https://ke-image.ljcdn.com/110000-inspection/pc1_R5ChGKQBN_1.jpg!m_fill,w_280,h_210,f_jpg?from=ke.com
20240219,朝阳,双井,101118893280,苹果社区南区北排朝南看花园安静不临街采光好,1268万,96861元/平,中楼层 (共27层) | 2005年 | 3室1厅 | 130.91平米 | 东南,https://ke-image.ljcdn.com/110000-inspection/pc1_ufaTnYLjH.jpg!m_fill,w_280,h_210,f_jpg?from=ke.com
20240219,朝阳,双井,101118893151,首城国际A区一居室 通透性好 楼龄新,400万,84746元/平,低楼层 (共22层) | 2010年 | 1室1厅 | 47.2平米 | 西,https://ke-image.ljcdn.com/110000-inspection/pc1_Kqtu6nMao.jpg!m_fill,w_280,h_210,f_jpg?from=ke.com
20240219,朝阳,双井,101118875447,满五唯一南北通透两居南向客厅带阳台不临街,1080万,105976元/平,中楼层 (共12层) 2室1厅 | 101.91平米 | 南 北,https://ke-image.ljcdn.com/110000-inspection/pc1_xeJKiQeMn_1.jpg!m_fill,w_280,h_210,f_jpg?from=ke.com
20240219,朝阳,双井,101118752712,苹果南区 西南三居 格局方正 户型难得 出房少带飘窗,1258万,96097元/平,低楼层 (共27层) | 2005年 | 3室1厅 | 130.91平米 | 西南,https://ke-image.ljcdn.com/110000-inspection/pc1_gRGNDfyvX.jpg!m_fill,w_280,h_210,f_jpg?from=ke.com
20240219,朝阳,双井,101118741920,双花园南里二区精装大一居高楼层满五唯一,650万,83015元/平,中楼层 (共22层) 1室1厅 | 78.3平米 | 西南,https://ke-image.ljcdn.com/110000-inspection/3898480b-4ae7-4b90-8ee6-51fc24c17c12_1000.jpg!m_fill,w_280,h_210,f_jpg?from=ke.com
20240219,朝阳,双井,101118739320,三阳开泰户型方正自住带飘窗双卫三居室,1196万,96003元/平,低楼层 (共27层) | 2005年 | 3室1厅 | 124.58平米 | 东南,https://ke-image.ljcdn.com/110000-inspection/pc1_hM8aljGwK_1.jpg!m_fill,w_280,h_210,f_jpg?from=ke.com
20240219,朝阳,双井,101118730604,华腾园东南向三居室 高楼层 视野佳 业主诚意出售,960万,80141元/平,中楼层 (共26层) 3室2厅 | 119.79平米 | 东南,https://ke-image.ljcdn.com/110000-inspection/pc1_NGGNayQdw.jpg!m_fill,w_280,h_210,f_jpg?from=ke.com
20240219,朝阳,双井,101118725243,时代国际南向两居室高层视野好满五唯一,689万,93959元/平,高楼层 (共21层) | 2006年 | 1室1厅 | 73.33平米 | 南,https://ke-image.ljcdn.com/110000-inspection/1bfc3232-7ccd-4991-9f67-2ecba169dc75_1000.jpg!m_fill,w_280,h_210,f_jpg?from=ke.com
20240219,朝阳,双井,101118699052,东三环 国贸后花园 时代国际观景一居 满五年业主诚售,516万,87562元/平,高楼层 (共21层) | 2006年 | 1室1厅 | 58.93平米 | 北,https://ke-image.ljcdn.com/110000-inspection/pc1_zdxNtUrrP_2.jpg!m_fill,w_280,h_210,f_jpg?from=ke.com
20240219,朝阳,双井,101118689775,九龙花园03年商品房南向看花园有燃气满五唯一,367万,69272元/平,中楼层 (共23层) | 2003年 | 1室0厅 | 52.98平米 | 南,https://ke-image.ljcdn.com/110000-inspection/0a1e279c-f35b-4294-9289-a275b1a32841_1000.jpg!m_fill,w_280,h_210,f_jpg?from=ke.com
20240219,朝阳,双井,101118601407,满五唯一南北通透通透性好视野开阔采光好,1330万,92368元/平,中楼层 (共27层) | 2005年 | 3室2厅 | 143.99平米 | 南 北,https://ke-image.ljcdn.com/110000-inspection/pc1_WZRSCVym6_1.jpg!m_fill,w_280,h_210,f_jpg?from=ke.com
20240219,朝阳,双井,101118554742,龙吟半岛  东南北户型 满五唯一 中间位置不临街,2880万,119206元/平,低楼层 (共20层) | 2006年 | 4室2厅 | 241.6平米 | 东 南 北,https://ke-image.ljcdn.com/110000-inspection/pc1_ywxHHzIDB_1.jpg!m_fill,w_280,h_210,f_jpg?from=ke.com
20240219,朝阳,双井,101118554421,双井北里精装修南向两居诚意出售,398万,66422元/平,中楼层 (共16层) 2室1厅 | 59.92平米 | 南 北,https://ke-image.ljcdn.com/110000-inspection/0b292dfb-8849-49a0-94c0-dcc0720146db_1000.jpg!m_fill,w_280,h_210,f_jpg?from=ke.com
20240219,朝阳,双井,101118545814,苹果社区南区 1室1厅 北,605万,84145元/平,底层 (共22层) | 2005年 | 1室1厅 | 71.9平米 | 北,https://ke-image.ljcdn.com/110000-inspection/pc1_vrfy3XSU1_1.jpg!m_fill,w_280,h_210,f_jpg?from=ke.com
20240219,朝阳,双井,101118506719,东三环苹果社区北区东北高层两居房主自荐,615万,64662元/平,中楼层 (共33层) 2室1厅 | 95.11平米 | 东北,https://ke-image.ljcdn.com/110000-inspection/pc1_yljr1CWop_1.jpg!m_fill,w_280,h_210,f_jpg?from=ke.com
20240219,朝阳,双井,101118495684,A派公寓 南北7居 大平层 星空顶 通透,1999万,88821元/平,顶层 (共16层) | 2008年 | 7室2厅 | 225.06平米 | 东南 南 西北 北,https://ke-image.ljcdn.com/110000-inspection/pc1_leqPkg5gd_1.jpg!m_fill,w_280,h_210,f_jpg?from=ke.com
20240219,朝阳,双井,101118488877,广渠门双井 双花园西里全国政协宿舍南北通透2居中楼层,505万,76539元/平,中楼层 (共6层) | 1994年 | 2室1厅 | 65.98平米 | 南 北,https://ke-image.ljcdn.com/110000-inspection/pc1_OULkwSh5O.jpg!m_fill,w_280,h_210,f_jpg?from=ke.com
20240219,朝阳,双井,101118440726,2001年商品房两居室满五唯一3梯10户,658万,61628元/平,低楼层 (共22层) | 2001年 | 2室1厅 | 106.77平米 | 东南,https://ke-image.ljcdn.com/110000-inspection/8d8345ca-7944-4fe7-aae7-7ec778f0f8f9_1000.jpg!m_fill,w_280,h_210,f_jpg?from=ke.com
20240219,朝阳,双井,101118416339,南向一居室 采光充足 二次装修 智能家居 拎包入住,628万,67130元/平,中楼层 (共21层) | 2008年 | 1室1厅 | 93.55平米 | 南,https://ke-image.ljcdn.com/110000-inspection/pc1_OZV3CJ0DO_1.jpg!m_fill,w_280,h_210,f_jpg?from=ke.com
20240219,朝阳,双井,101118413143,苹果社区北区 带飘窗 满五年唯一 观景房,828万,89952元/平,中楼层 (共12层) 2室2厅 | 92.05平米 | 北,https://ke-image.ljcdn.com/110000-inspection/pc1_PtugKBHSO_1.jpg!m_fill,w_280,h_210,f_jpg?from=ke.com
20240219,朝阳,双井,101118325805,全南两居 180度弧形落地阳台 满五年唯一 眼镜户型,890万,81607元/平,低楼层 (共21层) | 2006年 | 2室1厅 | 109.06平米 | 南,https://ke-image.ljcdn.com/110000-inspection/pc1_5K7bshc26.jpg!m_fill,w_280,h_210,f_jpg?from=ke.com
20240219,朝阳,双井,101118287901,富力城A区 看花园两居 满五年唯一 诚意出售,899万,103038元/平,低楼层 (共26层) | 2004年 | 2室1厅 | 87.25平米 | 西北,https://ke-image.ljcdn.com/110000-inspection/pc1_vsbXrejAp.jpg!m_fill,w_280,h_210,f_jpg?from=ke.com
20240219,朝阳,双井,101118287698,苹果社区北区 观国贸 满五年唯一 可看房,310万,56426元/平,中楼层 (共21层) | 2008年 | 1室1厅 | 54.94平米 | 北,https://ke-image.ljcdn.com/110000-inspection/pc1_aTolaX2Xf.jpg!m_fill,w_280,h_210,f_jpg?from=ke.com
20240219,朝阳,双井,101118279577,观景开间 带飘窗 中楼层 朝阳东三环 国贸双井苹果社区,365万,61324元/平,中楼层 (共21层) | 2008年 | 1室0厅 | 59.52平米 | 北,https://ke-image.ljcdn.com/110000-inspection/pc1_us6j4IDyf_1.jpg!m_fill,w_280,h_210,f_jpg?from=ke.com
20240219,朝阳,双井,101118267535,满两年 高楼层 视野开阔 保养得好,309万,74012元/平,高楼层 (共23层) | 2004年 | 1室0厅 | 41.75平米 | 北,https://ke-image.ljcdn.com/110000-inspection/pc1_a3FwlClum_1.jpg!m_fill,w_280,h_210,f_jpg?from=ke.com
20240219,朝阳,双井,101118200221,苹果社区 高层大两居 无遮挡 精装修 配套成熟 近国贸房主自荐,619万,55496元/平,顶层 (共33层) 2室1厅 | 111.54平米 | 东,https://ke-image.ljcdn.com/110000-inspection/6a332421-9d85-4d78-9e26-44a92a9c4adb_1000.jpg!m_fill,w_280,h_210,f_jpg?from=ke.com
20240219,朝阳,双井,101118190701,此房满五年业主家庭名下无其他住房*费少楼层好,710万,49214元/平,低楼层 (共22层) | 1999年 | 3室2厅 | 144.27平米 | 西北,https://ke-image.ljcdn.com/110000-inspection/97d8f28a-0346-4aab-b10e-3fa811cadbeb_1000.jpg!m_fill,w_280,h_210,f_jpg?from=ke.com
20240219,朝阳,双井,101118122243,大两居 高楼层 采光好 空间大 居住舒适,620万,59765元/平,中楼层 (共33层) 2室1厅 | 103.74平米 | 西,https://ke-image.ljcdn.com/110000-inspection/pc1_sB3e0anif.jpg!m_fill,w_280,h_210,f_jpg?from=ke.com
20240219,朝阳,双井,101118096865,苹果社区南区 南向两居 高楼层房主自荐,800万,83282元/平,中楼层 (共22层) | 2005年 | 2室1厅 | 96.06平米 | 南,https://ke-image.ljcdn.com/110000-inspection/pc1_bQugKncIx.jpg!m_fill,w_280,h_210,f_jpg?from=ke.com
20240219,朝阳,双井,101118055862,苹果社区北区高层北向无遮挡大一居室 看国贸 视野很棒,485万,54927元/平,中楼层 (共21层) | 2008年 | 1室1厅 | 88.3平米 | 北,https://ke-image.ljcdn.com/110000-inspection/c88cb653-b188-41b7-8831-5b530b527e5e_1000.jpg!m_fill,w_280,h_210,f_jpg?from=ke.com
20240219,朝阳,双井,101118053581,国贸双井地铁方便东南五居三卫平层。满五年唯一,2700万,105829元/平,中楼层 (共26层) | 2004年 | 5室1厅 | 255.13平米 | 东南,https://ke-image.ljcdn.com/110000-inspection/pc1_7ZvjvFXm5_1.jpg!m_fill,w_280,h_210,f_jpg?from=ke.com
20240219,朝阳,双井,101118053402,此房不临街观花园满两年只有契税诚意出售,465万,84163元/平,高楼层 (共22层) | 2005年 | 1室0厅 | 55.25平米 | 北,https://ke-image.ljcdn.com/110000-inspection/pc1_lx86Sz8ud_1.jpg!m_fill,w_280,h_210,f_jpg?from=ke.com
20240219,朝阳,双井,101118021754,怡馨园商务部家属楼满五年唯一业主诚意出售,1258万,78739元/平,低楼层 (共24层) | 1998年 | 3室1厅 | 159.77平米 | 东 南 北,https://ke-image.ljcdn.com/110000-inspection/pc1_7BBhIE14K.jpg!m_fill,w_280,h_210,f_jpg?from=ke.com
20240219,朝阳,双井,101117999959,南区正规一居室 满五年唯一 拎包入住,560万,92060元/平,低楼层 (共27层) | 2005年 | 1室1厅 | 60.83平米 | 北,https://ke-image.ljcdn.com/110000-inspection/pc1_wMu4Cujwk.jpg!m_fill,w_280,h_210,f_jpg?from=ke.com
20240219,朝阳,双井,101117985616,富力公馆大一居中央空调地暖管家全天服务房主自荐,835万,88548元/平,底层 (共18层) | 2008年 | 1室1厅 | 94.3平米 | 西,https://ke-image.ljcdn.com/110000-inspection/pc1_9yOdWxkNf.jpg!m_fill,w_280,h_210,f_jpg?from=ke.com
20240219,朝阳,双井,101117963716,富力城A区 看花园两居 满五年唯一 十年老客户房主自荐,935万,108068元/平,中楼层 (共26层) | 2004年 | 2室1厅 | 86.52平米 | 西北,https://ke-image.ljcdn.com/110000-inspection/pc1_XraYqn9da_1.jpg!m_fill,w_280,h_210,f_jpg?from=ke.com
20240219,朝阳,双井,101117951741,南北通透全明三居南观花园北观中国尊房高3.1米房主自荐,1248万,86673元/平,中楼层 (共27层) | 2005年 | 3室1厅 | 143.99平米 | 北 南,https://ke-image.ljcdn.com/110000-inspection/pc1_BwEvZ32IL_1.jpg!m_fill,w_280,h_210,f_jpg?from=ke.com
20240219,朝阳,双井,101117943815,时代国际精装两居装修好拎包住视野棒诚意卖！,505万,85695元/平,顶层 (共21层) | 2006年 | 2室1厅 | 58.93平米 | 北,https://ke-image.ljcdn.com/110000-inspection/pc1_OUgiLUhrj_1.jpg!m_fill,w_280,h_210,f_jpg?from=ke.com
20240219,朝阳,双井,101117924073,富力城D区观景一居楼层高看小区花园,760万,105909元/平,顶层 (共14层) | 2008年 | 1室1厅 | 71.76平米 | 北,https://ke-image.ljcdn.com/110000-inspection/pc1_LiVgLWeCm.jpg!m_fill,w_280,h_210,f_jpg?from=ke.com
20240219,朝阳,双井,101117912214,东三环 国贸 双井 精装修拎包入住两居 首付140,368万,70580元/平,低楼层 (共12层) | 1983年 | 2室1厅 | 52.14平米 | 东 西,https://ke-image.ljcdn.com/110000-inspection/pc1_AsinxXnwG_1.jpg!m_fill,w_280,h_210,f_jpg?from=ke.com
20240219,朝阳,双井,101117909798,广渠门外大街路北区南向一居电梯直达楼道干净,320万,71701元/平,高楼层 (共18层) | 1990年 | 1室1厅 | 44.63平米 | 南,https://ke-image.ljcdn.com/110000-inspection/pc1_q3VbkK9Hv_1.jpg!m_fill,w_280,h_210,f_jpg?from=ke.com
20240219,朝阳,双井,101117904069,双井北里小三居格局好空间好用满五唯一,370万,58861元/平,低楼层 (共12层) | 1983年 | 3室1厅 | 62.86平米 | 东 西 北,https://ke-image.ljcdn.com/110000-inspection/pc1_DykLlfgX7_1.jpg!m_fill,w_280,h_210,f_jpg?from=ke.com
20240219,朝阳,双井,101117877321,四万平米花园精装复式 观CBD全景 二次装修 看房方便,820万,85506元/平,中楼层 (共27层) | 2005年 | 2室1厅 | 95.9平米 | 北,https://ke-image.ljcdn.com/110000-inspection/e71db884-210f-4e2d-ae0e-cbbbe140ed38_1000.jpg!m_fill,w_280,h_210,f_jpg?from=ke.com
20240219,朝阳,双井,101117856004,富力城C区3期 正规复式4居安静 三面采光水系环绕,2450万,101778元/平,中楼层 (共16层) | 2005年 | 4室2厅 | 240.72平米 | 东 南 北,https://ke-image.ljcdn.com/110000-inspection/f71477e2-a17f-4d9e-a9b9-d0b7a1345def_1000.jpg!m_fill,w_280,h_210,f_jpg?from=ke.com
20240219,朝阳,双井,101117851407,双井广渠门外大街位置优越精装修三条地铁,298万,69806元/平,高楼层 (共6层) | 1981年 | 1室1厅 | 42.69平米 | 南,https://ke-image.ljcdn.com/110000-inspection/pc1_TlwZFd9fl.jpg!m_fill,w_280,h_210,f_jpg?from=ke.com
20240219,朝阳,双井,101117811698,苹果社区高层两居产权清晰 满五唯一高层阳光好房主自荐,627万,60000元/平,高楼层 (共33层) | 2007年 | 2室2厅 | 104.5平米 | 西南,https://ke-image.ljcdn.com/110000-inspection/pc1_IwfQHZMgx_1.jpg!m_fill,w_280,h_210,f_jpg?from=ke.com
20240219,朝阳,双井,101117744377,合生国际花园  满五年唯一6个房间三代人居住,1876万,101576元/平,底层 (共24层) 5室3厅 | 184.69平米 | 南,https://ke-image.ljcdn.com/110000-inspection/pc1_9QBoxLMF1.jpg!m_fill,w_280,h_210,f_jpg?from=ke.com
20240219,朝阳,双井,101117743240,满五唯一随时可看人车分流方正大两居诚意出售,565万,51622元/平,低楼层 (共33层) 2室1厅 | 109.45平米 | 东,https://ke-image.ljcdn.com/110000-inspection/pc1_A5JAEaYHV.jpg!m_fill,w_280,h_210,f_jpg?from=ke.com
20240219,朝阳,双井,101117706351,装修好 单价低 大两居 视野开阔无挡 房龄新 满五唯一,648万,59206元/平,中楼层 (共33层) 2室1厅 | 109.45平米 | 东,https://ke-image.ljcdn.com/110000-inspection/pc1_154co2V55.jpg!m_fill,w_280,h_210,f_jpg?from=ke.com
20240219,朝阳,双井,101117603044,苹果社区北区 满五唯一 正规三居室 高层采光好,758万,60962元/平,顶层 (共33层) | 2007年 | 3室1厅 | 124.34平米 | 南,https://ke-image.ljcdn.com/110000-inspection/pc1_YecwThnEk.jpg!m_fill,w_280,h_210,f_jpg?from=ke.com
20240219,朝阳,双井,101117448093,国贸双井苹果社区5.6米高CBD全景视野双倍使用率！房主自荐,849万,69165元/平,高楼层 (共20层) 3室2厅 | 122.75平米 | 北,https://ke-image.ljcdn.com/110000-inspection/pc1_Il9NfRtsF_1.jpg!m_fill,w_280,h_210,f_jpg?from=ke.com
20240219,朝阳,双井,101117440538,首城国际B区小区中间前后左右不临街 这栋楼12年底交房,986万,109629元/平,高楼层 (共28层) | 2011年 | 2室1厅 | 89.94平米 | 南,https://ke-image.ljcdn.com/110000-inspection/6ab74680-8e7a-469a-9b7b-7b3aa41969a8_1000.jpg!m_fill,w_280,h_210,f_jpg?from=ke.com
20240219,朝阳,双井,101117420035,东二环边富力十号别墅上三下2带车库 室内有电梯房主自荐,7900万,163335元/平,底层 (共3层) 5室2厅 | 483.67平米 | 南 西 北,https://ke-image.ljcdn.com/110000-inspection/pc1_DYkwEs9Hu.jpg!m_fill,w_280,h_210,f_jpg?from=ke.com
20240219,朝阳,双井,101117373238,时代国际小三居适合一家三口或者三代人居住随时看,960万,88881元/平,低楼层 (共12层) | 2006年 | 3室1厅 | 108.01平米 | 南,https://ke-image.ljcdn.com/110000-inspection/pc1_DXKp1dh8k.jpg!m_fill,w_280,h_210,f_jpg?from=ke.com
20240219,朝阳,双井,101117297955,A派公寓西南双卫两居业主诚意卖,1156万,107887元/平,低楼层 (共16层) | 2008年 | 2室1厅 | 107.15平米 | 西南,https://ke-image.ljcdn.com/110000-inspection/pc1_mp7LhIEFl.jpg!m_fill,w_280,h_210,f_jpg?from=ke.com
20240219,朝阳,双井,101117178641,A派公寓 南北通透三居两卫 业主诚意出售,1470万,106948元/平,低楼层 (共9层) | 2007年 | 3室1厅 | 137.45平米 | 南 北,https://ke-image.ljcdn.com/110000-inspection/pc1_HbdCLiKll_1.jpg!m_fill,w_280,h_210,f_jpg?from=ke.com
20240219,朝阳,双井,101117069444,70年商品房 东南向大三居 满五唯一 二次装修,950万,65118元/平,低楼层 (共33层) 3室1厅 | 145.89平米 | 东 南,https://ke-image.ljcdn.com/110000-inspection/pc1_cw4sKltcW.jpg!m_fill,w_280,h_210,f_jpg?from=ke.com
20240219,朝阳,双井,101116057985,苹果社区北区观国贸loft楼层高视野好,789万,88118元/平,中楼层 (共12层) | 2006年 | 5室2厅 | 89.54平米 | 北,https://ke-image.ljcdn.com/110000-inspection/pc1_HA9YfdmS3_1.jpg!m_fill,w_280,h_210,f_jpg?from=ke.com
20240219,朝阳,双井,101116057926,东环18公寓 南北通透 不临街 精装修三居室,1330万,79737元/平,低楼层 (共14层) 3室3厅 | 166.8平米 | 南 北,https://ke-image.ljcdn.com/110000-inspection/pc1_RrGGV6K77.jpg!m_fill,w_280,h_210,f_jpg?from=ke.com
20240219,朝阳,双井,101116016427,富力十号 客厅阳台朝南精装 南北纯通透三居室,3299万,143510元/平,低楼层 (共18层) | 2012年 | 3室2厅 | 229.88平米 | 南 北,https://ke-image.ljcdn.com/110000-inspection/prod-3dcb4eed-b535-49d2-aae3-b132c993cbbe.jpg!m_fill,w_280,h_210,f_jpg?from=ke.com
20240219,朝阳,双井,101115920398,东三环 双井 苹果社区北区 高层两居 视野好房主自荐,639万,57289元/平,高楼层 (共33层) | 2007年 | 2室1厅 | 111.54平米 | 东,https://ke-image.ljcdn.com/110000-inspection/pc1_wZaxV4eZf_1.jpg!m_fill,w_280,h_210,f_jpg?from=ke.com
20240219,朝阳,双井,101115239286,富力城D区 1室1厅 南,975万,127702元/平,底层 (共13层) | 2006年 | 1室1厅 | 76.35平米 | 南,https://ke-image.ljcdn.com/110000-inspection/c22fb6e4-1fb1-44ba-ab2f-a9f609b7ad91_1000.jpg!m_fill,w_280,h_210,f_jpg?from=ke.com
20240219,朝阳,双井,101114711001,怡馨园顶层复式大面积够老少两代人居住,2000万,66351元/平,顶层 (共24层) | 1998年 | 7室1厅 | 301.43平米 | 南,https://ke-image.ljcdn.com/110000-inspection/pc1_7zNJ5a1G2_1.jpg!m_fill,w_280,h_210,f_jpg?from=ke.com
20240219,朝阳,双井,101113656247,房子是把边户型loft 两层 带燃气户型方正无浪费。,1150万,87887元/平,顶层 (共21层) | 2008年 | 3室2厅 | 130.85平米 | 东北,https://ke-image.ljcdn.com/110000-inspection/pc1_rul3XiDt1_1.jpg!m_fill,w_280,h_210,f_jpg?from=ke.com
20240219,朝阳,双井,101111869817,苹果社区北区 调高5.4米 观景房 可看,618万,101428元/平,中楼层 (共12层) | 2006年 | 2室1厅 | 60.93平米 | 北,https://ke-image.ljcdn.com/110000-inspection/pc1_2ct9D2gb8_1.jpg!m_fill,w_280,h_210,f_jpg?from=ke.com
20240219,朝阳,双井,101111738145,苹果社区北区loft单层面积196平米民水民电带燃气,1580万,80367元/平,高楼层 (共12层) | 2006年 | 3室2厅 | 196.6平米 | 南 北,https://ke-image.ljcdn.com/110000-inspection/pc1_UWORb3k4S_1.jpg!m_fill,w_280,h_210,f_jpg?from=ke.com
20240219,朝阳,双井,101111067570,富力城E区花园洋房板楼带电梯,3250万,140919元/平,中楼层 (共5层) | 2008年 | 4室2厅 | 230.63平米 | 南 北,https://ke-image.ljcdn.com/110000-inspection/pc1_kdNocd5hc.jpg!m_fill,w_280,h_210,f_jpg?from=ke.com
20240219,朝阳,双井,101108296490,富力十号地独立合院 新房没住过 自带3个车库,7850万,163870元/平,底层 (共3层) | 2012年 | 5室2厅 | 479.04平米 | 南 北,https://ke-image.ljcdn.com/110000-inspection/pc1_N4VzIearz_1.jpg!m_fill,w_280,h_210,f_jpg?from=ke.com
20240219,朝阳,双井,101122862054,双井北里 2室1厅 东北,376万,57344元/平,低楼层 (共18层) | 1991年 | 2室1厅 | 65.57平米 | 东北,https://s1.ljcdn.com/pegasus/redskull/images/common/default_house_list.png?_v=202401081627157
20240219,朝阳,双井,101122857929,非常生活 1室1厅 东,459万,70746元/平,中楼层 (共23层) | 2004年 | 1室1厅 | 64.88平米 | 东,https://s1.ljcdn.com/pegasus/redskull/images/common/default_house_list.png?_v=202401081627157
20240219,朝阳,双井,101122842726,富力城B区西院满五唯一 全南三居有阳台带储物间,1372万,109822元/平,中楼层 (共16层) | 2005年 | 3室2厅 | 124.93平米 | 南,https://s1.ljcdn.com/pegasus/redskull/images/common/default_house_list.png?_v=202401081627157
20240219,朝阳,双井,101122841480,苹果社区南区 1室1厅 北,460万,76286元/平,低楼层 (共21层) 1室1厅 | 60.3平米 | 北,https://s1.ljcdn.com/pegasus/redskull/images/common/default_house_list.png?_v=202401081627157
20240219,朝阳,双井,101122830825,乐成国际 车位,35万,10258元/平,地下室 (共12层) 1室0厅 | 34.12平米 | 北,https://s1.ljcdn.com/pegasus/redskull/images/common/default_house_list.png?_v=202401081627157
20240219,朝阳,双井,101122829543,首城国际B区 小区中间位置 安静不临街 满五年唯一,860万,97772元/平,中楼层 (共20层) | 2010年 | 2室1厅 | 87.96平米 | 南,https://s1.ljcdn.com/pegasus/redskull/images/common/default_house_list.png?_v=202401081627157
20240219,朝阳,双井,101122824769,合生国际花园 2室1厅 东南,1000万,99099元/平,中楼层 (共18层) | 2007年 | 2室1厅 | 100.91平米 | 东南,https://s1.ljcdn.com/pegasus/redskull/images/common/default_house_list.png?_v=202401081627157
20240219,朝阳,双井,101122762616,总监推荐 富力城A区 高楼层一居室 满五唯一 诚意出售房主自荐,510万,87314元/平,中楼层 (共28层) 1室1厅 | 58.41平米 | 北,https://s1.ljcdn.com/pegasus/redskull/images/common/default_house_list.png?_v=202401081627157
20240219,朝阳,双井,101122752144,双花园南里二区 88平西南两居室  满五年唯一,705万,80041元/平,中楼层 (共22层) 2室1厅 | 88.08平米 | 西南,https://s1.ljcdn.com/pegasus/redskull/images/common/default_house_list.png?_v=202401081627157
20240219,朝阳,双井,101122731699,九龙花园 南向一居+满五唯一+高层观景,388万,73236元/平,中楼层 (共23层) | 2003年 | 1室1厅 | 52.98平米 | 南,https://s1.ljcdn.com/pegasus/redskull/images/common/default_house_list.png?_v=202401081627157
20240219,朝阳,双井,101122716163,双井 九龙花园 满五唯一三居室 高层 采光好,780万,55261元/平,高楼层 (共22层) 3室2厅 | 141.15平米 | 东北,https://s1.ljcdn.com/pegasus/redskull/images/common/default_house_list.png?_v=202401081627157
20240219,朝阳,双井,101122696881,九龙花园精美两居全明格局业主诚意出售,646万,61048元/平,低楼层 (共20层) | 2001年 | 2室1厅 | 105.82平米 | 东南 西 北,https://s1.ljcdn.com/pegasus/redskull/images/common/default_house_list.png?_v=202401081627157
20240219,朝阳,双井,101122638887,首城国际中心 2室1厅 东,360万,41619元/平,中楼层 (共16层) 2室1厅 | 86.5平米 | 东,https://s1.ljcdn.com/pegasus/redskull/images/common/default_house_list.png?_v=202401081627157
20240219,朝阳,双井,101122624948,首城国际中心 2室1厅 南,349万,55530元/平,中楼层 (共16层) | 2012年 | 2室1厅 | 62.85平米 | 南,https://s1.ljcdn.com/pegasus/redskull/images/common/default_house_list.png?_v=202401081627157
20240219,朝阳,双井,101122583059,首城国际C区 3室1厅 南,1320万,91312元/平,低楼层 (共28层) | 2011年 | 3室1厅 | 144.56平米 | 南,https://s1.ljcdn.com/pegasus/redskull/images/common/default_house_list.png?_v=202401081627157
20240219,朝阳,双井,101122547102,首城国际B区 2室1厅 西北,815万,106453元/平,顶层 (共27层) | 2010年 | 2室1厅 | 76.56平米 | 西北,https://s1.ljcdn.com/pegasus/redskull/images/common/default_house_list.png?_v=202401081627157
20240219,朝阳,双井,101122534106,浪漫首城 正观小区花园 安静不临街 采光视野无遮挡,855万,96360元/平,低楼层 (共28层) 2室1厅 | 88.73平米 | 南,https://s1.ljcdn.com/pegasus/redskull/images/common/default_house_list.png?_v=202401081627157
20240219,朝阳,双井,101122514437,世桥国贸  高层精装两居婚房装修拎包入住,1080万,93257元/平,高楼层 (共12层) | 2003年 | 2室1厅 | 115.81平米 | 东 西,https://s1.ljcdn.com/pegasus/redskull/images/common/default_house_list.png?_v=202401081627157
20240219,朝阳,双井,101122511230,老业主委托经典南向三居满五唯一无抵押无户口房主自荐,1248万,109850元/平,中楼层 (共26层) 3室2厅 | 113.61平米 | 南,https://s1.ljcdn.com/pegasus/redskull/images/common/default_house_list.png?_v=202401081627157
20240219,朝阳,双井,101122505943,正规一居室 业主诚意出售  中间楼层,550万,90416元/平,中楼层 (共27层) 1室1厅 | 60.83平米 | 北,https://s1.ljcdn.com/pegasus/redskull/images/common/default_house_list.png?_v=202401081627157
20240219,朝阳,双井,101122426218,CBD总部公寓二期 金隅集团开发 全南两居大阳台 双地铁,1060万,98440元/平,低楼层 (共16层) | 2004年 | 2室1厅 | 107.68平米 | 南,https://s1.ljcdn.com/pegasus/redskull/images/common/default_house_list.png?_v=202401081627157
20240219,朝阳,双井,101122412460,三环内双井板块正规三室两卫 高楼层 视野开阔仅有契税,850万,73018元/平,高楼层 (共22层) | 2002年 | 3室1厅 | 116.41平米 | 东南 北,https://s1.ljcdn.com/pegasus/redskull/images/common/default_house_list.png?_v=202401081627157
20240219,朝阳,双井,101122401243,百子湾南二路76号院 乐成国际 一梯两户 南北通透,1620万,114553元/平,中楼层 (共12层) | 2006年 | 3室2厅 | 141.42平米 | 南 北,https://s1.ljcdn.com/pegasus/redskull/images/common/default_house_list.png?_v=202401081627157
20240219,朝阳,双井,101122384483,双井百环家园 高层南向三居室 无遮挡,866万,62022元/平,高楼层 (共28层) 3室1厅 | 139.63平米 | 西南,https://s1.ljcdn.com/pegasus/redskull/images/common/default_house_list.png?_v=202401081627157
20240219,朝阳,双井,101122361683,满五年唯一高层采光好视野好,366万,56282元/平,中楼层 (共12层) | 1983年 | 2室1厅 | 65.03平米 | 东 西,https://s1.ljcdn.com/pegasus/redskull/images/common/default_house_list.png?_v=202401081627157
20240219,朝阳,双井,101122332694,富力城D区看花园两居室精装修业主诚意出售,1090万,115040元/平,中楼层 (共11层) | 2005年 | 2室2厅 | 94.75平米 | 东北,https://s1.ljcdn.com/pegasus/redskull/images/common/default_house_list.png?_v=202401081627157
20240219,朝阳,双井,101122320683,双井到劲松之间华腾园南向大三居满五唯一中间层,1270万,85806元/平,中楼层 (共24层) | 2002年 | 3室1厅 | 148.01平米 | 西南,https://s1.ljcdn.com/pegasus/redskull/images/common/default_house_list.png?_v=202401081627157
20240219,朝阳,双井,101122306680,东三环双井 苹果社区 低价开间 观国贸夜景 满五年,285万,51875元/平,低楼层 (共21层) | 2008年 | 1室0厅 | 54.94平米 | 北,https://s1.ljcdn.com/pegasus/redskull/images/common/default_house_list.png?_v=202401081627157
20240219,朝阳,双井,101122254758,合生国际花园 3室2厅 南 北,1400万,100597元/平,低楼层 (共24层) 3室2厅 | 139.17平米 | 南 北,https://s1.ljcdn.com/pegasus/redskull/images/common/default_house_list.png?_v=202401081627157
20240219,朝阳,双井,101122240749,苹果社区北区 视野开阔 观国贸全景,298万,50372元/平,中楼层 (共20层) | 2008年 | 1室0厅 | 59.16平米 | 北,https://s1.ljcdn.com/pegasus/redskull/images/common/default_house_list.png?_v=202401081627157
20240219,朝阳,双井,101122180830,首城国际中心 2室1厅 东,350万,40463元/平,中楼层 (共16层) 2室1厅 | 86.5平米 | 东,https://s1.ljcdn.com/pegasus/redskull/images/common/default_house_list.png?_v=202401081627157
20240219,朝阳,双井,101122166960,富力城A区电梯直达产权车位随房出售,39万,8923元/平,地下室 (共21层) 1室0厅 | 43.71平米 | 东南,https://ke-image.ljcdn.com/110000-inspection/feaa0e594018fb4fc18a234aef0ccfba-014.jpg!m_fill,w_280,h_210,f_jpg?from=ke.com
20240219,朝阳,双井,101122064616,首城国际中心 1室1厅 南,210万,28894元/平,顶层 (共16层) | 2012年 | 1室1厅 | 72.68平米 | 南,https://s1.ljcdn.com/pegasus/redskull/images/common/default_house_list.png?_v=202401081627157
20240219,朝阳,双井,101122036700,首城国际中心 2室1厅 东,350万,45355元/平,中楼层 (共16层) 2室1厅 | 77.17平米 | 东,https://s1.ljcdn.com/pegasus/redskull/images/common/default_house_list.png?_v=202401081627157
20240219,朝阳,双井,101122000887,高楼层 视野好 可以看见中国尊房主自荐,535万,84532元/平,中楼层 (共27层) | 2005年 | 1室1厅 | 63.29平米 | 北,https://s1.ljcdn.com/pegasus/redskull/images/common/default_house_list.png?_v=202401081627157
20240219,朝阳,双井,101121996579,百环家园 商品房 把边户型无天井 正看小区花园,650万,58145元/平,中楼层 (共28层) | 2005年 | 2室1厅 | 111.79平米 | 西北,https://s1.ljcdn.com/pegasus/redskull/images/common/default_house_list.png?_v=202401081627157
20240219,朝阳,双井,101121885147,双井地铁口楼层视野采光好小三居 满五年,430万,57456元/平,高楼层 (共6层) 3室0厅 | 74.84平米 | 南 北,https://s1.ljcdn.com/pegasus/redskull/images/common/default_house_list.png?_v=202401081627157
20240219,朝阳,双井,101121783555,合生国际中间位置的高层四居观景好采光好还安静,1680万,96741元/平,顶层 (共24层) 4室2厅 | 173.66平米 | 南 北,https://s1.ljcdn.com/pegasus/redskull/images/common/default_house_list.png?_v=202401081627157
20240219,朝阳,双井,101121412162,富力城A区 车位,45万,10497元/平,地下室 1室0厅 | 42.87平米 | 南,https://ke-image.ljcdn.com/110000-inspection/f51e9937a74faadde7e08ef4b4966e87-002.jpg!m_fill,w_280,h_210,f_jpg?from=ke.com
20240219,朝阳,双井,101121389262,苹果社区北区南向三居室满五年唯一,760万,62619元/平,低楼层 (共33层) | 2007年 | 3室1厅 | 121.37平米 | 南,https://ke-image.ljcdn.com/110000-inspection/4f09e4c3-2ac5-44b3-afb5-ed8202d9baeb.jpeg!m_fill,w_280,h_210,f_jpg?from=ke.com
20240219,朝阳,双井,101121369289,首城国际中心 2室2厅 东,450万,51814元/平,高楼层 (共16层) 2室2厅 | 86.85平米 | 东,https://s1.ljcdn.com/pegasus/redskull/images/common/default_house_list.png?_v=202401081627157
20240219,朝阳,双井,101121365948,首城国际中心 2室1厅 西,288万,51164元/平,中楼层 (共16层) | 2012年 | 2室1厅 | 56.29平米 | 西,https://s1.ljcdn.com/pegasus/redskull/images/common/default_house_list.png?_v=202401081627157
20240219,朝阳,双井,101121356353,首城国际中心 2室1厅 南,285万,47924元/平,中楼层 (共16层) | 2013年 | 2室1厅 | 59.47平米 | 南,https://s1.ljcdn.com/pegasus/redskull/images/common/default_house_list.png?_v=202401081627157
20240219,朝阳,双井,101121352104,商用房40年 可注册公司 次顶层视野好 上下两层,465万,53758元/平,高楼层 (共16层) | 2012年 | 2室1厅 | 86.5平米 | 东,https://s1.ljcdn.com/pegasus/redskull/images/common/default_house_list.png?_v=202401081627157
20240219,朝阳,双井,101121324102,东三环双井百环家园东南三居 中高层视野好,799万,57211元/平,中楼层 (共26层) | 2005年 | 3室2厅 | 139.66平米 | 东南,https://s1.ljcdn.com/pegasus/redskull/images/common/default_house_list.png?_v=202401081627157
20240219,朝阳,双井,101121164025,富力城D区产权车位业主急售 随时签约,38万,13292元/平,地下室 (共22层) | 2007年 | 1室0厅 | 28.59平米 | 东 南 西 北,https://ke-image.ljcdn.com/110000-inspection/78fb77de-2490-4864-aa4d-238df04bef22.jpg!m_fill,w_280,h_210,f_jpg?from=ke.com
20240219,朝阳,双井,101120938247,苹果南区 观花园 大一居 看房随时,509万,70843元/平,底层 (共23层) | 2006年 | 1室1厅 | 71.85平米 | 北,https://ke-image.ljcdn.com/110000-inspection/rsp_pic_upload6b08b038-5d19-44b7-919f-9a3fcf895fdd.jpg!m_fill,w_280,h_210,f_jpg?from=ke.com
20240219,朝阳,双井,101120735262,富力城B区 产权车位 业主诚意出售,38万,12735元/平,地下室 (共1层) 1室0厅 | 29.84平米 | 南,https://ke-image.ljcdn.com/110000-inspection/7f9899fb7a952490e9fe149883491fec-071.jpg!m_fill,w_280,h_210,f_jpg?from=ke.com
20240219,朝阳,双井,101120344641,富力城E区 车位,30万,8557元/平,地下室 1室0厅 | 35.06平米 | 南,https://ke-image.ljcdn.com/110000-inspection/614b35cb-abcd-43af-8985-7dbbae1bf6e1.jpg!m_fill,w_280,h_210,f_jpg?from=ke.com
20240219,朝阳,双井,101119186468,满五年唯一前后不临街看小区花园地铁七十号线交汇站房主自荐,349万,85919元/平,底层 (共21层) | 2006年 | 1室1厅 | 40.62平米 | 北,https://ke-image.ljcdn.com/110000-inspection/a3056e3d-8530-4ac0-84d4-7a0ad0d7be1c.jpeg!m_fill,w_280,h_210,f_jpg?from=ke.com
20240219,朝阳,双井,101118984028,苹果社区南区地下一层车位产权车位,13万,5377元/平,地下室 (共27层) 1室0厅 | 24.18平米 | 南,https://s1.ljcdn.com/pegasus/redskull/images/common/default_house_list.png?_v=202401081627157
20240219,朝阳,双井,101118414079,富力城A区 车位,43万,14900元/平,地下室 1室0厅 | 28.86平米 | 西,https://s1.ljcdn.com/pegasus/redskull/images/common/default_house_list.png?_v=202401081627157
20240219,朝阳,双井,101118237517,A派公寓 车位,29.9万,9532元/平,地下室 1室0厅 | 31.37平米 | 南,https://s1.ljcdn.com/pegasus/redskull/images/common/default_house_list.png?_v=202401081627157
20240219,朝阳,双井,101118098679,富力城D区 车位,40万,13423元/平,地下室 (共22层) 1室0厅 | 29.8平米 | 南,https://ke-image.ljcdn.com/110000-inspection/0363d767-4dc8-4a55-ae36-fbb33288d5f6.jpg!m_fill,w_280,h_210,f_jpg?from=ke.com
20240219,朝阳,双井,101117994021,双花园南里一区板楼南北两居室客厅带窗户,735万,71194元/平,高楼层 (共6层) | 1998年 | 2室1厅 | 103.24平米 | 南 北,https://s1.ljcdn.com/pegasus/redskull/images/common/default_house_list.png?_v=202401081627157
20240219,朝阳,双井,101117750187,苹果社区南区 车位,14万,5437元/平,地下室 1室0厅 | 25.75平米 | 南,https://ke-image.ljcdn.com/110000-inspection/d51a1c12-43af-4ebb-8ea9-98d27d4a4010.png!m_fill,w_280,h_210,f_jpg?from=ke.com
20240219,朝阳,双井,101117172317,富力城A区 产权车位 业主诚意出售,39万,13514元/平,地下室 | 2003年 | 1室0厅 | 28.86平米 | 南,https://ke-image.ljcdn.com/110000-inspection/5c142231-f297-4b48-ae50-b5a271d3ca9d.jpg!m_fill,w_280,h_210,f_jpg?from=ke.com
20240219,朝阳,双井,101116914008,车位车位地下产权车位小区北排车位,28.8万,10199元/平,地下室 1室0厅 | 28.24平米 | 南,https://s1.ljcdn.com/pegasus/redskull/images/common/default_house_list.png?_v=202401081627157
20240219,朝阳,双井,101116913934,车位D二十一二十二三十一三十二使用,34万,11893元/平,地下室 1室0厅 | 28.59平米 | 南,https://ke-image.ljcdn.com/110000-inspection/8201d550-7c8c-4208-9c73-dd6646a35ebd.jpg!m_fill,w_280,h_210,f_jpg?from=ke.com
20240219,朝阳,双井,101115972969,小区车位邻电梯口诚意出售随时可看,33万,10892元/平,地下室 (共16层) | 2008年 | 1室0厅 | 30.3平米 | 南,https://ke-image.ljcdn.com/110000-inspection/1aaadcd3-4871-454d-a176-3a0879406547.jpg!m_fill,w_280,h_210,f_jpg?from=ke.com
20240219,朝阳,双井,101114644130,富力城C区 产权双车位（子母）出售,48万,7891元/平,地下室 (共20层) | 2006年 | 1室0厅 | 60.83平米 | 南 北,https://ke-image.ljcdn.com/110000-inspection/0980dc8a-2e8d-41d7-918e-39b87a904d3f.jpg!m_fill,w_280,h_210,f_jpg?from=ke.com
20240219,朝阳,双井,101113982127,富力城D区 产权车位位置好 诚意出售,29万,9732元/平,地下室 | 2007年 | 1室0厅 | 29.8平米 | 南,https://ke-image.ljcdn.com/110000-inspection/dfdeb6e872a51cace2c7e43ae2692e06-099.jpg!m_fill,w_280,h_210,f_jpg?from=ke.com
20240219,朝阳,双井,101113891973,A派公寓地下一层产权车位挨着电梯口诚意出售,35万,11552元/平,地下室 (共16层) | 2008年 | 1室0厅 | 30.3平米 | 南 北,https://ke-image.ljcdn.com/110000-inspection/5f481522-6b27-46ba-bfce-0479fab93f30.jpg!m_fill,w_280,h_210,f_jpg?from=ke.com
20240219,朝阳,双井,101111714619,苹果社区南区 产权车位 离电梯近,14.8万,5748元/平,地下室 (共22层) | 2005年 | 1室0厅 | 25.75平米 | 南,https://s1.ljcdn.com/pegasus/redskull/images/common/default_house_list.png?_v=202401081627157
20240219,朝阳,双井,101110673769,富力城D区 车位诚意出售  随时可看,35万,12243元/平,地下室 (共22层) | 2007年 | 1室0厅 | 28.59平米 | 北,https://ke-image.ljcdn.com/110000-inspection/3400b3d8017b50d1b7806bd8e64e6dea-043.jpg!m_fill,w_280,h_210,f_jpg?from=ke.com
20240219,朝阳,双井,101110541185,富力城D区产权车位有需要随时联系,28万,9916元/平,地下室 (共22层) 1室0厅 | 28.24平米 | 南,https://ke-image.ljcdn.com/110000-inspection/469311ccf96571940e16288a36d3348b-054.jpg!m_fill,w_280,h_210,f_jpg?from=ke.com
20240219,朝阳,双井,101109936712,富力城二期国贸后花园+天力街,45万,15081元/平,地下室 (共1层) | 2003年 | 1室0厅 | 29.84平米 | 南,https://ke-image.ljcdn.com/110000-inspection/879270fd720a94ac7cffb5974559748e-014.jpg!m_fill,w_280,h_210,f_jpg?from=ke.com
