20240806,朝阳,四惠,101125523710,爱这城三期 2室1厅 东 西必看好房,550万,62636元/平,高楼层 (共18层) | 2010年 | 2室1厅 | 87.81平米 | 东 西,https://ke-image.ljcdn.com/110000-inspection/a60dd5ca-06ae-49eb-b13a-c5c670f9c785_1000.jpg!m_fill,w_280,h_210,f_jpg?from=ke.com
20240806,朝阳,四惠,101125468559,仅有契税南北通透高层小区中间位置大四居可看房必看好房,1390万,67644元/平,高楼层 (共18层) | 2008年 | 4室2厅 | 205.49平米 | 南 北,https://ke-image.ljcdn.com/110000-inspection/03fb3734-ed44-4a74-a216-2fc4f1f4f555_1000.jpg!m_fill,w_280,h_210,f_jpg?from=ke.com
20240806,朝阳,四惠,101125444992,近国贸 双卫三居 主朝东 远洋天地二期必看好房,770万,56489元/平,中楼层 (共26层) 3室2厅 | 136.31平米 | 东 北,https://ke-image.ljcdn.com/110000-inspection/99a66787-7ea5-45cd-9052-7e1ef64ed84e_1000.jpg!m_fill,w_280,h_210,f_jpg?from=ke.com
20240806,朝阳,四惠,101125386258,八里庄东里 2室1厅 东 西必看好房,269万,43790元/平,底层 (共6层) | 1995年 | 2室1厅 | 61.43平米 | 东 西,https://ke-image.ljcdn.com/110000-inspection/pc1_rwlrAZ9gl_1.jpg!m_fill,w_280,h_210,f_jpg?from=ke.com
20240806,朝阳,四惠,101125371912,爱这城二期中间板楼甄选好房南北通透观花园必看好房,1180万,74453元/平,低楼层 (共18层) | 2008年 | 3室2厅 | 158.49平米 | 南 北,https://ke-image.ljcdn.com/110000-inspection/a3ccf66c-46a7-4573-881f-f301066e53c0_1000.jpg!m_fill,w_280,h_210,f_jpg?from=ke.com
20240806,朝阳,四惠,101125802198,通惠家园满五唯一商品房后排低楼层安静 全南无遮挡新上,415万,55084元/平,低楼层 (共22层) | 2001年 | 2室1厅 | 75.34平米 | 南,https://ke-image.ljcdn.com/110000-inspection/982eaa32-0990-45f9-9506-3e4d57c08f92_1000.jpg!m_fill,w_280,h_210,f_jpg?from=ke.com
20240806,朝阳,四惠,101125231619,壹线国际全南向两居室大窗户户型房子板楼,560万,57870元/平,中楼层 (共9层) 2室1厅 | 96.77平米 | 南,https://ke-image.ljcdn.com/110000-inspection/a387c80e-9be1-431a-bea0-5ed3f9b04635_1000.jpg!m_fill,w_280,h_210,f_jpg?from=ke.com
20240806,朝阳,四惠,101125204139,诚意签约 满五年唯一 南北3居 双卫后排安静必看好房,488万,46239元/平,中楼层 (共28层) | 2001年 | 3室1厅 | 105.54平米 | 南 北,https://ke-image.ljcdn.com/110000-inspection/61fdddb9-7744-4fa1-92cb-edb0980d7228_1000.jpg!m_fill,w_280,h_210,f_jpg?from=ke.com
20240806,朝阳,四惠,101125132056,金地名京正规两居带储藏间景观房业主稳定出售,660万,74864元/平,中楼层 (共25层) 2室2厅 | 88.16平米 | 东南 西南,https://ke-image.ljcdn.com/110000-inspection/7167fadf-1ee5-4871-83fb-22f6b3636cb8_1000.jpg!m_fill,w_280,h_210,f_jpg?from=ke.com
20240806,朝阳,四惠,101125098791,CBD东十里堡 八里庄南北通透 低层精装两居方便看,278万,49866元/平,中楼层 (共5层) 2室1厅 | 55.75平米 | 南 北,https://ke-image.ljcdn.com/110000-inspection/pc1_h00zjRlXB.jpg!m_fill,w_280,h_210,f_jpg?from=ke.com
20240806,朝阳,四惠,101125098514,八里庄西里精装西南向两居室采光户型好大阳台,400万,46447元/平,低楼层 (共21层) | 1987年 | 3室2厅 | 86.12平米 | 西南,https://ke-image.ljcdn.com/110000-inspection/pc1_svimHy2hC.jpg!m_fill,w_280,h_210,f_jpg?from=ke.com
20240806,朝阳,四惠,101125069587,八里庄西里满五唯一商品房22号线国贸CBD采光好必看好房,370万,47755元/平,中楼层 (共21层) | 1998年 | 2室2厅 | 77.48平米 | 东,https://ke-image.ljcdn.com/110000-inspection/aa3b96e1-3461-499f-bf3e-d7e271374762_1000.jpg!m_fill,w_280,h_210,f_jpg?from=ke.com
20240806,朝阳,四惠,101125055609,四惠商圈双地铁远洋天地二期东南向二次新装修,675万,56008元/平,中楼层 (共30层) 2室1厅 | 120.52平米 | 东南,https://ke-image.ljcdn.com/110000-inspection/08543170-4d62-46e5-adcb-c75117c477d2_1000.jpg!m_fill,w_280,h_210,f_jpg?from=ke.com
20240806,朝阳,四惠,101125027651,京棉新城三厂 东南朝向无遮挡 格局方正业主诚售,408万,47781元/平,低楼层 (共28层) | 2015年 | 2室1厅 | 85.39平米 | 东南,https://ke-image.ljcdn.com/110000-inspection/01d0cb1e-0de2-43b5-9dfc-56fa1eb0a477_1000.jpg!m_fill,w_280,h_210,f_jpg?from=ke.com
20240806,朝阳,四惠,101124972174,壹线国际惠泽园南向落地一居室视野开阔,228万,49138元/平,中楼层 (共6层) 1室0厅 | 46.4平米 | 南,https://ke-image.ljcdn.com/110000-inspection/pc1_QU9JU4the.jpg!m_fill,w_280,h_210,f_jpg?from=ke.com
20240806,朝阳,四惠,101124917554,晨曦园东四环闹中取静一层花园精装两居诚意出售必看好房,512万,51510元/平,底层 (共28层) 2室1厅 | 99.4平米 | 南 北,https://ke-image.ljcdn.com/110000-inspection/pc1_ye8Tovtit.jpg!m_fill,w_280,h_210,f_jpg?from=ke.com
20240806,朝阳,四惠,101124735953,双地铁 带会所 四环东侧 朝东必看好房,510万,59165元/平,中楼层 (共17层) | 2004年 | 1室2厅 | 86.2平米 | 东,https://ke-image.ljcdn.com/110000-inspection/f5fe77be-de71-44c5-8da1-11d9192bca94_1000.jpg!m_fill,w_280,h_210,f_jpg?from=ke.com
20240806,朝阳,四惠,101124661480,南北通透  板楼两居室  好装修必看好房,505万,58375元/平,低楼层 (共7层) 2室1厅 | 86.51平米 | 南 北,https://ke-image.ljcdn.com/110000-inspection/939407ee-3cc0-4de3-aea9-410f1e8b8e06_1000.jpg!m_fill,w_280,h_210,f_jpg?from=ke.com
20240806,朝阳,四惠,101124654307,金地名京 次顶层 南向采光好 户型方正 诚意出售必看好房,630万,74680元/平,高楼层 (共17层) | 2009年 | 2室1厅 | 84.36平米 | 南,https://ke-image.ljcdn.com/110000-inspection/652fda8b-1b9a-4c7a-bcc5-0d89de5fa0b9_1000.jpg!m_fill,w_280,h_210,f_jpg?from=ke.com
20240806,朝阳,四惠,101124618020,远洋天地一期南北2居 明厨明卫 满五唯一 不临街必看好房,865万,64433元/平,中楼层 (共9层) 2室2厅 | 134.25平米 | 南 北,https://ke-image.ljcdn.com/110000-inspection/a65d578a-1117-4ec2-829b-bebd93fe9c0c_1000.jpg!m_fill,w_280,h_210,f_jpg?from=ke.com
20240806,朝阳,四惠,101124601700,满五唯一商品房高楼层视野好精装修的！房主自荐,325万,52344元/平,高楼层 (共28层) | 2001年 | 1室1厅 | 62.09平米 | 东,https://ke-image.ljcdn.com/110000-inspection/6a0aade6-cb43-42b0-be2f-2273c0e6f56d_1000.jpg!m_fill,w_280,h_210,f_jpg?from=ke.com
20240806,朝阳,四惠,101124589220,东恒时代二期 满五年唯一正规一居室中间层精装修,453万,77476元/平,中楼层 (共16层) 1室1厅 | 58.47平米 | 西北,https://ke-image.ljcdn.com/110000-inspection/802b2c50-87ad-48e9-b730-baedef606bec_1000.jpg!m_fill,w_280,h_210,f_jpg?from=ke.com
20240806,朝阳,四惠,101124573111,壹线国际 满五唯一商品房9层电梯板楼南向必看好房,549万,56774元/平,中楼层 (共9层) 2室1厅 | 96.7平米 | 南,https://ke-image.ljcdn.com/110000-inspection/1c1dd875-64df-40f4-b044-322ae224f8e7_1000.jpg!m_fill,w_280,h_210,f_jpg?from=ke.com
20240806,朝阳,四惠,101124570077,八里庄东里南北通透两居室业主诚意出售满五年唯一,235万,38882元/平,高楼层 (共6层) | 1985年 | 2室1厅 | 60.44平米 | 南 北,https://ke-image.ljcdn.com/110000-inspection/0632db5a-a0a2-4895-9886-2ae0983d56a5_1000.jpg!m_fill,w_280,h_210,f_jpg?from=ke.com
20240806,朝阳,四惠,101124393525,力源里 大两居室 地铁四惠站 看房方便必看好房,369万,50750元/平,低楼层 (共24层) | 1996年 | 2室1厅 | 72.71平米 | 西南,https://ke-image.ljcdn.com/110000-inspection/c4e4eb3c-fd49-4b62-8e9c-bd699316e389_1000.jpg!m_fill,w_280,h_210,f_jpg?from=ke.com
20240806,朝阳,四惠,101124373781,东四环中间层南北房挑高2.7米满五年 诚售！必看好房,238万,42691元/平,中楼层 (共5层) 2室1厅 | 55.75平米 | 南 北,https://ke-image.ljcdn.com/110000-inspection/b313fb24-48ca-4dfa-996b-e9d8f4906d1f_1000.jpg!m_fill,w_280,h_210,f_jpg?from=ke.com
20240806,朝阳,四惠,101124361530,总监推荐！6号线双地铁无遮挡 格局方正业主诚售必看好房,398万,44435元/平,中楼层 (共28层) | 2009年 | 2室1厅 | 89.57平米 | 西北 南,https://ke-image.ljcdn.com/110000-inspection/1680ebfb-b158-4051-89a7-39fcd0780412_1000.jpg!m_fill,w_280,h_210,f_jpg?from=ke.com
20240806,朝阳,四惠,101124239743,2008年 楼龄新 满五年唯一商品房必看好房,299万,57734元/平,高楼层 (共9层) | 2008年 | 1室0厅 | 51.79平米 | 东,https://ke-image.ljcdn.com/110000-inspection/pc1_wWevfNOS3.jpg!m_fill,w_280,h_210,f_jpg?from=ke.com
20240806,朝阳,四惠,101124233335,东恒一期高层两居室 景观好 视野好 满五唯一 三面采光必看好房,595万,62764元/平,高楼层 (共30层) | 2003年 | 2室1厅 | 94.8平米 | 南 西北,https://ke-image.ljcdn.com/110000-inspection/d794c411-4e40-4f30-a092-d804699a74a9_1000.jpg!m_fill,w_280,h_210,f_jpg?from=ke.com
20240806,朝阳,四惠,101124230984,四惠 精装 正规一居 满五年唯一必看好房,415万,57905元/平,低楼层 (共27层) 1室1厅 | 71.67平米 | 西南,https://ke-image.ljcdn.com/110000-inspection/301b9938-8641-4b30-ae56-27976cfbc894_1000.jpg!m_fill,w_280,h_210,f_jpg?from=ke.com
20240806,朝阳,四惠,101124195914,聚焦好房+板楼结构+南向大窗户满五唯一地采暖必看好房,348万,56275元/平,低楼层 (共12层) 1室0厅 | 61.84平米 | 南,https://ke-image.ljcdn.com/110000-inspection/bf50ae0e-6f29-448a-ac98-b5e3755ac4fe_1000.jpg!m_fill,w_280,h_210,f_jpg?from=ke.com
20240806,朝阳,四惠,101124104639,远洋天地三期 正东向1居 满五唯一 直看小区园林房主自荐,476万,57523元/平,低楼层 (共24层) | 2004年 | 1室2厅 | 82.75平米 | 东,https://ke-image.ljcdn.com/110000-inspection/e4634771-8580-4ee4-b3cb-9eb7bd680062_1000.jpg!m_fill,w_280,h_210,f_jpg?from=ke.com
20240806,朝阳,四惠,101124103075,壹线国际满五年唯一商品房 看房方便 业主靠谱签约必看好房,325万,43560元/平,底层 (共9层) | 2006年 | 2室1厅 | 74.61平米 | 东,https://ke-image.ljcdn.com/110000-inspection/3c80120e-95a5-42ac-bfd4-16bec6728d28_1000.jpg!m_fill,w_280,h_210,f_jpg?from=ke.com
20240806,朝阳,四惠,101124102748,四惠 爱这城温馨两居 板楼通风好 中间层 满五唯一必看好房,630万,75314元/平,中楼层 (共20层) 2室1厅 | 83.65平米 | 东南,https://ke-image.ljcdn.com/110000-inspection/pc1_6aiEZKdCS.jpg!m_fill,w_280,h_210,f_jpg?from=ke.com
20240806,朝阳,四惠,101124047118,满五年唯一东南三居室视野开阔采光好必看好房,858万,63944元/平,高楼层 (共27层) | 2008年 | 3室2厅 | 134.18平米 | 东南,https://ke-image.ljcdn.com/110000-inspection/0409f622-b72a-45d2-82e1-28b6f3479845_1000.jpg!m_fill,w_280,h_210,f_jpg?from=ke.com
20240806,朝阳,四惠,101123931677,满五年唯一明厨明卫一居价买二居高层阳光好必看好房,550万,59557元/平,中楼层 (共27层) | 2006年 | 2室1厅 | 92.35平米 | 东北,https://ke-image.ljcdn.com/110000-inspection/9257475f-52f6-4748-a55b-8b41d5372ff3_1000.jpg!m_fill,w_280,h_210,f_jpg?from=ke.com
20240806,朝阳,四惠,101123925497,通惠家园 无遮挡 满五年唯一商品房必看好房,508万,48134元/平,低楼层 (共28层) 3室1厅 | 105.54平米 | 南 北 东,https://ke-image.ljcdn.com/110000-inspection/686700be-388a-41cd-8100-d9a179e76d2e_1000.jpg!m_fill,w_280,h_210,f_jpg?from=ke.com
20240806,朝阳,四惠,101123915160,南北通透满五年唯一主卧朝南对花园必看好房,566万,54350元/平,中楼层 (共9层) | 2008年 | 3室1厅 | 104.14平米 | 南 北,https://ke-image.ljcdn.com/110000-inspection/032de713-bfec-401c-9be5-0871484288f6_1000.jpg!m_fill,w_280,h_210,f_jpg?from=ke.com
20240806,朝阳,四惠,101123753268,壹线国际全南两居室 满五年唯一 近地铁四惠站,436万,55984元/平,低楼层 (共9层) | 2008年 | 2室1厅 | 77.88平米 | 南,https://ke-image.ljcdn.com/110000-inspection/pc1_NehxkndgR.jpg!m_fill,w_280,h_210,f_jpg?from=ke.com
20240806,朝阳,四惠,101123625044,正规两居室东向平齐花园户型方正。必看好房,410万,44736元/平,低楼层 (共9层) | 2006年 | 2室1厅 | 91.65平米 | 东南,https://ke-image.ljcdn.com/110000-inspection/6d83454c-3202-4ced-9b24-90414ca24c5f_1000.jpg!m_fill,w_280,h_210,f_jpg?from=ke.com
20240806,朝阳,四惠,101123429961,此房户型方正功能齐全视野好满五唯一,935万,70143元/平,高楼层 (共9层) | 2009年 | 3室1厅 | 133.3平米 | 南 北,https://ke-image.ljcdn.com/110000-inspection/6ca14e54-2563-4da9-bf2f-0635210350fd_1000.jpg!m_fill,w_280,h_210,f_jpg?from=ke.com
20240806,朝阳,四惠,101123341922,满五年  全南高层  采光好   视野开阔必看好房,399万,52743元/平,中楼层 (共28层) | 2001年 | 2室1厅 | 75.65平米 | 南,https://ke-image.ljcdn.com/110000-inspection/pc1_sYCCp2N4A_1.jpg!m_fill,w_280,h_210,f_jpg?from=ke.com
20240806,朝阳,四惠,101123228470,远洋天地一期 正南北3居 满五唯一 不临街 得房率85.3%必看好房,958万,70603元/平,低楼层 (共14层) 3室2厅 | 135.69平米 | 南 北,https://ke-image.ljcdn.com/110000-inspection/pc1_qGrm1SecW.jpg!m_fill,w_280,h_210,f_jpg?from=ke.com
20240806,朝阳,四惠,101123194077,京棉新城三厂东南向两居室业主诚意出售价格可谈必看好房,389万,45551元/平,低楼层 (共28层) | 2011年 | 2室1厅 | 85.4平米 | 东 南,https://ke-image.ljcdn.com/110000-inspection/92467a6e-daec-4a39-9071-b68840a48a89_1000.jpg!m_fill,w_280,h_210,f_jpg?from=ke.com
20240806,朝阳,四惠,101123105976,爱这城一期南北通透3居室满五唯一必看好房,938万,72182元/平,低楼层 (共20层) | 2007年 | 3室1厅 | 129.95平米 | 南 北,https://ke-image.ljcdn.com/110000-inspection/pc1_9chdCbDuC.jpg!m_fill,w_280,h_210,f_jpg?from=ke.com
20240806,朝阳,四惠,101123052640,惠民园 后排高层  商品房  安静必看好房,369万,48765元/平,高楼层 (共28层) 2室1厅 | 75.67平米 | 西,https://ke-image.ljcdn.com/110000-inspection/90b34de5-2cee-4711-9b46-6ad382bf25f2_1000.jpg!m_fill,w_280,h_210,f_jpg?from=ke.com
20240806,朝阳,四惠,101122952878,八里庄西里南北通透两居室看房方便四层,256万,44499元/平,中楼层 (共6层) | 1980年 | 2室1厅 | 57.53平米 | 南 北,https://ke-image.ljcdn.com/110000-inspection/8a8dce9f-2546-47d1-b7a6-b0f81f402b0f_1000.jpg!m_fill,w_280,h_210,f_jpg?from=ke.com
20240806,朝阳,四惠,101122918832,东四环高档小区精装两居室楼龄新园林水系必看好房,860万,97639元/平,中楼层 (共28层) | 2013年 | 2室1厅 | 88.08平米 | 南 北,https://ke-image.ljcdn.com/110000-inspection/f9dd28e6-cea6-4828-9ab9-09273ef8d9c8_1000.jpg!m_fill,w_280,h_210,f_jpg?from=ke.com
20240806,朝阳,四惠,101122880237,八里庄东里北巷中间层南北通透满五年家庭一套住,268万,46854元/平,中楼层 (共5层) 2室1厅 | 57.2平米 | 南 北,https://ke-image.ljcdn.com/110000-inspection/c687a2be-9a53-4734-912d-004b6e32c67b_1000.jpg!m_fill,w_280,h_210,f_jpg?from=ke.com
20240806,朝阳,四惠,101122858360,满五唯一商品房  通惠家园  后排  全南高层  采光好必看好房,370万,48910元/平,高楼层 (共28层) | 2001年 | 2室1厅 | 75.65平米 | 南,https://ke-image.ljcdn.com/110000-inspection/c59e29e6-4603-426d-8952-2e43e8df9c8f_1000.jpg!m_fill,w_280,h_210,f_jpg?from=ke.com
20240806,朝阳,四惠,101122737619,东四环 2003年 板楼带电梯 商品房南北通透三居室必看好房,673万,47755元/平,低楼层 (共9层) 3室1厅 | 140.93平米 | 南 北,https://ke-image.ljcdn.com/110000-inspection/bbaa34a3-361d-482d-9b75-509371359c72_1000.jpg!m_fill,w_280,h_210,f_jpg?from=ke.com
20240806,朝阳,四惠,101122668974,金地名京南向两居室安静正对小区花园房主自荐,710万,84164元/平,低楼层 (共17层) 2室1厅 | 84.36平米 | 南,https://ke-image.ljcdn.com/110000-inspection/914a146c-a1b7-4d97-a05b-2374ffb7a9dc_1000.jpg!m_fill,w_280,h_210,f_jpg?from=ke.com
20240806,朝阳,四惠,101122402146,通惠家园惠民园后排安静东向一居室必看好房,269万,45165元/平,低楼层 (共28层) | 2001年 | 1室1厅 | 59.56平米 | 东,https://ke-image.ljcdn.com/110000-inspection/f0a6ffdc-c28d-47b7-8158-97bd75018013_1000.jpg!m_fill,w_280,h_210,f_jpg?from=ke.com
20240806,朝阳,四惠,101120581792,商品房双卧室分离带阳台后排位置安静,465万,61387元/平,中楼层 (共28层) | 2001年 | 2室1厅 | 75.75平米 | 东,https://ke-image.ljcdn.com/110000-inspection/2f4bf90d-fd22-439b-8b80-a38b864e5998_1000.jpg!m_fill,w_280,h_210,f_jpg?from=ke.com
20240806,朝阳,四惠,101115107925,南向开间不临街板楼有钥匙,365万,67958元/平,低楼层 (共12层) | 2006年 | 1室0厅 | 53.71平米 | 南,https://ke-image.ljcdn.com/110000-inspection/08405d41-63a7-437c-a740-cb8efed5438c_1000.jpg!m_fill,w_280,h_210,f_jpg?from=ke.com
20240806,朝阳,四惠,101125709534,仅链家 新上好房 板楼四居 随时看房必看好房,1120万,73496元/平,高楼层 (共14层) 4室1厅 | 152.39平米 | 南 北,https://ke-image.ljcdn.com/110000-inspection/05700e4c-735a-453d-b669-49e44faaf2d7_1000.jpg!m_fill,w_280,h_210,f_jpg?from=ke.com
20240806,朝阳,四惠,101125614199,壹线国际惠泽园南向无遮挡近地铁必看好房,219万,49148元/平,低楼层 (共7层) 1室0厅 | 44.56平米 | 南,https://ke-image.ljcdn.com/110000-inspection/a671b322-3678-42d5-a169-01187aca53f7_1000.jpg!m_fill,w_280,h_210,f_jpg?from=ke.com
20240806,朝阳,四惠,101125564562,东恒时代一期一居室户型方正安静不临街,378万,63243元/平,低楼层 (共30层) | 2003年 | 1室1厅 | 59.77平米 | 东,https://ke-image.ljcdn.com/110000-inspection/7879c759-2d9b-416a-8545-5d3eb85beab5_1000.jpg!m_fill,w_280,h_210,f_jpg?from=ke.com
20240806,朝阳,四惠,101125534756,聚焦东向高层双卫复式两居+满五唯一看花园安静诚意卖必看好房,498万,52794元/平,高楼层 (共27层) | 2006年 | 2室1厅 | 94.33平米 | 东,https://ke-image.ljcdn.com/110000-inspection/d5586673-2035-4d64-9446-42c765c307f6_1000.jpg!m_fill,w_280,h_210,f_jpg?from=ke.com
20240806,朝阳,四惠,101125489348,小区坐地铁方便没有遮挡视野好精装修满五唯一,545万,46109元/平,中楼层 (共28层) | 2001年 | 3室1厅 | 118.2平米 | 东北,https://ke-image.ljcdn.com/110000-inspection/pc1_qvVxlOVQh.jpg!m_fill,w_280,h_210,f_jpg?from=ke.com
20240806,朝阳,四惠,101125456161,南北复式 明厨明卫 满五唯一 小区中间位置,1030万,62634元/平,高楼层 (共10层) 4室2厅 | 164.45平米 | 南 北,https://ke-image.ljcdn.com/110000-inspection/03f26b1b-e5bb-4323-877b-a87a674748a6_1000.jpg!m_fill,w_280,h_210,f_jpg?from=ke.com
20240806,朝阳,四惠,101125299179,满五唯一 对花园 后排安静 交通便利 地铁1号线房主自荐,366万,49487元/平,中楼层 (共9层) | 2006年 | 1室1厅 | 73.96平米 | 西,https://ke-image.ljcdn.com/110000-inspection/3cd12ef7-393b-4a50-991c-5c3cfcaf73f8_1000.jpg!m_fill,w_280,h_210,f_jpg?from=ke.com
20240806,朝阳,四惠,101125269610,此房是满五年唯一商品房精装修户型方正必看好房,368万,49946元/平,中楼层 (共9层) | 2006年 | 2室1厅 | 73.68平米 | 东,https://ke-image.ljcdn.com/110000-inspection/686d63fd-08ea-4c6d-9322-2f2f5e4fada6_1000.jpg!m_fill,w_280,h_210,f_jpg?from=ke.com
20240806,朝阳,四惠,101125159150,爱这城一期东南三居 落地阳台 双明卫 满五年唯一,950万,70039元/平,中楼层 (共18层) 3室2厅 | 135.64平米 | 东南 北,https://ke-image.ljcdn.com/110000-inspection/pc1_TEfg5sw1u_1.jpg!m_fill,w_280,h_210,f_jpg?from=ke.com
20240806,朝阳,四惠,101125157190,京棉新城三厂南向两居室满五年唯一住房商品房,458万,51993元/平,中楼层 (共24层) | 2011年 | 2室1厅 | 88.09平米 | 南,https://ke-image.ljcdn.com/110000-inspection/932c9904-88f5-412d-8bb4-4d4e2615337a_1000.jpg!m_fill,w_280,h_210,f_jpg?from=ke.com
20240806,朝阳,四惠,101125144142,精致一居高层；满五唯一；无抵押、户口；随时签约必看好房,366万,58133元/平,中楼层 (共27层) 1室1厅 | 62.96平米 | 东南,https://ke-image.ljcdn.com/110000-inspection/pc1_cmHFPFDS1.jpg!m_fill,w_280,h_210,f_jpg?from=ke.com
20240806,朝阳,四惠,101125131212,晨曦园东四环闹中取静高层正规东向两居诚意出售必看好房,538万,44269元/平,中楼层 (共28层) 2室2厅 | 121.53平米 | 东,https://ke-image.ljcdn.com/110000-inspection/fc77b5a1-d7fd-4818-a2b9-dc4db9ab6d7a_1000.jpg!m_fill,w_280,h_210,f_jpg?from=ke.com
20240806,朝阳,四惠,101125104283,甄选南北通透两居满五唯一客厅南向无遮挡采光好必看好房,830万,85391元/平,低楼层 (共16层) | 2006年 | 2室1厅 | 97.2平米 | 南 北,https://ke-image.ljcdn.com/110000-inspection/e71ce4c5-dbb2-4bf8-858a-3b07d7153d15_1000.jpg!m_fill,w_280,h_210,f_jpg?from=ke.com
20240806,朝阳,四惠,101125033450,东四环京棉新城 2012年次新低密洋房全南向随时看房主自荐,535万,60153元/平,高楼层 (共11层) 2室1厅 | 88.94平米 | 南,https://ke-image.ljcdn.com/110000-inspection/pc1_LypVRRkVz.jpg!m_fill,w_280,h_210,f_jpg?from=ke.com
20240806,朝阳,四惠,101124901409,远洋天地三期 正规一居室 满五年唯一 随时能看房主自荐,460万,56924元/平,低楼层 (共24层) | 2004年 | 1室1厅 | 80.81平米 | 东,https://ke-image.ljcdn.com/110000-inspection/32f7fe5d-8dd0-4d7d-8449-1814aca04aa4_1000.jpg!m_fill,w_280,h_210,f_jpg?from=ke.com
20240806,朝阳,四惠,101124823842,满五唯一商品房南北通透格局好采光充足必看好房,569万,55610元/平,底层 (共9层) 2室1厅 | 102.32平米 | 南 北,https://ke-image.ljcdn.com/110000-inspection/e531ac20-abf6-49fe-9366-03a900e3afa9_1000.jpg!m_fill,w_280,h_210,f_jpg?from=ke.com
20240806,朝阳,四惠,101124482210,东恒时代二期 后排 南北 高层双明卫 满五年唯一必看好房,1198万,83508元/平,高楼层 (共21层) 3室2厅 | 143.46平米 | 南 北,https://ke-image.ljcdn.com/110000-inspection/4a0ef6f7-9f35-448e-b67d-5e5d7cb67d86_1000.jpg!m_fill,w_280,h_210,f_jpg?from=ke.com
20240806,朝阳,四惠,101124438292,通惠家园惠生园南北通透两居室视野开阔房主自荐,405万,45748元/平,顶层 (共5层) | 2002年 | 2室1厅 | 88.53平米 | 南 北,https://ke-image.ljcdn.com/110000-inspection/pc1_xorhy5J62_1.jpg!m_fill,w_280,h_210,f_jpg?from=ke.com
20240806,朝阳,四惠,101124326305,聚焦房源 诚意出售 看房随时 没有遮挡必看好房,386万,60445元/平,低楼层 (共32层) 1室1厅 | 63.86平米 | 北,https://ke-image.ljcdn.com/110000-inspection/83a7cbac-5244-4fdb-8af8-62966b5fd193_1000.jpg!m_fill,w_280,h_210,f_jpg?from=ke.com
20240806,朝阳,四惠,101124321133,无遮挡喜欢视野好的看过来 有钥匙 视野好必看好房,680万,56423元/平,高楼层 (共30层) 2室1厅 | 120.52平米 | 西南,https://ke-image.ljcdn.com/110000-inspection/daf851f6-e4df-4d29-8f37-6c87b2d98d4e_1000.jpg!m_fill,w_280,h_210,f_jpg?from=ke.com
20240806,朝阳,四惠,101124301862,满五唯一商品房 东南向 采光好 拎包入住,406万,50827元/平,高楼层 (共22层) 2室1厅 | 79.88平米 | 东南 南,https://ke-image.ljcdn.com/110000-inspection/pc1_ntMyki660.jpg!m_fill,w_280,h_210,f_jpg?from=ke.com
20240806,朝阳,四惠,101123763294,东四环慈云寺 晨曦园商品房小区 南向采光好双卫两居,538万,49128元/平,中楼层 (共28层) | 2000年 | 2室1厅 | 109.51平米 | 南,https://ke-image.ljcdn.com/110000-inspection/pc1_XzmP8huPR.jpg!m_fill,w_280,h_210,f_jpg?from=ke.com
20240806,朝阳,四惠,101123672284,壹线国际 正对小区花园 楼层好 视野开阔 店长推荐,370万,50313元/平,中楼层 (共9层) | 2006年 | 2室1厅 | 73.54平米 | 西,https://ke-image.ljcdn.com/110000-inspection/pc1_FXSsqL0R4.jpg!m_fill,w_280,h_210,f_jpg?from=ke.com
20240806,朝阳,四惠,101123596511,八里庄西里 22号线慈云寺桥东南精装全明满五唯一房主自荐,375万,46354元/平,低楼层 (共21层) | 1987年 | 2室1厅 | 80.9平米 | 东南,https://ke-image.ljcdn.com/110000-inspection/436b73c5-0191-4503-9bc6-5018b4e73f0f_1000.jpg!m_fill,w_280,h_210,f_jpg?from=ke.com
20240806,朝阳,四惠,101123583750,东恒时代一期 西南向精装修三居 视野开阔 采光好,835万,59103元/平,中楼层 (共32层) 3室2厅 | 141.28平米 | 西 南,https://ke-image.ljcdn.com/110000-inspection/d1ac60ee-936d-4230-b1fe-0c2eb68f681f_1000.jpg!m_fill,w_280,h_210,f_jpg?from=ke.com
20240806,朝阳,四惠,101123456617,通惠家园惠电梯南向复式满五年唯一商品房随时可看,609万,43848元/平,顶层 (共24层) | 2001年 | 3室2厅 | 138.89平米 | 南 西,https://ke-image.ljcdn.com/110000-inspection/5405adf3-3262-4249-97d7-cf99b00faf5e_1000.jpg!m_fill,w_280,h_210,f_jpg?from=ke.com
20240806,朝阳,四惠,101123259415,通惠家园惠民园 高楼层视野好无遮挡必看好房,245万,41135元/平,顶层 (共28层) | 2001年 | 1室1厅 | 59.56平米 | 西,https://ke-image.ljcdn.com/110000-inspection/237cdfda-ae73-4710-a181-a71907e2ed5b_1000.jpg!m_fill,w_280,h_210,f_jpg?from=ke.com
20240806,朝阳,四惠,101123226198,东恒时代 板楼南北通透双卫两居室 满五年唯一随时看必看好房,638万,55941元/平,低楼层 (共12层) 2室2厅 | 114.05平米 | 南 北,https://ke-image.ljcdn.com/110000-inspection/47f65d1b-f739-4e8a-9733-1bf196db4ff2_1000.jpg!m_fill,w_280,h_210,f_jpg?from=ke.com
20240806,朝阳,四惠,101123188037,壹线国际2008年新社区南北通透三居 满五唯一商品房必看好房,570万,53968元/平,低楼层 (共9层) | 2008年 | 3室1厅 | 105.62平米 | 北 南,https://ke-image.ljcdn.com/110000-inspection/958e63be-c493-4150-85d9-1112a1f949f2_1000.jpg!m_fill,w_280,h_210,f_jpg?from=ke.com
20240806,朝阳,四惠,101123059381,金地名京 正规两居室 视野好采光好 精装修 满五年唯一房主自荐,660万,73456元/平,中楼层 (共25层) 2室1厅 | 89.85平米 | 东南,https://ke-image.ljcdn.com/110000-inspection/pc1_P5BFTWXX4.jpg!m_fill,w_280,h_210,f_jpg?from=ke.com
20240806,朝阳,四惠,101123000841,满五年落地阳台封闭社区诚意出售随时看房必看好房,388万,61942元/平,低楼层 (共15层) 1室1厅 | 62.64平米 | 东北,https://ke-image.ljcdn.com/110000-inspection/pc1_ZsToqhqyT.jpg!m_fill,w_280,h_210,f_jpg?from=ke.com
20240806,朝阳,四惠,101122880697,东四环 首创爱这城 板楼大三居 高层视野好必看好房,1140万,67488元/平,顶层 (共18层) | 2008年 | 3室2厅 | 168.92平米 | 南 北,https://ke-image.ljcdn.com/110000-inspection/88fe6735-b615-441c-a6bb-d3be6c01c59e_1000.jpg!m_fill,w_280,h_210,f_jpg?from=ke.com
20240806,朝阳,四惠,101122874362,惠民园 精装一居 满五唯一 高楼层,299万,50143元/平,中楼层 (共28层) | 2001年 | 1室1厅 | 59.63平米 | 东,https://ke-image.ljcdn.com/110000-inspection/pc1_dQH4bK3y0.jpg!m_fill,w_280,h_210,f_jpg?from=ke.com
20240806,朝阳,四惠,101122865300,满五唯一商品房高楼层采光好视野好必看好房,405万,50506元/平,中楼层 (共28层) | 2001年 | 2室1厅 | 80.19平米 | 东南,https://ke-image.ljcdn.com/110000-inspection/2d76036b-c1b9-41fa-a8dc-e5079f3b0851_1000.jpg!m_fill,w_280,h_210,f_jpg?from=ke.com
20240806,朝阳,四惠,101122686887,东恒时代一期全南双卫大两居室 精装修房主自荐,720万,62059元/平,中楼层 (共30层) | 2003年 | 2室1厅 | 116.02平米 | 南,https://ke-image.ljcdn.com/110000-inspection/c9c3f37c-8ba6-4d2c-bf38-23497a0bddd9_1000.jpg!m_fill,w_280,h_210,f_jpg?from=ke.com
20240806,朝阳,四惠,101122597339,首套首付约90万 落地窗 看小区花园 近地铁必看好房,370万,63368元/平,低楼层 (共26层) 1室0厅 | 58.39平米 | 北,https://ke-image.ljcdn.com/110000-inspection/3892adeb-3e53-4235-a6a4-f0c11683e814_1000.jpg!m_fill,w_280,h_210,f_jpg?from=ke.com
20240806,朝阳,四惠,101122475848,远洋天地二期满五年北京家庭名下一套住宅看房随时房主自荐,700万,60076元/平,中楼层 (共30层) | 2002年 | 2室1厅 | 116.52平米 | 西南,https://ke-image.ljcdn.com/110000-inspection/065ee7b2-7572-435e-b718-37e6cf3f2794_1000.jpg!m_fill,w_280,h_210,f_jpg?from=ke.com
20240806,朝阳,四惠,101122294425,金地名京正规两居室楼层好安静不临街,660万,113189元/平,高楼层 (共9层) 2室1厅 | 58.31平米 | 东南,https://ke-image.ljcdn.com/110000-inspection/bb40f363-e8b7-4a43-bdd6-b48d833229ee_1000.jpg!m_fill,w_280,h_210,f_jpg?from=ke.com
20240806,朝阳,四惠,101122054486,八里庄西里西南一居室满五年唯一住房看房方便必看好房,186万,43206元/平,顶层 (共6层) | 1991年 | 1室1厅 | 43.05平米 | 西南,https://ke-image.ljcdn.com/110000-inspection/157cae03-b3f7-47d9-aecf-1f5178e1346a_1000.jpg!m_fill,w_280,h_210,f_jpg?from=ke.com
20240806,朝阳,四惠,101125808765,一居+书房满五年唯一无贷无户产权清晰四惠地铁新上,420万,66710元/平,中楼层 (共27层) | 2006年 | 1室1厅 | 62.96平米 | 西南,https://ke-image.ljcdn.com/110000-inspection/abac9a35-8fde-4ee7-bab1-5df9eb35e201_1000.jpg!m_fill,w_280,h_210,f_jpg?from=ke.com
20240806,朝阳,四惠,101125763019,通惠家园惠民园 高楼层 东二居室高层观景视野好新上,450万,56117元/平,中楼层 (共28层) | 2001年 | 2室1厅 | 80.19平米 | 东,https://ke-image.ljcdn.com/110000-inspection/22a85328-7c2d-4f05-b986-63a192888d9a_1000.jpg!m_fill,w_280,h_210,f_jpg?from=ke.com
20240806,朝阳,四惠,101125739991,通惠家园 精装修 三居室 两卫 视野好新上,620万,57392元/平,中楼层 (共29层) 3室1厅 | 108.03平米 | 东南,https://ke-image.ljcdn.com/110000-inspection/7d0a0945-971d-45ec-993d-9532d0c7a174_1000.jpg!m_fill,w_280,h_210,f_jpg?from=ke.com
20240806,朝阳,四惠,101125737207,东恒时代一期 2室1厅 西 北新上,550万,61460元/平,底层 (共32层) | 2004年 | 2室1厅 | 89.49平米 | 西 北,https://ke-image.ljcdn.com/110000-inspection/26ef8c7d-a1ec-4c1a-842b-c1bde1e385eb_1000.jpg!m_fill,w_280,h_210,f_jpg?from=ke.com
20240806,朝阳,四惠,101125734528,四惠一号线 壹线国际 商品房 南北两居满五唯一新上,477万,53699元/平,底层 (共9层) | 2008年 | 2室1厅 | 88.83平米 | 南 北,https://ke-image.ljcdn.com/110000-inspection/8368f510-7327-4a38-8c66-7ae0c312d058_1000.jpg!m_fill,w_280,h_210,f_jpg?from=ke.com
20240806,朝阳,四惠,101125719027,八里庄西里 2室2厅 南 北,248万,44589元/平,底层 (共6层) | 1986年 | 2室2厅 | 55.62平米 | 南 北,https://ke-image.ljcdn.com/110000-inspection/de1983c7-8b58-4737-84cc-c8950ef8bc9f_1000.jpg!m_fill,w_280,h_210,f_jpg?from=ke.com
20240806,朝阳,四惠,101125693743,金地名京高楼层三居室视野好观景房,980万,71759元/平,顶层 (共20层) 3室1厅 | 136.57平米 | 西南 西北,https://ke-image.ljcdn.com/110000-inspection/6e18b2af-1ee3-4481-a039-0f0d662238c2_1000.jpg!m_fill,w_280,h_210,f_jpg?from=ke.com
20240806,朝阳,四惠,101125681406,八里庄东里 3室1厅 西 东 南,310万,35670元/平,高楼层 (共6层) | 1995年 | 3室1厅 | 86.91平米 | 西 东 南,https://ke-image.ljcdn.com/110000-inspection/420fcac1-5937-496b-ab2b-f3be23a8788f_1000.jpg!m_fill,w_280,h_210,f_jpg?from=ke.com
20240806,朝阳,四惠,101125670990,远洋天地一期 正南北3居 满五唯一 高层无遮挡,980万,71377元/平,高楼层 (共10层) 3室2厅 | 137.3平米 | 南 北,https://ke-image.ljcdn.com/110000-inspection/d3b0e69b-a677-4fc1-b40f-15c509d5466b_1000.jpg!m_fill,w_280,h_210,f_jpg?from=ke.com
20240806,朝阳,四惠,101125622526,京棉新城三厂 全名格局两居室 满五唯一看房方便,488万,52361元/平,低楼层 (共28层) | 2011年 | 2室1厅 | 93.2平米 | 西北,https://ke-image.ljcdn.com/110000-inspection/0cd17817-5b0a-4501-b9b4-a24dd6eb7534_1000.jpg!m_fill,w_280,h_210,f_jpg?from=ke.com
20240806,朝阳,四惠,101125590293,东恒时代一期满五唯一户型好精装修房主自荐,665万,69235元/平,中楼层 (共30层) | 2003年 | 2室1厅 | 96.05平米 | 东南,https://ke-image.ljcdn.com/110000-inspection/d5bb505b-d805-4800-ad36-7eb832ca974d_1000.jpg!m_fill,w_280,h_210,f_jpg?from=ke.com
20240806,朝阳,四惠,101125558911,安静后排 高层采光足 视野开阔 明厨明卫满五年唯一,745万,52026元/平,中楼层 (共9层) 3室1厅 | 143.2平米 | 南 北,https://ke-image.ljcdn.com/110000-inspection/3065bc8d-89df-4a7c-b3b0-dbabf58c98d4_1000.jpg!m_fill,w_280,h_210,f_jpg?from=ke.com
20240806,朝阳,四惠,101125548350,晨曦园  东四环边距离在建地铁450米配套齐全房主自荐,520万,50510元/平,低楼层 (共24层) | 2003年 | 2室1厅 | 102.95平米 | 西南,https://ke-image.ljcdn.com/110000-inspection/9ffa9f3f-3217-4094-acd0-f01755c8cbcb_1000.jpg!m_fill,w_280,h_210,f_jpg?from=ke.com
20240806,朝阳,四惠,101125535838,后排安静没有遮挡视野好精装修满五唯一,590万,49752元/平,高楼层 (共24层) | 2001年 | 3室1厅 | 118.59平米 | 东北,https://ke-image.ljcdn.com/110000-inspection/597c153e-8b49-47cb-8e04-06cd51a575e5_1000.jpg!m_fill,w_280,h_210,f_jpg?from=ke.com
20240806,朝阳,四惠,101125512913,爱这城三期 1室1厅 南,499万,83571元/平,高楼层 (共18层) | 2009年 | 1室1厅 | 59.71平米 | 南,https://ke-image.ljcdn.com/110000-inspection/326a8a9d-4964-4c62-9472-959bbb188c31_1000.jpg!m_fill,w_280,h_210,f_jpg?from=ke.com
20240806,朝阳,四惠,101125484025,凯德锦绣 2室1厅 南 北,1009万,100820元/平,高楼层 (共26层) | 2013年 | 2室1厅 | 100.08平米 | 南 北,https://ke-image.ljcdn.com/110000-inspection/120bce3b-4392-43e9-8469-ffa730956800_1000.jpg!m_fill,w_280,h_210,f_jpg?from=ke.com
20240806,朝阳,四惠,101125465063,甄选好房：南北通透 楼层好采光充足 满五唯一 好房房主自荐,720万,75079元/平,中楼层 (共18层) 2室1厅 | 95.9平米 | 南 北,https://ke-image.ljcdn.com/110000-inspection/ecb68936-4329-4c82-b073-befc4cc9eea6_1000.jpg!m_fill,w_280,h_210,f_jpg?from=ke.com
20240806,朝阳,四惠,101125454608,满五年唯一楼层高视野好业主诚意出售,362万,58454元/平,高楼层 (共27层) | 2008年 | 1室1厅 | 61.93平米 | 西,https://ke-image.ljcdn.com/110000-inspection/c48d4fbe-da5e-462b-9a6f-3da642e2992e_1000.jpg!m_fill,w_280,h_210,f_jpg?from=ke.com
20240806,朝阳,四惠,101125454091,八里庄西里 满五唯一 户型方正 格局合理,332万,51085元/平,底层 (共21层) | 1987年 | 2室1厅 | 64.99平米 | 西南,https://ke-image.ljcdn.com/110000-inspection/d8f4ee85-31e6-431a-9815-82fda26ab7ed_1000.jpg!m_fill,w_280,h_210,f_jpg?from=ke.com
20240806,朝阳,四惠,101125448965,南北通透 满五唯一 全明格局 固定充电车位好房甄选,620万,59212元/平,中楼层 (共9层) | 2008年 | 3室1厅 | 104.71平米 | 南 北,https://ke-image.ljcdn.com/110000-inspection/22816023-f263-47ba-b0e9-50cdb16de547_1000.jpg!m_fill,w_280,h_210,f_jpg?from=ke.com
20240806,朝阳,四惠,101125445302,金地▪名京新上品质房源 保持很好 美好生活房主自荐,870万,75280元/平,中楼层 (共25层) 2室1厅 | 115.57平米 | 东南,https://ke-image.ljcdn.com/110000-inspection/8a315004-7657-4a41-8561-e1a6007894cb_1000.jpg!m_fill,w_280,h_210,f_jpg?from=ke.com
20240806,朝阳,四惠,101125423412,远洋天地三期 2室2厅 西南,820万,63116元/平,中楼层 (共24层) 2室2厅 | 129.92平米 | 西南,https://ke-image.ljcdn.com/110000-inspection/696cece2-67e8-4d97-82d6-5ebe421c78d5_1000.jpg!m_fill,w_280,h_210,f_jpg?from=ke.com
20240806,朝阳,四惠,101125421651,惠民园 满五唯一商品房 视野好,430万,53623元/平,低楼层 (共28层) | 2001年 | 2室1厅 | 80.19平米 | 东 南,https://ke-image.ljcdn.com/110000-inspection/f8b5e65f-f13e-4e35-bcfa-383911357a47_1000.jpg!m_fill,w_280,h_210,f_jpg?from=ke.com
20240806,朝阳,四惠,101125407888,京棉三厂慈云寺北里正规西南向三居室格局好,630万,57980元/平,中楼层 (共28层) | 2011年 | 3室2厅 | 108.66平米 | 南 西南,https://ke-image.ljcdn.com/110000-inspection/pc1_OMwnAkUP5.jpg!m_fill,w_280,h_210,f_jpg?from=ke.com
20240806,朝阳,四惠,101125376671,通惠家园 1室1厅 东,330万,53555元/平,低楼层 (共22层) 1室1厅 | 61.62平米 | 东,https://ke-image.ljcdn.com/110000-inspection/b2bf307b-4a9c-415e-b049-c07c710fc49b_1000.jpg!m_fill,w_280,h_210,f_jpg?from=ke.com
20240806,朝阳,四惠,101125356799,远洋天地一期 东西双通透板楼 1梯2户明厨明卫,550万,86275元/平,高楼层 (共9层) 1室1厅 | 63.75平米 | 东 西,https://ke-image.ljcdn.com/110000-inspection/44b0ebff-72f8-4483-9953-887c4b621ba9_1000.jpg!m_fill,w_280,h_210,f_jpg?from=ke.com
20240806,朝阳,四惠,101125353470,聚焦好房 高层观景 二次精装修  满两年,810万,81522元/平,高楼层 (共18层) 2室1厅 | 99.36平米 | 西北,https://ke-image.ljcdn.com/110000-inspection/47d8bba0-2400-430e-823a-5d1810562c38_1000.jpg!m_fill,w_280,h_210,f_jpg?from=ke.com
20240806,朝阳,四惠,101125349586,满五年唯一 对小区花园 不临街 落地窗 景观好,620万,62293元/平,中楼层 (共14层) 1室1厅 | 99.53平米 | 西,https://ke-image.ljcdn.com/110000-inspection/pc1_SHTUpBb5M_1.jpg!m_fill,w_280,h_210,f_jpg?from=ke.com
20240806,朝阳,四惠,101125337197,金地名京 优质房源 格局方正 采光好 诚意出售,565万,64876元/平,低楼层 (共22层) | 2010年 | 2室1厅 | 87.09平米 | 东南,https://ke-image.ljcdn.com/110000-inspection/b353104e-54dc-48b6-8f9d-5b97aade1da1_1000.jpg!m_fill,w_280,h_210,f_jpg?from=ke.com
20240806,朝阳,四惠,101125329093,甄选好房：爱这城二期 二次装修保养好户型方正房主自荐,799万,75271元/平,中楼层 (共18层) | 2008年 | 2室1厅 | 106.15平米 | 东 西北,https://ke-image.ljcdn.com/110000-inspection/8b0c4a2c-b8a5-45bb-b2ec-0e8a21ada043_1000.jpg!m_fill,w_280,h_210,f_jpg?from=ke.com
20240806,朝阳,四惠,101125305628,板楼南北通透无遮挡视野好满五唯一,510万,57706元/平,低楼层 (共7层) | 2002年 | 2室1厅 | 88.38平米 | 南 北,https://ke-image.ljcdn.com/110000-inspection/18704081-deef-4a87-8685-a20861b1dc8e_1000.jpg!m_fill,w_280,h_210,f_jpg?from=ke.com
20240806,朝阳,四惠,101125287070,东恒时代二期南北2居客厅餐厅通透分离+眼镜户型,900万,87498元/平,低楼层 (共16层) 2室2厅 | 102.86平米 | 西南 北,https://ke-image.ljcdn.com/110000-inspection/cd7a5ff0-c334-4728-9d6d-84d9f9bf2108_1000.jpg!m_fill,w_280,h_210,f_jpg?from=ke.com
20240806,朝阳,四惠,101125272144,东恒时代三期 1室0厅 西,359万,58527元/平,低楼层 (共27层) | 2008年 | 1室0厅 | 61.34平米 | 西,https://ke-image.ljcdn.com/110000-inspection/28182b81-5c72-4c78-8d62-36c53424692b_1000.jpg!m_fill,w_280,h_210,f_jpg?from=ke.com
20240806,朝阳,四惠,101125256252,满五年唯一户型方正一梯两户的板楼格局灵活,520万,81569元/平,中楼层 (共9层) 1室2厅 | 63.75平米 | 东 西,https://ke-image.ljcdn.com/110000-inspection/pc1_3ke7DHoaA.jpg!m_fill,w_280,h_210,f_jpg?from=ke.com
20240806,朝阳,四惠,101125243883,远洋天地二期东南中间楼层新装修,718万,61753元/平,低楼层 (共30层) 2室2厅 | 116.27平米 | 东南,https://ke-image.ljcdn.com/110000-inspection/4541d690-bbdf-40b7-8102-c0861da83155_1000.jpg!m_fill,w_280,h_210,f_jpg?from=ke.com
20240806,朝阳,四惠,101125213964,通惠家园惠生园南北通透两居室精装修,506万,57234元/平,中楼层 (共7层) | 2002年 | 2室1厅 | 88.41平米 | 南 北,https://ke-image.ljcdn.com/110000-inspection/6762b2ab-55dc-4e5a-ad70-b507763a0307_1000.jpg!m_fill,w_280,h_210,f_jpg?from=ke.com
20240806,朝阳,四惠,101125201059,四惠 远洋天地 洋房 一梯两户得房率85.7%,946万,70246元/平,高楼层 (共14层) 3室2厅 | 134.67平米 | 东 西,https://ke-image.ljcdn.com/110000-inspection/fa3c1d48-a953-453a-9fb3-aa13051a2ed1_1000.jpg!m_fill,w_280,h_210,f_jpg?from=ke.com
20240806,朝阳,四惠,101125198780,此房满五唯一后排带电梯板楼的南北通透三居室,740万,52509元/平,中楼层 (共9层) | 2004年 | 3室1厅 | 140.93平米 | 南 北,https://ke-image.ljcdn.com/110000-inspection/737070c1-b75b-4a97-bda5-d69085f313c7_1000.jpg!m_fill,w_280,h_210,f_jpg?from=ke.com
20240806,朝阳,四惠,101125187279,爱这城三期 明厨明卫 通透两居 户型方正无浪费,598万,68102元/平,高楼层 (共18层) | 2010年 | 2室1厅 | 87.81平米 | 东 西,https://ke-image.ljcdn.com/110000-inspection/3597c251-c5a6-41a5-8f47-4d9579411ff3_1000.jpg!m_fill,w_280,h_210,f_jpg?from=ke.com
20240806,朝阳,四惠,101125159655,板楼两居室南向无遮挡满五年只有契税随时可看,750万,71415元/平,低楼层 (共12层) 2室1厅 | 105.02平米 | 西南,https://ke-image.ljcdn.com/110000-inspection/282496ef-3dcc-453b-ace4-7cf11f1a1171_1000.jpg!m_fill,w_280,h_210,f_jpg?from=ke.com
20240806,朝阳,四惠,101125142954,聚焦西向大一居室+满五唯一+地采暖诚意出售,420万,58602元/平,中楼层 (共27层) 1室1厅 | 71.67平米 | 西,https://ke-image.ljcdn.com/110000-inspection/4ced254c-02d2-4f59-909a-d028afb206ae_1000.jpg!m_fill,w_280,h_210,f_jpg?from=ke.com
20240806,朝阳,四惠,101125140751,远洋天地一期 东南2居 双卫设计人车分流 满五唯一,680万,56957元/平,中楼层 (共30层) | 2002年 | 2室2厅 | 119.39平米 | 东南,https://ke-image.ljcdn.com/110000-inspection/baee1b94-f0ce-4b04-aa8f-1790f9800844_1000.jpg!m_fill,w_280,h_210,f_jpg?from=ke.com
20240806,朝阳,四惠,101125127525,通惠家园对花园正规一居室满五唯一商品房,325万,52344元/平,高楼层 (共28层) 1室1厅 | 62.09平米 | 西,https://ke-image.ljcdn.com/110000-inspection/57236ae7-538a-49c2-9ba3-41cc40864625_1000.jpg!m_fill,w_280,h_210,f_jpg?from=ke.com
20240806,朝阳,四惠,101125119322,高层南北通透+满五唯一 有阳台和飘窗 业主急售,790万,83963元/平,高楼层 (共16层) 2室2厅 | 94.09平米 | 南 北,https://ke-image.ljcdn.com/110000-inspection/62ecf804-9a83-43d9-a079-4122623ba92d_1000.jpg!m_fill,w_280,h_210,f_jpg?from=ke.com
20240806,朝阳,四惠,101125115535,东四环四惠2008年新社区精装修一居满五唯一商,249万,63424元/平,高楼层 (共9层) | 2008年 | 1室1厅 | 39.26平米 | 西,https://ke-image.ljcdn.com/110000-inspection/pc1_NQdI9LpNc_1.jpg!m_fill,w_280,h_210,f_jpg?from=ke.com
20240806,朝阳,四惠,101125087918,双兴小区 2室1厅 西南 北,325万,51539元/平,底层 (共18层) 2室1厅 | 63.06平米 | 西南 北,https://ke-image.ljcdn.com/110000-inspection/pc1_B6mY1NoZl.jpg!m_fill,w_280,h_210,f_jpg?from=ke.com
20240806,朝阳,四惠,101125065119,爱这城二期满五年唯一全明格局两居室,710万,75944元/平,低楼层 (共14层) 2室1厅 | 93.49平米 | 西 东,https://ke-image.ljcdn.com/110000-inspection/pc1_VLfuBpvIx.jpg!m_fill,w_280,h_210,f_jpg?from=ke.com
20240806,朝阳,四惠,101125057812,通惠家园 精装修 近地铁  满五年视野采光好,419万,55314元/平,低楼层 (共28层) | 2001年 | 2室1厅 | 75.75平米 | 东,https://ke-image.ljcdn.com/110000-inspection/a25c3fc4-485d-4fdb-a7e8-cb387b9f6913_1000.jpg!m_fill,w_280,h_210,f_jpg?from=ke.com
20240806,朝阳,四惠,101125036183,凯德锦绣 全明格局 正对小区花园 随时看房,826万,91281元/平,中楼层 (共12层) | 2011年 | 2室2厅 | 90.49平米 | 东 西,https://ke-image.ljcdn.com/110000-inspection/b1a410bd-9a61-49bd-becf-45ef14005827_1000.jpg!m_fill,w_280,h_210,f_jpg?from=ke.com
20240806,朝阳,四惠,101125034983,东八里庄西里电梯低层正规一居室,195万,48556元/平,底层 (共21层) | 1987年 | 1室1厅 | 40.16平米 | 东南,https://ke-image.ljcdn.com/110000-inspection/ddb91050-2241-4b7a-8195-21af8db3f52f_1000.jpg!m_fill,w_280,h_210,f_jpg?from=ke.com
20240806,朝阳,四惠,101125031705,远洋天地一期 3室2厅 东 西,950万,70543元/平,低楼层 (共14层) 3室2厅 | 134.67平米 | 东 西,https://ke-image.ljcdn.com/110000-inspection/22c1c776-ee76-47dc-8035-5d4e2a5809c1_1000.jpg!m_fill,w_280,h_210,f_jpg?from=ke.com
20240806,朝阳,四惠,101125025526,东恒时代三期板楼梯户比少东南两居,695万,78808元/平,中楼层 (共12层) 2室1厅 | 88.19平米 | 东南,https://ke-image.ljcdn.com/110000-inspection/63f18cd9-5963-4bea-9386-c97f97ae761b_1000.jpg!m_fill,w_280,h_210,f_jpg?from=ke.com
20240806,朝阳,四惠,101125018632,壹线国际2008年新社区南向大一居 满五唯一,358万,59057元/平,高楼层 (共9层) 1室1厅 | 60.62平米 | 南,https://ke-image.ljcdn.com/110000-inspection/ec979e6b-84fb-4023-ba61-fd6673f84092_1000.jpg!m_fill,w_280,h_210,f_jpg?from=ke.com
20240806,朝阳,四惠,101124983232,南北通透正规无遮挡总高九层带电梯,635万,51909元/平,底层 (共9层) 2室1厅 | 122.33平米 | 南 北,https://ke-image.ljcdn.com/110000-inspection/1b56f226-03e5-4279-b704-0cb9bca7e62a_1000.jpg!m_fill,w_280,h_210,f_jpg?from=ke.com
20240806,朝阳,四惠,101124965767,通惠家园 2室1厅 西南,499万,58699元/平,中楼层 (共22层) | 2001年 | 2室1厅 | 85.01平米 | 西南,https://ke-image.ljcdn.com/110000-inspection/07a66e5a-1d72-471e-9db0-8b11230c55e3_1000.jpg!m_fill,w_280,h_210,f_jpg?from=ke.com
20240806,朝阳,四惠,101124913720,爱这城一期 南向一居 满五年唯一 户型方正 对花园,550万,93079元/平,低楼层 (共20层) 1室1厅 | 59.09平米 | 南,https://ke-image.ljcdn.com/110000-inspection/b01b6a1d-885c-4421-bca2-937dd45968da_1000.jpg!m_fill,w_280,h_210,f_jpg?from=ke.com
20240806,朝阳,四惠,101124910679,位置好 视野开阔 高楼层 看房很方便,678万,90244元/平,高楼层 (共28层) | 2013年 | 1室1厅 | 75.13平米 | 南,https://ke-image.ljcdn.com/110000-inspection/06cbbcfd-4364-4336-b059-a046bec755a5_1000.jpg!m_fill,w_280,h_210,f_jpg?from=ke.com
20240806,朝阳,四惠,101124907719,远洋天地二期精装两居室视野宽阔远眺中国尊,695万,60378元/平,高楼层 (共26层) 2室1厅 | 115.11平米 | 西北,https://ke-image.ljcdn.com/110000-inspection/ff2101b4-5d06-4acf-b1f8-790ccbd25944_1000.jpg!m_fill,w_280,h_210,f_jpg?from=ke.com
20240806,朝阳,四惠,101124863833,力源里 东南向三居 满五年唯一 无遮挡采光棒视野好房主自荐,568万,61359元/平,高楼层 (共24层) 3室2厅 | 92.57平米 | 东南,https://ke-image.ljcdn.com/110000-inspection/3d5ec6aa-c3f0-4638-b389-1af0b321e30d_1000.jpg!m_fill,w_280,h_210,f_jpg?from=ke.com
20240806,朝阳,四惠,101124854516,优选西南两居+满五唯一+二次精装修+价格能谈房主自荐,648万,63730元/平,低楼层 (共27层) 2室1厅 | 101.68平米 | 西南,https://ke-image.ljcdn.com/110000-inspection/pc1_o5fgVr1lf.jpg!m_fill,w_280,h_210,f_jpg?from=ke.com
20240806,朝阳,四惠,101124844869,晨曦园小区 东四环边 商品房 周边配套完善,479万,50699元/平,低楼层 (共28层) 2室1厅 | 94.48平米 | 东 北,https://ke-image.ljcdn.com/110000-inspection/pc1_rFZf8ZIWa.jpg!m_fill,w_280,h_210,f_jpg?from=ke.com
20240806,朝阳,四惠,101124833249,板楼南北通透大两居+无遮挡安静地采暖房主自荐,698万,59771元/平,高楼层 (共12层) 2室1厅 | 116.78平米 | 南 北,https://ke-image.ljcdn.com/110000-inspection/pc1_Uu1InrORu.jpg!m_fill,w_280,h_210,f_jpg?from=ke.com
20240806,朝阳,四惠,101124810882,四惠 正规一居 满五年唯一 商品房,349万,55984元/平,低楼层 (共27层) 1室1厅 | 62.34平米 | 东南,https://ke-image.ljcdn.com/110000-inspection/8017ddb1-0590-4e07-aea1-cfc1932fbdaf_1000.jpg!m_fill,w_280,h_210,f_jpg?from=ke.com
20240806,朝阳,四惠,101124791687,八里庄东里北巷 十里堡6号线地铁 精装南北 采光好,245万,42840元/平,顶层 (共5层) 2室1厅 | 57.19平米 | 南 北,https://ke-image.ljcdn.com/110000-inspection/460b1502-fe9b-4bc7-91f2-03593835e42b_1000.jpg!m_fill,w_280,h_210,f_jpg?from=ke.com
20240806,朝阳,四惠,101124786913,爱这城一期 高层东向一居室 采光视野好,470万,70234元/平,高楼层 (共18层) 1室1厅 | 66.92平米 | 东,https://ke-image.ljcdn.com/110000-inspection/pc1_G0ICUAG3J.jpg!m_fill,w_280,h_210,f_jpg?from=ke.com
20240806,朝阳,四惠,101124776406,京棉新城二厂西南角两居 商品房 精装修 楼层采光好,526万,66913元/平,高楼层 (共28层) | 2009年 | 2室1厅 | 78.61平米 | 西南,https://ke-image.ljcdn.com/110000-inspection/5e1a30af-130f-4728-912d-7e9ac636c9c0_1000.jpg!m_fill,w_280,h_210,f_jpg?from=ke.com
20240806,朝阳,四惠,101124728291,次顶层视野采光好满五唯一框架结构空间灵活。,530万,81652元/平,高楼层 (共20层) | 2011年 | 1室0厅 | 64.91平米 | 南,https://ke-image.ljcdn.com/110000-inspection/6f6dac77-38b8-4f34-95ed-b18f80b7f4df_1000.jpg!m_fill,w_280,h_210,f_jpg?from=ke.com
20240806,朝阳,四惠,101124722592,通惠家园 2室1厅 东南,409万,51004元/平,低楼层 (共28层) | 2001年 | 2室1厅 | 80.19平米 | 东南,https://ke-image.ljcdn.com/110000-inspection/450deb4d-1cdc-4e3c-a5e8-fc6aebaa72a7_1000.jpg!m_fill,w_280,h_210,f_jpg?from=ke.com
20240806,朝阳,四惠,101124722486,四惠一号线 壹线国际 商品房 南向一居 随时签约,290万,52805元/平,底层 (共9层) | 2008年 | 1室1厅 | 54.92平米 | 南,https://ke-image.ljcdn.com/110000-inspection/pc1_5uDMVdPJp_1.jpg!m_fill,w_280,h_210,f_jpg?from=ke.com
20240806,朝阳,四惠,101124722445,四惠一号线 壹线国际 商品房 南向两居 随时签约,415万,53063元/平,底层 (共9层) | 2008年 | 2室1厅 | 78.21平米 | 南,https://ke-image.ljcdn.com/110000-inspection/a3fbb1e3-cee7-4dd0-a631-a9acf22ea2fd_1000.jpg!m_fill,w_280,h_210,f_jpg?from=ke.com
20240806,朝阳,四惠,101124722424,四惠一号线 壹线国际 商品房 南向两居 随时签约,415万,53247元/平,底层 (共9层) | 2008年 | 2室1厅 | 77.94平米 | 南,https://ke-image.ljcdn.com/110000-inspection/pc1_XfJcvYoXG_1.jpg!m_fill,w_280,h_210,f_jpg?from=ke.com
20240806,朝阳,四惠,101124722379,四惠一号线 壹线国际 商品房 南向一居 随时签约,290万,52805元/平,底层 (共9层) | 2008年 | 1室1厅 | 54.92平米 | 南,https://ke-image.ljcdn.com/110000-inspection/74c885f7-ed26-454d-912c-b12c36035dc4_1000.jpg!m_fill,w_280,h_210,f_jpg?from=ke.com
20240806,朝阳,四惠,101124679324,金地名京 板楼南北通透两居 满五年唯一对花园房主自荐,616万,70960元/平,中楼层 (共17层) 2室1厅 | 86.81平米 | 南 北,https://ke-image.ljcdn.com/110000-inspection/342fb071-d1dd-4327-b01a-7cb0bb130198_1000.jpg!m_fill,w_280,h_210,f_jpg?from=ke.com
20240806,朝阳,四惠,101124678132,京棉新城三厂” 新增两居室 满五年 高层 目前空置,410万,48845元/平,中楼层 (共28层) | 2015年 | 2室1厅 | 83.94平米 | 西,https://ke-image.ljcdn.com/110000-inspection/45517821-3af5-4fba-af27-25ea30e1a35f_1000.jpg!m_fill,w_280,h_210,f_jpg?from=ke.com
20240806,朝阳,四惠,101124669261,壹线国际2008年新社区东向开间满五唯一商品房,249万,63007元/平,中楼层 (共9层) | 2008年 | 1室0厅 | 39.52平米 | 东,https://ke-image.ljcdn.com/110000-inspection/218262c6-aa43-409c-9d32-d581937c909b_1000.jpg!m_fill,w_280,h_210,f_jpg?from=ke.com
20240806,朝阳,四惠,101124667475,壹线国际2008年年新社区 东向一居满五唯一商品房,318万,63588元/平,中楼层 (共9层) | 2008年 | 1室1厅 | 50.01平米 | 东,https://ke-image.ljcdn.com/110000-inspection/ff5e3b91-2db5-4296-8770-08ecd292952d_1000.jpg!m_fill,w_280,h_210,f_jpg?from=ke.com
20240806,朝阳,四惠,101124659680,八里庄西里 2室1厅 南,248万,44501元/平,中楼层 (共6层) | 1982年 | 2室1厅 | 55.73平米 | 南,https://ke-image.ljcdn.com/110000-inspection/pc1_swBlZfXK3.jpg!m_fill,w_280,h_210,f_jpg?from=ke.com
20240806,朝阳,四惠,101124651121,力源里 西南两居室 满五唯一 诚意出售,360万,55419元/平,底层 (共24层) 2室2厅 | 64.96平米 | 西南,https://ke-image.ljcdn.com/110000-inspection/4549178c-cab1-4ccf-bf3e-c3067cd6a777_1000.jpg!m_fill,w_280,h_210,f_jpg?from=ke.com
20240806,朝阳,四惠,101124649322,远洋天地三期 正规两居 安静 不临街 可观小区景观,520万,66184元/平,中楼层 (共17层) 2室2厅 | 78.57平米 | 北,https://ke-image.ljcdn.com/110000-inspection/e07054ea-44cb-4414-b575-2f2efd6ef3a7_1000.jpg!m_fill,w_280,h_210,f_jpg?from=ke.com
20240806,朝阳,四惠,101124617497,东恒时代三期 2室2厅 西北,640万,69302元/平,顶层 (共27层) 2室2厅 | 92.35平米 | 西北,https://ke-image.ljcdn.com/110000-inspection/9a97a0d8-e468-428e-bc69-9ed22d4e8704_1000.jpg!m_fill,w_280,h_210,f_jpg?from=ke.com
20240806,朝阳,四惠,101124613008,远洋天地二期双地铁两居室四惠商圈,685万,57079元/平,低楼层 (共30层) | 2002年 | 2室1厅 | 120.01平米 | 西南,https://ke-image.ljcdn.com/110000-inspection/pc1_TDVBJW0GM.jpg!m_fill,w_280,h_210,f_jpg?from=ke.com
20240806,朝阳,四惠,101124610606,满五唯一商品房  店长推荐房源,485万,58399元/平,中楼层 (共26层) | 2011年 | 2室1厅 | 83.05平米 | 东,https://ke-image.ljcdn.com/110000-inspection/0cdcee0c-1e3e-4a6d-aff2-1a23ba3df666_1000.jpg!m_fill,w_280,h_210,f_jpg?from=ke.com
20240806,朝阳,四惠,101124601503,2008年板楼6层带电梯南向楼层好视野开阔,217万,46768元/平,中楼层 (共6层) 1室0厅 | 46.4平米 | 南,https://ke-image.ljcdn.com/110000-inspection/4138259f-2718-4452-a196-c98c0cd55a08_1000.jpg!m_fill,w_280,h_210,f_jpg?from=ke.com
20240806,朝阳,四惠,101124599614,八里庄东里 2室1厅 南 北,298万,48853元/平,顶层 (共6层) | 1983年 | 2室1厅 | 61平米 | 南 北,https://ke-image.ljcdn.com/110000-inspection/9ffb27a3-db30-4647-aebd-59409cfae519_1000.jpg!m_fill,w_280,h_210,f_jpg?from=ke.com
20240806,朝阳,四惠,101124579106,京棉新城三厂东北向大一居室房子业主诚意出售,395万,47821元/平,底层 (共28层) | 2011年 | 1室1厅 | 82.6平米 | 东 北,https://ke-image.ljcdn.com/110000-inspection/pc1_j0lIYHsoe_2.jpg!m_fill,w_280,h_210,f_jpg?from=ke.com
20240806,朝阳,四惠,101124575867,满五唯一后排安静精装修保持好可以拎包入住！,405万,53522元/平,中楼层 (共28层) | 2001年 | 2室1厅 | 75.67平米 | 东,https://ke-image.ljcdn.com/110000-inspection/pc1_SaIuhoUcy.jpg!m_fill,w_280,h_210,f_jpg?from=ke.com
20240806,朝阳,四惠,101124554510,满五年唯一商品房靠谱签约无遮挡,468万,54795元/平,中楼层 (共28层) 2室1厅 | 85.41平米 | 东南,https://ke-image.ljcdn.com/110000-inspection/13815dce-8a0e-4b13-b45a-3da28b2b5086_1000.jpg!m_fill,w_280,h_210,f_jpg?from=ke.com
20240806,朝阳,四惠,101124554096,通惠家园南北两居 满五唯一商品房 后排板楼 随时看房主自荐,500万,57333元/平,底层 (共7层) | 2002年 | 2室1厅 | 87.21平米 | 南 北,https://ke-image.ljcdn.com/110000-inspection/4b720be5-3134-48a1-925e-36cff3db896d_1000.jpg!m_fill,w_280,h_210,f_jpg?from=ke.com
20240806,朝阳,四惠,101124535978,凯德锦绣 后排中间位置 正对小区花园 方便看房,858万,97357元/平,中楼层 (共26层) | 2013年 | 2室1厅 | 88.13平米 | 南,https://ke-image.ljcdn.com/110000-inspection/ccf02d92-7b04-4ce4-af96-9d2fa41602e5_1000.jpg!m_fill,w_280,h_210,f_jpg?from=ke.com
20240806,朝阳,四惠,101124524847,博洛尼全新装修中高楼层 满五年唯一商品房房主自荐,486万,57170元/平,高楼层 (共22层) 2室1厅 | 85.01平米 | 东南,https://ke-image.ljcdn.com/110000-inspection/602602a8-aa2e-46f9-88e8-2c7a1d4b3cf6_1000.jpg!m_fill,w_280,h_210,f_jpg?from=ke.com
20240806,朝阳,四惠,101124520943,临近公园近地铁双兴南向一居高楼层满五年唯一,318万,60422元/平,高楼层 (共18层) 1室1厅 | 52.63平米 | 南,https://ke-image.ljcdn.com/110000-inspection/d2837c0a-dc8d-42e0-9739-075afa6d4534_1000.jpg!m_fill,w_280,h_210,f_jpg?from=ke.com
20240806,朝阳,四惠,101124510094,国贸 电梯板楼 一梯三户 满五年唯一 高层无遮挡,668万,46649元/平,顶层 (共9层) 3室1厅 | 143.2平米 | 南 北,https://ke-image.ljcdn.com/110000-inspection/6d6c2be4-7cdf-4f1e-9bfe-f41f4454ff8e_1000.jpg!m_fill,w_280,h_210,f_jpg?from=ke.com
20240806,朝阳,四惠,101124500166,通惠家园满五年唯一商品房 正规三室双卫正对小区花,560万,51838元/平,低楼层 (共29层) 3室1厅 | 108.03平米 | 东南,https://ke-image.ljcdn.com/110000-inspection/pc1_R21XwyzBf.jpg!m_fill,w_280,h_210,f_jpg?from=ke.com
20240806,朝阳,四惠,101124473094,四惠 一号线 通惠家园 南北正规3居2卫满五唯一,509万,48229元/平,中楼层 (共28层) 3室1厅 | 105.54平米 | 南 北,https://ke-image.ljcdn.com/110000-inspection/eadb6dfb-c586-46c7-b619-568a2a3beea6_1000.jpg!m_fill,w_280,h_210,f_jpg?from=ke.com
20240806,朝阳,四惠,101124471338,四惠 一号线 通惠家园 南北正规3居2卫满五唯,510万,48323元/平,高楼层 (共28层) | 2001年 | 3室1厅 | 105.54平米 | 南 北,https://ke-image.ljcdn.com/110000-inspection/pc1_TeULDerDj.jpg!m_fill,w_280,h_210,f_jpg?from=ke.com
20240806,朝阳,四惠,101124466261,凯德锦绣南北通透两居户型.东四环装修好看房,920万,102485元/平,中楼层 (共24层) | 2011年 | 2室2厅 | 89.77平米 | 南 北,https://ke-image.ljcdn.com/110000-inspection/74c9e823-d6b2-4fa5-be72-dd4cac8e2160_1000.jpg!m_fill,w_280,h_210,f_jpg?from=ke.com
20240806,朝阳,四惠,101124459605,东四环朝阳路 09年建成商品房占据重要位置诚售,400万,48164元/平,低楼层 (共26层) | 2011年 | 2室1厅 | 83.05平米 | 西南,https://ke-image.ljcdn.com/110000-inspection/a0bd7a99-8e32-466f-bdb5-16b59469311b_1000.jpg!m_fill,w_280,h_210,f_jpg?from=ke.com
20240806,朝阳,四惠,101124450943,通惠家园 2室1厅 东南,530万,62346元/平,低楼层 (共22层) 2室1厅 | 85.01平米 | 东南,https://ke-image.ljcdn.com/110000-inspection/pc1_kJRMcy32P_2.jpg!m_fill,w_280,h_210,f_jpg?from=ke.com
20240806,朝阳,四惠,101124447227,6号线十里堡站 梧桐人家商品房 高层眼镜户型两居室房主自荐,430万,51448元/平,中楼层 (共22层) 2室1厅 | 83.58平米 | 西,https://ke-image.ljcdn.com/110000-inspection/c6ffc17a-15a0-41bb-91a0-a571236aff3e_1000.jpg!m_fill,w_280,h_210,f_jpg?from=ke.com
20240806,朝阳,四惠,101124437831,爱这城一期高楼层一居室视野好装修好,428万,68327元/平,高楼层 (共15层) 1室1厅 | 62.64平米 | 东北,https://ke-image.ljcdn.com/110000-inspection/ce0c6ec0-dd4d-47f7-8fb0-a7dca930a6a0_1000.jpg!m_fill,w_280,h_210,f_jpg?from=ke.com
20240806,朝阳,四惠,101124392131,京棉新城二厂 1室1厅 西南,299万,44728元/平,顶层 (共28层) | 2009年 | 1室1厅 | 66.85平米 | 西南,https://ke-image.ljcdn.com/110000-inspection/pc1_nu0loW6hf.jpg!m_fill,w_280,h_210,f_jpg?from=ke.com
20240806,朝阳,四惠,101124357754,南北通透 观景对花园 小区中间位置 采光好 诚意售,618万,71561元/平,低楼层 (共17层) 2室2厅 | 86.36平米 | 南 北,https://ke-image.ljcdn.com/110000-inspection/de05d2fc-1699-4efa-960a-75c5ad5184fd_1000.jpg!m_fill,w_280,h_210,f_jpg?from=ke.com
20240806,朝阳,四惠,101124345681,金地名京 高层东南两居室 四惠站 视野佳,665万,74013元/平,顶层 (共25层) 2室1厅 | 89.85平米 | 东南,https://ke-image.ljcdn.com/110000-inspection/pc1_QRbnuN0Zw.jpg!m_fill,w_280,h_210,f_jpg?from=ke.com
20240806,朝阳,四惠,101124324693,远洋天地一期 南北通透 明厨明卫 小区中间位置,1200万,89386元/平,中楼层 (共9层) 3室2厅 | 134.25平米 | 南 北,https://ke-image.ljcdn.com/110000-inspection/9442f40a-8589-49d8-b160-77d23149ca31_1000.jpg!m_fill,w_280,h_210,f_jpg?from=ke.com
20240806,朝阳,四惠,101124294142,京棉新城三厂地铁22号线 慈云寺桥 全明东南大两居房主自荐,538万,55373元/平,低楼层 (共28层) | 2011年 | 2室2厅 | 97.16平米 | 东南,https://ke-image.ljcdn.com/110000-inspection/pc1_7WqFYkJJr.jpg!m_fill,w_280,h_210,f_jpg?from=ke.com
20240806,朝阳,四惠,101124282540,次新房 2023年装修 保持好 视野好 采光好,690万,79484元/平,高楼层 (共17层) 2室1厅 | 86.81平米 | 南 北,https://ke-image.ljcdn.com/110000-inspection/fc2f67ab-12f2-4012-a77b-2dba32ee50d8_1000.jpg!m_fill,w_280,h_210,f_jpg?from=ke.com
20240806,朝阳,四惠,101124237606,爱这城一期高层双卫2居室视野好采光好,850万,75785元/平,高楼层 (共15层) 2室1厅 | 112.16平米 | 西南,https://ke-image.ljcdn.com/110000-inspection/f600ae2c-9002-4198-adb3-9d21e499b494_1000.jpg!m_fill,w_280,h_210,f_jpg?from=ke.com
20240806,朝阳,四惠,101124228304,凯德锦绣精装正规南向一居室  业主诚意卖,888万,107938元/平,低楼层 (共26层) | 2013年 | 1室1厅 | 82.27平米 | 南,https://ke-image.ljcdn.com/110000-inspection/115d294e-64e1-4d5c-8976-dd51b2ace6d4_1000.jpg!m_fill,w_280,h_210,f_jpg?from=ke.com
20240806,朝阳,四惠,101124223757,四惠 满五年唯一  高品质社区 地暖房主自荐,415万,66571元/平,低楼层 (共27层) 1室1厅 | 62.34平米 | 东南,https://ke-image.ljcdn.com/110000-inspection/540f1f52-0386-4e1f-98f9-ef5d0279fd6d_1000.jpg!m_fill,w_280,h_210,f_jpg?from=ke.com
20240806,朝阳,四惠,101124218952,国贸一号线 满五唯一 精装两居 拎包住带车位高层安静房主自荐,436万,57619元/平,高楼层 (共28层) | 2001年 | 2室1厅 | 75.67平米 | 西,https://ke-image.ljcdn.com/110000-inspection/ee71e1b9-3e30-4d83-9470-d36978eba11c_1000.jpg!m_fill,w_280,h_210,f_jpg?from=ke.com
20240806,朝阳,四惠,101124215510,壹线国际 2室1厅 南,555万,57395元/平,低楼层 (共9层) 2室1厅 | 96.7平米 | 南,https://ke-image.ljcdn.com/110000-inspection/83f9321a-2756-425c-9486-9f79e83a82e7_1000.jpg!m_fill,w_280,h_210,f_jpg?from=ke.com
20240806,朝阳,四惠,101124205505,大两居采光视野好户型方正双卫设计精装修,980万,84236元/平,中楼层 (共20层) 2室1厅 | 116.34平米 | 东南,https://ke-image.ljcdn.com/110000-inspection/a3642133-812b-44d0-b8e3-399a93f03cbd_1000.jpg!m_fill,w_280,h_210,f_jpg?from=ke.com
20240806,朝阳,四惠,101124196711,东向开间无遮挡中间楼层四惠壹线国际2008年商品房,265万,60766元/平,中楼层 (共9层) | 2008年 | 1室0厅 | 43.61平米 | 东,https://ke-image.ljcdn.com/110000-inspection/f90ed24e-cf4a-4724-bd74-ad462f15cb76_1000.jpg!m_fill,w_280,h_210,f_jpg?from=ke.com
20240806,朝阳,四惠,101124194841,壹线国际南向一居 满五年唯一 地铁四惠站 板楼电梯房,325万,53613元/平,低楼层 (共9层) 1室1厅 | 60.62平米 | 南,https://ke-image.ljcdn.com/110000-inspection/23dc08f8-e7a6-4947-a092-38703adbf9e2_1000.jpg!m_fill,w_280,h_210,f_jpg?from=ke.com
20240806,朝阳,四惠,101124156106,东南向 高层无遮挡 满五年唯一 后排安静房主自荐,473万,55380元/平,高楼层 (共28层) 2室1厅 | 85.41平米 | 东南,https://ke-image.ljcdn.com/110000-inspection/6d0600b3-acfd-4161-9ca1-d052881960e4_1000.jpg!m_fill,w_280,h_210,f_jpg?from=ke.com
20240806,朝阳,四惠,101124109947,总监推荐金地名京东南向大两居高楼层视野采光好,980万,84680元/平,高楼层 (共24层) 2室1厅 | 115.73平米 | 东南,https://ke-image.ljcdn.com/110000-inspection/f7b30efb-7e52-4a1a-9fdd-79072e3d492b_1000.jpg!m_fill,w_280,h_210,f_jpg?from=ke.com
20240806,朝阳,四惠,101124070494,满2年视野开阔诚意出售交通便利配套齐全,325万,59350元/平,低楼层 (共9层) | 2008年 | 1室0厅 | 54.76平米 | 南,https://ke-image.ljcdn.com/110000-inspection/3faa64ea-5412-411a-a851-ba8a75530b68_1000.jpg!m_fill,w_280,h_210,f_jpg?from=ke.com
20240806,朝阳,四惠,101124067875,此房满五年唯一商品房对花园采光好视野好,405万,45201元/平,低楼层 (共29层) 2室1厅 | 89.6平米 | 东南 北,https://ke-image.ljcdn.com/110000-inspection/09aaaf07-7ca9-43ec-8343-0de693e307bd_1000.jpg!m_fill,w_280,h_210,f_jpg?from=ke.com
20240806,朝阳,四惠,101124063999,壹线国际 落地窗 不临街 双卧分离 随时看房,550万,46083元/平,底层 (共9层) | 2006年 | 3室1厅 | 119.35平米 | 西 东北,https://ke-image.ljcdn.com/110000-inspection/bf5a08b4-b5e3-4d03-a524-7322f9d195c3_1000.jpg!m_fill,w_280,h_210,f_jpg?from=ke.com
20240806,朝阳,四惠,101124060495,爱这城二期南北三居 南北通透 采光好 满五年唯一,958万,72538元/平,高楼层 (共9层) 3室1厅 | 132.07平米 | 南 北,https://ke-image.ljcdn.com/110000-inspection/c356d45c-460d-4a1c-ad1d-8060fbb10c19_1000.jpg!m_fill,w_280,h_210,f_jpg?from=ke.com
20240806,朝阳,四惠,101124043456,通惠家园  惠生园  南北两居室,580万,54338元/平,底层 (共7层) 2室2厅 | 106.74平米 | 南 北,https://ke-image.ljcdn.com/110000-inspection/pc1_jnrwfNsaQ.jpg!m_fill,w_280,h_210,f_jpg?from=ke.com
20240806,朝阳,四惠,101124029226,远洋天地二期满五唯一大一居室急售,536万,62610元/平,中楼层 (共26层) | 2003年 | 1室2厅 | 85.61平米 | 北,https://ke-image.ljcdn.com/110000-inspection/9c813735-f251-4357-9bd6-bf751ce63d5b_1000.jpg!m_fill,w_280,h_210,f_jpg?from=ke.com
20240806,朝阳,四惠,101124019259,京棉新城A1区 南北通透 精装修自住 方便看房,440万,58527元/平,中楼层 (共28层) | 2017年 | 1室1厅 | 75.18平米 | 南 北,https://ke-image.ljcdn.com/110000-inspection/32c0baec-29cc-4c8e-859b-b2cda849d490_1000.jpg!m_fill,w_280,h_210,f_jpg?from=ke.com
20240806,朝阳,四惠,101124003370,好赞好房+后排观景双明卫双通透三居室+采光全天视野好,1230万,86177元/平,高楼层 (共21层) 3室2厅 | 142.73平米 | 南 北,https://ke-image.ljcdn.com/110000-inspection/aa25cbf1-007b-4e50-8a93-a26059c0e9dd_1000.jpg!m_fill,w_280,h_210,f_jpg?from=ke.com
20240806,朝阳,四惠,101123996547,京棉新城二厂东向电梯正规两居室,438万,54282元/平,低楼层 (共28层) 2室1厅 | 80.69平米 | 东南,https://ke-image.ljcdn.com/110000-inspection/cab56fa0-0764-478d-80ef-2bef58785238_1000.jpg!m_fill,w_280,h_210,f_jpg?from=ke.com
20240806,朝阳,四惠,101123986604,四惠 爱这城二期 全明大两居 板楼两梯三户,799万,75342元/平,低楼层 (共18层) | 2008年 | 2室1厅 | 106.05平米 | 东 北,https://ke-image.ljcdn.com/110000-inspection/ca5b04bb-09d1-4fce-be6a-110c92c6a696_1000.jpg!m_fill,w_280,h_210,f_jpg?from=ke.com
20240806,朝阳,四惠,101123978064,东四环闹中取静品质社区凯德锦绣南北通透中高层两居,936万,104827元/平,高楼层 (共20层) | 2011年 | 2室1厅 | 89.29平米 | 南 北,https://ke-image.ljcdn.com/110000-inspection/f974721c-2841-4d71-a976-34ff73d5013a_1000.jpg!m_fill,w_280,h_210,f_jpg?from=ke.com
20240806,朝阳,四惠,101123964547,力源里 四惠站 西南两居室 急售,395万,60807元/平,低楼层 (共24层) 2室1厅 | 64.96平米 | 西南,https://ke-image.ljcdn.com/110000-inspection/2d6798cb-e9a7-438b-9d13-261498ee467c_1000.jpg!m_fill,w_280,h_210,f_jpg?from=ke.com
20240806,朝阳,四惠,101123963880,京棉满五唯一商品房 精装修 诚意出售,440万,51529元/平,低楼层 (共28层) | 2015年 | 2室1厅 | 85.39平米 | 西南,https://ke-image.ljcdn.com/110000-inspection/e8dcb758-89bd-42a9-bba5-ab8234432d3b_1000.jpg!m_fill,w_280,h_210,f_jpg?from=ke.com
20240806,朝阳,四惠,101123950500,爱这城三期 2室1厅 东 西,616万,70152元/平,中楼层 (共18层) | 2010年 | 2室1厅 | 87.81平米 | 东 西,https://ke-image.ljcdn.com/110000-inspection/157b4756-43cc-424c-8715-01e7e95befeb_1000.jpg!m_fill,w_280,h_210,f_jpg?from=ke.com
20240806,朝阳,四惠,101123937960,通惠家园惠生园 后排全南 仅契税 诚意卖 电梯板楼房主自荐,558万,56852元/平,底层 (共9层) 2室1厅 | 98.15平米 | 南,https://ke-image.ljcdn.com/110000-inspection/a0054497-f1f4-4241-ba9d-ce42551622fa_1000.jpg!m_fill,w_280,h_210,f_jpg?from=ke.com
20240806,朝阳,四惠,101123929930,商品房 全南采光好 视野开阔 板楼带电梯房主自荐,230万,51616元/平,高楼层 (共7层) | 2008年 | 1室0厅 | 44.56平米 | 南,https://ke-image.ljcdn.com/110000-inspection/b0e82e04-3cb0-4b59-9f3b-f5c871a76791_1000.jpg!m_fill,w_280,h_210,f_jpg?from=ke.com
20240806,朝阳,四惠,101123926841,精装商品房 业主诚意出售  双阳台户型方正 仅契税房主自荐,332万,53463元/平,低楼层 (共28层) | 2001年 | 1室1厅 | 62.1平米 | 东,https://ke-image.ljcdn.com/110000-inspection/6e0d63a2-ebcf-48c2-8f67-f6b2c34fd330_1000.jpg!m_fill,w_280,h_210,f_jpg?from=ke.com
20240806,朝阳,四惠,101123918925,满五唯一商品房 南北通透 采光充足,449万,50787元/平,中楼层 (共7层) | 2002年 | 2室1厅 | 88.41平米 | 南 北,https://ke-image.ljcdn.com/110000-inspection/160f5d5a-2727-4acd-9cac-faba8f477392_1000.jpg!m_fill,w_280,h_210,f_jpg?from=ke.com
20240806,朝阳,四惠,101123890662,东恒时代二期 1室1厅 西北,600万,94044元/平,中楼层 (共21层) 1室1厅 | 63.8平米 | 西北,https://ke-image.ljcdn.com/110000-inspection/3da03064-7d38-4c1a-9429-9227467f3317_1000.jpg!m_fill,w_280,h_210,f_jpg?from=ke.com
20240806,朝阳,四惠,101123870858,通惠家园精装修满五年唯一商品房楼层好视野好房主自荐,610万,56466元/平,高楼层 (共29层) 3室1厅 | 108.03平米 | 东南,https://ke-image.ljcdn.com/110000-inspection/c1793e61-b65e-4c45-a6c5-096956cd1bab_1000.jpg!m_fill,w_280,h_210,f_jpg?from=ke.com
20240806,朝阳,四惠,101123861191,房子满五唯一商品房配套齐全,407万,48464元/平,高楼层 (共24层) | 2003年 | 2室1厅 | 83.98平米 | 西北,https://ke-image.ljcdn.com/110000-inspection/pc1_sRXRkTuAf.jpg!m_fill,w_280,h_210,f_jpg?from=ke.com
20240806,朝阳,四惠,101123855932,京棉新城A1区2012年全南精品两居1号6号22号地铁线路,528万,67108元/平,低楼层 (共12层) 2室1厅 | 78.68平米 | 南,https://ke-image.ljcdn.com/110000-inspection/pc1_i9RJxPgBy.jpg!m_fill,w_280,h_210,f_jpg?from=ke.com
20240806,朝阳,四惠,101123849050,东恒时代一期户型方正全明格局高层视野开阔房主自荐,373万,62721元/平,高楼层 (共32层) 1室1厅 | 59.47平米 | 东北,https://ke-image.ljcdn.com/110000-inspection/47ba9761-ffa7-4c99-af6a-fb3d7fcb478b_1000.jpg!m_fill,w_280,h_210,f_jpg?from=ke.com
20240806,朝阳,四惠,101123848699,国贸东四环慈云寺桥京棉新城小户型电梯房一居室方便看,330万,49365元/平,低楼层 (共28层) | 2009年 | 1室1厅 | 66.85平米 | 西南,https://ke-image.ljcdn.com/110000-inspection/pc1_nCicOuA8v.jpg!m_fill,w_280,h_210,f_jpg?from=ke.com
20240806,朝阳,四惠,101123842403,高楼层 俯瞰CBD 满2年 契税票700万 精装修可拎包入住,1100万,73217元/平,高楼层 (共24层) 3室2厅 | 150.24平米 | 东 西,https://ke-image.ljcdn.com/110000-inspection/95bc2f63-7159-459b-8c89-99c0bc535c3a_1000.jpg!m_fill,w_280,h_210,f_jpg?from=ke.com
20240806,朝阳,四惠,101123838973,此房满5唯一双卫双阳台的设计近地铁,680万,67095元/平,中楼层 (共30层) | 2003年 | 2室1厅 | 101.35平米 | 东,https://ke-image.ljcdn.com/110000-inspection/b9954a88-c7a5-4850-94f7-add6b711678e_1000.jpg!m_fill,w_280,h_210,f_jpg?from=ke.com
20240806,朝阳,四惠,101123825348,京棉新城A1区 满五唯一 南北三居,525万,50794元/平,低楼层 (共34层) | 2017年 | 3室1厅 | 103.36平米 | 南 北,https://ke-image.ljcdn.com/110000-inspection/38beaae7-6488-47b6-a45c-5ebf04b6e9b7_1000.jpg!m_fill,w_280,h_210,f_jpg?from=ke.com
20240806,朝阳,四惠,101123817820,金地名京精装修双卫两居室拎包入住景观好视野好诚意卖,890万,77010元/平,低楼层 (共25层) 2室2厅 | 115.57平米 | 东南,https://ke-image.ljcdn.com/110000-inspection/13b189e5-20ef-404d-a656-58686010e145_1000.jpg!m_fill,w_280,h_210,f_jpg?from=ke.com
20240806,朝阳,四惠,101123790851,八里庄西里南北通透中间楼层两居室,288万,48065元/平,中楼层 (共6层) | 1986年 | 2室1厅 | 59.92平米 | 南 北,https://ke-image.ljcdn.com/110000-inspection/6d51600e-c352-43c5-bbbd-e81a1753ede8_1000.jpg!m_fill,w_280,h_210,f_jpg?from=ke.com
20240806,朝阳,四惠,101123790519,南北通透 精装修 低楼层 业主自住保持好,510万,57641元/平,低楼层 (共7层) | 2002年 | 2室1厅 | 88.48平米 | 南 北,https://ke-image.ljcdn.com/110000-inspection/9bcbff83-dd37-4f9e-a29f-9f23cb126377_1000.jpg!m_fill,w_280,h_210,f_jpg?from=ke.com
20240806,朝阳,四惠,101123760128,东恒时代一期 精装大两居 地铁四惠站100米 双卫房主自荐,749万,59177元/平,高楼层 (共32层) 2室1厅 | 126.57平米 | 西,https://ke-image.ljcdn.com/110000-inspection/8921e474-14aa-4995-842c-feea9cb08715_1000.jpg!m_fill,w_280,h_210,f_jpg?from=ke.com
20240806,朝阳,四惠,101123756618,远洋天地三期  通透大三居 单价5.5万 随时签约,900万,59905元/平,高楼层 (共24层) 3室1厅 | 150.24平米 | 东南 西北,https://ke-image.ljcdn.com/110000-inspection/a1bbf1f2-763f-4690-a0d9-3e411b0e0be9_1000.jpg!m_fill,w_280,h_210,f_jpg?from=ke.com
20240806,朝阳,四惠,101123741576,地铁6号线22号线八里庄东里一层南北2居室满五年房主自荐,255万,45253元/平,底层 (共6层) | 1980年 | 2室1厅 | 56.35平米 | 南 北,https://ke-image.ljcdn.com/110000-inspection/pc1_VZbrOYyna.jpg!m_fill,w_280,h_210,f_jpg?from=ke.com
20240806,朝阳,四惠,101123718033,壹线国际2008年新社区 精装修两居室 满五唯一,442万,64905元/平,低楼层 (共9层) | 2008年 | 1室1厅 | 68.1平米 | 西,https://ke-image.ljcdn.com/110000-inspection/3d532341-ce51-4365-89a0-0a1ad82ada79_1000.jpg!m_fill,w_280,h_210,f_jpg?from=ke.com
20240806,朝阳,四惠,101123712521,惠民园 东南2居 后排安静  满五唯一商品房房主自荐,485万,58168元/平,低楼层 (共28层) | 2001年 | 2室1厅 | 83.38平米 | 东南,https://ke-image.ljcdn.com/110000-inspection/4e0fbaa1-aead-4e54-b3b8-1173aeb14adf_1000.jpg!m_fill,w_280,h_210,f_jpg?from=ke.com
20240806,朝阳,四惠,101123700271,东恒时代三期 1室1厅 东,329万,61370元/平,低楼层 (共27层) 1室1厅 | 53.61平米 | 东,https://ke-image.ljcdn.com/110000-inspection/pc1_6mBtAL4zE.jpg!m_fill,w_280,h_210,f_jpg?from=ke.com
20240806,朝阳,四惠,101123680098,十里堡西里京棉新城二厂正规西向一室一厅,309万,46804元/平,低楼层 (共28层) | 2009年 | 1室1厅 | 66.02平米 | 西,https://ke-image.ljcdn.com/110000-inspection/7c67837c-2586-4c92-80fc-9292458ad5af_1000.jpg!m_fill,w_280,h_210,f_jpg?from=ke.com
20240806,朝阳,四惠,101123647393,总监优推 远洋天地一期 高层视野好  精装3居 满五唯一,760万,57191元/平,中楼层 (共30层) | 2002年 | 3室2厅 | 132.89平米 | 东北,https://ke-image.ljcdn.com/110000-inspection/d4d09ecc-2d45-490e-9100-fa216797b745_1000.jpg!m_fill,w_280,h_210,f_jpg?from=ke.com
20240806,朝阳,四惠,101123644887,甄选好房南北通透板楼全屋精装定制全名格局景观房,1400万,85533元/平,顶层 (共18层) | 2008年 | 3室2厅 | 163.68平米 | 南 北,https://ke-image.ljcdn.com/110000-inspection/57247a23-6f16-4292-b740-9697e5270833_1000.jpg!m_fill,w_280,h_210,f_jpg?from=ke.com
20240806,朝阳,四惠,101123639131,总监推荐！一层可养花；二次装修满五唯一随时签约,580万,83913元/平,底层 (共21层) 1室1厅 | 69.12平米 | 西北,https://ke-image.ljcdn.com/110000-inspection/e758753d-48a0-41b9-8ef1-ff7eed8d43f7_1000.jpg!m_fill,w_280,h_210,f_jpg?from=ke.com
20240806,朝阳,四惠,101123634158,满五唯一商品房业主诚意售房价格可谈,426万,67663元/平,中楼层 (共27层) | 2006年 | 1室1厅 | 62.96平米 | 西南,https://ke-image.ljcdn.com/110000-inspection/ef8c577c-7edd-4504-8a33-0bed385f8834_1000.jpg!m_fill,w_280,h_210,f_jpg?from=ke.com
20240806,朝阳,四惠,101123604845,房龄2008年西南向采光好南侧视野开阔看河景房主自荐,587万,60305元/平,中楼层 (共27层) | 2008年 | 2室1厅 | 97.34平米 | 西南,https://ke-image.ljcdn.com/110000-inspection/1ffe8c2f-a4e3-47be-956a-ed3138cf7573_1000.jpg!m_fill,w_280,h_210,f_jpg?from=ke.com
20240806,朝阳,四惠,101123577497,八里庄西里 格局方正 正对小区无遮挡  随时看房,369万,64590元/平,中楼层 (共21层) | 1987年 | 2室1厅 | 57.13平米 | 东南,https://ke-image.ljcdn.com/110000-inspection/4978dfaa-55ba-433c-8c48-dad67f1a1311_1000.jpg!m_fill,w_280,h_210,f_jpg?from=ke.com
20240806,朝阳,四惠,101123533227,高楼层 采光好 视野开阔 二次装修 保领包入住,525万,81169元/平,高楼层 (共28层) | 2013年 | 1室1厅 | 64.68平米 | 南,https://ke-image.ljcdn.com/110000-inspection/efbdb8a5-982d-42bf-8c76-f34bed054c1d_1000.jpg!m_fill,w_280,h_210,f_jpg?from=ke.com
20240806,朝阳,四惠,101123525862,通惠家园    西南两居室 满五年商品房 户型方正房主自荐,455万,54570元/平,中楼层 (共28层) | 2001年 | 2室1厅 | 83.38平米 | 西南,https://ke-image.ljcdn.com/110000-inspection/3f6ddce7-f926-4f44-b49b-d65ac9443c7c_1000.jpg!m_fill,w_280,h_210,f_jpg?from=ke.com
20240806,朝阳,四惠,101123517809,通惠家园惠民园视野开阔采光充足中间楼层一居室。,320万,53728元/平,中楼层 (共28层) | 2001年 | 1室1厅 | 59.56平米 | 东,https://ke-image.ljcdn.com/110000-inspection/2575219a-58fb-44b1-a964-91f16312c81d_1000.jpg!m_fill,w_280,h_210,f_jpg?from=ke.com
20240806,朝阳,四惠,101123509206,壹线国际满五唯一 2017年全屋精装修 后排安静 无遮挡房主自荐,599万,50189元/平,底层 (共9层) | 2006年 | 3室2厅 | 119.35平米 | 西南,https://ke-image.ljcdn.com/110000-inspection/158a3987-7b2e-4a4a-ad4d-f95d6736bba9_1000.jpg!m_fill,w_280,h_210,f_jpg?from=ke.com
20240806,朝阳,四惠,101123490141,晨曦园 2室1厅 东北,535万,56626元/平,低楼层 (共28层) 2室1厅 | 94.48平米 | 东北,https://ke-image.ljcdn.com/110000-inspection/0ae90236-cbdb-4958-979b-c4e6fe9787a7_1000.jpg!m_fill,w_280,h_210,f_jpg?from=ke.com
20240806,朝阳,四惠,101123473838,东恒时代三期精装修一居室业主诚意出售,415万,65915元/平,中楼层 (共27层) | 2006年 | 1室1厅 | 62.96平米 | 西南,https://ke-image.ljcdn.com/110000-inspection/2a023f5c-6e7c-42f4-a118-c7036036df09_1000.jpg!m_fill,w_280,h_210,f_jpg?from=ke.com
20240806,朝阳,四惠,101123457625,八里庄西里南北向三居室 中石化家属楼,399万,52335元/平,顶层 (共21层) | 1987年 | 3室1厅 | 76.24平米 | 南 北,https://ke-image.ljcdn.com/110000-inspection/08ed18ac-9c3c-4b19-8ffc-092b7454cfe1_1000.jpg!m_fill,w_280,h_210,f_jpg?from=ke.com
20240806,朝阳,四惠,101123428367,金地名京+东南朝向+采光好+品质社区+金地物业+诚心售,628万,69794元/平,低楼层 (共24层) 2室1厅 | 89.98平米 | 东南,https://ke-image.ljcdn.com/110000-inspection/pc1_TEBFL0TmR.jpg!m_fill,w_280,h_210,f_jpg?from=ke.com
20240806,朝阳,四惠,101123412369,通惠家园后排 满五年唯一商品房 业主诚意 随时签约,460万,53247元/平,高楼层 (共28层) | 2001年 | 2室1厅 | 86.39平米 | 西南,https://ke-image.ljcdn.com/110000-inspection/pc1_L5WRjfDvw.jpg!m_fill,w_280,h_210,f_jpg?from=ke.com
20240806,朝阳,四惠,101123388390,京棉新城三厂西南两居室满五年唯一住房,395万,46216元/平,底层 (共24层) | 2011年 | 2室1厅 | 85.47平米 | 西南,https://ke-image.ljcdn.com/110000-inspection/cb61863d-d29e-4770-aaa6-9dad220a0cdd_1000.jpg!m_fill,w_280,h_210,f_jpg?from=ke.com
20240806,朝阳,四惠,101123379124,南北通透 明厨明卫客厅南向带阳台,925万,95165元/平,中楼层 (共16层) | 2006年 | 2室1厅 | 97.2平米 | 南 北,https://ke-image.ljcdn.com/110000-inspection/pc1_poS5pcO2O_2.jpg!m_fill,w_280,h_210,f_jpg?from=ke.com
20240806,朝阳,四惠,101123361924,东四环八里庄西里采光充足满五年大阳台好房！,388万,54259元/平,低楼层 (共21层) | 1987年 | 2室1厅 | 71.51平米 | 南,https://ke-image.ljcdn.com/110000-inspection/pc1_SRL2WzTFM.jpg!m_fill,w_280,h_210,f_jpg?from=ke.com
20240806,朝阳,四惠,101123360272,八里庄西里东南向一居室房子业主诚意出售精装修,169万,46660元/平,低楼层 (共21层) | 1987年 | 1室1厅 | 36.22平米 | 东南,https://ke-image.ljcdn.com/110000-inspection/7e99c230-4122-4ded-870c-4528a5a34500_1000.jpg!m_fill,w_280,h_210,f_jpg?from=ke.com
20240806,朝阳,四惠,101123355138,通惠家园 满五年唯一  安静无遮挡房主自荐,580万,48909元/平,中楼层 (共24层) | 2001年 | 3室1厅 | 118.59平米 | 东北,https://ke-image.ljcdn.com/110000-inspection/a09567f0-fdd1-473e-8ec4-2c15bc1740ad_1000.jpg!m_fill,w_280,h_210,f_jpg?from=ke.com
20240806,朝阳,四惠,101123345404,惠泽园  全南  采光好  视野开阔房主自荐,228万,51053元/平,低楼层 (共7层) 1室0厅 | 44.66平米 | 南,https://ke-image.ljcdn.com/110000-inspection/27e97bea-86db-48e5-bb79-a2edc71f0136_1000.jpg!m_fill,w_280,h_210,f_jpg?from=ke.com
20240806,朝阳,四惠,101123345363,通惠家园 4室2厅 南 北房主自荐,750万,52265元/平,中楼层 (共6层) 4室2厅 | 143.5平米 | 南 北,https://ke-image.ljcdn.com/110000-inspection/d693a385-c5a0-435c-b987-98e7b1ad1780_1000.jpg!m_fill,w_280,h_210,f_jpg?from=ke.com
20240806,朝阳,四惠,101123323629,双兴小区 观红领巾公园 地铁6号线,490万,49168元/平,高楼层 (共18层) 3室1厅 | 99.66平米 | 南 西 北,https://ke-image.ljcdn.com/110000-inspection/pc1_aqRYZ8hc1.jpg!m_fill,w_280,h_210,f_jpg?from=ke.com
20240806,朝阳,四惠,101123322544,力源里精装修2居室 四惠站 电梯房,409万,62962元/平,高楼层 (共24层) 2室1厅 | 64.96平米 | 南 西,https://ke-image.ljcdn.com/110000-inspection/77ac6063-d034-4950-b21e-af543f04d54f_1000.jpg!m_fill,w_280,h_210,f_jpg?from=ke.com
20240806,朝阳,四惠,101123315145,通惠家园后排 满五年唯一商品房 业主诚意 随时签约,460万,53247元/平,中楼层 (共28层) | 2001年 | 2室1厅 | 86.39平米 | 东南,https://ke-image.ljcdn.com/110000-inspection/pc1_aXMXAowW2.jpg!m_fill,w_280,h_210,f_jpg?from=ke.com
20240806,朝阳,四惠,101123313335,总监甄选后排双明卫三居室+满五唯一+精装修+安静,1260万,91904元/平,低楼层 (共21层) | 2010年 | 3室2厅 | 137.1平米 | 南 北,https://ke-image.ljcdn.com/110000-inspection/pc1_GUT1mkbx5.jpg!m_fill,w_280,h_210,f_jpg?from=ke.com
20240806,朝阳,四惠,101123309889,远洋天地一期 一梯两户 电梯洋房 明厨明卫 满五唯一房主自荐,499万,78275元/平,顶层 (共9层) 1室2厅 | 63.75平米 | 西 东,https://ke-image.ljcdn.com/110000-inspection/pc1_zzUqNSgf3.jpg!m_fill,w_280,h_210,f_jpg?from=ke.com
20240806,朝阳,四惠,101123309106,全南向 采光好 小区中间位置 前后都有花园 房龄新房主自荐,595万,91992元/平,低楼层 (共28层) | 2013年 | 1室1厅 | 64.68平米 | 南,https://ke-image.ljcdn.com/110000-inspection/0e5bc2ea-2f1e-41d6-9809-1efcabb13b18_1000.jpg!m_fill,w_280,h_210,f_jpg?from=ke.com
20240806,朝阳,四惠,101123299991,买房先看南北通透  一梯两户 客厅主卧朝南 后排安静,610万,57272元/平,中楼层 (共7层) | 2003年 | 2室2厅 | 106.51平米 | 南 北,https://ke-image.ljcdn.com/110000-inspection/pc1_QgyMwoxVS.jpg!m_fill,w_280,h_210,f_jpg?from=ke.com
20240806,朝阳,四惠,101123277561,满五年家庭一套商品房明厨明卫1居高层视野开阔,370万,52143元/平,顶层 (共28层) | 2009年 | 1室1厅 | 70.96平米 | 东,https://ke-image.ljcdn.com/110000-inspection/6f019f36-c7b3-4fd3-8b7d-5e8435d55f6f_1000.jpg!m_fill,w_280,h_210,f_jpg?from=ke.com
20240806,朝阳,四惠,101123247082,私密花园40+平米 满五唯一 精装一居室 拎包入住,538万,92013元/平,底层 (共16层) 1室1厅 | 58.47平米 | 西北,https://ke-image.ljcdn.com/110000-inspection/e2bb9a96-441d-4e09-a9ed-01f156b5dee1_1000.jpg!m_fill,w_280,h_210,f_jpg?from=ke.com
20240806,朝阳,四惠,101123223264,满五唯一高层南北双通透看房方便诚意出售,1366万,88152元/平,中楼层 (共18层) | 2008年 | 3室2厅 | 154.96平米 | 南 北,https://ke-image.ljcdn.com/110000-inspection/462fa1ba-1f04-4397-93a1-3a482e5e255d_1000.jpg!m_fill,w_280,h_210,f_jpg?from=ke.com
20240806,朝阳,四惠,101123222286,爱这城二期南向双卫2居室楼层高视野好,898万,83280元/平,中楼层 (共18层) 2室1厅 | 107.83平米 | 南,https://ke-image.ljcdn.com/110000-inspection/pc1_i8Gm9KjRV.jpg!m_fill,w_280,h_210,f_jpg?from=ke.com
20240806,朝阳,四惠,101123218509,地铁6号线十里堡站南北通透中间层满五年唯一,280万,52191元/平,中楼层 (共5层) 2室1厅 | 53.65平米 | 南 北,https://ke-image.ljcdn.com/110000-inspection/pc1_1U0SVKafv.jpg!m_fill,w_280,h_210,f_jpg?from=ke.com
20240806,朝阳,四惠,101123218443,金地名京 2室1厅 南 北,750万,85549元/平,中楼层 (共17层) 2室1厅 | 87.67平米 | 南 北,https://ke-image.ljcdn.com/110000-inspection/ccb5c059-2d04-46fa-b2fd-9acd614bf6f9_1000.jpg!m_fill,w_280,h_210,f_jpg?from=ke.com
20240806,朝阳,四惠,101123214072,金地名京正规两居室 采光好 精装修 诚意出售,680万,76620元/平,中楼层 (共20层) 2室1厅 | 88.75平米 | 东南 西南,https://ke-image.ljcdn.com/110000-inspection/dafe391a-f21c-4392-a6d4-c174d7c0f086_1000.jpg!m_fill,w_280,h_210,f_jpg?from=ke.com
20240806,朝阳,四惠,101123201688,金地名京 满五年唯一 地铁50米 三居双卫,1100万,82029元/平,高楼层 (共25层) 3室2厅 | 134.1平米 | 东南 北,https://ke-image.ljcdn.com/110000-inspection/cd61cc71-724c-4a14-85f9-34d6d3fcc946_1000.jpg!m_fill,w_280,h_210,f_jpg?from=ke.com
20240806,朝阳,四惠,101123167903,力源里 高楼层 两居室 诚意出售,440万,57600元/平,高楼层 (共24层) 2室1厅 | 76.39平米 | 西北,https://ke-image.ljcdn.com/110000-inspection/pc1_aSjlC4sJq.jpg!m_fill,w_280,h_210,f_jpg?from=ke.com
20240806,朝阳,四惠,101123132259,远洋天地三期  看小区花园 安静 观景 方正大一居,510万,62112元/平,中楼层 (共17层) 1室2厅 | 82.11平米 | 北,https://ke-image.ljcdn.com/110000-inspection/1bcb687e-da53-407d-bf96-e33cdbcfe03b_1000.jpg!m_fill,w_280,h_210,f_jpg?from=ke.com
20240806,朝阳,四惠,101123129852,精装修大两居  京棉新城三厂 2009年  满五唯一商品房房主自荐,468万,50156元/平,低楼层 (共26层) | 2011年 | 2室1厅 | 93.31平米 | 西北,https://ke-image.ljcdn.com/110000-inspection/7fd4b31a-7e88-46df-8379-d0576f8fa8c1_1000.jpg!m_fill,w_280,h_210,f_jpg?from=ke.com
20240806,朝阳,四惠,101123125617,满五年唯一精装朝南视野采光好,460万,59066元/平,中楼层 (共9层) | 2008年 | 2室1厅 | 77.88平米 | 南,https://ke-image.ljcdn.com/110000-inspection/pc1_mEoUkyc9S.jpg!m_fill,w_280,h_210,f_jpg?from=ke.com
20240806,朝阳,四惠,101123115487,八里庄西里 3室1厅 东 南 北,463万,55945元/平,低楼层 (共21层) | 1987年 | 3室1厅 | 82.76平米 | 东 南 北,https://ke-image.ljcdn.com/110000-inspection/pc1_lZUNzMXSu.jpg!m_fill,w_280,h_210,f_jpg?from=ke.com
20240806,朝阳,四惠,101123053148,满五年唯一 落地窗 对小区内 诚意出售,376万,64252元/平,中楼层 (共26层) 1室0厅 | 58.52平米 | 北,https://ke-image.ljcdn.com/110000-inspection/d93be1d5-a5b6-4948-a41b-61f753a99219_1000.jpg!m_fill,w_280,h_210,f_jpg?from=ke.com
20240806,朝阳,四惠,101123030395,精装修满五年唯一商品房后排安静房主自荐,439万,58016元/平,中楼层 (共28层) | 2001年 | 2室1厅 | 75.67平米 | 西,https://ke-image.ljcdn.com/110000-inspection/pc1_2jxvH7ESj.jpg!m_fill,w_280,h_210,f_jpg?from=ke.com
20240806,朝阳,四惠,101123019161,国贸东京棉新城三厂09年次新房中间层东南两居满五唯一,439万,51412元/平,低楼层 (共28层) | 2015年 | 2室1厅 | 85.39平米 | 东南,https://ke-image.ljcdn.com/110000-inspection/0b9411f4-87eb-430c-9856-f24e65d01511_1000.jpg!m_fill,w_280,h_210,f_jpg?from=ke.com
20240806,朝阳,四惠,101123015498,新出爱这城 精装南北四居 满五唯一 随时看房,1280万,86857元/平,低楼层 (共14层) 4室2厅 | 147.37平米 | 南 北,https://ke-image.ljcdn.com/110000-inspection/pc1_fTrlI8eaa.jpg!m_fill,w_280,h_210,f_jpg?from=ke.com
20240806,朝阳,四惠,101123014747,爱这城二期南北观景小区园林南北通透,1150万,76180元/平,中楼层 (共14层) 4室1厅 | 150.96平米 | 南 北,https://ke-image.ljcdn.com/110000-inspection/a2d18114-e54e-4d05-b66c-441256743f51_1000.jpg!m_fill,w_280,h_210,f_jpg?from=ke.com
20240806,朝阳,四惠,101122964869,东恒时代一期高楼层南向两居室视野采光好,710万,74651元/平,高楼层 (共30层) | 2003年 | 2室1厅 | 95.11平米 | 南,https://ke-image.ljcdn.com/110000-inspection/01617be8-6ad8-41a8-a1ad-4c4c71bfcc68_1000.jpg!m_fill,w_280,h_210,f_jpg?from=ke.com
20240806,朝阳,四惠,101122961655,通惠家园无遮挡两居室 户型方正  采光好 看房方便,450万,59406元/平,中楼层 (共28层) | 2001年 | 2室1厅 | 75.75平米 | 西,https://ke-image.ljcdn.com/110000-inspection/pc1_eJbUOc385.jpg!m_fill,w_280,h_210,f_jpg?from=ke.com
20240806,朝阳,四惠,101122958909,爱这城二期 2室1厅 西北房主自荐,639万,67299元/平,底层 (共18层) 2室1厅 | 94.95平米 | 西北,https://ke-image.ljcdn.com/110000-inspection/88c9559e-a8e4-4c70-8bf9-bbec10c6906d_1000.jpg!m_fill,w_280,h_210,f_jpg?from=ke.com
20240806,朝阳,四惠,101122942523,八里庄西里 2室1厅 西,420万,54208元/平,中楼层 (共21层) | 1998年 | 2室1厅 | 77.48平米 | 西,https://ke-image.ljcdn.com/110000-inspection/51319052-0c7f-4007-8203-db23fe012b38_1000.jpg!m_fill,w_280,h_210,f_jpg?from=ke.com
20240806,朝阳,四惠,101122903570,壹线国际 1室1厅 西房主自荐,309万,62161元/平,高楼层 (共9层) | 2008年 | 1室1厅 | 49.71平米 | 西,https://ke-image.ljcdn.com/110000-inspection/pc1_HxvNYX6ov.jpg!m_fill,w_280,h_210,f_jpg?from=ke.com
20240806,朝阳,四惠,101122869143,此房满五唯一商品房南北通透采光充足后排安静,666万,53043元/平,中楼层 (共6层) | 2002年 | 3室2厅 | 125.56平米 | 南 北 西,https://ke-image.ljcdn.com/110000-inspection/pc1_QXlLPau8S.jpg!m_fill,w_280,h_210,f_jpg?from=ke.com
20240806,朝阳,四惠,101122809425,满五唯一商品房精装修户型方正对花园采光好。,470万,58839元/平,中楼层 (共22层) 2室1厅 | 79.88平米 | 东南,https://ke-image.ljcdn.com/110000-inspection/pc1_iHLb0LHyj.jpg!m_fill,w_280,h_210,f_jpg?from=ke.com
20240806,朝阳,四惠,101122804642,爱这城一期 2室1厅 东南,728万,87030元/平,低楼层 (共20层) 2室1厅 | 83.65平米 | 东南,https://ke-image.ljcdn.com/110000-inspection/66e876d9-108e-47bd-a8f3-4958729c8993_1000.jpg!m_fill,w_280,h_210,f_jpg?from=ke.com
20240806,朝阳,四惠,101122759461,东四环凯德锦绣 2017年精装交付 管家服务 全南两居,1099万,115260元/平,中楼层 (共7层) 2室1厅 | 95.35平米 | 南,https://ke-image.ljcdn.com/110000-inspection/50284bec-e40e-4615-9af6-7ec532c3ddc4_1000.jpg!m_fill,w_280,h_210,f_jpg?from=ke.com
20240806,朝阳,四惠,101122756502,满五年唯一商品房 东向一居室 通风采光好房主自荐,296万,49698元/平,高楼层 (共28层) | 2001年 | 1室1厅 | 59.56平米 | 西,https://ke-image.ljcdn.com/110000-inspection/5c1f634e-2af0-4e96-8403-0afe458ee44d_1000.jpg!m_fill,w_280,h_210,f_jpg?from=ke.com
20240806,朝阳,四惠,101122717599,东恒时代一期 西南三居室 双卫,780万,60414元/平,底层 (共32层) | 2004年 | 3室1厅 | 129.11平米 | 东南,https://ke-image.ljcdn.com/110000-inspection/031043b0-cdee-4bca-b756-691d1f1778ea_1000.jpg!m_fill,w_280,h_210,f_jpg?from=ke.com
20240806,朝阳,四惠,101122673039,凯德锦绣  南向两居室 高楼层 视野好,939万,106548元/平,高楼层 (共26层) | 2013年 | 2室1厅 | 88.13平米 | 南,https://ke-image.ljcdn.com/110000-inspection/de2c6d9f-c177-4afe-b5aa-e6eff4deff73_1000.jpg!m_fill,w_280,h_210,f_jpg?from=ke.com
20240806,朝阳,四惠,101122613773,此房满五年南北通透视野宽阔采光好交通便利,520万,60109元/平,中楼层 (共7层) 2室1厅 | 86.51平米 | 南 北,https://ke-image.ljcdn.com/110000-inspection/c4d1be68-6b24-4a6b-bb12-f2ee39e6dd23_1000.jpg!m_fill,w_280,h_210,f_jpg?from=ke.com
20240806,朝阳,四惠,101122612895,此房满五年商品房仅有契税正规1居后排安静房主自荐,299万,50202元/平,低楼层 (共28层) | 2001年 | 1室1厅 | 59.56平米 | 东,https://ke-image.ljcdn.com/110000-inspection/82da310c-4f77-4a2a-81ee-5e7625ca72ee_1000.jpg!m_fill,w_280,h_210,f_jpg?from=ke.com
20240806,朝阳,四惠,101122593608,满五唯一纯无遮挡观国贸后排安静精装修！房主自荐,460万,60727元/平,低楼层 (共28层) | 2001年 | 2室1厅 | 75.75平米 | 西,https://ke-image.ljcdn.com/110000-inspection/2341c238-1f0b-4ca6-8a46-be54c25a159d_1000.jpg!m_fill,w_280,h_210,f_jpg?from=ke.com
20240806,朝阳,四惠,101122586353,凯德锦绣 南向一居室 高楼层 视野好,800万,97597元/平,高楼层 (共26层) | 2013年 | 1室1厅 | 81.97平米 | 南,https://ke-image.ljcdn.com/110000-inspection/8eec2050-9db4-489f-88b8-3073120664a0_1000.jpg!m_fill,w_280,h_210,f_jpg?from=ke.com
20240806,朝阳,四惠,101122569065,金地名京 方正三居 18平米阳台 动静分离 阳光满屋,1260万,92261元/平,中楼层 (共20层) | 2010年 | 3室2厅 | 136.57平米 | 西南 西北,https://ke-image.ljcdn.com/110000-inspection/36728c82-7a9e-466d-8ebe-e63fdf1558ee_1000.jpg!m_fill,w_280,h_210,f_jpg?from=ke.com
20240806,朝阳,四惠,101122567907,惠生园南北两居 采光好视野开阔 满五年唯一 随时签约,480万,54311元/平,中楼层 (共7层) | 2002年 | 2室1厅 | 88.38平米 | 南 北,https://ke-image.ljcdn.com/110000-inspection/c82210bd-dd0e-4b15-8917-0a391f2573e7_1000.jpg!m_fill,w_280,h_210,f_jpg?from=ke.com
20240806,朝阳,四惠,101122566415,通惠家园 3室1厅 南 北,725万,50792元/平,中楼层 (共9层) 3室1厅 | 142.74平米 | 南 北,https://ke-image.ljcdn.com/110000-inspection/d5791d44-b5aa-45e5-bde6-cd9c2782a663_1000.jpg!m_fill,w_280,h_210,f_jpg?from=ke.com
20240806,朝阳,四惠,101122518618,住邦2000南北通透四居室双卫生间拎包入住,1680万,79997元/平,中楼层 (共14层) 4室1厅 | 210.01平米 | 北 南,https://ke-image.ljcdn.com/110000-inspection/83b10707-8fb2-4aaa-b3bf-031be588c4a7_1000.jpg!m_fill,w_280,h_210,f_jpg?from=ke.com
20240806,朝阳,四惠,101122444564,远洋天地二期  东南大两居  落地窗,658万,54797元/平,低楼层 (共30层) | 2002年 | 2室2厅 | 120.08平米 | 东南,https://ke-image.ljcdn.com/110000-inspection/eac0305e-40d4-4ad7-9128-a6d9c522ffe6_1000.jpg!m_fill,w_280,h_210,f_jpg?from=ke.com
20240806,朝阳,四惠,101122442950,地铁22号线在建西向两居室采光好,480万,57137元/平,中楼层 (共24层) | 2011年 | 2室1厅 | 84.01平米 | 西,https://ke-image.ljcdn.com/110000-inspection/01fa0bd2-96b5-4a8c-8ae4-ba204c53cf4d_1000.jpg!m_fill,w_280,h_210,f_jpg?from=ke.com
20240806,朝阳,四惠,101122304562,凯德锦绣 东西通透2居室 精装修拎包入住,845万,94816元/平,高楼层 (共16层) | 2011年 | 2室1厅 | 89.12平米 | 东 西,https://ke-image.ljcdn.com/110000-inspection/91fdf940-b941-460d-9b3d-c3b7bb8b1b4d_1000.jpg!m_fill,w_280,h_210,f_jpg?from=ke.com
20240806,朝阳,四惠,101122287612,地铁22号线 西里南北两居室 采光视野好,288万,48065元/平,中楼层 (共6层) | 1986年 | 2室1厅 | 59.92平米 | 南 北,https://ke-image.ljcdn.com/110000-inspection/19435764-3979-42b9-90fe-9b07aa343a08_1000.jpg!m_fill,w_280,h_210,f_jpg?from=ke.com
20240806,朝阳,四惠,101122188776,东恒时代三期 40万二次精装修 中高楼层满五唯一,438万,70726元/平,中楼层 (共27层) | 2008年 | 1室1厅 | 61.93平米 | 西,https://ke-image.ljcdn.com/110000-inspection/b378ad74-e447-4900-83d9-e5c34c406ef2_1000.jpg!m_fill,w_280,h_210,f_jpg?from=ke.com
20240806,朝阳,四惠,101122171051,东恒时代一期 高层正规两居室 视野好 采光好,743万,60461元/平,低楼层 (共32层) 2室2厅 | 122.89平米 | 东,https://ke-image.ljcdn.com/110000-inspection/80016d15-6679-47aa-9519-e061b3975bcb_1000.jpg!m_fill,w_280,h_210,f_jpg?from=ke.com
20240806,朝阳,四惠,101122134976,金地名京 东南西南向精装修两居室 满五年一套住房,980万,81599元/平,中楼层 (共22层) 2室1厅 | 120.1平米 | 东南 西南,https://ke-image.ljcdn.com/110000-inspection/791cec44-f222-499f-bfd4-bdc83f767a92_1000.jpg!m_fill,w_280,h_210,f_jpg?from=ke.com
20240806,朝阳,四惠,101122124242,东恒时代一期 高层 景观好 三面采光 视野好房主自荐,430万,72820元/平,高楼层 (共32层) 1室1厅 | 59.05平米 | 东 北,https://ke-image.ljcdn.com/110000-inspection/pc1_dHtmyujfH.jpg!m_fill,w_280,h_210,f_jpg?from=ke.com
20240806,朝阳,四惠,101122123641,南北通透客厅朝南户型少见高层采光视野开阔,979万,109057元/平,高楼层 (共24层) | 2011年 | 2室2厅 | 89.77平米 | 南 北,https://ke-image.ljcdn.com/110000-inspection/264e2f52-debe-412d-8fc3-5c515d552ce7_1000.jpg!m_fill,w_280,h_210,f_jpg?from=ke.com
20240806,朝阳,四惠,101122090789,通惠家园 2室1厅 南 北,509万,58365元/平,中楼层 (共7层) | 2002年 | 2室1厅 | 87.21平米 | 南 北,https://ke-image.ljcdn.com/110000-inspection/b1b26dad-c60a-47aa-962b-a7f9f3c0eede_1000.jpg!m_fill,w_280,h_210,f_jpg?from=ke.com
20240806,朝阳,四惠,101122083527,爱这城三期 2室1厅 西 东,615万,70206元/平,低楼层 (共18层) 2室1厅 | 87.6平米 | 西 东,https://ke-image.ljcdn.com/110000-inspection/44d13e44-aba8-4aaf-8c14-e640389fbbc1_1000.jpg!m_fill,w_280,h_210,f_jpg?from=ke.com
20240806,朝阳,四惠,101121949956,八里庄西里南北通透两居明厨明卫,318万,52737元/平,顶层 (共6层) 2室1厅 | 60.3平米 | 南 北,https://ke-image.ljcdn.com/110000-inspection/pc1_KV65y2Q8N.jpg!m_fill,w_280,h_210,f_jpg?from=ke.com
20240806,朝阳,四惠,101121931685,四惠站满五年唯一精装大两居室高楼层,820万,67153元/平,高楼层 (共32层) 2室2厅 | 122.11平米 | 西,https://ke-image.ljcdn.com/110000-inspection/pc1_PG901vOm2.jpg!m_fill,w_280,h_210,f_jpg?from=ke.com
20240806,朝阳,四惠,101121897722,东四环商品房朝阳路沿线5万一平米东向大两居室,430万,49861元/平,中楼层 (共22层) 2室1厅 | 86.24平米 | 东,https://ke-image.ljcdn.com/110000-inspection/2ce20d99-11b6-4193-87d7-993f0921f446_1000.jpg!m_fill,w_280,h_210,f_jpg?from=ke.com
20240806,朝阳,四惠,101121892954,东四环 地铁22号线 京棉新城三厂 全明格局 满五年唯一房主自荐,460万,49730元/平,低楼层 (共24层) 2室1厅 | 92.5平米 | 南 东北,https://ke-image.ljcdn.com/110000-inspection/pc1_6bbO295Hp_1.jpg!m_fill,w_280,h_210,f_jpg?from=ke.com
20240806,朝阳,四惠,101121877562,东恒三期  高层西南一居 满五唯一 精装修 变现出售房主自荐,385万,71815元/平,中楼层 (共27层) | 2006年 | 1室1厅 | 53.61平米 | 西南,https://ke-image.ljcdn.com/110000-inspection/186172e4-04d5-4752-8ebc-12f0e67baa2f_1000.jpg!m_fill,w_280,h_210,f_jpg?from=ke.com
20240806,朝阳,四惠,101121869897,慈云寺桥东 地铁6号线 八里庄东里 大两居 好楼层,318万,46649元/平,低楼层 (共6层) 2室1厅 | 68.17平米 | 西 东,https://ke-image.ljcdn.com/110000-inspection/pc1_ns7ng82Ip.jpg!m_fill,w_280,h_210,f_jpg?from=ke.com
20240806,朝阳,四惠,101121861607,通惠家园 全南向两居 满五年 诚意出售,430万,57136元/平,底层 (共22层) | 2001年 | 2室1厅 | 75.26平米 | 南,https://ke-image.ljcdn.com/110000-inspection/test-655d1206-4a79-4dec-8084-f1a9446da7cb.png!m_fill,w_280,h_210,f_jpg?from=ke.com
20240806,朝阳,四惠,101121846535,京棉新城A1区 南北通透 高层无遮挡 视野采光好 可看房,436万,57995元/平,中楼层 (共28层) 1室1厅 | 75.18平米 | 南 北,https://ke-image.ljcdn.com/110000-inspection/78f72118-4c4f-4005-b122-f9a59ee5eb65_1000.jpg!m_fill,w_280,h_210,f_jpg?from=ke.com
20240806,朝阳,四惠,101121842940,22号线旁12年小区板楼四惠商圈,535万,58203元/平,低楼层 (共34层) 2室1厅 | 91.92平米 | 西南,https://ke-image.ljcdn.com/110000-inspection/7b64f119-e27a-4f74-8448-59bc445dbcda_1000.jpg!m_fill,w_280,h_210,f_jpg?from=ke.com
20240806,朝阳,四惠,101121837411,满五唯一商品房西南向户型方正视野采光好,499万,58411元/平,高楼层 (共28层) | 2001年 | 2室1厅 | 85.43平米 | 西南,https://ke-image.ljcdn.com/110000-inspection/552cdef8-80ea-4ae3-a28d-234c48841aa0_1000.jpg!m_fill,w_280,h_210,f_jpg?from=ke.com
20240806,朝阳,四惠,101121794270,甄选好房 南北四居室 品质优选 得房率83.91% 宽敞舒适,1150万,76739元/平,中楼层 (共14层) 4室2厅 | 149.86平米 | 南 北,https://ke-image.ljcdn.com/110000-inspection/ef8a8853-aa43-45f2-8a6f-80067d12f0b7_1000.jpg!m_fill,w_280,h_210,f_jpg?from=ke.com
20240806,朝阳,四惠,101121730292,金地名京 正规两居室 观景效果好 精装修拎包入住,760万,84718元/平,中楼层 (共24层) 2室1厅 | 89.71平米 | 西北 东北,https://ke-image.ljcdn.com/110000-inspection/pc1_qkugzuF9n.jpg!m_fill,w_280,h_210,f_jpg?from=ke.com
20240806,朝阳,四惠,101121711793,高层无遮挡 自住装修满五年唯一商品房明厨明卫房主自荐,498万,55581元/平,高楼层 (共29层) | 2001年 | 2室2厅 | 89.6平米 | 东南 北,https://ke-image.ljcdn.com/110000-inspection/ccc5a3aa-953e-4549-b2ae-cd1314fc02dc_1000.jpg!m_fill,w_280,h_210,f_jpg?from=ke.com
20240806,朝阳,四惠,101121604791,22号线慈云寺站旁京棉新城三厂四惠商圈,480万,51442元/平,中楼层 (共26层) 2室1厅 | 93.31平米 | 西南 北,https://ke-image.ljcdn.com/110000-inspection/99319a75-01ec-4b99-9874-8770084f24b9_1000.jpg!m_fill,w_280,h_210,f_jpg?from=ke.com
20240806,朝阳,四惠,101121600556,凯德锦绣东南三居精装修双卫封闭管理,1120万,82828元/平,低楼层 (共24层) | 2011年 | 3室2厅 | 135.22平米 | 东南,https://ke-image.ljcdn.com/110000-inspection/9406af4c-7c78-4791-9a42-92f75246e4cd_1000.jpg!m_fill,w_280,h_210,f_jpg?from=ke.com
20240806,朝阳,四惠,101121545641,远洋天地三期北行对花园一居室满五唯一精装修。,595万,70356元/平,高楼层 (共16层) 1室1厅 | 84.57平米 | 北,https://ke-image.ljcdn.com/110000-inspection/pc1_t0I1y1XBd_1.jpg!m_fill,w_280,h_210,f_jpg?from=ke.com
20240806,朝阳,四惠,101121535056,东四环高楼层国贸CBD视野佳精装自住两居商品房房主自荐,535万,65556元/平,顶层 (共28层) 2室1厅 | 81.61平米 | 西南,https://ke-image.ljcdn.com/110000-inspection/f66ee4c9-5ed7-437a-a6fc-0195faefc88c_1000.jpg!m_fill,w_280,h_210,f_jpg?from=ke.com
20240806,朝阳,四惠,101121522670,八里庄西里二层南北通透两居看房方便业主诚意售房,288万,48065元/平,低楼层 (共6层) | 1986年 | 2室1厅 | 59.92平米 | 南 北,https://ke-image.ljcdn.com/110000-inspection/pc1_2GyMpWEGX.jpg!m_fill,w_280,h_210,f_jpg?from=ke.com
20240806,朝阳,四惠,101121516899,通惠家园 南向两居室 后排安静,660万,67245元/平,高楼层 (共9层) 2室1厅 | 98.15平米 | 南,https://ke-image.ljcdn.com/110000-inspection/e3441e42-11b9-40bf-971c-f92d24220bb8_1000.jpg!m_fill,w_280,h_210,f_jpg?from=ke.com
20240806,朝阳,四惠,101121427869,力源里 高层三居室 改善之选 西南朝向房主自荐,582万,62872元/平,高楼层 (共24层) 3室1厅 | 92.57平米 | 西南,https://ke-image.ljcdn.com/110000-inspection/pc1_W3S4WVMVb_1.jpg!m_fill,w_280,h_210,f_jpg?from=ke.com
20240806,朝阳,四惠,101121424230,东四环商品房两居室配套齐全,430万,50589元/平,高楼层 (共24层) | 2003年 | 2室1厅 | 85平米 | 西 北,https://ke-image.ljcdn.com/110000-inspection/pc1_cyTYMgwTR.jpg!m_fill,w_280,h_210,f_jpg?from=ke.com
20240806,朝阳,四惠,101121390331,通惠家园南北通透两居室视野好采光好。,540万,60997元/平,中楼层 (共7层) | 2002年 | 2室1厅 | 88.53平米 | 南 北,https://ke-image.ljcdn.com/110000-inspection/a3e4428c-d464-415f-af1b-a282cee7d8bb_1000.jpg!m_fill,w_280,h_210,f_jpg?from=ke.com
20240806,朝阳,四惠,101121288131,晨曦园 南向一居 格局好 保持好,388万,56289元/平,底层 (共24层) | 2003年 | 1室1厅 | 68.93平米 | 南,https://ke-image.ljcdn.com/110000-inspection/5586947d-15b1-42c4-819c-51374077aa16_1000.jpg!m_fill,w_280,h_210,f_jpg?from=ke.com
20240806,朝阳,四惠,101121276277,慈云寺北里全南向一居室视野开阔,398万,56002元/平,高楼层 (共26层) | 2011年 | 1室1厅 | 71.07平米 | 南,https://ke-image.ljcdn.com/110000-inspection/pc1_pQaEbG7Ic.jpg!m_fill,w_280,h_210,f_jpg?from=ke.com
20240806,朝阳,四惠,101121105233,远洋满五年唯一  低层视野和采光好三梯八户高得房率,820万,60486元/平,低楼层 (共30层) | 2002年 | 3室1厅 | 135.57平米 | 东北,https://ke-image.ljcdn.com/110000-inspection/22f9d5c9-9b46-47e0-a27c-177a4b4443ed_1000.jpg!m_fill,w_280,h_210,f_jpg?from=ke.com
20240806,朝阳,四惠,101121014834,东四环慈云寺满五年唯一东向开间,480万,80403元/平,低楼层 (共16层) | 2011年 | 1室0厅 | 59.7平米 | 东,https://ke-image.ljcdn.com/110000-inspection/pc1_GSua6sdvR.jpg!m_fill,w_280,h_210,f_jpg?from=ke.com
20240806,朝阳,四惠,101121002281,爱这城一期 2室1厅 西北,733万,81472元/平,中楼层 (共18层) | 2006年 | 2室1厅 | 89.97平米 | 西北,https://ke-image.ljcdn.com/110000-inspection/pc1_1u3iEAL1t.jpg!m_fill,w_280,h_210,f_jpg?from=ke.com
20240806,朝阳,四惠,101120988333,小区的后排安静采光好视野好精装修满五唯一房主自荐,310万,51988元/平,顶层 (共28层) | 2001年 | 1室1厅 | 59.63平米 | 东,https://ke-image.ljcdn.com/110000-inspection/cb00c080-2e30-46a1-a0c9-11c5acbcc067_1000.jpg!m_fill,w_280,h_210,f_jpg?from=ke.com
20240806,朝阳,四惠,101120941912,八里庄西里西南一居室满二年商品房,219万,50872元/平,顶层 (共6层) | 1991年 | 1室1厅 | 43.05平米 | 西南,https://ke-image.ljcdn.com/110000-inspection/pc1_dwLd7DEFu_1.jpg!m_fill,w_280,h_210,f_jpg?from=ke.com
20240806,朝阳,四惠,101120928276,甄选爱这城二期 四居方正格局南北通透,1250万,84108元/平,中楼层 (共14层) | 2009年 | 4室1厅 | 148.62平米 | 南 北,https://ke-image.ljcdn.com/110000-inspection/30c27aca-c7a8-4eba-9aba-57229e6c64d3_1000.jpg!m_fill,w_280,h_210,f_jpg?from=ke.com
20240806,朝阳,四惠,101120901267,凯德锦绣 洋房低密 精致普宅小三居 小区仅6套,1450万,121076元/平,高楼层 (共7层) 3室2厅 | 119.76平米 | 西南 北,https://ke-image.ljcdn.com/110000-inspection/f0c8068e-66ba-477f-899c-e1f5a7b562b4_1000.jpg!m_fill,w_280,h_210,f_jpg?from=ke.com
20240806,朝阳,四惠,101120774767,东恒时代三期  次顶层西南一居 视野采光不错,410万,65121元/平,高楼层 (共27层) | 2006年 | 1室1厅 | 62.96平米 | 西南,https://ke-image.ljcdn.com/110000-inspection/3a36c30e-d851-449f-855d-56f86d7fdebe_1000.jpg!m_fill,w_280,h_210,f_jpg?from=ke.com
20240806,朝阳,四惠,101120743085,纺织科学研究院家属楼南北通透两居室明厨明卫,315万,50024元/平,低楼层 (共6层) 2室1厅 | 62.97平米 | 南 北,https://ke-image.ljcdn.com/110000-inspection/65a47bb8-98f1-4c51-aa0f-54284ac035d2_1000.jpg!m_fill,w_280,h_210,f_jpg?from=ke.com
20240806,朝阳,四惠,101120339970,满五唯一 商品房  对花园  采光充足,699万,58720元/平,中楼层 (共9层) | 2006年 | 2室2厅 | 119.04平米 | 东 西,https://ke-image.ljcdn.com/110000-inspection/6d750ecf-e1b5-437f-b1df-1d2e5111194a_1000.jpg!m_fill,w_280,h_210,f_jpg?from=ke.com
20240806,朝阳,四惠,101120309112,远洋天地三期一居室推荐 卧室面积大客厅厨房宽敞明亮房主自荐,490万,59677元/平,中楼层 (共17层) 1室1厅 | 82.11平米 | 北,https://ke-image.ljcdn.com/110000-inspection/eeebf9cf-d4dc-4e4e-b3de-d7a8d01d31cf_1000.jpg!m_fill,w_280,h_210,f_jpg?from=ke.com
20240806,朝阳,四惠,101120280652,南北通透三居12年小区靠近公园,630万,51640元/平,底层 (共11层) 3室1厅 | 122平米 | 南 北,https://ke-image.ljcdn.com/110000-inspection/f55366d8-502b-4003-a3f6-574242cfe6ec_1000.jpg!m_fill,w_280,h_210,f_jpg?from=ke.com
20240806,朝阳,四惠,101120267118,金地名京 南北通透 三居两卫 中间观景 视野好 采光好,1250万,91348元/平,低楼层 (共17层) 3室2厅 | 136.84平米 | 南 北,https://ke-image.ljcdn.com/110000-inspection/01fec0b3-5988-4b7a-9425-556553a69367_1000.jpg!m_fill,w_280,h_210,f_jpg?from=ke.com
20240806,朝阳,四惠,101119965881,东恒时代一期高层满五年唯一正对CBD中国尊观景房房主自荐,688万,68059元/平,高楼层 (共32层) 2室1厅 | 101.09平米 | 西,https://ke-image.ljcdn.com/110000-inspection/30b90b92-b0b3-4298-878f-c7c3fc4ce8b7_1000.jpg!m_fill,w_280,h_210,f_jpg?from=ke.com
20240806,朝阳,四惠,101119959616,此房满五年唯一房子中间楼层看房方便,269万,45340元/平,低楼层 (共6层) | 1993年 | 2室1厅 | 59.33平米 | 东 西,https://ke-image.ljcdn.com/110000-inspection/ea735438-9b47-48b1-86dd-0c922d95de69_1000.jpg!m_fill,w_280,h_210,f_jpg?from=ke.com
20240806,朝阳,四惠,101119675176,凯德锦绣 南北通透两居室 高楼层 视野好,1039万,106960元/平,高楼层 (共26层) | 2013年 | 2室1厅 | 97.14平米 | 南 北,https://ke-image.ljcdn.com/110000-inspection/575e0d80-cb80-48f2-b0c5-968e889cd2b5_1000.jpg!m_fill,w_280,h_210,f_jpg?from=ke.com
20240806,朝阳,四惠,101119587321,22号线旁八里庄西里电梯直达南北通透,285万,67632元/平,高楼层 (共21层) | 1987年 | 1室1厅 | 42.14平米 | 南 北,https://ke-image.ljcdn.com/110000-inspection/37f8ef2d-72e7-4ba5-8a6e-88915c5409d8_1000.jpg!m_fill,w_280,h_210,f_jpg?from=ke.com
20240806,朝阳,四惠,101119477731,东恒时代二期 全南向两居 楼层好 满五年唯一,890万,92382元/平,高楼层 (共16层) 2室1厅 | 96.34平米 | 南,https://ke-image.ljcdn.com/110000-inspection/e5090191-1e4d-4efb-9991-85b97c535702_1000.jpg!m_fill,w_280,h_210,f_jpg?from=ke.com
20240806,朝阳,四惠,101119309841,东四环慈云寺高档小区凯德锦绣 南北通透四居室,1500万,96781元/平,中楼层 (共20层) | 2011年 | 4室2厅 | 154.99平米 | 南 北,https://ke-image.ljcdn.com/110000-inspection/dc2b4384-cc56-4039-8ce9-6fd82937c436_1000.jpg!m_fill,w_280,h_210,f_jpg?from=ke.com
20240806,朝阳,四惠,101119301686,甄选好房 满五年唯一诚意出售东南向无遮挡房主自荐,1120万,85178元/平,低楼层 (共14层) 3室2厅 | 131.49平米 | 东南,https://ke-image.ljcdn.com/110000-inspection/d0351042-5159-46ba-aa93-cd0a5bedb65f_1000.jpg!m_fill,w_280,h_210,f_jpg?from=ke.com
20240806,朝阳,四惠,101119283759,凯德锦绣精装南向开间 诚意卖看房提前预约,599万,92282元/平,高楼层 (共20层) | 2011年 | 1室0厅 | 64.91平米 | 南,https://ke-image.ljcdn.com/110000-inspection/75525d52-5dae-4bc8-9d34-9743db375151_1000.jpg!m_fill,w_280,h_210,f_jpg?from=ke.com
20240806,朝阳,四惠,101119185989,凯德锦绣高楼层视野好 明厨明卫,1670万,101274元/平,高楼层 (共26层) | 2013年 | 3室2厅 | 164.9平米 | 南 北,https://ke-image.ljcdn.com/110000-inspection/ae1b0cb5-768a-4558-8de9-34e3e8beebed_1000.jpg!m_fill,w_280,h_210,f_jpg?from=ke.com
20240806,朝阳,四惠,101118895299,八里庄东里 东西向两居室 满五年,320万,49930元/平,低楼层 (共6层) 2室1厅 | 64.09平米 | 东 西,https://ke-image.ljcdn.com/110000-inspection/db0101d6-d1c9-482e-8c37-0985cb7a8a1b_1000.jpg!m_fill,w_280,h_210,f_jpg?from=ke.com
20240806,朝阳,四惠,101118873021,通惠家园西向一居无遮挡有钥匙随时可看房,375万,62888元/平,顶层 (共28层) | 2001年 | 1室1厅 | 59.63平米 | 西,https://ke-image.ljcdn.com/110000-inspection/pc1_N4utloSa5.jpg!m_fill,w_280,h_210,f_jpg?from=ke.com
20240806,朝阳,四惠,101118724274,凯德锦绣 南北通透两居 对花园 高层观景,1030万,116940元/平,高楼层 (共28层) 2室1厅 | 88.08平米 | 南 北,https://ke-image.ljcdn.com/110000-inspection/74f33134-11d9-48eb-8208-fc711b3b3145_1000.jpg!m_fill,w_280,h_210,f_jpg?from=ke.com
20240806,朝阳,四惠,101118626727,远洋天地高层 精装 落地窗 正对花园 户型方正满5唯一房主自荐,588万,68484元/平,中楼层 (共26层) 1室2厅 | 85.86平米 | 北,https://ke-image.ljcdn.com/110000-inspection/b51f1b7d-91d0-4283-8e03-4b263a2b778a_1000.jpg!m_fill,w_280,h_210,f_jpg?from=ke.com
20240806,朝阳,四惠,101118570075,京棉新城二厂09年十里堡地铁东四环四惠商圈,308万,46143元/平,低楼层 (共28层) | 2009年 | 1室1厅 | 66.75平米 | 西南,https://ke-image.ljcdn.com/110000-inspection/5ed61b10-91fb-4b34-9f66-ad5fcdd0afce_1000.jpg!m_fill,w_280,h_210,f_jpg?from=ke.com
20240806,朝阳,四惠,101118170626,八里庄东里北巷 全南两居  采光视野好,340万,61695元/平,高楼层 (共6层) | 1980年 | 2室1厅 | 55.11平米 | 南,https://ke-image.ljcdn.com/110000-inspection/a0e3d1ad-6064-4edc-9142-efc492e39648_1000.jpg!m_fill,w_280,h_210,f_jpg?from=ke.com
20240806,朝阳,四惠,101118080032,八里庄东里  东西两居 满五唯一,308万,51914元/平,中楼层 (共6层) 2室1厅 | 59.33平米 | 东 西,https://ke-image.ljcdn.com/110000-inspection/e7417210-c522-4194-acdd-e7e8265b9b30_1000.jpg!m_fill,w_280,h_210,f_jpg?from=ke.com
20240806,朝阳,四惠,101117655286,八里庄东里南北通透两居室三层满五年看房方便,298万,50381元/平,中楼层 (共6层) 2室1厅 | 59.15平米 | 南 北,https://ke-image.ljcdn.com/110000-inspection/pc1_f9aYwVixs.jpg!m_fill,w_280,h_210,f_jpg?from=ke.com
20240806,朝阳,四惠,101117123784,东四环慈云寺凯德锦绣南向一室一厅,800万,103534元/平,中楼层 (共20层) | 2011年 | 1室1厅 | 77.27平米 | 南,https://ke-image.ljcdn.com/110000-inspection/9c93435b-b040-4937-a91f-e39d6f504715_1000.jpg!m_fill,w_280,h_210,f_jpg?from=ke.com
20240806,朝阳,四惠,101116687684,满五唯一商品房  通惠家园  惠生园  南北三居室,575万,45795元/平,顶层 (共6层) | 2002年 | 3室1厅 | 125.56平米 | 南 西 北,https://ke-image.ljcdn.com/110000-inspection/pc1_HnF1Lpny0_1.jpg!m_fill,w_280,h_210,f_jpg?from=ke.com
20240806,朝阳,四惠,101125887153,京棉新城三厂 2室1厅 东南 北,465万,50309元/平,高楼层 (共28层) | 2015年 | 2室1厅 | 92.43平米 | 东南 北,https://ke-image.ljcdn.com/110000-inspection/50a8675f-ef88-4265-ad09-f3c3002717af_1000.jpg!m_fill,w_280,h_210,f_jpg?from=ke.com
20240806,朝阳,四惠,101125878967,东四环四惠 十里堡09年次新房京棉新城全南精装两居,479万,54426元/平,低楼层 (共28层) | 2015年 | 2室1厅 | 88.01平米 | 南,https://ke-image.ljcdn.com/110000-inspection/a257ce89-e73e-4d5b-9fb1-1baa7c74f7f6_1000.jpg!m_fill,w_280,h_210,f_jpg?from=ke.com
20240806,朝阳,四惠,101125869726,金地名京 东南精装 高层无遮挡 采光棒 小户型新上,510万,87225元/平,中楼层 (共22层) | 2010年 | 1室0厅 | 58.47平米 | 东南,https://ke-image.ljcdn.com/110000-inspection/0063dc4a-2b35-42f7-acf0-3fb97e5bbf4d_1000.jpg!m_fill,w_280,h_210,f_jpg?from=ke.com
20240806,朝阳,四惠,101125845557,东恒时代二期 全新装修大1居南向 带观景飘窗阳台新上,690万,94573元/平,顶层 (共16层) 1室1厅 | 72.96平米 | 东南,https://ke-image.ljcdn.com/110000-inspection/8bac898b-f0e6-4569-94ef-56d00c2bd8e4_1000.jpg!m_fill,w_280,h_210,f_jpg?from=ke.com
20240806,朝阳,四惠,101125845522,东恒时代一期 1室1厅 东 北新上,430万,72722元/平,高楼层 (共30层) | 2003年 | 1室1厅 | 59.13平米 | 东 北,https://ke-image.ljcdn.com/110000-inspection/pc1_mqk3m7oQz_1.jpg!m_fill,w_280,h_210,f_jpg?from=ke.com
20240806,朝阳,四惠,101125842074,金地名京 东西通透 满五年 家庭一套 前后有花园新上,708万,85405元/平,底层 (共9层) 3室1厅 | 82.9平米 | 东 西,https://ke-image.ljcdn.com/110000-inspection/pc1_36L1Uep4H.jpg!m_fill,w_280,h_210,f_jpg?from=ke.com
20240806,朝阳,四惠,101125831342,通惠家园惠生园后排安静小板楼南北通透四居室新上,850万,58637元/平,中楼层 (共5层) | 2002年 | 4室1厅 | 144.96平米 | 南 北,https://ke-image.ljcdn.com/110000-inspection/pc1_dwfwYzrWg.jpg!m_fill,w_280,h_210,f_jpg?from=ke.com
20240806,朝阳,四惠,101125823752,东四环 凯德锦绣 品质社区 中间楼层 南北通透两居新上,860万,96316元/平,中楼层 (共20层) | 2011年 | 2室1厅 | 89.29平米 | 南 北,https://ke-image.ljcdn.com/110000-inspection/ca613e82-0cb7-4a98-ac19-4236cf6f0b7a_1000.jpg!m_fill,w_280,h_210,f_jpg?from=ke.com
20240806,朝阳,四惠,101125800930,满五唯一  精装修 高楼层 采光视野好新上,1090万,120937元/平,高楼层 (共11层) | 2009年 | 3室2厅 | 90.13平米 | 南 北,https://ke-image.ljcdn.com/110000-inspection/pc1_UQGKjMxpk.jpg!m_fill,w_280,h_210,f_jpg?from=ke.com
20240806,朝阳,四惠,101125800083,远洋天地二期 3居 观景 安静 满五唯一 视野开阔新上,765万,56333元/平,中楼层 (共30层) | 2002年 | 3室2厅 | 135.8平米 | 南 西 北,https://ke-image.ljcdn.com/110000-inspection/f683208c-0711-4be0-951c-147414c96323_1000.jpg!m_fill,w_280,h_210,f_jpg?from=ke.com
20240806,朝阳,四惠,101125787974,满五唯一商品房高楼层采光好无遮挡新上,420万,46875元/平,中楼层 (共29层) 2室1厅 | 89.6平米 | 西北,https://ke-image.ljcdn.com/110000-inspection/pc1_tyLsBabjR_1.jpg!m_fill,w_280,h_210,f_jpg?from=ke.com
20240806,朝阳,四惠,101125775694,通惠家园小区 后排南北通透 两居 满五唯一新上,580万,54348元/平,低楼层 (共7层) | 2003年 | 2室2厅 | 106.72平米 | 南 北,https://ke-image.ljcdn.com/110000-inspection/pc1_l4EHw7X3A.jpg!m_fill,w_280,h_210,f_jpg?from=ke.com
20240806,朝阳,四惠,101125749021,2012年楼龄3梯6户东南把边两居室新上,450万,54480元/平,低楼层 (共34层) 2室1厅 | 82.6平米 | 东南,https://ke-image.ljcdn.com/110000-inspection/1529c3d5-1c92-4a09-825e-f97cd3daae1a_1000.jpg!m_fill,w_280,h_210,f_jpg?from=ke.com
20240806,朝阳,四惠,101125747979,地铁22号线慈云寺桥站1998年电梯房满五年唯一新上,345万,46459元/平,高楼层 (共21层) | 1998年 | 2室1厅 | 74.26平米 | 西南,https://ke-image.ljcdn.com/110000-inspection/eacdd045-901d-4ca7-82ae-c919d328158b_1000.jpg!m_fill,w_280,h_210,f_jpg?from=ke.com
20240806,朝阳,四惠,101125737702,远洋天地一期板楼东西通透两居室满五唯一精装修。新上,478万,74981元/平,中楼层 (共9层) 2室1厅 | 63.75平米 | 东 西,https://ke-image.ljcdn.com/110000-inspection/pc1_dCheXWZzV_1.jpg!m_fill,w_280,h_210,f_jpg?from=ke.com
20240806,朝阳,四惠,101125730190,晨曦园新增两居室 满五年唯一住房精装修诚意售,450万,52669元/平,底层 (共28层) 2室1厅 | 85.44平米 | 北,https://ke-image.ljcdn.com/110000-inspection/16e781b1-4f34-45b9-a133-8dc2d45ea1f6_1000.jpg!m_fill,w_280,h_210,f_jpg?from=ke.com
20240806,朝阳,四惠,101125687090,晨曦园商品房东南三居精装修满五唯一只求一谈房主自荐,648万,52877元/平,低楼层 (共28层) 3室1厅 | 122.55平米 | 东南,https://ke-image.ljcdn.com/110000-inspection/pc1_OY3E99vkw.jpg!m_fill,w_280,h_210,f_jpg?from=ke.com
20240806,朝阳,四惠,101125674551,满五年唯一 格局方正没有遮挡 诚意出售房主自荐,950万,60800元/平,高楼层 (共16层) | 2004年 | 3室1厅 | 156.25平米 | 南,https://ke-image.ljcdn.com/110000-inspection/70d9dbb1-8263-4fec-b1a2-cadbb0f17be1_1000.jpg!m_fill,w_280,h_210,f_jpg?from=ke.com
20240806,朝阳,四惠,101125673300,地铁22号线慈云寺桥站东向2居室无遮挡采光好,490万,59044元/平,底层 (共28层) | 2011年 | 2室1厅 | 82.99平米 | 东南,https://ke-image.ljcdn.com/110000-inspection/153f1f7a-5d0e-4303-b271-011481de218d_1000.jpg!m_fill,w_280,h_210,f_jpg?from=ke.com
20240806,朝阳,四惠,101125673244,地铁6号线十里堡站无遮挡视野好带电梯带客厅2居房主自荐,429万,47998元/平,低楼层 (共28层) | 2009年 | 2室1厅 | 89.38平米 | 东南 北,https://ke-image.ljcdn.com/110000-inspection/b7c64464-5b4f-4c62-805e-30c7c366c5d0_1000.jpg!m_fill,w_280,h_210,f_jpg?from=ke.com
20240806,朝阳,四惠,101125670260,惠泽园 南北通透 全明格局 不临街 板楼带电梯,674万,65821元/平,高楼层 (共9层) 2室2厅 | 102.4平米 | 南 北,https://ke-image.ljcdn.com/110000-inspection/4e08315c-8460-4f8e-ad18-0bfd1a477dfe_1000.jpg!m_fill,w_280,h_210,f_jpg?from=ke.com
20240806,朝阳,四惠,101125662992,远洋天地三期正对花园大一居室业主急售,468万,57885元/平,低楼层 (共16层) 1室1厅 | 80.85平米 | 北,https://ke-image.ljcdn.com/110000-inspection/4fd48b8b-3345-42ba-b824-06415a01b9cf_1000.jpg!m_fill,w_280,h_210,f_jpg?from=ke.com
20240806,朝阳,四惠,101125659503,精选！双厅全南；满五唯一无抵押；钥匙随时签约,790万,82070元/平,中楼层 (共16层) | 2006年 | 2室2厅 | 96.26平米 | 南,https://ke-image.ljcdn.com/110000-inspection/38bb8fbb-dff3-4fee-b9b5-6266794d6bf9_1000.jpg!m_fill,w_280,h_210,f_jpg?from=ke.com
20240806,朝阳,四惠,101125631633,远洋天地一期小洋一梯两户全明格局南北通透满5年唯一,865万,64433元/平,高楼层 (共9层) 3室2厅 | 134.25平米 | 南 北,https://ke-image.ljcdn.com/110000-inspection/3d3ffe52-6ab8-48b8-ab56-624e11c0e333_1000.jpg!m_fill,w_280,h_210,f_jpg?from=ke.com
20240806,朝阳,四惠,101125629829,东恒时代三期 1室1厅 南,393万,63552元/平,低楼层 (共12层) 1室1厅 | 61.84平米 | 南,https://ke-image.ljcdn.com/110000-inspection/pc1_5wI9lihkZ.jpg!m_fill,w_280,h_210,f_jpg?from=ke.com
20240806,朝阳,四惠,101125616415,新增东恒一期东南3居仅契税共30套安静观景花园,910万,63739元/平,低楼层 (共32层) | 2003年 | 3室2厅 | 142.77平米 | 东南,https://ke-image.ljcdn.com/110000-inspection/524daeba-a17c-49ea-843c-f32a7931ad11_1000.jpg!m_fill,w_280,h_210,f_jpg?from=ke.com
20240806,朝阳,四惠,101125606555,东恒时代二期 高层后排南向一居室满五年唯一拎包,620万,84631元/平,高楼层 (共21层) 1室1厅 | 73.26平米 | 南,https://ke-image.ljcdn.com/110000-inspection/f3aa8ffd-581c-4254-9e47-a9985c0cd24b_1000.jpg!m_fill,w_280,h_210,f_jpg?from=ke.com
20240806,朝阳,四惠,101125602573,商品房后排安静双卧室分开对花园,430万,49775元/平,中楼层 (共28层) | 2001年 | 2室1厅 | 86.39平米 | 西南,https://ke-image.ljcdn.com/110000-inspection/a5c724c1-4bc0-478d-afbe-66a7663404ee_1000.jpg!m_fill,w_280,h_210,f_jpg?from=ke.com
20240806,朝阳,四惠,101125597504,满五年唯一 高楼层无遮挡 正对小区花园美景尽收眼底,420万,56635元/平,高楼层 (共9层) | 2006年 | 2室1厅 | 74.16平米 | 东,https://ke-image.ljcdn.com/110000-inspection/a9817f1f-1d4b-407c-afe8-4095f7c6c515_1000.jpg!m_fill,w_280,h_210,f_jpg?from=ke.com
20240806,朝阳,四惠,101125587900,东北四环慈云寺晨曦园 配套完善 晨曦园大三居,688万,44859元/平,中楼层 (共28层) | 2000年 | 3室2厅 | 153.37平米 | 西南 北,https://ke-image.ljcdn.com/110000-inspection/51cb7584-3e74-45e6-a067-020e6d108fd0_1000.jpg!m_fill,w_280,h_210,f_jpg?from=ke.com
20240806,朝阳,四惠,101125565202,四惠地铁站精装修两居室安静好楼层房主自荐,409万,56251元/平,中楼层 (共24层) 2室1厅 | 72.71平米 | 东南,https://ke-image.ljcdn.com/110000-inspection/a92f992b-2552-42dc-b760-62aea9301641_1000.jpg!m_fill,w_280,h_210,f_jpg?from=ke.com
20240806,朝阳,四惠,101125547552,每天能看到日落的房子+经典田字格户型+有车位近地铁,708万,68912元/平,高楼层 (共27层) 2室1厅 | 102.74平米 | 南 西,https://ke-image.ljcdn.com/110000-inspection/2cc62a16-7f8d-4c3f-bea6-9750858cf486_1000.jpg!m_fill,w_280,h_210,f_jpg?from=ke.com
20240806,朝阳,四惠,101125541996,京棉新城三厂东南两居室满五年业主诚意出售此房,570万,58673元/平,低楼层 (共28层) | 2015年 | 2室1厅 | 97.15平米 | 东南,https://ke-image.ljcdn.com/110000-inspection/ec2880a8-777f-4903-8cae-66b3403831b4_1000.jpg!m_fill,w_280,h_210,f_jpg?from=ke.com
20240806,朝阳,四惠,101125528979,CBD东6号线地铁十里堡站 京棉新城高层次新房两居房主自荐,425万,52600元/平,中楼层 (共28层) | 2009年 | 2室1厅 | 80.8平米 | 东南,https://ke-image.ljcdn.com/110000-inspection/30011e6d-422c-4cea-b54b-178bc4164d94_1000.jpg!m_fill,w_280,h_210,f_jpg?from=ke.com
20240806,朝阳,四惠,101125510674,满五唯一商品房  对小区  交通方便,418万,48335元/平,低楼层 (共28层) | 2001年 | 2室1厅 | 86.48平米 | 东南,https://ke-image.ljcdn.com/110000-inspection/pc1_1ljiCaZsR.jpg!m_fill,w_280,h_210,f_jpg?from=ke.com
20240806,朝阳,四惠,101125509499,一层可养花；错层功能分区；满五唯一；随时签约；,1150万,90709元/平,底层 (共16层) 3室2厅 | 126.78平米 | 南 北,https://ke-image.ljcdn.com/110000-inspection/1cd5b217-27dd-46d2-a773-fc04a9371903_1000.jpg!m_fill,w_280,h_210,f_jpg?from=ke.com
20240806,朝阳,四惠,101125508516,东恒时代三期眼镜户型2居高楼层卫生间有窗户,648万,71993元/平,高楼层 (共27层) 2室1厅 | 90.01平米 | 东北,https://ke-image.ljcdn.com/110000-inspection/975ed1fd-4a4f-4991-b79c-3b7948b64981_1000.jpg!m_fill,w_280,h_210,f_jpg?from=ke.com
20240806,朝阳,四惠,101125505769,晨曦园南向一居楼层高视野好没有遮挡,395万,52843元/平,高楼层 (共24层) | 2003年 | 1室1厅 | 74.75平米 | 南,https://ke-image.ljcdn.com/110000-inspection/pc1_mU8OJUrXY.jpg!m_fill,w_280,h_210,f_jpg?from=ke.com
20240806,朝阳,四惠,101125505288,通惠家园 南北通透 精装修 三居室,575万,54482元/平,低楼层 (共28层) | 2001年 | 3室1厅 | 105.54平米 | 北 南,https://ke-image.ljcdn.com/110000-inspection/pc1_DUj0jD8xU_1.jpg!m_fill,w_280,h_210,f_jpg?from=ke.com
20240806,朝阳,四惠,101125488059,爱这城全南向双卫两居 落地阳台 满五年唯一,698万,63237元/平,中楼层 (共18层) | 2006年 | 2室1厅 | 110.38平米 | 南,https://ke-image.ljcdn.com/110000-inspection/d92e0f86-9ac7-426d-a440-9339e5deff16_1000.jpg!m_fill,w_280,h_210,f_jpg?from=ke.com
20240806,朝阳,四惠,101125481811,远洋天地三期 3室1厅 南 北,980万,63832元/平,中楼层 (共17层) | 2004年 | 3室1厅 | 153.53平米 | 南 北,https://ke-image.ljcdn.com/110000-inspection/fafa4f51-ef7c-420a-bcae-883fa4140874_1000.jpg!m_fill,w_280,h_210,f_jpg?from=ke.com
20240806,朝阳,四惠,101125476358,远洋天地二期精装修西向两居室满五唯一。,469万,56269元/平,低楼层 (共26层) | 2003年 | 2室1厅 | 83.35平米 | 西,https://ke-image.ljcdn.com/110000-inspection/e36c0864-2713-48e1-8f6b-fcb99037fc20_1000.jpg!m_fill,w_280,h_210,f_jpg?from=ke.com
20240806,朝阳,四惠,101125456213,东恒时代二期 2室1厅 南 北,900万,92679元/平,低楼层 (共16层) | 2006年 | 2室1厅 | 97.11平米 | 南 北,https://ke-image.ljcdn.com/110000-inspection/b61c02b4-1bbd-48fe-9474-70dab672383b_1000.jpg!m_fill,w_280,h_210,f_jpg?from=ke.com
20240806,朝阳,四惠,101125454974,满五唯一商品房东南两居大客厅和阳台采光景观好房主自荐,415万,51772元/平,低楼层 (共28层) | 2001年 | 2室1厅 | 80.16平米 | 东南,https://ke-image.ljcdn.com/110000-inspection/7391e2eb-8b2c-435f-8e52-16b1a996c7c1_1000.jpg!m_fill,w_280,h_210,f_jpg?from=ke.com
20240806,朝阳,四惠,101125454808,东南两居室 边户无遮挡 看房有钥匙 满五年一商品房,440万,50932元/平,高楼层 (共28层) | 2001年 | 2室1厅 | 86.39平米 | 东南,https://ke-image.ljcdn.com/110000-inspection/21a00b15-0728-45bd-8f66-d8e66b0ebef6_1000.jpg!m_fill,w_280,h_210,f_jpg?from=ke.com
20240806,朝阳,四惠,101125454536,远洋天地三期 西南大两居 百万精装修满五年唯一,870万,66965元/平,低楼层 (共24层) | 2004年 | 2室1厅 | 129.92平米 | 西南,https://ke-image.ljcdn.com/110000-inspection/pc1_bIR8Vd0uU.jpg!m_fill,w_280,h_210,f_jpg?from=ke.com
20240806,朝阳,四惠,101125452216,四惠双地铁远洋天地三期满5年唯一首套购房1%契税,470万,58162元/平,低楼层 (共24层) | 2004年 | 1室2厅 | 80.81平米 | 东北,https://ke-image.ljcdn.com/110000-inspection/pc1_arIWFOfBh.jpg!m_fill,w_280,h_210,f_jpg?from=ke.com
20240806,朝阳,四惠,101125437254,远洋天地一期 一层标准挑高复式  南北两个花园,1460万,69854元/平,底层 (共14层) 4室1厅 | 209.01平米 | 南 北,https://ke-image.ljcdn.com/110000-inspection/beeafeeb-0cf5-4990-9e60-2ef935d42d3c_1000.jpg!m_fill,w_280,h_210,f_jpg?from=ke.com
20240806,朝阳,四惠,101125437182,远洋天地二期 高层 大一居 落地窗  视野开阔,480万,55912元/平,高楼层 (共26层) | 2003年 | 1室2厅 | 85.85平米 | 北,https://ke-image.ljcdn.com/110000-inspection/3888dd34-7523-41d0-8099-e952d9793c69_1000.jpg!m_fill,w_280,h_210,f_jpg?from=ke.com
20240806,朝阳,四惠,101125437105,西南三居 客厅卧室全落地窗 明厨明卫满五年唯一,860万,62094元/平,低楼层 (共30层) | 2002年 | 3室2厅 | 138.5平米 | 西南,https://ke-image.ljcdn.com/110000-inspection/pc1_aGRkzHBOX.jpg!m_fill,w_280,h_210,f_jpg?from=ke.com
20240806,朝阳,四惠,101125426951,一梯两户 大三居 客厅圆弧窗 远洋天地一期,930万,60492元/平,中楼层 (共9层) 3室1厅 | 153.74平米 | 东 南 西,https://ke-image.ljcdn.com/110000-inspection/1c6b7772-fb84-4da4-b0c7-c2a9e23a69ad_1000.jpg!m_fill,w_280,h_210,f_jpg?from=ke.com
20240806,朝阳,四惠,101125426695,远洋天地二期西向视野好没有遮挡,720万,61925元/平,中楼层 (共30层) | 2002年 | 2室1厅 | 116.27平米 | 西南,https://ke-image.ljcdn.com/110000-inspection/pc1_ZSHxqdSWI.jpg!m_fill,w_280,h_210,f_jpg?from=ke.com
20240806,朝阳,四惠,101125426599,近国贸 双地铁 东向 远洋天地二期,650万,77994元/平,低楼层 (共26层) | 2003年 | 2室1厅 | 83.34平米 | 东,https://ke-image.ljcdn.com/110000-inspection/c745811b-177a-4973-abea-9903dc845f1d_1000.jpg!m_fill,w_280,h_210,f_jpg?from=ke.com
20240806,朝阳,四惠,101125420795,格局方正+卫生间干湿分离+南向大窗户+等于满五年,330万,55650元/平,低楼层 (共27层) 1室1厅 | 59.3平米 | 南,https://ke-image.ljcdn.com/110000-inspection/pc1_FxNvhbxMC.jpg!m_fill,w_280,h_210,f_jpg?from=ke.com
20240806,朝阳,四惠,101125412726,远洋天地 西南两居 高层 不临街 视野好 光线充足,789万,65505元/平,中楼层 (共30层) 2室1厅 | 120.45平米 | 西南,https://ke-image.ljcdn.com/110000-inspection/27d67e19-d068-43cd-b3eb-23d8d3b34b1b_1000.jpg!m_fill,w_280,h_210,f_jpg?from=ke.com
20240806,朝阳,四惠,101125412676,远洋天地 1层复式 楼龄新 无遮挡 阳光充足,1390万,59046元/平,底层 (共17层) | 2004年 | 4室2厅 | 235.41平米 | 南,https://ke-image.ljcdn.com/110000-inspection/pc1_sYQM8TBNf_1.jpg!m_fill,w_280,h_210,f_jpg?from=ke.com
20240806,朝阳,四惠,101125384525,新出金地名京高楼层南北通透Loft满五唯一急售房主自荐,760万,98727元/平,高楼层 (共11层) 2室2厅 | 76.98平米 | 南 北,https://ke-image.ljcdn.com/110000-inspection/pc1_QVA1UEO3z_1.jpg!m_fill,w_280,h_210,f_jpg?from=ke.com
20240806,朝阳,四惠,101125382291,满五年唯一 明厨明卫二居室 东西通透 一梯两户,580万,78326元/平,顶层 (共9层) | 2002年 | 2室1厅 | 74.05平米 | 东 西,https://ke-image.ljcdn.com/110000-inspection/17ed9470-4a0a-4cf8-af5a-dec333915dd3_1000.jpg!m_fill,w_280,h_210,f_jpg?from=ke.com
20240806,朝阳,四惠,101125382288,东西通透 视野开阔 无遮挡 满五年唯一 诚意出售,900万,58801元/平,低楼层 (共24层) | 2004年 | 3室2厅 | 153.06平米 | 东 西,https://ke-image.ljcdn.com/110000-inspection/2bfb87e4-7cea-4727-a4b6-96c1f2585a68_1000.jpg!m_fill,w_280,h_210,f_jpg?from=ke.com
20240806,朝阳,四惠,101125382187,金地名京 南北 全明格局 精装修两居 金地物业,820万,106522元/平,中楼层 (共11层) | 2009年 | 2室1厅 | 76.98平米 | 南,https://ke-image.ljcdn.com/110000-inspection/2ef4b607-a2d0-4d1c-9782-55c6bcd01e33_1000.jpg!m_fill,w_280,h_210,f_jpg?from=ke.com
20240806,朝阳,四惠,101125381657,远洋天地三期 2022年精装 西向1居室 不临街,548万,67232元/平,中楼层 (共17层) | 2004年 | 1室1厅 | 81.51平米 | 西,https://ke-image.ljcdn.com/110000-inspection/pc1_mvv6LUPnr.jpg!m_fill,w_280,h_210,f_jpg?from=ke.com
20240806,朝阳,四惠,101125360199,壹线国际精装修无遮挡视野好观国贸满五年唯一,409万,55368元/平,低楼层 (共9层) | 2006年 | 2室1厅 | 73.87平米 | 西,https://ke-image.ljcdn.com/110000-inspection/a772a850-8a1c-493f-9cba-7ed864778512_1000.jpg!m_fill,w_280,h_210,f_jpg?from=ke.com
20240806,朝阳,四惠,101125339039,壹线国际南北通透正规两居板楼带电梯,550万,59409元/平,低楼层 (共9层) | 2008年 | 2室1厅 | 92.58平米 | 南 北,https://ke-image.ljcdn.com/110000-inspection/a0dce68e-f457-4408-8c9b-77daaab885ba_1000.jpg!m_fill,w_280,h_210,f_jpg?from=ke.com
20240806,朝阳,四惠,101125331062,金地名京 精装修三居室 拎包入住 景观好视野好,999万,73150元/平,中楼层 (共20层) 3室1厅 | 136.57平米 | 西南 西北,https://ke-image.ljcdn.com/110000-inspection/8907fa60-bc4e-4a2c-bdef-a5c885673816_1000.jpg!m_fill,w_280,h_210,f_jpg?from=ke.com
20240806,朝阳,四惠,101125318172,通惠家园精装修全明格局  明厨明卫 正对小区花园,450万,50224元/平,低楼层 (共29层) | 2001年 | 2室1厅 | 89.6平米 | 东北,https://ke-image.ljcdn.com/110000-inspection/pc1_4gS1WDc0R.jpg!m_fill,w_280,h_210,f_jpg?from=ke.com
20240806,朝阳,四惠,101125304421,户型通透全明格局楼层好户型方正无浪费面积急,686万,78124元/平,中楼层 (共18层) | 1999年 | 2室1厅 | 87.81平米 | 东 西,https://ke-image.ljcdn.com/110000-inspection/pc1_XitDbp6WF.jpg!m_fill,w_280,h_210,f_jpg?from=ke.com
20240806,朝阳,四惠,101125302742,通惠家园 2室1厅 南 北,499万,57383元/平,中楼层 (共7层) | 2003年 | 2室1厅 | 86.96平米 | 南 北,https://ke-image.ljcdn.com/110000-inspection/pc1_dxkfh18qy.jpg!m_fill,w_280,h_210,f_jpg?from=ke.com
20240806,朝阳,四惠,101125298158,满五年唯一2008年新社区南北通透三居带电梯,570万,54603元/平,低楼层 (共9层) | 2008年 | 3室1厅 | 104.39平米 | 南 北,https://ke-image.ljcdn.com/110000-inspection/ad07cf90-351b-453d-9c3a-8ae67a8b4321_1000.jpg!m_fill,w_280,h_210,f_jpg?from=ke.com
20240806,朝阳,四惠,101125285345,满五唯一单独管理24小时物业楼层高视野好,496万,47270元/平,中楼层 (共28层) | 2000年 | 2室2厅 | 104.93平米 | 北 东北,https://ke-image.ljcdn.com/110000-inspection/244bc450-4b69-4b00-af77-78250aa37aa1_1000.jpg!m_fill,w_280,h_210,f_jpg?from=ke.com
20240806,朝阳,四惠,101125277019,高层 精装 无遮挡 仅契税 看房方便,890万,62588元/平,中楼层 (共32层) 3室2厅 | 142.2平米 | 东南,https://ke-image.ljcdn.com/110000-inspection/2b96d78f-243e-4a5b-b95d-e07fbcd099b3_1000.jpg!m_fill,w_280,h_210,f_jpg?from=ke.com
20240806,朝阳,四惠,101125275574,远洋天地三期 高层直接看中国尊 复式户型 满五唯一房主自荐,1600万,70296元/平,顶层 (共24层) | 2004年 | 4室2厅 | 227.61平米 | 西,https://ke-image.ljcdn.com/110000-inspection/pc1_pkP1yo6UR.jpg!m_fill,w_280,h_210,f_jpg?from=ke.com
20240806,朝阳,四惠,101125195053,八里庄西里 2室1厅 南,249万,47222元/平,底层 (共6层) 2室1厅 | 52.73平米 | 南,https://ke-image.ljcdn.com/110000-inspection/pc1_HY8ce9khd_1.jpg!m_fill,w_280,h_210,f_jpg?from=ke.com
20240806,朝阳,四惠,101125194723,东恒时代一期 1室1厅 东 北,405万,67523元/平,中楼层 (共30层) | 2003年 | 1室1厅 | 59.98平米 | 东 北,https://ke-image.ljcdn.com/110000-inspection/720639fb-f2e0-48d3-8270-f9ab7fb5abdf_1000.jpg!m_fill,w_280,h_210,f_jpg?from=ke.com
20240806,朝阳,四惠,101125189210,通惠家园惠生园后排南北三居室南北通透,600万,55628元/平,底层 (共4层) | 2002年 | 3室1厅 | 107.86平米 | 南 北,https://ke-image.ljcdn.com/110000-inspection/pc1_xmOzJwC1T.jpg!m_fill,w_280,h_210,f_jpg?from=ke.com
20240806,朝阳,四惠,101125189048,爱这城三期 新出东南两居 满五唯一 有车位 方便看,695万,74063元/平,中楼层 (共18层) 2室1厅 | 93.84平米 | 东南,https://ke-image.ljcdn.com/110000-inspection/00302bf0-e680-4c11-966d-b9ade40f95e2_1000.jpg!m_fill,w_280,h_210,f_jpg?from=ke.com
20240806,朝阳,四惠,101125179046,惠泽园 南向两居室 视野好 精装修 满五唯一,530万,67819元/平,高楼层 (共9层) | 2008年 | 2室1厅 | 78.15平米 | 南,https://ke-image.ljcdn.com/110000-inspection/bbf4782f-9a3f-483e-b628-05e44461e100_1000.jpg!m_fill,w_280,h_210,f_jpg?from=ke.com
20240806,朝阳,四惠,101125179021,壹线国际 1室1厅 南,348万,57875元/平,高楼层 (共9层) | 2008年 | 1室1厅 | 60.13平米 | 南,https://ke-image.ljcdn.com/110000-inspection/pc1_PQVTRLaPQ.jpg!m_fill,w_280,h_210,f_jpg?from=ke.com
20240806,朝阳,四惠,101125177078,满五年唯一楼层高视野好业主诚意出售,399万,64428元/平,低楼层 (共27层) | 2008年 | 1室1厅 | 61.93平米 | 西,https://ke-image.ljcdn.com/110000-inspection/6036aa4a-5b00-437a-9c56-06f3211ea6a5_1000.jpg!m_fill,w_280,h_210,f_jpg?from=ke.com
20240806,朝阳,四惠,101125176959,满五唯一 全南向两居室 挑高3.7米 诚意出售,780万,86889元/平,顶层 (共16层) | 2006年 | 2室2厅 | 89.77平米 | 南,https://ke-image.ljcdn.com/110000-inspection/c424d4d0-0993-411d-b43f-d95cd4070944_1000.jpg!m_fill,w_280,h_210,f_jpg?from=ke.com
20240806,朝阳,四惠,101125176259,东恒时代二期 1室1厅 西北,560万,81019元/平,中楼层 (共21层) 1室1厅 | 69.12平米 | 西北,https://ke-image.ljcdn.com/110000-inspection/b22a61eb-9b4d-4781-9e62-f9c9647e2024_1000.jpg!m_fill,w_280,h_210,f_jpg?from=ke.com
20240806,朝阳,四惠,101125176224,东恒时代二期 2室1厅 北 南,870万,89590元/平,中楼层 (共16层) | 2006年 | 2室1厅 | 97.11平米 | 北 南,https://ke-image.ljcdn.com/110000-inspection/e8d33673-904d-4262-9aeb-6beaa16532ce_1000.jpg!m_fill,w_280,h_210,f_jpg?from=ke.com
20240806,朝阳,四惠,101125154985,优推后排双卫南北三居室+满五唯一+安静地采暖,1150万,88619元/平,低楼层 (共12层) | 2009年 | 3室1厅 | 129.77平米 | 南 北,https://ke-image.ljcdn.com/110000-inspection/pc1_28JnY7tzm.jpg!m_fill,w_280,h_210,f_jpg?from=ke.com
20240806,朝阳,四惠,101125154914,满五年唯一有三面采光阳台大面积一居东恒时代三期,388万,54974元/平,低楼层 (共27层) 1室1厅 | 70.58平米 | 西,https://ke-image.ljcdn.com/110000-inspection/ebf79cf4-e735-442f-a8cb-7bc76230cd59_1000.jpg!m_fill,w_280,h_210,f_jpg?from=ke.com
20240806,朝阳,四惠,101125149452,东恒时代三期 1室1厅 西,425万,68626元/平,低楼层 (共27层) | 2008年 | 1室1厅 | 61.93平米 | 西,https://ke-image.ljcdn.com/110000-inspection/pc1_wRjkyJicC_1.jpg!m_fill,w_280,h_210,f_jpg?from=ke.com
20240806,朝阳,四惠,101125149210,东恒时代二期后排一居室满五年唯一,475万,85126元/平,低楼层 (共16层) 1室1厅 | 55.8平米 | 西北,https://ke-image.ljcdn.com/110000-inspection/f7cf5840-fddd-4200-96da-7d13fecded5f_1000.jpg!m_fill,w_280,h_210,f_jpg?from=ke.com
20240806,朝阳,四惠,101125148620,东恒时代高层三居室方正户型诚意出售,885万,65585元/平,高楼层 (共27层) | 2008年 | 3室1厅 | 134.94平米 | 东南,https://ke-image.ljcdn.com/110000-inspection/48f0520d-63ef-4e75-bb9c-3e248c406cdb_1000.jpg!m_fill,w_280,h_210,f_jpg?from=ke.com
20240806,朝阳,四惠,101125144176,复式二居双卫2022年装修满五年唯一观中国房主自荐,528万,55974元/平,中楼层 (共27层) | 2006年 | 2室1厅 | 94.33平米 | 西,https://ke-image.ljcdn.com/110000-inspection/pc1_V7e7HkmJc.jpg!m_fill,w_280,h_210,f_jpg?from=ke.com
20240806,朝阳,四惠,101125099251,通惠家园惠生园上下两层南北通透,638万,40898元/平,高楼层 (共7层) | 2002年 | 3室2厅 | 156平米 | 南 北,https://ke-image.ljcdn.com/110000-inspection/pc1_I0q42lxVj.jpg!m_fill,w_280,h_210,f_jpg?from=ke.com
20240806,朝阳,四惠,101125089540,力源里两居室东南向采光好！,385万,56477元/平,中楼层 (共14层) | 1999年 | 2室1厅 | 68.17平米 | 东南,https://ke-image.ljcdn.com/110000-inspection/82a15aa2-ca90-4ff7-8f86-1ffe14e36577_1000.jpg!m_fill,w_280,h_210,f_jpg?from=ke.com
20240806,朝阳,四惠,101125083302,南北通透安静无遮挡视野好看花园满五唯一房主自荐,480万,55135元/平,中楼层 (共7层) 2室1厅 | 87.06平米 | 南 北,https://ke-image.ljcdn.com/110000-inspection/pc1_YtrFibKtX.jpg!m_fill,w_280,h_210,f_jpg?from=ke.com
20240806,朝阳,四惠,101125082391,次顶层 东南一居 无遮挡 高层视野好,528万,74937元/平,高楼层 (共16层) | 2006年 | 1室1厅 | 70.46平米 | 东南,https://ke-image.ljcdn.com/110000-inspection/pc1_ll2oAgb3T_1.jpg!m_fill,w_280,h_210,f_jpg?from=ke.com
20240806,朝阳,四惠,101125077573,通惠家园高层看国贸满五唯一商品房房主自荐,420万,52396元/平,高楼层 (共28层) | 2001年 | 2室1厅 | 80.16平米 | 西南,https://ke-image.ljcdn.com/110000-inspection/31222aa7-46ab-4fd6-9344-de681adc9e1a_1000.jpg!m_fill,w_280,h_210,f_jpg?from=ke.com
20240806,朝阳,四惠,101125073176,爱这城二期 经典大三居小区后排 无遮挡直观花园,1160万,71166元/平,低楼层 (共18层) | 2008年 | 3室2厅 | 163平米 | 北 南,https://ke-image.ljcdn.com/110000-inspection/680e5cc2-171e-4f83-af92-40bc1b159be3_1000.jpg!m_fill,w_280,h_210,f_jpg?from=ke.com
20240806,朝阳,四惠,101125055059,力源里 高楼层 精装修两居两卫 满五唯一,580万,54399元/平,高楼层 (共14层) 2室1厅 | 106.62平米 | 西南 东北,https://ke-image.ljcdn.com/110000-inspection/813bfd5f-d207-4589-96ef-ce244dbd679d_1000.jpg!m_fill,w_280,h_210,f_jpg?from=ke.com
20240806,朝阳,四惠,101125046580,力源里 西南东北复式两居 满五年家庭一套住房房主自荐,510万,47834元/平,中楼层 (共14层) | 1999年 | 2室1厅 | 106.62平米 | 西南 东北,https://ke-image.ljcdn.com/110000-inspection/f5afff97-cf54-4146-ba3b-d9bbb865e67a_1000.jpg!m_fill,w_280,h_210,f_jpg?from=ke.com
20240806,朝阳,四惠,101124978361,金地名京 精装修三居室 拎包入住 景观好视野好,1000万,74461元/平,高楼层 (共24层) 3室2厅 | 134.3平米 | 西南 西北,https://ke-image.ljcdn.com/110000-inspection/7297a4be-e3d3-4032-bf34-d9d6682585ed_1000.jpg!m_fill,w_280,h_210,f_jpg?from=ke.com
20240806,朝阳,四惠,101124978231,东恒时代一期 高层 景观好 三面采光 视野好,445万,69815元/平,低楼层 (共32层) 1室1厅 | 63.74平米 | 北,https://ke-image.ljcdn.com/110000-inspection/5f8f5d2c-40de-4672-9260-dc436975f584_1000.jpg!m_fill,w_280,h_210,f_jpg?from=ke.com
20240806,朝阳,四惠,101124960578,东四环 慈云寺 东南两居室 户型好 诚意出售,530万,54550元/平,中楼层 (共28层) | 2011年 | 2室1厅 | 97.16平米 | 东南,https://ke-image.ljcdn.com/110000-inspection/962172da-acfa-4dfb-8648-5e79ff8105fe_1000.jpg!m_fill,w_280,h_210,f_jpg?from=ke.com
20240806,朝阳,四惠,101124943690,壹线国际 无遮挡 视野好 精装修 满五唯一商品房,538万,55596元/平,低楼层 (共9层) 2室1厅 | 96.77平米 | 南,https://ke-image.ljcdn.com/110000-inspection/b851eb67-dfae-4cea-9086-b0876d895486_1000.jpg!m_fill,w_280,h_210,f_jpg?from=ke.com
20240806,朝阳,四惠,101124888389,通惠家园 东南向 满五年 商品房房主自荐,419万,48501元/平,低楼层 (共28层) | 2001年 | 2室1厅 | 86.39平米 | 东南,https://ke-image.ljcdn.com/110000-inspection/pc1_amrcAaDhS.jpg!m_fill,w_280,h_210,f_jpg?from=ke.com
20240806,朝阳,四惠,101124872986,远洋天地三期正南大两居急售户型方正,816万,61744元/平,低楼层 (共17层) 2室2厅 | 132.16平米 | 南,https://ke-image.ljcdn.com/110000-inspection/5f5196ce-6ca1-46d7-a124-adc8b5fa70f6_1000.jpg!m_fill,w_280,h_210,f_jpg?from=ke.com
20240806,朝阳,四惠,101124869461,壹线国际 小区后排 落地飘窗 随时可看 满五唯一,428万,57714元/平,高楼层 (共9层) | 2006年 | 2室1厅 | 74.16平米 | 东,https://ke-image.ljcdn.com/110000-inspection/0a05a98e-e0cb-4747-9be4-709243e4f06b_1000.jpg!m_fill,w_280,h_210,f_jpg?from=ke.com
20240806,朝阳,四惠,101124860004,满五年唯一商品房中高楼层视野好无遮挡双卧室朝,450万,52675元/平,中楼层 (共28层) | 2001年 | 2室1厅 | 85.43平米 | 东南,https://ke-image.ljcdn.com/110000-inspection/pc1_6MfWO4QuT.jpg!m_fill,w_280,h_210,f_jpg?from=ke.com
20240806,朝阳,四惠,101124856343,远洋天地二期 5室2厅 东 北,1100万,49869元/平,底层 (共30层) | 2002年 | 5室2厅 | 220.58平米 | 东 北,https://ke-image.ljcdn.com/110000-inspection/2acecb44-91f4-449b-8e7d-3c143f7a25db_1000.jpg!m_fill,w_280,h_210,f_jpg?from=ke.com
20240806,朝阳,四惠,101124849466,八里庄东里 3室1厅 南 北,375万,46596元/平,低楼层 (共6层) | 1985年 | 3室1厅 | 80.48平米 | 南 北,https://ke-image.ljcdn.com/110000-inspection/pc1_L0nmgYPG2.jpg!m_fill,w_280,h_210,f_jpg?from=ke.com
20240806,朝阳,四惠,101124848022,满五唯一商品房双卧互不影响交通方便采光充足,440万,50932元/平,底层 (共28层) 2室1厅 | 86.39平米 | 东南,https://ke-image.ljcdn.com/110000-inspection/63198f78-1c92-4c42-9651-5dd048b65790_1000.jpg!m_fill,w_280,h_210,f_jpg?from=ke.com
20240806,朝阳,四惠,101124842227,满五年唯一高楼层东西通透采光好户型好,580万,64596元/平,顶层 (共18层) 2室1厅 | 89.79平米 | 东 西,https://ke-image.ljcdn.com/110000-inspection/34ddeaf9-47ab-4780-99ee-7631693a9b88_1000.jpg!m_fill,w_280,h_210,f_jpg?from=ke.com
20240806,朝阳,四惠,101124829208,满五年唯一商品房视野好对花园无遮挡双卫房主自荐,619万,56978元/平,低楼层 (共29层) 3室1厅 | 108.64平米 | 西南,https://ke-image.ljcdn.com/110000-inspection/7a00f10b-75de-4b81-8cb4-d6424f199dfb_1000.jpg!m_fill,w_280,h_210,f_jpg?from=ke.com
20240806,朝阳,四惠,101124806456,南北通透视野开阔采光充足配套齐全交通便利,599万,38942元/平,高楼层 (共7层) | 2001年 | 2室2厅 | 153.82平米 | 南 北,https://ke-image.ljcdn.com/110000-inspection/pc1_R4uH7l58X.jpg!m_fill,w_280,h_210,f_jpg?from=ke.com
20240806,朝阳,四惠,101124803793,东恒时代一期 高层 景观好 三面采光 视野好房主自荐,430万,68157元/平,高楼层 (共30层) | 2003年 | 1室1厅 | 63.09平米 | 北,https://ke-image.ljcdn.com/110000-inspection/pc1_E5wudSb9z.jpg!m_fill,w_280,h_210,f_jpg?from=ke.com
20240806,朝阳,四惠,101124754321,金地▪名京西南北三居室随时看诚意卖的好户型,898万,106550元/平,中楼层 (共11层) 3室1厅 | 84.28平米 | 南 西 北,https://ke-image.ljcdn.com/110000-inspection/pc1_eE3rujD7Y.jpg!m_fill,w_280,h_210,f_jpg?from=ke.com
20240806,朝阳,四惠,101124738436,全新精装修西南大一居室+采光足楼层好安静,677万,95906元/平,中楼层 (共16层) | 2006年 | 1室1厅 | 70.59平米 | 西南,https://ke-image.ljcdn.com/110000-inspection/4061f472-9b81-4097-b572-95226ca113ef_1000.jpg!m_fill,w_280,h_210,f_jpg?from=ke.com
20240806,朝阳,四惠,101124735503,远洋国际中心 3室1厅 南 西北,670万,31881元/平,中楼层 (共30层) 3室1厅 | 210.16平米 | 南 西北,https://ke-image.ljcdn.com/110000-inspection/48ad7ba1-ac75-43a6-8d60-f8d9461f74ef_1000.jpg!m_fill,w_280,h_210,f_jpg?from=ke.com
20240806,朝阳,四惠,101124716322,新出凯德锦绣 全南小户型满五年。目前空置。随时看,549万,84579元/平,中楼层 (共20层) | 2011年 | 1室0厅 | 64.91平米 | 南,https://ke-image.ljcdn.com/110000-inspection/37445f29-64a2-4739-8ae9-b8a761b3f7e2_1000.jpg!m_fill,w_280,h_210,f_jpg?from=ke.com
20240806,朝阳,四惠,101124704552,满五年唯一  诚意出售  两梯四户,495万,56091元/平,中楼层 (共28层) | 2017年 | 2室1厅 | 88.25平米 | 南,https://ke-image.ljcdn.com/110000-inspection/8022f6c8-60ad-4438-b26f-85da0e4e3495_1000.jpg!m_fill,w_280,h_210,f_jpg?from=ke.com
20240806,朝阳,四惠,101124690066,爱这城二期 4室2厅 南 北,1380万,67830元/平,低楼层 (共18层) | 2008年 | 4室2厅 | 203.45平米 | 南 北,https://ke-image.ljcdn.com/110000-inspection/e075ea5d-dd1f-457e-8251-fa2d44a27e5d_1000.jpg!m_fill,w_280,h_210,f_jpg?from=ke.com
20240806,朝阳,四惠,101124678883,东四环八里庄西里低东向两居视野开阔看房方便诚意出售,355万,47999元/平,中楼层 (共6层) | 1991年 | 2室1厅 | 73.96平米 | 东南,https://ke-image.ljcdn.com/110000-inspection/0f70ed34-452c-485e-affc-26d9fab1da48_1000.jpg!m_fill,w_280,h_210,f_jpg?from=ke.com
20240806,朝阳,四惠,101124656542,爱这城二期 3室2厅 南 北,1268万,80006元/平,中楼层 (共18层) | 2008年 | 3室2厅 | 158.49平米 | 南 北,https://ke-image.ljcdn.com/110000-inspection/4b731c9e-0dc3-4211-93e5-d3e8c023a18a_1000.jpg!m_fill,w_280,h_210,f_jpg?from=ke.com
20240806,朝阳,四惠,101124643211,远洋天地二期 2室2厅 西南,698万,59935元/平,中楼层 (共30层) | 2002年 | 2室2厅 | 116.46平米 | 西南,https://ke-image.ljcdn.com/110000-inspection/993a42b8-a603-4047-913a-43a276211a5a_1000.jpg!m_fill,w_280,h_210,f_jpg?from=ke.com
20240806,朝阳,四惠,101124627310,东恒南北通透3居！双明卫 超大主卧室~满五唯一,800万,62633元/平,低楼层 (共27层) | 2006年 | 3室1厅 | 127.73平米 | 南 北,https://ke-image.ljcdn.com/110000-inspection/5e332107-f285-491d-85dc-4f1ce9390b06_1000.jpg!m_fill,w_280,h_210,f_jpg?from=ke.com
20240806,朝阳,四惠,101124619124,金地名京 院内南北Loft3+1 满五唯一直通地库房主自荐,930万,111019元/平,低楼层 (共9层) 3室2厅 | 83.77平米 | 南 北 西,https://ke-image.ljcdn.com/110000-inspection/pc1_qgHEF821C.jpg!m_fill,w_280,h_210,f_jpg?from=ke.com
20240806,朝阳,四惠,101124592825,东恒时代一期满五唯一东南三居两卫精装高楼层。,999万,70254元/平,中楼层 (共32层) 3室1厅 | 142.2平米 | 东南,https://ke-image.ljcdn.com/110000-inspection/28374206-43db-4734-b8bb-ef4fca0235df_1000.jpg!m_fill,w_280,h_210,f_jpg?from=ke.com
20240806,朝阳,四惠,101124587754,远洋天地三期 3室2厅 东 南 北,1100万,72589元/平,中楼层 (共8层) 3室2厅 | 151.54平米 | 东 南 北,https://ke-image.ljcdn.com/110000-inspection/5252658d-560f-466d-b217-aaadb606f52f_1000.jpg!m_fill,w_280,h_210,f_jpg?from=ke.com
20240806,朝阳,四惠,101124572794,壹线国际惠泽园南向高楼层中间楼栋安静不临街,320万,62318元/平,顶层 (共9层) | 2008年 | 1室1厅 | 51.35平米 | 南,https://ke-image.ljcdn.com/110000-inspection/pc1_KLCcv6jdd.jpg!m_fill,w_280,h_210,f_jpg?from=ke.com
20240806,朝阳,四惠,101124572387,壹线国际 满五唯一 看房方便  落地飘窗 后排安静,445万,55884元/平,顶层 (共9层) | 2008年 | 1室1厅 | 79.63平米 | 南,https://ke-image.ljcdn.com/110000-inspection/68cb400d-095d-425c-8d31-68176ec26c66_1000.jpg!m_fill,w_280,h_210,f_jpg?from=ke.com
20240806,朝阳,四惠,101124570493,优推后排挑高南向两居+满五唯一安静看水系,875万,93794元/平,顶层 (共16层) 2室1厅 | 93.29平米 | 南,https://ke-image.ljcdn.com/110000-inspection/472e6e21-2116-4cf9-9f1d-b0b535326d25_1000.jpg!m_fill,w_280,h_210,f_jpg?from=ke.com
20240806,朝阳,四惠,101124534837,爱这城二期 满五年唯一 明厨明卫 带储物间诚意出售,750万,69477元/平,低楼层 (共18层) | 2008年 | 2室1厅 | 107.95平米 | 东北,https://ke-image.ljcdn.com/110000-inspection/pc1_WhgnoDRZ4.jpg!m_fill,w_280,h_210,f_jpg?from=ke.com
20240806,朝阳,四惠,101124503211,远洋天地一期 4室1厅 西南,1550万,78545元/平,顶层 (共9层) | 2002年 | 4室1厅 | 197.34平米 | 西南,https://ke-image.ljcdn.com/110000-inspection/pc1_w3G4S2DsQ_1.jpg!m_fill,w_280,h_210,f_jpg?from=ke.com
20240806,朝阳,四惠,101124501236,精装修格局方正满五年唯一业主急售,298万,50034元/平,低楼层 (共28层) | 2001年 | 1室1厅 | 59.56平米 | 西,https://ke-image.ljcdn.com/110000-inspection/08322132-cca0-4feb-b2f4-3eefc93612a7_1000.jpg!m_fill,w_280,h_210,f_jpg?from=ke.com
20240806,朝阳,四惠,101124494779,满五唯一商品房视野好采光好。,465万,61452元/平,底层 (共28层) | 2001年 | 2室1厅 | 75.67平米 | 南,https://ke-image.ljcdn.com/110000-inspection/pc1_lXw5S0Qfs.jpg!m_fill,w_280,h_210,f_jpg?from=ke.com
20240806,朝阳,四惠,101124494629,小区的后排安静没有遮挡视野好精装修满五唯一,339万,56851元/平,中楼层 (共28层) | 2001年 | 1室1厅 | 59.63平米 | 西,https://ke-image.ljcdn.com/110000-inspection/a9c9da13-b717-4ae8-aea0-5b192588e10b_1000.jpg!m_fill,w_280,h_210,f_jpg?from=ke.com
20240806,朝阳,四惠,101124494307,后排 安静 无遮挡满五年唯一商品房,650万,42598元/平,高楼层 (共7层) 3室2厅 | 152.59平米 | 南 北,https://ke-image.ljcdn.com/110000-inspection/pc1_Y8ysYLgmH.jpg!m_fill,w_280,h_210,f_jpg?from=ke.com
20240806,朝阳,四惠,101124493234,满五唯一商品房双卧互不影响交通方便,495万,57299元/平,高楼层 (共28层) | 2001年 | 2室1厅 | 86.39平米 | 西南,https://ke-image.ljcdn.com/110000-inspection/bf5e3bf4-a4b3-4702-9951-af6f8f79a79c_1000.jpg!m_fill,w_280,h_210,f_jpg?from=ke.com
20240806,朝阳,四惠,101124492295,后排安静没有遮挡视野好精装修满五唯一,430万,56841元/平,低楼层 (共28层) | 2001年 | 2室1厅 | 75.65平米 | 南,https://ke-image.ljcdn.com/110000-inspection/e42438d9-e318-4daf-8843-c5bbefd85cb4_1000.jpg!m_fill,w_280,h_210,f_jpg?from=ke.com
20240806,朝阳,四惠,101124474305,满五年唯一 南北通透带大阳台 业主诚意出售随时签约,520万,59273元/平,低楼层 (共7层) | 2001年 | 2室2厅 | 87.73平米 | 南 北,https://ke-image.ljcdn.com/110000-inspection/pc1_nzVvqYQ4T_1.jpg!m_fill,w_280,h_210,f_jpg?from=ke.com
20240806,朝阳,四惠,101124465557,通惠家园南向两居室中间层满五唯一商品房,480万,57568元/平,中楼层 (共28层) | 2001年 | 2室1厅 | 83.38平米 | 西南,https://ke-image.ljcdn.com/110000-inspection/e50c68e9-5dcc-44bf-8254-84fcc2ee3916_1000.jpg!m_fill,w_280,h_210,f_jpg?from=ke.com
20240806,朝阳,四惠,101124461536,金地名京低成本 采光好的带燃气的居住70年的大宅,450万,76832元/平,低楼层 (共22层) | 2010年 | 1室1厅 | 58.57平米 | 东南,https://ke-image.ljcdn.com/110000-inspection/1b3766cc-52f3-46f3-9736-3841935c35a9_1000.jpg!m_fill,w_280,h_210,f_jpg?from=ke.com
20240806,朝阳,四惠,101124461095,远洋天地二期 得房率84% 二次精装房 看小区花园,750万,62267元/平,中楼层 (共30层) 2室2厅 | 120.45平米 | 西南,https://ke-image.ljcdn.com/110000-inspection/0463ab56-5945-458d-9cf7-30f05824eb32_1000.jpg!m_fill,w_280,h_210,f_jpg?from=ke.com
20240806,朝阳,四惠,101124439279,此房满五年唯一落地窗正对小区花园视野开阔,399万,53622元/平,中楼层 (共9层) | 2006年 | 2室1厅 | 74.41平米 | 东,https://ke-image.ljcdn.com/110000-inspection/pc1_NhJrbAMa8.jpg!m_fill,w_280,h_210,f_jpg?from=ke.com
20240806,朝阳,四惠,101124434186,爱这城一期 2室1厅 东南,870万,88424元/平,中楼层 (共18层) | 2006年 | 2室1厅 | 98.39平米 | 东南,https://ke-image.ljcdn.com/110000-inspection/pc1_qy18GDIzX_1.jpg!m_fill,w_280,h_210,f_jpg?from=ke.com
20240806,朝阳,四惠,101124430679,东恒时代二期 车位,55万,16502元/平,地下室 | 2010年 | 1室0厅 | 33.33平米 | 南,https://ke-image.ljcdn.com/110000-inspection/7a9bd957-75b2-4b8b-ae48-e12b35abc2f2_1000.jpg!m_fill,w_280,h_210,f_jpg?from=ke.com
20240806,朝阳,四惠,101124418874,爱这城一期 1室1厅 东,490万,73222元/平,高楼层 (共18层) 1室1厅 | 66.92平米 | 东,https://ke-image.ljcdn.com/110000-inspection/4033e521-f253-4b89-b370-e06cf0b8e6d8_1000.jpg!m_fill,w_280,h_210,f_jpg?from=ke.com
20240806,朝阳,四惠,101124400005,八里庄东里梧桐人家四惠商圈电梯直达,399万,46267元/平,低楼层 (共22层) 2室1厅 | 86.24平米 | 东 东南,https://ke-image.ljcdn.com/110000-inspection/f922c757-bbc8-4e75-8a0a-0f0c52df0287_1000.jpg!m_fill,w_280,h_210,f_jpg?from=ke.com
20240806,朝阳,四惠,101124375521,金地名京南北通透二次装修楼层好位置好诚售,765万,101567元/平,高楼层 (共9层) 2室2厅 | 75.32平米 | 南 北,https://ke-image.ljcdn.com/110000-inspection/d556e73d-6d9f-4801-a3b7-fe184d2d72e0_1000.jpg!m_fill,w_280,h_210,f_jpg?from=ke.com
20240806,朝阳,四惠,101124333201,东四环大三居大阳台格局合理,448万,52021元/平,低楼层 (共21层) | 1987年 | 3室1厅 | 86.12平米 | 西南,https://ke-image.ljcdn.com/110000-inspection/pc1_Be0iRVg5B.jpg!m_fill,w_280,h_210,f_jpg?from=ke.com
20240806,朝阳,四惠,101124324901,金地名京南北LOFT 好采光小区直售 户型方正,750万,97428元/平,低楼层 (共11层) 2室1厅 | 76.98平米 | 南 北,https://ke-image.ljcdn.com/110000-inspection/4f3cc2d6-76c0-4679-bb0d-c0baf3daacab_1000.jpg!m_fill,w_280,h_210,f_jpg?from=ke.com
20240806,朝阳,四惠,101124313830,满五年唯一  对小区内 户型方正 配套成熟,370万,63227元/平,中楼层 (共26层) | 2003年 | 1室0厅 | 58.52平米 | 北,https://ke-image.ljcdn.com/110000-inspection/pc1_BUIiNymIj.jpg!m_fill,w_280,h_210,f_jpg?from=ke.com
20240806,朝阳,四惠,101124313021,通惠家园 3室1厅 西南 北,656万,55500元/平,中楼层 (共28层) | 2001年 | 3室1厅 | 118.2平米 | 西南 北,https://ke-image.ljcdn.com/110000-inspection/pc1_8PhiBrDIp.jpg!m_fill,w_280,h_210,f_jpg?from=ke.com
20240806,朝阳,四惠,101124312830,金地名京 南向观景房 格局方正 采光好 诚意出售,720万,80152元/平,低楼层 (共17层) 2室1厅 | 89.83平米 | 南,https://ke-image.ljcdn.com/110000-inspection/022d9601-fe15-45e2-9680-d3ea6cc89baa_1000.jpg!m_fill,w_280,h_210,f_jpg?from=ke.com
20240806,朝阳,四惠,101124307362,京棉新城二厂地铁6号线十里堡西南两居室商品房,498万,63351元/平,中楼层 (共28层) | 2009年 | 2室1厅 | 78.61平米 | 西南,https://ke-image.ljcdn.com/110000-inspection/ec6d0fd3-7045-43a1-9ea3-62ad8649a9a3_1000.jpg!m_fill,w_280,h_210,f_jpg?from=ke.com
20240806,朝阳,四惠,101124303707,全明格局高楼层视野好无遮挡满五年唯一商品房,435万,48550元/平,高楼层 (共29层) 2室1厅 | 89.6平米 | 东南,https://ke-image.ljcdn.com/110000-inspection/pc1_JKY0B5eUe_1.jpg!m_fill,w_280,h_210,f_jpg?from=ke.com
20240806,朝阳,四惠,101124296418,壹线国际惠润园两居西向无遮挡满五年唯一,380万,51241元/平,低楼层 (共9层) | 2006年 | 2室1厅 | 74.16平米 | 西,https://ke-image.ljcdn.com/110000-inspection/d534608a-d466-413a-ad0b-33ad49faac07_1000.jpg!m_fill,w_280,h_210,f_jpg?from=ke.com
20240806,朝阳,四惠,101124277405,小区后排一居室+满五唯一+安静地采暖,510万,88696元/平,低楼层 (共16层) 1室1厅 | 57.5平米 | 东北,https://ke-image.ljcdn.com/110000-inspection/a84ce11d-23a0-404e-bb7a-625ffc9c1f01_1000.jpg!m_fill,w_280,h_210,f_jpg?from=ke.com
20240806,朝阳,四惠,101124256058,东恒时代一期 高层一居室 满五年唯一,415万,65874元/平,中楼层 (共32层) | 2004年 | 1室1厅 | 63平米 | 北,https://ke-image.ljcdn.com/110000-inspection/pc1_agkIoXdqT.jpg!m_fill,w_280,h_210,f_jpg?from=ke.com
20240806,朝阳,四惠,101124222649,满五年唯一商品房精装修户型方正对小区花园,399万,54154元/平,低楼层 (共9层) | 2006年 | 1室1厅 | 73.68平米 | 东,https://ke-image.ljcdn.com/110000-inspection/pc1_V7ACJdKRg.jpg!m_fill,w_280,h_210,f_jpg?from=ke.com
20240806,朝阳,四惠,101124220500,通惠家园 南北通透 边户四居室,529万,36333元/平,顶层 (共6层) 4室1厅 | 145.6平米 | 南 北,https://ke-image.ljcdn.com/110000-inspection/pc1_UJIfVsHkM.jpg!m_fill,w_280,h_210,f_jpg?from=ke.com
20240806,朝阳,四惠,101124220304,客厅朝南+卧室朝南 两个卫生间 阳光充足 满五唯一,650万,51769元/平,高楼层 (共6层) | 2002年 | 3室2厅 | 125.56平米 | 南 北,https://ke-image.ljcdn.com/110000-inspection/5bf2fb50-4003-4ef9-b5f3-1480c33d4b77_1000.jpg!m_fill,w_280,h_210,f_jpg?from=ke.com
20240806,朝阳,四惠,101124220061,东四环闹中取静品质社区凯德锦绣南北通透中高层两居,1039万,103817元/平,中楼层 (共26层) | 2013年 | 2室1厅 | 100.08平米 | 南 北,https://ke-image.ljcdn.com/110000-inspection/ba070fb4-29ae-444a-8865-bbf5cbbab0ca_1000.jpg!m_fill,w_280,h_210,f_jpg?from=ke.com
20240806,朝阳,四惠,101124177229,八里庄东里 2室1厅 南 北,278万,45860元/平,中楼层 (共6层) | 1987年 | 2室1厅 | 60.62平米 | 南 北,https://ke-image.ljcdn.com/110000-inspection/484fc8c1-ff4c-4196-a556-02e0a3bc9700_1000.jpg!m_fill,w_280,h_210,f_jpg?from=ke.com
20240806,朝阳,四惠,101124158607,金地名京 精装修两居室 拎包入住 景观好视野好 诚意卖,788万,87130元/平,低楼层 (共20层) 2室1厅 | 90.44平米 | 东南,https://ke-image.ljcdn.com/110000-inspection/09fd31bc-2703-4d07-b2aa-f33f1246d8ce_1000.jpg!m_fill,w_280,h_210,f_jpg?from=ke.com
20240806,朝阳,四惠,101124158538,力源里 2室1厅 东南 北,440万,67734元/平,中楼层 (共24层) 2室1厅 | 64.96平米 | 东南 北,https://ke-image.ljcdn.com/110000-inspection/pc1_NBHEcCHFg.jpg!m_fill,w_280,h_210,f_jpg?from=ke.com
20240806,朝阳,四惠,101124134283,南北通透的二装三居实用近地铁金地物业环境好,998万,118415元/平,中楼层 (共11层) 3室1厅 | 84.28平米 | 南 西 北,https://ke-image.ljcdn.com/110000-inspection/dec3f5ab-bd9e-4674-b079-60747418c5fd_1000.jpg!m_fill,w_280,h_210,f_jpg?from=ke.com
20240806,朝阳,四惠,101124131643,金地名京 精装修三居室 拎包入住 景观好视野好 诚意卖,1200万,87868元/平,高楼层 (共20层) 3室1厅 | 136.57平米 | 西南 西北,https://ke-image.ljcdn.com/110000-inspection/921dc005-1e61-4029-b2a7-41306af423f9_1000.jpg!m_fill,w_280,h_210,f_jpg?from=ke.com
20240806,朝阳,四惠,101124129373,爱这城三期 南北两居 安静不临街 户型好 满五唯一,699万,74808元/平,中楼层 (共18层) | 2010年 | 2室1厅 | 93.44平米 | 南 北,https://ke-image.ljcdn.com/110000-inspection/pc1_PGxqYrZjs.jpg!m_fill,w_280,h_210,f_jpg?from=ke.com
20240806,朝阳,四惠,101124083211,远洋天地二期 精装修 拎包入住 直观中国尊夜景房主自荐,2280万,97821元/平,高楼层 (共30层) | 2002年 | 5室2厅 | 233.08平米 | 西南 东北,https://ke-image.ljcdn.com/110000-inspection/9b766d05-828a-4894-9709-63b801f827e5_1000.jpg!m_fill,w_280,h_210,f_jpg?from=ke.com
20240806,朝阳,四惠,101124059670,东恒时代一期 四惠站 南向两居室 改善之选 精装,785万,67158元/平,低楼层 (共32层) 2室1厅 | 116.89平米 | 南,https://ke-image.ljcdn.com/110000-inspection/24342536-e94e-450b-9d3b-f49b6e6c1e6b_1000.jpg!m_fill,w_280,h_210,f_jpg?from=ke.com
20240806,朝阳,四惠,101124054288,凯德锦绣南向开间 价格可谈  看房提前沟通,680万,105133元/平,低楼层 (共28层) | 2013年 | 1室0厅 | 64.68平米 | 南,https://ke-image.ljcdn.com/110000-inspection/826b543a-272a-4fbb-b3a6-70846a9bcb1f_1000.jpg!m_fill,w_280,h_210,f_jpg?from=ke.com
20240806,朝阳,四惠,101124050627,壹线国际惠润园东向无遮挡满五唯一近地铁,359万,49675元/平,底层 (共9层) | 2006年 | 2室1厅 | 72.27平米 | 东,https://ke-image.ljcdn.com/110000-inspection/pc1_153NJtqah.jpg!m_fill,w_280,h_210,f_jpg?from=ke.com
20240806,朝阳,四惠,101124029943,双明卫南北大三居 中高层 全天采光 落地阳台 只有契税,1260万,78378元/平,中楼层 (共18层) | 2008年 | 3室2厅 | 160.76平米 | 南 北,https://ke-image.ljcdn.com/110000-inspection/e318b75d-63a0-4dc2-a567-d26649b8a7de_1000.jpg!m_fill,w_280,h_210,f_jpg?from=ke.com
20240806,朝阳,四惠,101124018660,东恒时代三期 1室0厅 西南,382万,71256元/平,中楼层 (共27层) | 2006年 | 1室0厅 | 53.61平米 | 西南,https://ke-image.ljcdn.com/110000-inspection/pc1_vASuviCKk.jpg!m_fill,w_280,h_210,f_jpg?from=ke.com
20240806,朝阳,四惠,101123987551,后排安静无遮挡 满五唯一商品房 诚意出手随时签约,530万,60878元/平,中楼层 (共7层) | 2002年 | 2室1厅 | 87.06平米 | 南 北,https://ke-image.ljcdn.com/110000-inspection/pc1_rFtoLEhGu.jpg!m_fill,w_280,h_210,f_jpg?from=ke.com
20240806,朝阳,四惠,101123980244,四惠东 一号线 通惠家园 全南精装2居 拎包入住,620万,63169元/平,顶层 (共9层) 2室1厅 | 98.15平米 | 南,https://ke-image.ljcdn.com/110000-inspection/40c74504-403e-46cd-bff7-a34185786241_1000.jpg!m_fill,w_280,h_210,f_jpg?from=ke.com
20240806,朝阳,四惠,101123976267,后排2层大三居 满五年唯一  业主急售,680万,53569元/平,低楼层 (共6层) 3室1厅 | 126.94平米 | 东 南 北,https://ke-image.ljcdn.com/110000-inspection/208c203c-0e3c-4e57-91f8-1244df636e22_1000.jpg!m_fill,w_280,h_210,f_jpg?from=ke.com
20240806,朝阳,四惠,101123960616,东四环凯德锦绣2012年品质社区东向开间诚售视野好,470万,78048元/平,低楼层 (共12层) | 2011年 | 1室2厅 | 60.22平米 | 东,https://ke-image.ljcdn.com/110000-inspection/pc1_GaR0DYnqb.jpg!m_fill,w_280,h_210,f_jpg?from=ke.com
20240806,朝阳,四惠,101123932349,壹线国际惠泽园南向大一居四惠地铁附近,480万,56531元/平,高楼层 (共9层) 1室1厅 | 84.91平米 | 南,https://ke-image.ljcdn.com/110000-inspection/4bd988fb-910c-4d38-90f8-5fd6e0db1e65_1000.jpg!m_fill,w_280,h_210,f_jpg?from=ke.com
20240806,朝阳,四惠,101123931757,壹线国际2006年新社区东南向三居室、带电梯,769万,55770元/平,顶层 (共9层) | 2006年 | 3室1厅 | 137.89平米 | 东南,https://ke-image.ljcdn.com/110000-inspection/845402f5-3d4c-4624-94e6-160917d3e8c9_1000.jpg!m_fill,w_280,h_210,f_jpg?from=ke.com
20240806,朝阳,四惠,101123897604,新上后排南北大平层三居室+满五唯一+看水系花园安静,1200万,87165元/平,低楼层 (共12层) 3室1厅 | 137.67平米 | 南 北,https://ke-image.ljcdn.com/110000-inspection/57aa588a-5ab6-4ecc-a295-4bd4f2ee421b_1000.jpg!m_fill,w_280,h_210,f_jpg?from=ke.com
20240806,朝阳,四惠,101123872528,壹线国际 满五唯一 南北通透 主卧朝南 板楼带电梯,465万,52914元/平,中楼层 (共7层) 2室1厅 | 87.88平米 | 南 北,https://ke-image.ljcdn.com/110000-inspection/pc1_eSr7f9Cvq.jpg!m_fill,w_280,h_210,f_jpg?from=ke.com
20240806,朝阳,四惠,101123862158,满五唯一商品房双卧互不影响交通方便采光充足,450万,52090元/平,低楼层 (共28层) 2室1厅 | 86.39平米 | 东南,https://ke-image.ljcdn.com/110000-inspection/661d3f07-90d1-47f3-8c07-8c55b7d77e51_1000.jpg!m_fill,w_280,h_210,f_jpg?from=ke.com
20240806,朝阳,四惠,101123857577,满五唯一视野开阔交通便利配套设施齐全,385万,54028元/平,顶层 (共9层) | 2008年 | 2室1厅 | 71.26平米 | 东,https://ke-image.ljcdn.com/110000-inspection/cb3e2bf4-f416-41b7-a6f1-cec6f30ef44c_1000.jpg!m_fill,w_280,h_210,f_jpg?from=ke.com
20240806,朝阳,四惠,101123857590,满五唯一商品房南北通透4居2卫楼层高视野好,888万,57540元/平,高楼层 (共9层) | 2006年 | 4室1厅 | 154.33平米 | 南 北,https://ke-image.ljcdn.com/110000-inspection/pc1_SxX3ONION_1.jpg!m_fill,w_280,h_210,f_jpg?from=ke.com
20240806,朝阳,四惠,101123812313,爱这城一期东向一居室装修好拎包入住。,470万,70234元/平,低楼层 (共18层) 1室1厅 | 66.92平米 | 东,https://ke-image.ljcdn.com/110000-inspection/pc1_MDjy9Szdk.jpg!m_fill,w_280,h_210,f_jpg?from=ke.com
20240806,朝阳,四惠,101123808373,壹线国际 南北通透 全明格局 南向正对花园 店长推荐,630万,60167元/平,高楼层 (共9层) | 2008年 | 3室1厅 | 104.71平米 | 南 北,https://ke-image.ljcdn.com/110000-inspection/6a1b0ab4-5145-4716-8ff2-012019c342a6_1000.jpg!m_fill,w_280,h_210,f_jpg?from=ke.com
20240806,朝阳,四惠,101123804381,满五年回迁房大客厅大阳台业主诚意出售,456万,53353元/平,低楼层 (共24层) | 2011年 | 2室1厅 | 85.47平米 | 西南,https://ke-image.ljcdn.com/110000-inspection/7e23df73-1002-4078-85db-25b076dfd0fc_1000.jpg!m_fill,w_280,h_210,f_jpg?from=ke.com
20240806,朝阳,四惠,101123780303,全明格局满五唯一高楼层东西通透看房方便,599万,66490元/平,高楼层 (共18层) 2室1厅 | 90.09平米 | 东 西,https://ke-image.ljcdn.com/110000-inspection/e3bcefcd-49dc-4ea6-99f7-69f241c0465c_1000.jpg!m_fill,w_280,h_210,f_jpg?from=ke.com
20240806,朝阳,四惠,101123758929,满五唯一楼层高视野好采光充足,850万,54397元/平,顶层 (共9层) | 2006年 | 3室1厅 | 156.26平米 | 南 北,https://ke-image.ljcdn.com/110000-inspection/a90ea589-2eff-44f5-a066-74f29515f27c_1000.jpg!m_fill,w_280,h_210,f_jpg?from=ke.com
20240806,朝阳,四惠,101123750260,爱这城高层东向一居室 满五年唯一 双阳台 采光好 急售,510万,76854元/平,高楼层 (共18层) 1室1厅 | 66.36平米 | 东,https://ke-image.ljcdn.com/110000-inspection/pc1_1ARJapgrS.jpg!m_fill,w_280,h_210,f_jpg?from=ke.com
20240806,朝阳,四惠,101123645715,爱这城一层南向一居室私密性好拎包入住,598万,71115元/平,底层 (共9层) 1室1厅 | 84.09平米 | 南,https://ke-image.ljcdn.com/110000-inspection/pc1_kEUrcZKnf.jpg!m_fill,w_280,h_210,f_jpg?from=ke.com
20240806,朝阳,四惠,101123639350,此房满五唯一户型方正落地窗靠谱出售。,670万,46703元/平,低楼层 (共9层) | 2006年 | 3室1厅 | 143.46平米 | 西北,https://ke-image.ljcdn.com/110000-inspection/e526536e-9189-4f40-b328-67ca6569754c_1000.jpg!m_fill,w_280,h_210,f_jpg?from=ke.com
20240806,朝阳,四惠,101123638819,京棉新城三厂  全南一居 采光好,380万,53514元/平,中楼层 (共28层) | 2011年 | 1室1厅 | 71.01平米 | 南,https://ke-image.ljcdn.com/110000-inspection/9f9a0ab7-6809-4e96-a55a-c9aed7513013_1000.jpg!m_fill,w_280,h_210,f_jpg?from=ke.com
20240806,朝阳,四惠,101123638024,凯德锦绣开间 南向大落地窗 视野采光佳,609万,93823元/平,中楼层 (共20层) | 2011年 | 1室0厅 | 64.91平米 | 南,https://ke-image.ljcdn.com/110000-inspection/11f8c9f3-6b83-453b-8cdc-6cf1c3d178f8_1000.jpg!m_fill,w_280,h_210,f_jpg?from=ke.com
20240806,朝阳,四惠,101123631732,总监推荐 精装修 高楼层视野开阔明厨明卫,528万,76389元/平,顶层 (共21层) 1室1厅 | 69.12平米 | 西北,https://ke-image.ljcdn.com/110000-inspection/fa081fd5-6692-4ff6-9e68-bc5833a7eeda_1000.jpg!m_fill,w_280,h_210,f_jpg?from=ke.com
20240806,朝阳,四惠,101123619082,新增高楼层精装LOFT3居  南北通透 满五唯一房主自荐,1050万,124585元/平,中楼层 (共11层) 3室2厅 | 84.28平米 | 东 南 北,https://ke-image.ljcdn.com/110000-inspection/bdac5e5e-3cf4-42a8-885f-3c4897ca5c33_1000.jpg!m_fill,w_280,h_210,f_jpg?from=ke.com
20240806,朝阳,四惠,101123551855,通惠家园惠生园 满五唯一商品房,432万,53846元/平,中楼层 (共22层) 2室1厅 | 80.23平米 | 西南,https://ke-image.ljcdn.com/110000-inspection/46f43316-b576-44d2-955f-b739f1384366_1000.jpg!m_fill,w_280,h_210,f_jpg?from=ke.com
20240806,朝阳,四惠,101123501493,3爱这城三期高层精装2居两梯3户视野好30万精装房主自荐,698万,74845元/平,高楼层 (共18层) 2室1厅 | 93.26平米 | 东南,https://ke-image.ljcdn.com/110000-inspection/e188b505-e81f-4c69-952d-2c71a27dc779_1000.jpg!m_fill,w_280,h_210,f_jpg?from=ke.com
20240806,朝阳,四惠,101123490282,东西环四惠远洋天地一期 满五唯一 9层小板楼 一梯3户,393万,64596元/平,低楼层 (共9层) 1室1厅 | 60.84平米 | 西北,https://ke-image.ljcdn.com/110000-inspection/2917de5d-21d3-4de0-81df-e930d9230967_1000.jpg!m_fill,w_280,h_210,f_jpg?from=ke.com
20240806,朝阳,四惠,101123487248,通惠家园惠生园 后排安静不临街 随时可看房主自荐,478万,54642元/平,中楼层 (共7层) | 2002年 | 2室2厅 | 87.48平米 | 南 北,https://ke-image.ljcdn.com/110000-inspection/9b01731d-78e8-40ba-9071-a1fcef92ea6d_1000.jpg!m_fill,w_280,h_210,f_jpg?from=ke.com
20240806,朝阳,四惠,101123478668,壹线国际 后排小户型 安静舒适 首套刚需 交通方便,245万,61574元/平,底层 (共9层) | 2008年 | 1室0厅 | 39.79平米 | 西,https://ke-image.ljcdn.com/110000-inspection/pc1_7TXm44j1o.jpg!m_fill,w_280,h_210,f_jpg?from=ke.com
20240806,朝阳,四惠,101123430720,高楼层采光好视野好无遮挡满五年唯一,450万,60476元/平,高楼层 (共9层) | 2006年 | 2室1厅 | 74.41平米 | 东,https://ke-image.ljcdn.com/110000-inspection/f9feef54-e399-4c9c-bbcc-be0e32e08145_1000.jpg!m_fill,w_280,h_210,f_jpg?from=ke.com
20240806,朝阳,四惠,101123430597,地铁22号线慈云寺桥站明厨明卫全明格局精装修,545万,58408元/平,中楼层 (共26层) 2室1厅 | 93.31平米 | 东南 北,https://ke-image.ljcdn.com/110000-inspection/2806f381-9fb4-48e0-82a4-be4a8090ee2d_1000.jpg!m_fill,w_280,h_210,f_jpg?from=ke.com
20240806,朝阳,四惠,101123417089,总监推荐！板楼双卫；满五唯一无抵押；随时签约；,660万,57870元/平,低楼层 (共12层) 2室1厅 | 114.05平米 | 南 北,https://ke-image.ljcdn.com/110000-inspection/06a5e819-0cfe-41ea-a58d-3ad63ed22f93_1000.jpg!m_fill,w_280,h_210,f_jpg?from=ke.com
20240806,朝阳,四惠,101123409297,壹线国际惠泽园南北通透高楼层近地铁,700万,58373元/平,高楼层 (共7层) | 2008年 | 3室2厅 | 119.92平米 | 南 北,https://ke-image.ljcdn.com/110000-inspection/13133c34-2da8-4e44-a5d6-eb67b893a017_1000.jpg!m_fill,w_280,h_210,f_jpg?from=ke.com
20240806,朝阳,四惠,101123408736,金地名京 大两居室 格局好 全天采光 诚意出售,850万,70775元/平,低楼层 (共22层) 2室1厅 | 120.1平米 | 东南 西南,https://ke-image.ljcdn.com/110000-inspection/e4c415c3-9fce-46e2-8a12-66789293349f_1000.jpg!m_fill,w_280,h_210,f_jpg?from=ke.com
20240806,朝阳,四惠,101123399946,东向2居后排安静无噪音满五唯一自住精装修的！房主自荐,389万,52897元/平,中楼层 (共9层) | 2006年 | 2室1厅 | 73.54平米 | 东,https://ke-image.ljcdn.com/110000-inspection/5f1d135c-ad99-431a-a996-fa76afb7697b_1000.jpg!m_fill,w_280,h_210,f_jpg?from=ke.com
20240806,朝阳,四惠,101123392475,惠民园 精装一居室   满五唯一商品房,370万,62123元/平,中楼层 (共28层) | 2001年 | 1室1厅 | 59.56平米 | 西,https://ke-image.ljcdn.com/110000-inspection/75ab9942-b937-4da4-a535-ba2165c3d0a7_1000.jpg!m_fill,w_280,h_210,f_jpg?from=ke.com
20240806,朝阳,四惠,101123391709,壹线国际 南北通透 三居两卫 满五年唯一商品房房主自荐,666万,48025元/平,高楼层 (共9层) 3室1厅 | 138.68平米 | 南 北,https://ke-image.ljcdn.com/110000-inspection/6bfdc601-1e88-4465-befe-abd87f34615b_1000.jpg!m_fill,w_280,h_210,f_jpg?from=ke.com
20240806,朝阳,四惠,101123388392,南北通透无遮挡总高九层带电梯,599万,48966元/平,底层 (共9层) | 2004年 | 3室1厅 | 122.33平米 | 南 北,https://ke-image.ljcdn.com/110000-inspection/823484eb-2c64-4358-9103-dce8aaf1360a_1000.jpg!m_fill,w_280,h_210,f_jpg?from=ke.com
20240806,朝阳,四惠,101123387223,东恒时代一期 高层两居室 景观好 三面采光 视野好房主自荐,629万,64560元/平,中楼层 (共32层) 2室1厅 | 97.43平米 | 南,https://ke-image.ljcdn.com/110000-inspection/f40e58d4-fa98-4779-8c71-9945df6067c9_1000.jpg!m_fill,w_280,h_210,f_jpg?from=ke.com
20240806,朝阳,四惠,101123378658,东恒时代一期 高层两居室 景观好 三面采光 视野好房主自荐,685万,67588元/平,中楼层 (共30层) | 2003年 | 2室1厅 | 101.35平米 | 西,https://ke-image.ljcdn.com/110000-inspection/pc1_YeQYSCA9S.jpg!m_fill,w_280,h_210,f_jpg?from=ke.com
20240806,朝阳,四惠,101123367988,金地名京 东西通透loft户型 小区里对花园 业主诚售,705万,85043元/平,低楼层 (共9层) | 2009年 | 2室1厅 | 82.9平米 | 东 西,https://ke-image.ljcdn.com/110000-inspection/pc1_TIr7tyiAg.jpg!m_fill,w_280,h_210,f_jpg?from=ke.com
20240806,朝阳,四惠,101123358906,板楼 全南 中间楼层 一居室 采光好,543万,91894元/平,中楼层 (共20层) 1室1厅 | 59.09平米 | 南,https://ke-image.ljcdn.com/110000-inspection/afc0e952-7a1b-4774-bb78-295b5b444260_1000.jpg!m_fill,w_280,h_210,f_jpg?from=ke.com
20240806,朝阳,四惠,101123354411,满五唯一西南向户型方正中高楼层视野采光好,450万,56138元/平,中楼层 (共28层) | 2001年 | 2室1厅 | 80.16平米 | 西南,https://ke-image.ljcdn.com/110000-inspection/pc1_rmLVgCV5N.jpg!m_fill,w_280,h_210,f_jpg?from=ke.com
20240806,朝阳,四惠,101123343845,满五唯一商品房卧室分离带阳台后排安静双卫,650万,59831元/平,高楼层 (共29层) 3室1厅 | 108.64平米 | 西南,https://ke-image.ljcdn.com/110000-inspection/fcbe6ade-1e6b-4724-9734-6ba9216f4ee0_1000.jpg!m_fill,w_280,h_210,f_jpg?from=ke.com
20240806,朝阳,四惠,101123341719,壹线国际 满五唯一 看房方便 南北通透 后排安静,606万,59088元/平,中楼层 (共9层) 2室1厅 | 102.56平米 | 南 北,https://ke-image.ljcdn.com/110000-inspection/60beca61-d888-4e9b-abc9-7128c52f010b_1000.jpg!m_fill,w_280,h_210,f_jpg?from=ke.com
20240806,朝阳,四惠,101123333970,四惠东 一号线 通惠家园 正规3居 满五唯一商品房,495万,45564元/平,中楼层 (共5层) | 2002年 | 3室1厅 | 108.64平米 | 南 西北,https://ke-image.ljcdn.com/110000-inspection/164d94ef-6848-43df-a473-05740dfa8b3d_1000.jpg!m_fill,w_280,h_210,f_jpg?from=ke.com
20240806,朝阳,四惠,101123333618,四惠 东恒三期 交易成本低 南向精装开间,437万,73694元/平,中楼层 (共27层) 1室0厅 | 59.3平米 | 南,https://ke-image.ljcdn.com/110000-inspection/9ba72f6b-499a-4368-81c6-3bc0c3d1bcd1_1000.jpg!m_fill,w_280,h_210,f_jpg?from=ke.com
20240806,朝阳,四惠,101123332518,壹线国际 满五唯一 不临街 正对小区花园 落地窗,400万,54289元/平,中楼层 (共9层) | 2006年 | 2室1厅 | 73.68平米 | 东,https://ke-image.ljcdn.com/110000-inspection/61f4275c-7ac5-4bdc-9990-28f4b0968d75_1000.jpg!m_fill,w_280,h_210,f_jpg?from=ke.com
20240806,朝阳,四惠,101123294192,一手业主洋房一梯2户高楼层视野好诚意卖,709万,58192元/平,高楼层 (共12层) | 2017年 | 3室2厅 | 121.84平米 | 南 北,https://ke-image.ljcdn.com/110000-inspection/29df228a-a713-4963-976a-84634a80c00f_1000.jpg!m_fill,w_280,h_210,f_jpg?from=ke.com
20240806,朝阳,四惠,101123289335,远洋天地二期 东向一居 自住 保持很好,650万,77742元/平,中楼层 (共26层) | 2003年 | 1室1厅 | 83.61平米 | 东,https://ke-image.ljcdn.com/110000-inspection/d28ecfd6-dfeb-4e40-8dfe-b01eaf582121_1000.jpg!m_fill,w_280,h_210,f_jpg?from=ke.com
20240806,朝阳,四惠,101123280558,东四环品质社区东西通透一居室户型少明卫视野好,649万,90846元/平,顶层 (共24层) | 2011年 | 1室2厅 | 71.44平米 | 东 西,https://ke-image.ljcdn.com/110000-inspection/80d483d6-df15-4009-8928-45f07ba96577_1000.jpg!m_fill,w_280,h_210,f_jpg?from=ke.com
20240806,朝阳,四惠,101123270078,东四环侧四惠商圈22号线旁八里庄东里,280万,49894元/平,底层 (共6层) 2室1厅 | 56.12平米 | 南 北,https://ke-image.ljcdn.com/110000-inspection/d775ea1e-d9df-4839-9efe-35b3d99abb67_1000.jpg!m_fill,w_280,h_210,f_jpg?from=ke.com
20240806,朝阳,四惠,101123256322,金地名京 3室1厅 东南 西北,980万,71759元/平,低楼层 (共20层) 3室1厅 | 136.57平米 | 东南 西北,https://ke-image.ljcdn.com/110000-inspection/9f484892-d18a-48dc-87d3-77e7abc9ab6f_1000.jpg!m_fill,w_280,h_210,f_jpg?from=ke.com
20240806,朝阳,四惠,101123229461,通惠家园 高层无遮挡 西南双南向无遮挡房主自荐,459万,53893元/平,高楼层 (共24层) | 2001年 | 2室1厅 | 85.17平米 | 西南,https://ke-image.ljcdn.com/110000-inspection/pc1_2TNHMxzEp.jpg!m_fill,w_280,h_210,f_jpg?from=ke.com
20240806,朝阳,四惠,101123228322,惠生园 南北通透户型方正格局好后排安静无噪音,560万,52876元/平,中楼层 (共7层) 2室2厅 | 105.91平米 | 南 北,https://ke-image.ljcdn.com/110000-inspection/5f37e210-261b-437e-b5ba-c0932fe2fbac_1000.jpg!m_fill,w_280,h_210,f_jpg?from=ke.com
20240806,朝阳,四惠,101123225750,满五年唯一楼层好安静不吵视野好,415万,56180元/平,中楼层 (共9层) | 2006年 | 2室1厅 | 73.87平米 | 西,https://ke-image.ljcdn.com/110000-inspection/dc6aefa4-9446-4513-9097-1f6b3e10c649_1000.jpg!m_fill,w_280,h_210,f_jpg?from=ke.com
20240806,朝阳,四惠,101123221051,商品房大三居室对小区花园视野好,548万,46292元/平,低楼层 (共22层) | 2001年 | 3室1厅 | 118.38平米 | 东北 南,https://ke-image.ljcdn.com/110000-inspection/f96ccda8-b4fa-48dd-ae94-20377fbb6e08_1000.jpg!m_fill,w_280,h_210,f_jpg?from=ke.com
20240806,朝阳,四惠,101123220028,通惠家园惠生园 精装修 双卫 双窗,738万,53044元/平,顶层 (共9层) 3室1厅 | 139.13平米 | 南 北,https://ke-image.ljcdn.com/110000-inspection/b237d9b0-9971-4032-aa8f-bf38c78ac981_1000.jpg!m_fill,w_280,h_210,f_jpg?from=ke.com
20240806,朝阳,四惠,101123192707,金地▪名京新装四居室 安静 看花园户型方正,998万,112198元/平,低楼层 (共22层) | 2010年 | 4室2厅 | 88.95平米 | 西南 西北,https://ke-image.ljcdn.com/110000-inspection/5d418fe9-b014-4502-82e6-198785f89a9f_1000.jpg!m_fill,w_280,h_210,f_jpg?from=ke.com
20240806,朝阳,四惠,101123163735,边户 满五唯一商品房双卧互不影响交通方便房主自荐,450万,52090元/平,高楼层 (共28层) | 2001年 | 2室1厅 | 86.39平米 | 东南,https://ke-image.ljcdn.com/110000-inspection/pc1_lQiJAjR1Q_1.jpg!m_fill,w_280,h_210,f_jpg?from=ke.com
20240806,朝阳,四惠,101123158844,新上50万精装修南向大一居室+挑高3.7米+安静采光好,660万,96831元/平,顶层 (共21层) | 2010年 | 1室1厅 | 68.16平米 | 南,https://ke-image.ljcdn.com/110000-inspection/641aa950-9e89-499a-83d8-feb753afb596_1000.jpg!m_fill,w_280,h_210,f_jpg?from=ke.com
20240806,朝阳,四惠,101123158582,满五年唯一商品房南北通透中间楼层,575万,66467元/平,中楼层 (共6层) 2室1厅 | 86.51平米 | 南 北,https://ke-image.ljcdn.com/110000-inspection/a7c13785-fd89-4eff-9f8f-4ff1fba1010b_1000.jpg!m_fill,w_280,h_210,f_jpg?from=ke.com
20240806,朝阳,四惠,101123139843,通惠家园 商品房 精装修 格局方正,570万,65601元/平,底层 (共7层) 2室1厅 | 86.89平米 | 南 北,https://ke-image.ljcdn.com/110000-inspection/pc1_fdS8Ymugg.jpg!m_fill,w_280,h_210,f_jpg?from=ke.com
20240806,朝阳,四惠,101123139385,满五唯一 上下两层 视野开阔 独立起居,670万,44175元/平,高楼层 (共7层) 3室2厅 | 151.67平米 | 南 北,https://ke-image.ljcdn.com/110000-inspection/dcb6a734-dec5-45ea-a0b4-5ff74939a277_1000.jpg!m_fill,w_280,h_210,f_jpg?from=ke.com
20240806,朝阳,四惠,101123139194,后排安静无遮挡精装修满五唯一商品房诚意出手随时签约,540万,61680元/平,中楼层 (共7层) 2室2厅 | 87.55平米 | 南 北,https://ke-image.ljcdn.com/110000-inspection/9313cadc-95fc-4454-a833-f246fc94ae49_1000.jpg!m_fill,w_280,h_210,f_jpg?from=ke.com
20240806,朝阳,四惠,101123136008,爱这城一期南向两居 满五年唯一 看房方便 对小区花园,710万,65264元/平,中楼层 (共20层) | 2007年 | 2室1厅 | 108.79平米 | 南,https://ke-image.ljcdn.com/110000-inspection/pc1_ig5FYSiYR.jpg!m_fill,w_280,h_210,f_jpg?from=ke.com
20240806,朝阳,四惠,101123076738,壹线国际满五年唯一精装修业主自住交通便利,305万,55395元/平,低楼层 (共9层) | 2008年 | 1室0厅 | 55.06平米 | 西,https://ke-image.ljcdn.com/110000-inspection/pc1_KZz4YvKh4.jpg!m_fill,w_280,h_210,f_jpg?from=ke.com
20240806,朝阳,四惠,101123064673,地铁22号线在建南北通透双卧朝南两居室,298万,49420元/平,高楼层 (共6层) | 1988年 | 2室1厅 | 60.3平米 | 南 北,https://ke-image.ljcdn.com/110000-inspection/dbbb83e2-63d1-48f1-a479-682b18c04800_1000.jpg!m_fill,w_280,h_210,f_jpg?from=ke.com
20240806,朝阳,四惠,101123032698,通惠家园 南北通透 客厅主卧朝南 户型方正 双卫生间,650万,44339元/平,顶层 (共5层) | 2002年 | 4室1厅 | 146.6平米 | 南 北,https://ke-image.ljcdn.com/110000-inspection/eb09ff8b-809d-450f-8288-098bd42a882e_1000.jpg!m_fill,w_280,h_210,f_jpg?from=ke.com
20240806,朝阳,四惠,101123032673,通惠家园惠润园2006年的房屋中高楼层无遮挡,560万,49401元/平,中楼层 (共9层) | 2006年 | 2室1厅 | 113.36平米 | 南 北,https://ke-image.ljcdn.com/110000-inspection/pc1_nvqbNKtQi.jpg!m_fill,w_280,h_210,f_jpg?from=ke.com
20240806,朝阳,四惠,101123028779,优推东南大两居+满五唯一+客厅南向采光好视野棒无遮挡房主自荐,726万,70699元/平,中楼层 (共27层) 2室1厅 | 102.69平米 | 东南,https://ke-image.ljcdn.com/110000-inspection/90a63e20-1372-4bbe-a1b0-489e77d3f685_1000.jpg!m_fill,w_280,h_210,f_jpg?from=ke.com
20240806,朝阳,四惠,101123027725,壹线国际惠泽园高楼层南北通透近地铁全明格局,690万,67278元/平,高楼层 (共9层) 2室1厅 | 102.56平米 | 南 北,https://ke-image.ljcdn.com/110000-inspection/pc1_wqBBWFQRo_1.jpg!m_fill,w_280,h_210,f_jpg?from=ke.com
20240806,朝阳,四惠,101123024797,满五唯一二次装修好+高层南向双卫复式户型格局方正房主自荐,720万,65230元/平,高楼层 (共18层) | 2006年 | 2室1厅 | 110.38平米 | 南,https://ke-image.ljcdn.com/110000-inspection/pc1_JqbZ1eyyJ_1.jpg!m_fill,w_280,h_210,f_jpg?from=ke.com
20240806,朝阳,四惠,101123020712,壹线国际 满五年唯一 客厅主卧朝南 落地飘窗 无遮挡,830万,60193元/平,高楼层 (共9层) | 2006年 | 3室1厅 | 137.89平米 | 东南,https://ke-image.ljcdn.com/110000-inspection/pc1_LqjxqmeAC.jpg!m_fill,w_280,h_210,f_jpg?from=ke.com
20240806,朝阳,四惠,101123017010,满五年唯一南北通透二居三面采光阳台东恒时代,799万,82278元/平,低楼层 (共16层) | 2006年 | 2室1厅 | 97.11平米 | 南 北,https://ke-image.ljcdn.com/110000-inspection/pc1_TblpaVrzY.jpg!m_fill,w_280,h_210,f_jpg?from=ke.com
20240806,朝阳,四惠,101123000867,满五年唯一落地阳台封闭社区诚意出售看房方便,648万,61650元/平,底层 (共18层) | 2006年 | 2室1厅 | 105.11平米 | 西北,https://ke-image.ljcdn.com/110000-inspection/2d312e1d-b840-4578-95c4-20e3f2c1e271_1000.jpg!m_fill,w_280,h_210,f_jpg?from=ke.com
20240806,朝阳,四惠,101122994438,八里庄东里 2室1厅 南 东 北,268万,43935元/平,顶层 (共6层) | 1985年 | 2室1厅 | 61平米 | 南 东 北,https://ke-image.ljcdn.com/110000-inspection/eaef5c4e-66aa-4712-8fcb-860ee28f33f1_1000.jpg!m_fill,w_280,h_210,f_jpg?from=ke.com
20240806,朝阳,四惠,101122991376,东四环全南三居室品质小区13年楼龄园林水系,988万,80719元/平,底层 (共26层) | 2013年 | 3室1厅 | 122.4平米 | 南,https://ke-image.ljcdn.com/110000-inspection/pc1_W4NJRzTMR_1.jpg!m_fill,w_280,h_210,f_jpg?from=ke.com
20240806,朝阳,四惠,101122991336,通惠家园 四惠东地铁 南北通透两居室,519万,48601元/平,顶层 (共6层) 2室2厅 | 106.79平米 | 南 北,https://ke-image.ljcdn.com/110000-inspection/090a7919-dc10-4fe3-b096-929dc501913f_1000.jpg!m_fill,w_280,h_210,f_jpg?from=ke.com
20240806,朝阳,四惠,101122990446,东四环大三居精装修楼龄新园林水系可贷689万,1200万,88745元/平,低楼层 (共24层) | 2011年 | 3室2厅 | 135.22平米 | 东南,https://ke-image.ljcdn.com/110000-inspection/0762c415-1331-4c7c-8970-afbde26173a3_1000.jpg!m_fill,w_280,h_210,f_jpg?from=ke.com
20240806,朝阳,四惠,101122982496,远洋天地一期 1室1厅 西北房主自荐,420万,69849元/平,中楼层 (共9层) | 2002年 | 1室1厅 | 60.13平米 | 西北,https://ke-image.ljcdn.com/110000-inspection/pc1_TkFbD1uIB_1.jpg!m_fill,w_280,h_210,f_jpg?from=ke.com
20240806,朝阳,四惠,101122974447,晨曦园东北三居明厨明卫双卫视野好无遮挡,695万,50819元/平,中楼层 (共28层) 3室2厅 | 136.76平米 | 东 西 北,https://ke-image.ljcdn.com/110000-inspection/fa911611-c2ab-4929-b96c-d8237b1ce5a6_1000.jpg!m_fill,w_280,h_210,f_jpg?from=ke.com
20240806,朝阳,四惠,101122967982,远洋天地一期 上下两层复式 二次装修保持好房主自荐,1020万,75893元/平,高楼层 (共14层) 3室1厅 | 134.4平米 | 南 北 西北,https://ke-image.ljcdn.com/110000-inspection/pc1_p8txYrZ60.jpg!m_fill,w_280,h_210,f_jpg?from=ke.com
20240806,朝阳,四惠,101122966125,此房满五唯一南北通透格局户型方正落地窗,570万,50283元/平,底层 (共9层) | 2006年 | 2室1厅 | 113.36平米 | 南 北,https://ke-image.ljcdn.com/110000-inspection/pc1_bzSvY6Mla_1.jpg!m_fill,w_280,h_210,f_jpg?from=ke.com
20240806,朝阳,四惠,101122962927,配套齐全 满五唯一 物业管理好 看红领巾公园,555万,52893元/平,高楼层 (共28层) 2室2厅 | 104.93平米 | 北 东北 西北,https://ke-image.ljcdn.com/110000-inspection/pc1_6CluG77zT.jpg!m_fill,w_280,h_210,f_jpg?from=ke.com
20240806,朝阳,四惠,101122888806,CBD八里庄西里电梯房三居室户型通透明厨明卫满五唯一,448万,54133元/平,中楼层 (共21层) | 1987年 | 3室1厅 | 82.76平米 | 西南 北,https://ke-image.ljcdn.com/110000-inspection/081ed34b-364d-4903-91e8-69ee39802f86_1000.jpg!m_fill,w_280,h_210,f_jpg?from=ke.com
20240806,朝阳,四惠,101122885894,满五年唯一 高层视野开阔 三室两卫 采光充足房主自荐,610万,56149元/平,中楼层 (共29层) 3室1厅 | 108.64平米 | 西南,https://ke-image.ljcdn.com/110000-inspection/7dcecf6b-aab4-4712-a097-e0f3ea098b2d_1000.jpg!m_fill,w_280,h_210,f_jpg?from=ke.com
20240806,朝阳,四惠,101122882839,东恒时代三期 2室1厅 西南,685万,63983元/平,底层 (共27层) | 2008年 | 2室1厅 | 107.06平米 | 西南,https://ke-image.ljcdn.com/110000-inspection/pc1_D1u1cDyEl_1.jpg!m_fill,w_280,h_210,f_jpg?from=ke.com
20240806,朝阳,四惠,101122881831,商品房 南北通透 精装修 满五年,579万,54861元/平,低楼层 (共28层) | 2001年 | 3室1厅 | 105.54平米 | 南 北 东,https://ke-image.ljcdn.com/110000-inspection/be938c36-8dc2-48e2-840d-d00eddc546c7_1000.jpg!m_fill,w_280,h_210,f_jpg?from=ke.com
20240806,朝阳,四惠,101122881287,满五唯一商品房双卧室分离带阳台后排位置安静房主自荐,429万,56634元/平,低楼层 (共28层) | 2001年 | 2室1厅 | 75.75平米 | 西南,https://ke-image.ljcdn.com/110000-inspection/781a30ad-ebe2-46cf-8870-5a58f9b8231a_1000.jpg!m_fill,w_280,h_210,f_jpg?from=ke.com
20240806,朝阳,四惠,101122881080,爱这城一期精装大两居 落地阳台 满五年唯一 诚意出售,640万,61011元/平,底层 (共18层) | 2007年 | 2室2厅 | 104.9平米 | 西 北,https://ke-image.ljcdn.com/110000-inspection/pc1_x3aPl0LzZ.jpg!m_fill,w_280,h_210,f_jpg?from=ke.com
20240806,朝阳,四惠,101122843191,满五年唯一 视野开阔三居室 落地窗房主自荐,868万,62555元/平,顶层 (共30层) 3室2厅 | 138.76平米 | 东南,https://ke-image.ljcdn.com/110000-inspection/404da3bc-bb4c-4a90-a61a-58a7428d90e5_1000.jpg!m_fill,w_280,h_210,f_jpg?from=ke.com
20240806,朝阳,四惠,101122831254,金地名京 东西通透精装两居 视野景观好 好房子 诚意卖,720万,96257元/平,中楼层 (共6层) 2室1厅 | 74.8平米 | 东 西,https://ke-image.ljcdn.com/110000-inspection/18becf2e-3be8-4f03-8f44-3e4735a9293b_1000.jpg!m_fill,w_280,h_210,f_jpg?from=ke.com
20240806,朝阳,四惠,101122828101,东恒时代一期 西南向精装三居 满五年家庭一套视野开阔房主自荐,950万,67243元/平,高楼层 (共32层) | 2004年 | 3室1厅 | 141.28平米 | 西南,https://ke-image.ljcdn.com/110000-inspection/ae7e86ca-43e4-4dc8-a29f-4996644ac434_1000.jpg!m_fill,w_280,h_210,f_jpg?from=ke.com
20240806,朝阳,四惠,101122813170,凯德锦绣南向两室 后排正对小区花园 高层视野好 可看,925万,104959元/平,顶层 (共26层) | 2013年 | 2室1厅 | 88.13平米 | 南,https://ke-image.ljcdn.com/110000-inspection/2d45812f-5ef9-4466-8b87-f9f7c98e7b33_1000.jpg!m_fill,w_280,h_210,f_jpg?from=ke.com
20240806,朝阳,四惠,101122743127,壹线国际 商品房 无遮挡 视野好 满五年唯一,430万,58282元/平,顶层 (共9层) | 2006年 | 1室1厅 | 73.78平米 | 东,https://ke-image.ljcdn.com/110000-inspection/59d74e9b-119e-47d2-8b43-92d7d5b61fb8_1000.jpg!m_fill,w_280,h_210,f_jpg?from=ke.com
20240806,朝阳,四惠,101122662051,通惠家园惠生园 采光充足无遮挡,560万,52856元/平,底层 (共7层) | 2003年 | 2室2厅 | 105.95平米 | 南 北,https://ke-image.ljcdn.com/110000-inspection/f05b6546-24ba-42ad-8446-f26c7659a889_1000.jpg!m_fill,w_280,h_210,f_jpg?from=ke.com
20240806,朝阳,四惠,101122644556,东四环  通惠家园  惠民园  正规两居室房主自荐,359万,47443元/平,中楼层 (共28层) | 2001年 | 2室1厅 | 75.67平米 | 西,https://ke-image.ljcdn.com/110000-inspection/7524c70e-8827-4ebe-8de5-36b2b5e01ba3_1000.jpg!m_fill,w_280,h_210,f_jpg?from=ke.com
20240806,朝阳,四惠,101122533503,通惠家园惠生园 视野好无遮挡 满五唯一 诚意出售,448万,50674元/平,中楼层 (共7层) | 2002年 | 2室1厅 | 88.41平米 | 南 北,https://ke-image.ljcdn.com/110000-inspection/4361ae0c-f1ef-48d8-81a6-eae2b2335126_1000.jpg!m_fill,w_280,h_210,f_jpg?from=ke.com
20240806,朝阳,四惠,101122529548,力源里 满五年唯一 高楼层 到地铁四惠站450米左右,439万,67581元/平,高楼层 (共24层) | 1996年 | 2室1厅 | 64.96平米 | 西南,https://ke-image.ljcdn.com/110000-inspection/80f969eb-bff2-414a-ac46-706c4d099ed3_1000.jpg!m_fill,w_280,h_210,f_jpg?from=ke.com
20240806,朝阳,四惠,101122479840,满五年家庭名下一套房精装修看房方便南北通透！房主自荐,479万,54600元/平,中楼层 (共7层) | 2001年 | 2室1厅 | 87.73平米 | 南 北,https://ke-image.ljcdn.com/110000-inspection/pc1_tABLeaWkE.jpg!m_fill,w_280,h_210,f_jpg?from=ke.com
20240806,朝阳,四惠,101122268127,满五年唯一商品房 自住精装 诚意出售价格可谈,1050万,75917元/平,顶层 (共28层) 3室2厅 | 138.31平米 | 东南,https://ke-image.ljcdn.com/110000-inspection/pc1_xaCl71jjJ.jpg!m_fill,w_280,h_210,f_jpg?from=ke.com
20240806,朝阳,四惠,101122241766,力源里 3室0厅 西北,570万,62894元/平,底层 (共24层) 3室0厅 | 90.63平米 | 西北,https://ke-image.ljcdn.com/110000-inspection/d145ada0-9e3c-446d-a982-57c005d66db8_1000.jpg!m_fill,w_280,h_210,f_jpg?from=ke.com
20240806,朝阳,四惠,101122238930,爱这城一期东向一居室采光好视野开阔高楼层,526万,79265元/平,高楼层 (共18层) 1室1厅 | 66.36平米 | 东,https://ke-image.ljcdn.com/110000-inspection/b03096fb-5b29-4374-a1af-5eda257d615c_1000.jpg!m_fill,w_280,h_210,f_jpg?from=ke.com
20240806,朝阳,四惠,101122238804,东恒时代一期高层近地铁满五年唯一全明格局房主自荐,410万,68562元/平,高楼层 (共32层) | 2003年 | 1室1厅 | 59.8平米 | 西北,https://ke-image.ljcdn.com/110000-inspection/b763e5c4-124f-4b59-9751-af6aabfc0b3a_1000.jpg!m_fill,w_280,h_210,f_jpg?from=ke.com
20240806,朝阳,四惠,101122212350,98年建成钢混结构大客厅无遮挡电梯直达近地铁,399万,57885元/平,低楼层 (共18层) 2室1厅 | 68.93平米 | 东南,https://ke-image.ljcdn.com/110000-inspection/475c6adc-64cd-4a5b-aa46-fe1266f4f9f6_1000.jpg!m_fill,w_280,h_210,f_jpg?from=ke.com
20240806,朝阳,四惠,101122206379,金地名京 东西通透精装两居 视野景观好 好房子 诚意卖,760万,100970元/平,顶层 (共6层) 2室1厅 | 75.27平米 | 东 西,https://ke-image.ljcdn.com/110000-inspection/pc1_cJizPkD8O_1.jpg!m_fill,w_280,h_210,f_jpg?from=ke.com
20240806,朝阳,四惠,101122186859,东恒时代一期三居室楼层好采光充足,979万,68707元/平,低楼层 (共32层) 3室1厅 | 142.49平米 | 西南,https://ke-image.ljcdn.com/110000-inspection/pc1_OtKCDcAzl.jpg!m_fill,w_280,h_210,f_jpg?from=ke.com
20240806,朝阳,四惠,101122179896,四惠商圈东四环八里庄东里不临街中间楼层,270万,44673元/平,中楼层 (共6层) 2室1厅 | 60.44平米 | 南 北,https://ke-image.ljcdn.com/110000-inspection/pc1_LyHGKHHhn.jpg!m_fill,w_280,h_210,f_jpg?from=ke.com
20240806,朝阳,四惠,101122161114,此房满五唯一南北通透格局采光充足后排安静,645万,51293元/平,底层 (共6层) | 2003年 | 3室2厅 | 125.75平米 | 南 西 北,https://ke-image.ljcdn.com/110000-inspection/pc1_TSIGU7mWY.jpg!m_fill,w_280,h_210,f_jpg?from=ke.com
20240806,朝阳,四惠,101122155741,甄选好房 精致装修两居 全明格局 欢迎品鉴,730万,81301元/平,高楼层 (共18层) 2室1厅 | 89.79平米 | 东 西,https://ke-image.ljcdn.com/110000-inspection/114aa198-0955-4875-a2eb-a7c836b8cf90_1000.jpg!m_fill,w_280,h_210,f_jpg?from=ke.com
20240806,朝阳,四惠,101122144863,地铁22号线在建、1号线四惠站、明厨明卫、东南向2居室,580万,59647元/平,低楼层 (共24层) 2室1厅 | 97.24平米 | 东南,https://ke-image.ljcdn.com/110000-inspection/5eba9bb2-d3f3-41ed-8b43-eba814a5dbc2_1000.jpg!m_fill,w_280,h_210,f_jpg?from=ke.com
20240806,朝阳,四惠,101122104991,梧桐人家满五唯一精装修视野好近地铁,429万,44068元/平,顶层 (共22层) 2室1厅 | 97.35平米 | 西 北,https://ke-image.ljcdn.com/110000-inspection/pc1_if1MmkGLd.jpg!m_fill,w_280,h_210,f_jpg?from=ke.com
20240806,朝阳,四惠,101122000893,满五唯一西南向户型方正对花园视野采光好。,520万,60883元/平,低楼层 (共28层) | 2001年 | 2室1厅 | 85.41平米 | 西南,https://ke-image.ljcdn.com/110000-inspection/5e70d579-8473-4c96-88df-f83b5839bb0f_1000.jpg!m_fill,w_280,h_210,f_jpg?from=ke.com
20240806,朝阳,四惠,101121990390,力源里 西南东北 精装两居 诚意出售 看房预约房主自荐,520万,47672元/平,中楼层 (共14层) 2室1厅 | 109.08平米 | 西南 东北,https://ke-image.ljcdn.com/110000-inspection/pc1_E9tVQsCoc.jpg!m_fill,w_280,h_210,f_jpg?from=ke.com
20240806,朝阳,四惠,101121990150,通惠家园后排安静双卧室分离满五年唯一商品房,420万,48617元/平,低楼层 (共28层) | 2001年 | 2室1厅 | 86.39平米 | 西南,https://ke-image.ljcdn.com/110000-inspection/79b6073b-4905-4c37-ae88-1605b7e7a2f5_1000.jpg!m_fill,w_280,h_210,f_jpg?from=ke.com
20240806,朝阳,四惠,101121989884,通惠家园东南向大两居 满五唯一 无遮挡,515万,59552元/平,中楼层 (共28层) | 2001年 | 2室1厅 | 86.48平米 | 西南,https://ke-image.ljcdn.com/110000-inspection/pc1_71Phcvyft.jpg!m_fill,w_280,h_210,f_jpg?from=ke.com
20240806,朝阳,四惠,101121985809,四惠商圈双地铁远洋天地三期全明格局南北3居,1180万,77868元/平,中楼层 (共8层) 3室2厅 | 151.54平米 | 东南 北,https://ke-image.ljcdn.com/110000-inspection/492d6119-3c5c-483b-8863-fefe346f6e97_1000.jpg!m_fill,w_280,h_210,f_jpg?from=ke.com
20240806,朝阳,四惠,101121979776,爱这城三期 车位,31万,7098元/平,地下室 (共18层) 1室0厅 | 43.68平米 | 南,https://ke-image.ljcdn.com/110000-inspection/450ea2b7-d435-40d3-9b73-5054d440d8b0_1000.jpg!m_fill,w_280,h_210,f_jpg?from=ke.com
20240806,朝阳,四惠,101121971594,爱这城一期 1室1厅 东,470万,70826元/平,底层 (共18层) | 2006年 | 1室1厅 | 66.36平米 | 东,https://ke-image.ljcdn.com/110000-inspection/42f4785a-13a0-4ad4-bc42-4a173b272beb_1000.jpg!m_fill,w_280,h_210,f_jpg?from=ke.com
20240806,朝阳,四惠,101121968074,爱这城二期 3室1厅 南 北,930万,69784元/平,底层 (共9层) 3室1厅 | 133.27平米 | 南 北,https://ke-image.ljcdn.com/110000-inspection/pc1_GT1eciTCB_1.jpg!m_fill,w_280,h_210,f_jpg?from=ke.com
20240806,朝阳,四惠,101121967799,爱这城二期 4室2厅 南 北,1850万,88943元/平,高楼层 (共18层) | 2008年 | 4室2厅 | 208平米 | 南 北,https://ke-image.ljcdn.com/110000-inspection/pc1_RRFntfOQe.jpg!m_fill,w_280,h_210,f_jpg?from=ke.com
20240806,朝阳,四惠,101121966766,通惠家园满五年唯一商品房采光好,320万,51381元/平,底层 (共22层) 1室1厅 | 62.28平米 | 西,https://ke-image.ljcdn.com/110000-inspection/e9384d0d-c0cc-40a7-9a48-0839ae65e5e1_1000.jpg!m_fill,w_280,h_210,f_jpg?from=ke.com
20240806,朝阳,四惠,101121966479,通惠家园南北通透 商品房安静,680万,36077元/平,高楼层 (共7层) | 2003年 | 3室3厅 | 188.49平米 | 南 北,https://ke-image.ljcdn.com/110000-inspection/7659eb13-cc05-46ff-b4d3-90239da071c4_1000.jpg!m_fill,w_280,h_210,f_jpg?from=ke.com
20240806,朝阳,四惠,101121914767,通惠家园采光好 视野好 无遮挡 满五年唯一商品房,450万,59619元/平,低楼层 (共24层) | 2001年 | 2室1厅 | 75.48平米 | 南,https://ke-image.ljcdn.com/110000-inspection/pc1_lYcrOzEdF.jpg!m_fill,w_280,h_210,f_jpg?from=ke.com
20240806,朝阳,四惠,101121902330,双明卫二居 高层阳光视野好 满五年唯一 四惠地铁,886万,80877元/平,高楼层 (共16层) 2室1厅 | 109.55平米 | 东南 北,https://ke-image.ljcdn.com/110000-inspection/pc1_DBgCDxJYe_2.jpg!m_fill,w_280,h_210,f_jpg?from=ke.com
20240806,朝阳,四惠,101121891424,壹线国际 惠润园 采光无挡 户型方正 满五唯一,650万,54572元/平,低楼层 (共9层) | 2006年 | 2室1厅 | 119.11平米 | 东,https://ke-image.ljcdn.com/110000-inspection/6787dc60-67ac-403d-aa1c-120be12d139a_1000.jpg!m_fill,w_280,h_210,f_jpg?from=ke.com
20240806,朝阳,四惠,101121875522,通惠家园惠生园 满五唯一 有钥匙,635万,58076元/平,中楼层 (共4层) | 2002年 | 3室1厅 | 109.34平米 | 东 南 北,https://ke-image.ljcdn.com/110000-inspection/ad439fdd-ecad-4574-9bcc-d6d2518a7c9d_1000.jpg!m_fill,w_280,h_210,f_jpg?from=ke.com
20240806,朝阳,四惠,101121862243,满五唯一商品房后排双卫三居南北通透观花园。,550万,52113元/平,低楼层 (共28层) | 2001年 | 3室1厅 | 105.54平米 | 南 北,https://ke-image.ljcdn.com/110000-inspection/pc1_ZjvcKN9JZ.jpg!m_fill,w_280,h_210,f_jpg?from=ke.com
20240806,朝阳,四惠,101121862192,通惠家园 全南向 满五年唯一商品房,475万,63309元/平,低楼层 (共29层) 2室1厅 | 75.03平米 | 南,https://ke-image.ljcdn.com/110000-inspection/e3817132-788b-40b9-919f-5787c18a7477_1000.jpg!m_fill,w_280,h_210,f_jpg?from=ke.com
20240806,朝阳,四惠,101121814787,壹线国际  西向两居室  满五年唯一商品房房主自荐,420万,56926元/平,中楼层 (共9层) | 2006年 | 2室1厅 | 73.78平米 | 西,https://ke-image.ljcdn.com/110000-inspection/25043239-abb2-412a-b54c-31f192bddd6b_1000.jpg!m_fill,w_280,h_210,f_jpg?from=ke.com
20240806,朝阳,四惠,101121784284,通惠家园惠民园 高楼层 南二居室高层观景视野好房主自荐,509万,67840元/平,中楼层 (共29层) 2室1厅 | 75.03平米 | 南,https://ke-image.ljcdn.com/110000-inspection/75524716-8f07-4da8-8558-66fee62e72c0_1000.jpg!m_fill,w_280,h_210,f_jpg?from=ke.com
20240806,朝阳,四惠,101121690391,晨曦园南向两居室 中间楼层视野采光不错 位置好 安静,405万,54181元/平,中楼层 (共24层) | 2003年 | 2室1厅 | 74.75平米 | 南,https://ke-image.ljcdn.com/110000-inspection/366d810a-69cc-4159-9f76-92091d1eba3d_1000.jpg!m_fill,w_280,h_210,f_jpg?from=ke.com
20240806,朝阳,四惠,101121686299,通惠家园  商品房 精装修 后排安静,355万,59604元/平,低楼层 (共28层) | 2001年 | 1室1厅 | 59.56平米 | 西,https://ke-image.ljcdn.com/110000-inspection/ba9e3152-62a4-424e-a397-ad86dd795725_1000.jpg!m_fill,w_280,h_210,f_jpg?from=ke.com
20240806,朝阳,四惠,101121686241,通惠家园惠生园后排南北三居室安静不吵,699万,48841元/平,高楼层 (共9层) | 2004年 | 3室2厅 | 143.12平米 | 南 北,https://ke-image.ljcdn.com/110000-inspection/pc1_KYptj9gon_1.jpg!m_fill,w_280,h_210,f_jpg?from=ke.com
20240806,朝阳,四惠,101121684991,凯德锦绣东西向两居室满五唯一 精装修,780万,87513元/平,中楼层 (共16层) | 2011年 | 2室2厅 | 89.13平米 | 东 西,https://ke-image.ljcdn.com/110000-inspection/16a14726-1959-46e5-bb11-3833163bc41f_1000.jpg!m_fill,w_280,h_210,f_jpg?from=ke.com
20240806,朝阳,四惠,101121620123,金地名京+品质社区物业+交通便利+采光视野好+通透户型,658万,74141元/平,低楼层 (共20层) | 2010年 | 2室2厅 | 88.75平米 | 东南 西南,https://ke-image.ljcdn.com/110000-inspection/pc1_B5s5uUpVV.jpg!m_fill,w_280,h_210,f_jpg?from=ke.com
20240806,朝阳,四惠,101121619920,远洋天地二期精装两居室满五年唯一无遮挡高层。,518万,60331元/平,高楼层 (共26层) | 2003年 | 2室1厅 | 85.86平米 | 北,https://ke-image.ljcdn.com/110000-inspection/pc1_niv6XRIpB.jpg!m_fill,w_280,h_210,f_jpg?from=ke.com
20240806,朝阳,四惠,101121591034,东恒时代二期 满五唯一 后排西南一居 安静采光好房主自荐,535万,77740元/平,顶层 (共16层) 1室1厅 | 68.82平米 | 西南,https://ke-image.ljcdn.com/110000-inspection/pc1_I0DPINXxh.jpg!m_fill,w_280,h_210,f_jpg?from=ke.com
20240806,朝阳,四惠,101121532717,正对红领巾公园98年建成钢混结构电梯直达近地铁,499万,51044元/平,中楼层 (共18层) 3室2厅 | 97.76平米 | 东 西南 北,https://ke-image.ljcdn.com/110000-inspection/45d8aca5-0bc4-4741-b799-3bb986398cdc_1000.jpg!m_fill,w_280,h_210,f_jpg?from=ke.com
20240806,朝阳,四惠,101121530267,凯德锦绣 南北通透三居室 前后花园 精装修 2017年入住,1599万,113461元/平,底层 (共7层) 3室2厅 | 140.93平米 | 南 北,https://ke-image.ljcdn.com/110000-inspection/7ee4041f-4b1d-412d-9995-a4f55e69bee9_1000.jpg!m_fill,w_280,h_210,f_jpg?from=ke.com
20240806,朝阳,四惠,101121515093,金地名京+南北通透+视野好+采光好+交通便利+诚意出售,608万,69351元/平,顶层 (共17层) 2室1厅 | 87.67平米 | 南 北,https://ke-image.ljcdn.com/110000-inspection/pc1_vfnPDwE94_1.jpg!m_fill,w_280,h_210,f_jpg?from=ke.com
20240806,朝阳,四惠,101121467889,东四环地铁22号线京棉新城三厂精装修两居房主自荐,450万,53610元/平,低楼层 (共28层) | 2015年 | 2室1厅 | 83.94平米 | 东南,https://ke-image.ljcdn.com/110000-inspection/9b09d034-36a3-4fcb-8da8-ebae72711d5f_1000.jpg!m_fill,w_280,h_210,f_jpg?from=ke.com
20240806,朝阳,四惠,101121365586,东四环总价合适商品房社区东南三居室,650万,53040元/平,底层 (共28层) | 2000年 | 3室1厅 | 122.55平米 | 东南,https://ke-image.ljcdn.com/110000-inspection/pc1_GAHK5oO6G_1.jpg!m_fill,w_280,h_210,f_jpg?from=ke.com
20240806,朝阳,四惠,101121214886,凯德锦绣正规一居室户型方正 国贸附近 高品质小区,599万,85049元/平,中楼层 (共24层) | 2011年 | 1室1厅 | 70.43平米 | 东,https://ke-image.ljcdn.com/110000-inspection/791c3ed5-0864-42f4-9ace-85688f455c8e_1000.jpg!m_fill,w_280,h_210,f_jpg?from=ke.com
20240806,朝阳,四惠,101121135543,东四环凯德锦绣2012年品质社区东向开间诚售满五唯一,530万,92999元/平,高楼层 (共16层) | 2011年 | 1室0厅 | 56.99平米 | 东,https://ke-image.ljcdn.com/110000-inspection/pc1_dsJPgOdH0_1.jpg!m_fill,w_280,h_210,f_jpg?from=ke.com
20240806,朝阳,四惠,101121096667,东恒时代一期 满五唯一两居室 诚意出售,700万,71407元/平,低楼层 (共30层) | 2003年 | 2室1厅 | 98.03平米 | 东北,https://ke-image.ljcdn.com/110000-inspection/a07df5a5-642e-4f11-ab67-b5c0b9001d17_1000.jpg!m_fill,w_280,h_210,f_jpg?from=ke.com
20240806,朝阳,四惠,101121064886,双兴小区 红领巾公园南侧 1998年建楼龄新 大客厅,409万,57949元/平,中楼层 (共18层) 2室1厅 | 70.58平米 | 东南,https://ke-image.ljcdn.com/110000-inspection/ddca8ffc-3140-4a34-8e8f-a48988bbf312_1000.jpg!m_fill,w_280,h_210,f_jpg?from=ke.com
20240806,朝阳,四惠,101121053468,通惠家园 东西南三居室 满五年唯一商品房,600万,47067元/平,中楼层 (共5层) | 2002年 | 3室2厅 | 127.48平米 | 东 南 西,https://ke-image.ljcdn.com/110000-inspection/5aed5fc7-1239-47b4-8fcd-aab8649e9721_1000.jpg!m_fill,w_280,h_210,f_jpg?from=ke.com
20240806,朝阳,四惠,101121048919,力源里 四惠地铁站500米 精装修自住保持的好,442万,68042元/平,低楼层 (共24层) | 1996年 | 2室1厅 | 64.96平米 | 西南,https://ke-image.ljcdn.com/110000-inspection/1a544bf0-3266-4415-9f4f-0d1edafa89a2_1000.jpg!m_fill,w_280,h_210,f_jpg?from=ke.com
20240806,朝阳,四惠,101121020054,凯德锦绣四居室 楼龄新 精装修 南北通透,2100万,102500元/平,高楼层 (共7层) | 2017年 | 4室1厅 | 204.88平米 | 南 北,https://ke-image.ljcdn.com/110000-inspection/c9b22c0a-577a-448d-b4f7-1a12fec40eee_1000.jpg!m_fill,w_280,h_210,f_jpg?from=ke.com
20240806,朝阳,四惠,101121019984,凯德锦绣南北通透三居室 户型方正 楼龄新,1560万,94793元/平,底层 (共26层) | 2013年 | 3室2厅 | 164.57平米 | 南 北,https://ke-image.ljcdn.com/110000-inspection/d51ebb04-2148-47e0-aa59-8b39d25ee568_1000.jpg!m_fill,w_280,h_210,f_jpg?from=ke.com
20240806,朝阳,四惠,101121018122,通惠家园 2室1厅 南 北,609万,69221元/平,低楼层 (共6层) 2室1厅 | 87.98平米 | 南 北,https://ke-image.ljcdn.com/110000-inspection/pc1_pURlYL87h.jpg!m_fill,w_280,h_210,f_jpg?from=ke.com
20240806,朝阳,四惠,101121015954,东四环凯德锦绣精装一居室前后花园,898万,109553元/平,高楼层 (共26层) | 2013年 | 1室1厅 | 81.97平米 | 南,https://ke-image.ljcdn.com/110000-inspection/ecbe45f6-17a0-4552-982c-572a78864b48_1000.jpg!m_fill,w_280,h_210,f_jpg?from=ke.com
20240806,朝阳,四惠,101121014890,东四环慈云寺品质社区 业主诚意出售,499万,87560元/平,中楼层 (共16层) | 2011年 | 1室1厅 | 56.99平米 | 东,https://ke-image.ljcdn.com/110000-inspection/1575fbc6-d25d-45d7-963e-38b97997a422_1000.jpg!m_fill,w_280,h_210,f_jpg?from=ke.com
20240806,朝阳,四惠,101121014927,东四环慈云寺2012年小区 3梯6户 正规两室诚意出售,399万,48606元/平,低楼层 (共34层) 1室1厅 | 82.09平米 | 西南,https://ke-image.ljcdn.com/110000-inspection/pc1_jl3IJxTqn_1.jpg!m_fill,w_280,h_210,f_jpg?from=ke.com
20240806,朝阳,四惠,101121006857,金地名京 观景对花园 视野好 格局方正 采光好 诚意卖,735万,85855元/平,中楼层 (共17层) | 2009年 | 2室2厅 | 85.61平米 | 南,https://ke-image.ljcdn.com/110000-inspection/pc1_fyEZYre4v.jpg!m_fill,w_280,h_210,f_jpg?from=ke.com
20240806,朝阳,四惠,101121004863,房子满5年唯一首套契税1%户型方正东向采光好。,565万,75992元/平,低楼层 (共17层) | 2004年 | 1室1厅 | 74.35平米 | 东,https://ke-image.ljcdn.com/110000-inspection/pc1_EGFiNitnT.jpg!m_fill,w_280,h_210,f_jpg?from=ke.com
20240806,朝阳,四惠,101120999937,通惠家园 惠生园 满五唯一 南北两居室,485万,54815元/平,中楼层 (共7层) | 2002年 | 2室1厅 | 88.48平米 | 南 北,https://ke-image.ljcdn.com/110000-inspection/pc1_V2Kms641b.jpg!m_fill,w_280,h_210,f_jpg?from=ke.com
20240806,朝阳,四惠,101120994128,远洋天地二期高层复式视野开阔二次装修看房方便,860万,57626元/平,中楼层 (共26层) | 2003年 | 2室2厅 | 149.24平米 | 西南,https://ke-image.ljcdn.com/110000-inspection/pc1_6tbAoXES3.jpg!m_fill,w_280,h_210,f_jpg?from=ke.com
20240806,朝阳,四惠,101120993890,东恒时代一期两居室视野采光无遮挡刚装修一年房主自荐,669万,66042元/平,低楼层 (共32层) 2室1厅 | 101.3平米 | 西,https://ke-image.ljcdn.com/110000-inspection/pc1_MvvySUYCG.jpg!m_fill,w_280,h_210,f_jpg?from=ke.com
20240806,朝阳,四惠,101120993738,八里庄东里东南北两居看房方便明厨明卫客厅带窗,340万,51399元/平,顶层 (共6层) | 1983年 | 2室1厅 | 66.15平米 | 东 南 北,https://ke-image.ljcdn.com/110000-inspection/pc1_CIccxsb76.jpg!m_fill,w_280,h_210,f_jpg?from=ke.com
20240806,朝阳,四惠,101120989028,金地名京 高层两居+11㎡观景大阳台 视野好 满五唯一房主自荐,875万,97526元/平,高楼层 (共22层) 2室2厅 | 89.72平米 | 西南 西北,https://ke-image.ljcdn.com/110000-inspection/adf0f802-d9f6-4780-bab6-f6570a326405_1000.jpg!m_fill,w_280,h_210,f_jpg?from=ke.com
20240806,朝阳,四惠,101120988839,爱这城二期 1室1厅 南,847万,93272元/平,顶层 (共9层) | 2009年 | 1室1厅 | 90.81平米 | 南,https://ke-image.ljcdn.com/110000-inspection/32b24b7b-ab0f-491b-ab7b-41a4d98580d6_1000.jpg!m_fill,w_280,h_210,f_jpg?from=ke.com
20240806,朝阳,四惠,101120952364,十里堡甲2号院爱这城二期南北二居,958万,83204元/平,底层 (共14层) | 2009年 | 2室1厅 | 115.14平米 | 南 北,https://ke-image.ljcdn.com/110000-inspection/pc1_37e7WwDmR.jpg!m_fill,w_280,h_210,f_jpg?from=ke.com
20240806,朝阳,四惠,101120857159,满五唯一商品房  通惠家园惠生园  南北三居室,668万,46675元/平,顶层 (共9层) | 2004年 | 3室1厅 | 143.12平米 | 南 北,https://ke-image.ljcdn.com/110000-inspection/54428d72-b0b5-462d-89fd-b974fd5ed23f_1000.jpg!m_fill,w_280,h_210,f_jpg?from=ke.com
20240806,朝阳,四惠,101120793741,满五唯一商品房  板楼复式  惠生园,555万,35990元/平,高楼层 (共7层) | 2002年 | 3室2厅 | 154.21平米 | 南 北,https://ke-image.ljcdn.com/110000-inspection/5feb13c0-c663-45fe-a7d8-1251d368a589_1000.jpg!m_fill,w_280,h_210,f_jpg?from=ke.com
20240806,朝阳,四惠,101120525123,此房诚意出售价格可谈全南向无遮挡采光好,258万,49209元/平,高楼层 (共6层) | 1980年 | 2室1厅 | 52.43平米 | 南,https://ke-image.ljcdn.com/110000-inspection/pc1_aToaLbgW4.jpg!m_fill,w_280,h_210,f_jpg?from=ke.com
20240806,朝阳,四惠,101120495614,东四环 慈云寺桥东 八里庄西里 南北 四居室房主自荐,440万,59938元/平,底层 (共6层) | 1980年 | 4室1厅 | 73.41平米 | 南 北 东,https://ke-image.ljcdn.com/110000-inspection/fc21a7b8-ed51-4ad8-b1c4-6b8c2c5e2245_1000.jpg!m_fill,w_280,h_210,f_jpg?from=ke.com
20240806,朝阳,四惠,101120443107,东四环凯德锦绣 2017年精装交付 配套齐全 全南两居,1180万,123755元/平,中楼层 (共7层) | 2017年 | 2室1厅 | 95.35平米 | 南,https://ke-image.ljcdn.com/110000-inspection/pc1_WsySrS7RB_1.jpg!m_fill,w_280,h_210,f_jpg?from=ke.com
20240806,朝阳,四惠,101120439203,通惠家园正规一居室满五唯一高楼层,335万,54033元/平,中楼层 (共24层) | 2001年 | 1室1厅 | 62平米 | 西,https://ke-image.ljcdn.com/110000-inspection/pc1_pYarPUwDX.jpg!m_fill,w_280,h_210,f_jpg?from=ke.com
20240806,朝阳,四惠,101120294245,金地名京 2室2厅 南 北,718万,95785元/平,顶层 (共9层) 2室2厅 | 74.96平米 | 南 北,https://ke-image.ljcdn.com/110000-inspection/pc1_M2hwXm4jx.jpg!m_fill,w_280,h_210,f_jpg?from=ke.com
20240806,朝阳,四惠,101120237409,金地名京 精装修LOFT算单层面积 地铁四惠站50米房主自荐,1030万,122212元/平,低楼层 (共11层) | 2009年 | 3室1厅 | 84.28平米 | 西南 北,https://ke-image.ljcdn.com/110000-inspection/5d017212-95f2-4698-b8c9-3d8dd509df93_1000.jpg!m_fill,w_280,h_210,f_jpg?from=ke.com
20240806,朝阳,四惠,101119942618,好房 东恒时代一期 南向大两居 双卫 采光好 视野好房主自荐,733万,64582元/平,高楼层 (共32层) | 2004年 | 2室1厅 | 113.5平米 | 南,https://ke-image.ljcdn.com/110000-inspection/66107dda-4b37-4852-b600-c96b2d7a25d7_1000.jpg!m_fill,w_280,h_210,f_jpg?from=ke.com
20240806,朝阳,四惠,101119216067,京棉新城A1区 2020年精装修 高层2居,499万,55353元/平,高楼层 (共14层) 2室1厅 | 90.15平米 | 西北,https://ke-image.ljcdn.com/110000-inspection/pc1_i1jAoOeUt_1.jpg!m_fill,w_280,h_210,f_jpg?from=ke.com
20240806,朝阳,四惠,101118590699,四惠商圈住邦2000南北通透一梯二户 保养好看房方便房主自荐,1100万,65535元/平,低楼层 (共14层) 3室1厅 | 167.85平米 | 南 北,https://ke-image.ljcdn.com/110000-inspection/4b2d6458-8df0-495c-ac4b-d03ae2c7a54e_1000.jpg!m_fill,w_280,h_210,f_jpg?from=ke.com
20240806,朝阳,四惠,101118282570,地铁22号线八里庄西里二层南北通透满二年商品房,320万,53405元/平,低楼层 (共6层) | 1986年 | 2室1厅 | 59.92平米 | 南 北,https://ke-image.ljcdn.com/110000-inspection/pc1_m7QLKe870.jpg!m_fill,w_280,h_210,f_jpg?from=ke.com
20240806,朝阳,四惠,101117985615,远洋国际中心 1室1厅 西南,900万,42825元/平,中楼层 (共30层) | 2006年 | 1室1厅 | 210.16平米 | 西南,https://ke-image.ljcdn.com/110000-inspection/cc615303-63bd-4bfe-bb7f-033b03d52028_1000.jpg!m_fill,w_280,h_210,f_jpg?from=ke.com
20240806,朝阳,四惠,101125873768,商品房  后排安静  对花园满五年唯一新上,368万,49784元/平,高楼层 (共9层) | 2006年 | 2室1厅 | 73.92平米 | 东,https://s1.ljcdn.com/pegasus/redskull/images/common/default_house_list.png?_v=20240731112238100
20240806,朝阳,四惠,101125863843,壹线国际 2室1厅 南新上,499万,64073元/平,中楼层 (共9层) 2室1厅 | 77.88平米 | 南,https://s1.ljcdn.com/pegasus/redskull/images/common/default_house_list.png?_v=20240731112238100
20240806,朝阳,四惠,101125862657,京棉新城A1区 2室1厅 东 南新上,528万,56934元/平,高楼层 (共34层) | 2017年 | 2室1厅 | 92.74平米 | 东 南,https://s1.ljcdn.com/pegasus/redskull/images/common/default_house_list.png?_v=20240731112238100
20240806,朝阳,四惠,101125856640,顶层复式 1梯2户 朝南看小区花园 自住新上,1150万,70268元/平,高楼层 (共14层) 4室1厅 | 163.66平米 | 南 北,https://s1.ljcdn.com/pegasus/redskull/images/common/default_house_list.png?_v=20240731112238100
20240806,朝阳,四惠,101125854751,爱这城一期 2室1厅 东北新上,550万,80070元/平,中楼层 (共20层) 2室1厅 | 68.69平米 | 东北,https://s1.ljcdn.com/pegasus/redskull/images/common/default_house_list.png?_v=20240731112238100
20240806,朝阳,四惠,101125837842,壹线国际南北两居室落地窗正对社区花园 后排安静新上,580万,50625元/平,顶层 (共9层) | 2006年 | 2室1厅 | 114.57平米 | 南 北,https://s1.ljcdn.com/pegasus/redskull/images/common/default_house_list.png?_v=20240731112238100
20240806,朝阳,四惠,101125830964,东恒时代二期 1室1厅 东南新上,589万,80730元/平,中楼层 (共16层) 1室1厅 | 72.96平米 | 东南,https://s1.ljcdn.com/pegasus/redskull/images/common/default_house_list.png?_v=20240731112238100
20240806,朝阳,四惠,101125803334,爱这城三期 南北通透 中楼层 无遮挡新上,850万,57136元/平,低楼层 (共18层) | 2010年 | 3室2厅 | 148.77平米 | 南 北,https://s1.ljcdn.com/pegasus/redskull/images/common/default_house_list.png?_v=20240731112238100
20240806,朝阳,四惠,101125799448,东恒时代二期 车位,55万,15842元/平,地下室 (共1层) 1室0厅 | 34.72平米 | 南,https://s1.ljcdn.com/pegasus/redskull/images/common/default_house_list.png?_v=20240731112238100
20240806,朝阳,四惠,101125789585,09年次新房 京棉新城三厂 高层东南明厨明卫大两居新上,550万,56562元/平,顶层 (共24层) | 2011年 | 2室1厅 | 97.24平米 | 东南,https://s1.ljcdn.com/pegasus/redskull/images/common/default_house_list.png?_v=20240731112238100
20240806,朝阳,四惠,101125770867,远洋天地一期 西南2居双卫设计 人车分流 满五唯一新上,700万,58632元/平,低楼层 (共30层) | 2002年 | 2室2厅 | 119.39平米 | 西南,https://s1.ljcdn.com/pegasus/redskull/images/common/default_house_list.png?_v=20240731112238100
20240806,朝阳,四惠,101125702933,壹线国际 惠泽园 满五唯一商品,500万,58886元/平,低楼层 (共9层) 1室1厅 | 84.91平米 | 南,https://s1.ljcdn.com/pegasus/redskull/images/common/default_house_list.png?_v=20240731112238100
20240806,朝阳,四惠,101125692967,双兴小区双卧朝阳格局优质视野无遮挡,498万,67171元/平,顶层 (共18层) 2室1厅 | 74.14平米 | 东 南,https://s1.ljcdn.com/pegasus/redskull/images/common/default_house_list.png?_v=20240731112238100
20240806,朝阳,四惠,101125649618,小区新上 中间层通透两居室  方正无浪费 楼龄新房主自荐,570万,63271元/平,中楼层 (共18层) | 1999年 | 2室1厅 | 90.09平米 | 东 西,https://s1.ljcdn.com/pegasus/redskull/images/common/default_house_list.png?_v=20240731112238100
20240806,朝阳,四惠,101125547591,1号楼车位近电梯口空置状态随时签约。,36万,11862元/平,地下室 1室0厅 | 30.35平米 | 南,https://s1.ljcdn.com/pegasus/redskull/images/common/default_house_list.png?_v=20240731112238100
20240806,朝阳,四惠,101125531724,通惠家园满五年唯一商品房 东南向高层开阔无遮挡,330万,55407元/平,高楼层 (共28层) 1室1厅 | 59.56平米 | 东,https://s1.ljcdn.com/pegasus/redskull/images/common/default_house_list.png?_v=20240731112238100
20240806,朝阳,四惠,101125492409,八里庄东里正规东西向三居室诚心出售,335万,37616元/平,高楼层 (共6层) | 1995年 | 3室1厅 | 89.06平米 | 东 西,https://s1.ljcdn.com/pegasus/redskull/images/common/default_house_list.png?_v=20240731112238100
20240806,朝阳,四惠,101125480985,京棉新城二厂 2室1厅 东 南 北,420万,46991元/平,低楼层 (共28层) | 2009年 | 2室1厅 | 89.38平米 | 东 南 北,https://s1.ljcdn.com/pegasus/redskull/images/common/default_house_list.png?_v=20240731112238100
20240806,朝阳,四惠,101125474328,壹线国际 不临近 客厅主卧朝南 无遮挡 落地窗,778万,56422元/平,高楼层 (共9层) | 2006年 | 3室2厅 | 137.89平米 | 西南,https://s1.ljcdn.com/pegasus/redskull/images/common/default_house_list.png?_v=20240731112238100
20240806,朝阳,四惠,101125348043,通惠家园 2室2厅 南 北,630万,59033元/平,中楼层 (共7层) | 2003年 | 2室2厅 | 106.72平米 | 南 北,https://s1.ljcdn.com/pegasus/redskull/images/common/default_house_list.png?_v=20240731112238100
20240806,朝阳,四惠,101125338132,金地名京 大两居室 格局好 全天采光 诚意出售,890万,76500元/平,低楼层 (共20层) 2室1厅 | 116.34平米 | 东南,https://s1.ljcdn.com/pegasus/redskull/images/common/default_house_list.png?_v=20240731112238100
20240806,朝阳,四惠,101125251111,金地名京一层两居室LOFT户型格局明亮安静,998万,138151元/平,底层 (共9层) 2室2厅 | 72.24平米 | 南 北,https://s1.ljcdn.com/pegasus/redskull/images/common/default_house_list.png?_v=20240731112238100
20240806,朝阳,四惠,101125217000,通惠家园中高楼层采光好视野好无遮挡,568万,48042元/平,高楼层 (共28层) | 2001年 | 3室1厅 | 118.23平米 | 西南,https://s1.ljcdn.com/pegasus/redskull/images/common/default_house_list.png?_v=20240731112238100
20240806,朝阳,四惠,101125216878,满五年唯一商品房楼层好业主靠谱签约,350万,56099元/平,中楼层 (共24层) | 2001年 | 1室1厅 | 62.39平米 | 西,https://s1.ljcdn.com/pegasus/redskull/images/common/default_house_list.png?_v=20240731112238100
20240806,朝阳,四惠,101125123306,金地名京两居室满五唯一特殊户型带观景阳台房主自荐,760万,84708元/平,中楼层 (共22层) 2室1厅 | 89.72平米 | 西南 西北,https://s1.ljcdn.com/pegasus/redskull/images/common/default_house_list.png?_v=20240731112238100
20240806,朝阳,四惠,101125076292,二次装修简约带阳台无户口；随时可签,419万,67658元/平,中楼层 (共27层) | 2008年 | 1室1厅 | 61.93平米 | 西,https://s1.ljcdn.com/pegasus/redskull/images/common/default_house_list.png?_v=20240731112238100
20240806,朝阳,四惠,101124991398,通惠家园惠生园后排安静两居室南北通透,515万,59531元/平,中楼层 (共7层) 2室1厅 | 86.51平米 | 南 北,https://s1.ljcdn.com/pegasus/redskull/images/common/default_house_list.png?_v=20240731112238100
20240806,朝阳,四惠,101124907143,八里庄西里 3室1厅 南 北,349万,50216元/平,中楼层 (共6层) | 1983年 | 3室1厅 | 69.5平米 | 南 北,https://s1.ljcdn.com/pegasus/redskull/images/common/default_house_list.png?_v=20240731112238100
20240806,朝阳,四惠,101124683070,远洋天地 高层无遮挡 看小区 诚意出售,720万,52988元/平,高楼层 (共30层) 3室2厅 | 135.88平米 | 东南 北,https://s1.ljcdn.com/pegasus/redskull/images/common/default_house_list.png?_v=20240731112238100
20240806,朝阳,四惠,101124639573,满五唯一商品房  板楼  南向两居房主自荐,575万,57859元/平,中楼层 (共9层) 2室1厅 | 99.38平米 | 南,https://s1.ljcdn.com/pegasus/redskull/images/common/default_house_list.png?_v=20240731112238100
20240806,朝阳,四惠,101124598648,远洋天地二期 4室2厅 东北,1200万,54410元/平,底层 (共30层) | 2002年 | 4室2厅 | 220.55平米 | 东北,https://s1.ljcdn.com/pegasus/redskull/images/common/default_house_list.png?_v=20240731112238100
20240806,朝阳,四惠,101124365391,总监推荐 爱这城二期 全南双卫两居 满五唯一,840万,75785元/平,高楼层 (共18层) 2室1厅 | 110.84平米 | 南,https://s1.ljcdn.com/pegasus/redskull/images/common/default_house_list.png?_v=20240731112238100
20240806,朝阳,四惠,101123541691,双兴小区 西南向两居 明厨暗卫明厅 中间楼层 满五唯一,340万,44422元/平,中楼层 (共18层) 2室1厅 | 76.54平米 | 西南,https://s1.ljcdn.com/pegasus/redskull/images/common/default_house_list.png?_v=20240731112238100
20240806,朝阳,四惠,101123335896,远洋天地二期 私家车位出售 该报价为一口价,42万,13262元/平,地下室 (共26层) 1室0厅 | 31.67平米 | 南,https://ke-image.ljcdn.com/110000-inspection/5d68effb-58e8-4c4b-be6b-54dc60c85d26.jpg!m_fill,w_280,h_210,f_jpg?from=ke.com
20240806,朝阳,四惠,101123335828,远洋天地二期 产权车位出售 为节省双方时间成本不谈价,43万,13849元/平,地下室 (共26层) 1室0厅 | 31.05平米 | 南,https://ke-image.ljcdn.com/110000-inspection/cef47931-e460-495d-b8d9-49534140e274.jpg!m_fill,w_280,h_210,f_jpg?from=ke.com
20240806,朝阳,四惠,101123262120,金地名京 东南向精装修两居室 满五年一套住房,660万,73571元/平,高楼层 (共22层) 2室1厅 | 89.71平米 | 东南,https://s1.ljcdn.com/pegasus/redskull/images/common/default_house_list.png?_v=20240731112238100
20240806,朝阳,四惠,101122499746,三期地下车位位置号宽敞可停大车随时看房,26万,5953元/平,地下室 (共18层) | 2009年 | 1室0厅 | 43.68平米 | 南,https://ke-image.ljcdn.com/110000-inspection/14719d34fe3461db1133aa79f62368a1-100.jpg!m_fill,w_280,h_210,f_jpg?from=ke.com
